side
Frame 0
416.89		235.602		2235		2		0
418.554		188.187		2195		2		0
420.178		140.572		2236		2		0
424.1		116.21		2158		2		0
390.652		158.58		2272		2		0
378.894		200.195		2312		2		0
382.344		235.643		2288		2		0
383.564		237.948		2287		2		0
448.494		160.164		2231		2		0
459.925		200.555		2281		1		0
463.066		236.686		2239		1		0
461.903		236.315		2245		1		0
403.624		235.346		2260		2		0
399.792		295.723		2412		2		0
446.973		312.904		3022		1		0
434.933		322.384		0		1		0
430.276		235.861		2219		2		0
427.832		281.831		2354		2		0
414.302		322.499		2463		1		0
416.088		338.887		2411		2		0
419.785		152.493		2244		2		0
385.425		249.286		2321		2		0
377.27		239.594		2335		2		0
460.919		248.538		2258		2		0
466.553		234.402		2218		2		0
Frame 1
416.886		235.605		2233		2		0
418.554		188.188		2195		2		0
420.177		140.574		2239		2		0
424.073		116.212		2149		2		0
390.647		158.58		2274		2		0
378.901		200.185		2316		2		0
382.268		235.635		2291		2		0
383.719		237.895		2284		2		0
448.489		160.164		2239		2		0
459.911		200.553		2271		1		0
463.07		236.685		2237		1		0
461.791		235.98		2242		1		0
403.617		235.353		2259		2		0
399.766		295.718		2413		2		0
446.764		313.117		0		1		0
434.832		322.618		0		1		0
430.276		235.86		2220		2		0
428.268		282.055		2347		2		0
416.125		322.894		2451		1		0
416.703		339.105		2389		2		0
419.784		152.494		2244		2		0
385.996		249.111		2321		2		0
377.272		239.932		2332		2		0
461.224		248.008		2257		2		0
466.443		242.003		2220		2		0
Frame 2
416.856		235.601		2235		2		0
418.536		188.196		2195		2		0
420.164		140.614		2239		2		0
424.051		116.225		2148		2		0
390.628		158.573		2276		2		0
378.856		200.162		2314		2		0
382.239		235.609		2293		2		0
383.61		238.039		2284		2		0
448.468		160.155		2240		2		0
459.898		200.561		2272		1		0
463.042		236.688		2240		1		0
461.647		236.061		2251		1		0
403.572		235.337		2264		2		0
399.782		295.72		2410		2		0
446.721		312.754		3067		1		0
434.876		322.327		2850		1		0
430.25		235.862		2222		2		0
428.34		282.048		2349		2		0
416.341		322.866		2451		1		0
423.148		340.338		2387		2		0
419.769		152.523		2244		2		0
385.371		249.376		2314		2		0
377.491		239.85		2332		2		0
459.798		248.801		2270		2		0
466.666		238.334		2218		2		0
Frame 3
416.862		235.584		2233		2		0
418.539		188.193		2196		2		0
420.166		140.634		2240		2		0
423.975		116.257		2157		2		0
390.58		158.57		2276		2		0
378.857		200.165		2315		2		0
382.22		235.613		2291		2		0
383.468		237.865		2286		2		0
448.424		160.141		2236		2		0
459.89		200.545		2276		1		0
463.053		236.68		2244		1		0
461.717		236.075		2244		1		0
403.573		235.31		2262		2		0
399.76		295.694		2410		2		0
446.313		313.134		3024		1		0
434.615		322.671		0		1		0
430.262		235.851		2224		2		0
427.436		281.696		2358		2		0
414.837		322.599		2465		1		0
416.294		339.9		2439		2		0
419.771		152.534		2246		2		0
385.712		249.429		2319		2		0
377.455		239.763		2335		2		0
460.994		248.169		2267		2		0
466.805		239.009		2228		2		0
Frame 4
416.87		235.58		2232		2		0
418.538		188.192		2198		2		0
420.154		140.633		2233		2		0
423.961		116.256		2151		2		0
390.549		158.603		2274		2		0
378.857		200.169		2311		2		0
382.222		235.618		2293		2		0
383.408		237.97		2288		2		0
448.398		160.133		2239		2		0
459.846		200.546		2274		1		0
463.067		236.681		2241		1		0
461.7		235.975		2247		1		0
403.576		235.308		2261		2		0
399.752		295.694		2410		2		0
446.206		313.389		2987		1		0
434.52		322.9		2830		1		0
430.278		235.843		2223		2		0
427.443		281.692		2356		2		0
414.66		322.539		2455		1		0
417.455		340.393		2394		2		0
419.764		152.533		2243		2		0
385.496		249.625		2319		2		0
377.417		239.839		2334		2		0
461.499		247.999		2258		2		0
467.001		237.819		2221		2		0
Frame 5
416.863		235.58		2234		2		0
418.532		188.197		2195		2		0
420.151		140.659		2240		2		0
423.921		116.273		2152		2		0
390.513		158.614		2277		2		0
378.855		200.175		2315		2		0
382.146		235.629		2293		2		0
383.448		237.999		2283		2		0
448.344		160.11		2236		2		0
459.814		200.583		2274		1		0
463.114		236.716		2235		1		0
461.693		236.02		2244		1		0
403.569		235.306		2262		2		0
399.76		295.695		2414		2		0
446.137		313.516		0		1		0
434		323.594		2741		2		0
430.271		235.846		2222		2		0
428.228		281.97		2351		2		0
415.864		322.707		2458		1		0
417.443		339.93		2391		2		0
419.759		152.553		2243		2		0
385.37		249.375		2319		2		0
377.119		239.959		2333		2		0
460.725		248.728		2257		2		0
467.201		237.999		2217		2		0
Frame 6
416.883		235.581		2239		2		0
418.523		188.195		2195		2		0
420.091		140.653		2238		2		0
423.899		116.281		2164		2		0
390.445		158.633		2280		2		0
378.831		200.168		2313		2		0
382.111		235.618		2290		2		0
383.228		237.946		2289		2		0
448.301		160.095		2239		2		0
459.786		200.601		2278		1		0
463.052		236.744		2234		1		0
461.501		236.043		2243		1		0
403.591		235.319		2262		2		0
399.733		295.681		2415		2		0
445.398		314.278		2926		1		0
433.952		323.684		2816		1		0
430.292		235.833		2220		2		0
428.232		281.961		2354		2		0
415.959		322.719		2462		1		0
417.777		340.034		2349		2		0
419.715		152.547		2245		2		0
385.37		249.375		2315		2		0
377.142		239.581		2333		2		0
460.784		248.643		2263		2		0
466.856		240.714		2225		2		0
Frame 7
416.832		235.568		2237		2		0
418.485		188.191		2194		2		0
420.067		140.659		2243		2		0
423.846		116.291		2156		2		0
390.429		158.636		2277		2		0
378.816		200.175		2312		2		0
382.068		235.623		2289		2		0
383.425		237.915		2286		2		0
448.272		160.109		2244		2		0
459.72		200.559		2277		1		0
463.057		236.697		2238		1		0
461.717		235.72		2247		1		0
403.531		235.296		2258		2		0
399.719		295.67		2413		2		0
445.347		314.238		2885		1		0
433.938		323.665		0		2		0
430.247		235.83		2223		2		0
428.376		281.985		2352		2		0
415.962		322.682		2462		1		0
417.78		340.03		2401		2		0
419.686		152.551		2247		2		0
384.91		248.916		2318		2		0
377.38		239.797		2334		2		0
461.395		248.102		2258		2		0
467.168		236.833		2219		2		0
Frame 8
416.774		235.56		2234		2		0
418.456		188.192		2196		2		0
420.059		140.664		2240		2		0
423.82		116.288		2157		2		0
390.414		158.636		2276		2		0
378.807		200.18		2315		2		0
382.034		235.631		2293		2		0
383.434		238.021		2284		2		0
448.252		160.099		2234		2		0
459.711		200.544		2274		1		0
463.058		236.676		2240		1		0
461.535		236.156		2242		1		0
403.473		235.281		2260		2		0
399.739		295.679		2415		2		0
445.407		314.183		0		1		0
433.99		323.619		0		1		0
430.189		235.827		2222		2		0
427.256		281.724		2351		2		0
413.625		322.174		2468		1		0
416.64		338.84		2399		2		0
419.674		152.556		2244		2		0
385.371		249.376		2312		2		0
377.132		239.802		2331		2		0
460.695		248.599		2258		2		0
466.935		238.384		2228		2		0
Frame 9
416.732		235.552		2234		2		0
418.426		188.185		2195		2		0
420.041		140.658		2242		2		0
423.784		116.296		2160		2		0
390.363		158.627		2278		2		0
378.807		200.162		2314		2		0
381.973		235.617		2292		2		0
383.228		238.081		2290		2		0
448.242		160.098		2237		2		0
459.7		200.538		2276		1		0
463.039		236.672		2244		1		0
461.682		236.017		2244		1		0
403.443		235.272		2262		2		0
399.723		295.667		2411		2		0
445.508		314.162		0		1		0
434.056		323.597		2776		2		0
430.133		235.821		2221		2		0
428.732		282.046		2350		2		0
416.757		323.43		2449		1		0
417.457		340.006		2378		2		0
419.653		152.55		2244		2		0
385.217		249.445		2312		2		0
376.567		239.803		2338		2		0
460.987		248.052		2264		2		0
466.871		238.638		2229		2		0
Frame 10
416.697		235.538		2238		2		0
418.377		188.181		2195		2		0
419.981		140.666		2242		2		0
423.732		116.269		2156		2		0
390.356		158.621		2275		2		0
378.795		200.164		2313		2		0
381.933		235.622		2295		2		0
383.269		237.964		2287		2		0
448.221		160.101		2241		2		0
459.701		200.551		2275		1		0
463.031		236.683		2234		1		0
461.512		236.227		2243		1		0
403.406		235.245		2257		2		0
399.715		295.651		2412		2		0
448.148		308.601		3029		1		0
436.531		318.849		0		1		0
430.099		235.818		2219		2		0
428.417		281.916		2347		2		0
414.008		322.512		2462		1		0
415.407		339.068		2399		2		0
419.595		152.554		2242		2		0
385.552		249.223		2311		2		0
377.15		240.57		2337		2		0
460.45		248.82		2266		2		0
465.503		242.622		2233		2		0
Frame 11
416.664		235.527		2231		2		0
418.344		188.179		2194		2		0
419.951		140.673		2243		2		0
423.702		116.266		2160		2		0
390.314		158.638		2277		2		0
378.787		200.17		2315		2		0
381.92		235.628		2292		2		0
383.264		237.935		2285		2		0
448.2		160.094		2236		2		0
459.676		200.548		2276		1		0
463.032		236.677		2240		1		0
461.381		236.113		2248		1		0
403.373		235.227		2259		2		0
399.675		295.653		2412		2		0
447.973		309.072		0		1		0
436.347		319.261		2822		1		0
430.065		235.812		2221		2		0
428.397		281.907		2349		2		0
414.037		322.502		2461		1		0
416.411		340.241		2399		2		0
419.564		152.559		2243		2		0
384.994		249.334		2321		2		0
377.264		239.99		2323		2		0
460.448		248.547		2262		2		0
466.241		239.119		2221		2		0
Frame 12
416.663		235.526		2234		2		0
418.32		188.173		2196		2		0
419.877		140.657		2242		2		0
423.666		116.262		2152		2		0
390.29		158.64		2277		2		0
378.778		200.18		2310		2		0
381.876		235.641		2297		2		0
383.302		237.888		2285		2		0
448.182		160.088		2237		2		0
459.653		200.541		2276		1		0
463.001		236.658		2237		1		0
461.281		236.363		2253		1		0
403.37		235.227		2260		2		0
399.668		295.653		2412		2		0
447.537		310.068		3047		1		0
435.926		320.128		0		1		0
430.066		235.812		2222		2		0
428.276		282.076		2346		2		0
414.951		322.698		2463		1		0
417.134		340.249		2394		2		0
419.504		152.546		2242		2		0
385.551		249.223		2317		2		0
376.757		239.268		2346		2		0
460.214		248.784		2251		2		0
460.983		239.593		2237		2		0
Frame 13
416.68		235.507		2236		2		0
418.318		188.166		2194		2		0
419.859		140.649		2240		2		0
423.634		116.264		2154		2		0
390.267		158.635		2276		2		0
378.758		200.188		2312		2		0
381.866		235.644		2293		2		0
383.195		238.091		2283		2		0
448.113		160.043		2244		2		0
459.614		200.523		2278		1		0
462.987		236.638		2237		1		0
461.389		236.147		2238		1		0
403.382		235.222		2260		2		0
399.667		295.666		2411		2		0
447.182		310.685		0		1		0
435.61		320.656		0		1		0
430.089		235.767		2221		2		0
428.297		282.069		2347		2		0
415.114		322.694		2453		1		0
418.722		340.914		2390		2		0
419.492		152.538		2245		2		0
384.996		249.334		2323		2		0
377.024		239.951		2329		2		0
460.328		248.667		2257		2		0
466.668		237.239		2225		2		0
Frame 14
416.578		235.514		2236		2		0
418.25		188.152		2196		2		0
419.821		140.622		2245		2		0
423.59		116.265		2160		2		0
390.228		158.625		2275		2		0
378.738		200.189		2314		2		0
381.814		235.646		2297		2		0
383.257		237.939		2289		2		0
448.066		160.034		2239		2		0
459.583		200.528		2279		1		0
462.88		236.638		2236		1		0
461.21		236.327		2237		1		0
403.302		235.219		2258		2		0
399.668		295.679		2408		2		0
446.922		310.882		0		1		0
435.411		320.819		2899		1		0
429.961		235.787		2223		2		0
428.298		282.082		2350		2		0
415.206		322.717		2457		1		0
418.633		340.936		2389		2		0
419.447		152.514		2242		2		0
385.62		249.126		2319		2		0
376.13		238.129		2332		2		0
460.085		248.805		2264		2		0
466.612		237.89		2216		2		0
Frame 15
416.451		235.467		2236		2		0
418.125		188.112		2194		2		0
419.706		140.594		2242		2		0
423.524		116.245		2158		2		0
390.184		158.63		2277		2		0
378.711		200.186		2313		2		0
381.738		235.646		2291		2		0
383.31		237.737		2287		2		0
447.957		159.965		2238		2		0
459.538		200.533		2277		1		0
462.82		236.637		2241		1		0
461.097		236.057		2244		1		0
403.144		235.141		2258		2		0
399.677		295.615		2409		2		0
448.65		307.249		0		1		0
437.006		317.735		0		1		0
429.861		235.766		2222		2		0
426.999		281.591		2356		2		0
413.059		322.371		2469		1		0
424.375		339.456		2391		2		0
419.329		152.483		2239		2		0
384.996		249.334		2323		2		0
376.491		238.694		2334		2		0
459.727		248.728		2260		2		0
466.472		237.586		2224		2		0
Frame 16
416.414		235.445		2234		2		0
418.058		188.079		2195		2		0
419.613		140.55		2242		2		0
423.465		116.214		2153		2		0
390.105		158.605		2274		2		0
378.664		200.183		2313		2		0
381.648		235.649		2293		2		0
383.07		237.931		2283		2		0
447.86		159.885		2240		2		0
459.441		200.523		2272		1		0
462.849		236.604		2241		1		0
460.731		236.032		2251		1		0
403.102		235.113		2259		2		0
399.683		295.628		2409		2		0
447.569		309.509		3068		1		0
436.013		319.661		0		1		0
429.83		235.752		2225		2		0
428.067		282.1		2347		2		0
415.241		322.623		2455		1		0
417.012		341.341		2367		2		0
419.241		152.442		2242		2		0
385.54		249.234		2317		2		0
376.581		239.816		2334		2		0
459.7		248.599		2263		2		0
465.273		239.441		2232		2		0
Frame 17
416.308		235.453		2232		2		0
417.946		188.077		2194		2		0
419.504		140.53		2240		2		0
423.368		116.154		2153		2		0
389.936		158.643		2272		2		0
378.529		200.129		2309		2		0
381.653		235.601		2290		2		0
383.274		237.746		2280		2		0
447.695		159.866		2239		2		0
459.356		200.511		2270		1		0
462.646		236.585		2232		1		0
460.491		236.218		2249		1		0
403.008		235.128		2255		2		0
399.652		295.694		2407		2		0
446.837		311.715		3060		1		0
435.252		321.585		0		1		0
429.715		235.755		2219		2		0
426.926		281.851		2354		2		0
413.471		322.19		2467		1		0
417.118		339.041		2404		2		0
419.131		152.428		2237		2		0
385.622		249.125		2316		2		0
376.682		239.555		2335		2		0
459.696		248.599		2258		2		0
465.895		237.32		2234		2		0
Frame 18
416.097		235.414		2233		2		0
417.734		188.052		2196		2		0
419.302		140.515		2236		2		0
423.245		116.108		2152		2		0
389.87		158.606		2271		2		0
378.351		200.081		2309		2		0
381.52		235.546		2291		2		0
383.257		237.792		2283		2		0
447.573		159.882		2242		2		0
459.198		200.522		2275		1		0
462.523		236.577		2236		1		0
459.975		236.161		2245		1		0
402.769		235.076		2262		2		0
399.655		295.702		2400		2		0
443.544		317.091		0		1		0
432.251		326.144		2682		2		0
429.527		235.729		2224		2		0
427.342		282.241		2347		2		0
415.547		322.739		2456		1		0
418.345		339.837		2396		2		0
418.924		152.411		2241		2		0
385.074		249.885		2314		2		0
376.197		239.03		2336		2		0
458.798		248.601		2263		2		0
465.34		238.075		2223		2		0
Frame 19
415.935		235.388		2235		2		0
417.549		188.03		2192		2		0
419.093		140.481		2232		2		0
422.987		116.064		2149		2		0
389.653		158.563		2275		2		0
378.178		200.062		2309		2		0
381.21		235.535		2289		2		0
382.94		237.759		2283		2		0
447.309		159.824		2245		2		0
458.928		200.435		2276		1		0
462.41		236.48		2233		1		0
459.667		236.054		2251		1		0
402.633		235.04		2258		2		0
399.623		295.699		2405		2		0
447.845		309.117		0		1		0
435.597		320.055		0		1		0
429.329		235.715		2228		2		0
426.31		281.81		2352		2		0
413.695		322.291		2471		1		0
415.938		339.169		2384		2		0
418.721		152.382		2239		2		0
384.425		249.286		2318		2		0
375.456		239.079		2336		2		0
458.999		248.001		2258		2		0
465.518		238.103		2225		2		0
Frame 20
415.793		235.326		2232		2		0
417.217		187.962		2194		2		0
418.503		140.424		2234		2		0
422.652		116.051		2151		2		0
389.335		158.518		2269		2		0
377.958		200.008		2310		2		0
380.854		235.489		2291		2		0
382.703		237.755		2283		2		0
447.046		159.712		2244		2		0
458.605		200.411		2271		1		0
462.285		236.429		2236		1		0
458.871		235.998		2253		1		0
402.463		235.001		2257		2		0
399.572		295.7		2403		2		0
446.498		312.74		3017		1		0
434.957		322.45		0		1		0
429.208		235.637		2221		2		0
427.765		282.609		2343		2		0
415.696		322.552		2458		1		0
416.353		339.388		2358		2		0
418.201		152.32		2235		2		0
384.553		249.223		2318		2		0
376.105		240.035		2331		2		0
457.885		248.667		2263		2		0
464.999		237.626		2230		2		0
Frame 21
415.602		235.352		2232		2		0
416.852		187.98		2194		2		0
417.966		140.413		2235		2		0
422.187		116.029		2148		2		0
388.889		158.524		2273		2		0
377.482		199.931		2305		2		0
380.664		235.398		2293		2		0
382.296		237.572		2282		2		0
446.578		159.613		2244		2		0
458.072		200.498		2273		1		0
461.685		236.497		2241		1		0
458.383		235.743		2248		1		0
402.284		235.064		2251		2		0
399.48		295.786		2398		2		0
445.4		315.74		0		1		0
433.821		325.082		0		2		0
429.008		235.626		2224		2		0
425.869		282.081		2349		2		0
414.848		322.292		2468		1		0
416.277		339.057		2379		2		0
417.706		152.319		2237		2		0
383.712		249.43		2317		2		0
374.221		238.165		2336		2		0
457.709		248.716		2274		2		0
464.5		237.753		2217		2		0
Frame 22
415.439		235.328		2232		2		0
416.541		188.016		2195		2		0
417.5		140.537		2232		2		0
421.41		116.149		2143		2		0
388.332		158.465		2267		2		0
377.136		199.908		2312		2		0
380.245		235.391		2289		2		0
381.905		237.675		2285		2		0
445.956		159.639		2244		2		0
457.339		200.49		2275		1		0
461.315		236.479		2239		1		0
457.436		236.168		2261		1		0
402.141		235.05		2251		2		0
399.405		295.828		2399		2		0
444.712		317.075		3057		1		0
433.103		326.246		2663		2		0
428.805		235.589		2224		2		0
425.823		282.641		2345		2		0
416.093		322.693		2452		1		0
416.455		339.284		2374		2		0
417.278		152.42		2231		2		0
382.898		249.201		2322		2		0
374.61		238.886		2343		2		0
456.001		248.817		2268		2		0
462.812		238.814		2232		2		0
Frame 23
415.148		235.318		2230		2		0
416.029		188.05		2190		2		0
416.78		140.61		2231		2		0
420.656		116.195		2144		2		0
387.644		158.493		2267		2		0
376.419		199.696		2309		2		0
379.527		235.174		2290		2		0
381.453		237.589		2282		2		0
445.319		159.509		2246		2		0
456.627		200.555		2277		1		0
460.42		236.544		2232		1		0
456.718		235.841		2252		1		0
401.804		235.079		2253		2		0
399.344		295.948		2397		2		0
434.691		331.163		0		1		0
423.744		338.332		2399		2		0
428.567		235.546		2223		2		0
425.992		282.401		2344		2		0
415.672		322.487		2455		1		0
416.554		339.397		2417		2		0
416.608		152.484		2232		2		0
382.664		249.445		2325		2		0
373.96		238.538		2344		2		0
456.121		248.626		2261		2		0
460.441		236.893		2232		2		0
Frame 24
414.702		235.288		2232		2		0
415.458		188.121		2192		2		0
416.122		140.778		2224		2		0
419.89		116.335		2139		2		0
386.854		158.552		2266		2		0
375.681		199.802		2310		2		0
379.185		235.296		2289		2		0
380.845		237.697		2286		2		0
444.406		159.587		2248		2		0
455.71		200.625		2278		1		0
459.477		236.641		2237		1		0
455.598		235.893		2259		1		0
401.342		235.095		2252		2		0
399.278		296.036		2392		2		0
433.725		331.29		0		1		0
422.991		338.41		2404		2		0
428.135		235.474		2224		2		0
425.788		282.326		2341		2		0
415.879		322.479		2454		1		0
416.771		339.426		2359		2		0
415.969		152.629		2233		2		0
382.086		249.273		2312		2		0
373.333		238.919		2326		2		0
454.269		248.725		2270		2		0
461.625		237.502		2230		2		0
Frame 25
414.26		235.319		2230		2		0
414.725		188.236		2188		2		0
415.078		140.95		2228		2		0
418.744		116.457		2131		2		0
385.947		158.608		2267		2		0
374.525		199.937		2310		2		0
378.52		235.421		2291		2		0
379.97		237.666		2286		2		0
443.303		159.583		2243		2		0
454.896		200.519		2278		1		0
458.424		236.522		2235		1		0
454.65		235.794		2258		1		0
400.938		235.168		2254		2		0
399.135		296.281		2394		2		0
383.137		344.766		2280		2		0
387.29		359.857		2116		2		0
427.653		235.46		2221		2		0
425.521		282.322		2340		2		0
416.013		322.513		2447		1		0
416.641		339.415		2373		2		0
415.003		152.791		2226		2		0
380.995		249.334		2325		2		0
372.32		238.325		2333		2		0
453.697		248.8		2277		2		0
459.351		239.65		2232		2		0
Frame 26
413.405		235.357		2232		2		0
413.83		188.329		2191		2		0
414.222		141.058		2226		2		0
417.552		116.587		2132		2		0
384.759		158.811		2264		2		0
373.82		200.185		2306		2		0
378.035		235.668		2290		2		0
379.401		237.83		2286		2		0
442.336		159.609		2246		2		0
453.712		200.755		2276		1		0
457.922		236.768		2243		1		0
453.898		235.709		2266		1		0
400.023		235.212		2248		2		0
399.053		296.356		2388		2		0
383.113		345.062		2260		2		0
387.395		360.05		2111		2		0
426.866		235.492		2225		2		0
425.145		282.348		2338		2		0
415.785		322.61		2455		1		0
416.596		339.608		2382		2		0
414.133		152.898		2227		2		0
381.373		250.376		2315		2		0
371.665		239.085		2338		2		0
452.698		248.599		2268		2		0
454.113		243.63		2273		2		0
Frame 27
412.13		235.447		2231		2		0
412.538		188.44		2191		2		0
412.947		141.156		2225		2		0
416.139		116.745		2125		2		0
383.378		159.119		2263		2		0
372.929		200.359		2305		2		0
377.33		235.849		2289		2		0
378.367		238.378		2287		2		0
441.285		159.624		2245		2		0
452.776		200.784		2281		1		0
456.458		236.819		2249		1		0
452.796		235.315		2258		1		0
398.736		235.343		2247		2		0
398.914		296.637		2384		2		0
383.437		346.256		2255		2		0
387.309		359.691		2114		2		0
425.618		235.542		2225		2		0
423.298		282.455		2335		2		0
416.42		322.354		2450		1		0
416.654		339.245		2396		2		0
412.85		153.002		2228		2		0
380.194		250.201		2311		2		0
370.097		237.971		2338		2		0
452.634		248.001		2281		2		0
446		238.502		2276		2		0
Frame 28
411.243		235.486		2230		2		0
411.349		188.617		2188		2		0
411.408		141.505		2218		2		0
414.566		117.096		2130		2		0
382.324		159.377		2263		2		0
371.81		200.576		2307		2		0
376.147		236.087		2293		2		0
377.463		238.548		2286		2		0
440.763		159.621		2248		2		0
451.426		200.739		2277		1		0
455.701		236.796		2251		1		0
451.694		235.352		2253		1		0
397.753		235.448		2249		2		0
398.823		296.975		2380		2		0
387.13		349.3		2223		2		0
387.769		361.396		2104		2		0
424.823		235.516		2225		2		0
422.723		282.424		2338		2		0
415.665		322.509		2454		1		0
413.552		336.943		2430		2		0
411.403		153.305		2221		2		0
379.832		251.334		2330		2		0
369.101		239.003		2339		2		0
450.725		247.909		2286		2		0
445.891		234.149		0		2		0
Frame 29
409.676		235.62		2233		2		0
409.527		188.895		2190		2		0
409.369		141.888		2213		2		0
412.406		117.472		2122		2		0
380.626		159.743		2262		2		0
370.565		200.873		2308		2		0
375.104		236.385		2290		2		0
376.575		238.897		2288		2		0
438.003		159.444		2241		2		0
450.152		200.993		2277		1		0
454.004		237.111		2235		1		0
450.148		235.658		2255		1		0
396.203		235.672		2247		2		0
398.228		297.383		2380		2		0
381.576		346.754		2234		2		0
387.183		360.214		2110		2		0
423.251		235.556		2226		2		0
422.421		282.549		2329		2		0
416.094		322.829		2446		1		0
419.96		339.994		2396		2		0
409.414		153.667		2224		2		0
378.748		251.375		2323		2		0
367.965		238.718		2335		2		0
449.724		247.91		2272		2		0
444.53		233.41		2283		2		0
Frame 30
407.831		235.719		2231		2		0
407.843		189.113		2189		2		0
407.862		142.187		2224		2		0
410.107		117.893		2120		2		0
378.915		159.827		2260		2		0
369.314		201.024		2308		2		0
373.93		236.539		2292		2		0
376.907		245.068		2292		2		0
436.489		159.529		2245		2		0
448.318		201.131		2273		1		0
452.389		237.274		2247		1		0
448.972		235.496		2259		1		0
394.315		235.786		2246		2		0
398.501		284.428		2323		2		0
386.462		342.603		2297		2		0
387.222		355.708		2146		2		0
421.458		235.638		2225		2		0
422.134		282.692		2321		2		0
415.223		323.355		2447		1		0
418.729		340.925		2375		2		0
407.862		153.948		2224		2		0
378.553		252.359		2324		2		0
368.117		243.355		2344		2		0
447.698		248.599		2274		2		0
443.158		232.056		2277		2		0
Frame 31
406.96		235.784		2234		2		0
406.309		189.27		2190		2		0
405.5		142.435		2217		2		0
407.799		118.114		2122		2		0
376.515		160.583		2260		2		0
367.887		201.527		2304		2		0
372.488		237.054		2292		2		0
375.973		245.91		2287		2		0
435.063		159.49		2240		2		0
446.723		201.119		2275		1		0
450.94		237.262		2245		1		0
447.4		236.489		2258		1		0
393.471		235.916		2246		2		0
398.466		284.589		2313		2		0
386.742		346.124		2259		2		0
387.534		360.831		2107		2		0
420.549		235.641		2224		2		0
421.398		282.977		2310		2		0
414.329		323.301		2449		1		0
417.841		341.238		2391		2		0
405.721		154.175		2223		2		0
380.14		252.669		2352		2		0
368.368		246.74		2341		2		0
446.384		248.846		2274		2		0
441.74		234.651		2285		2		0
Frame 32
405.823		236.058		2230		2		0
404.694		189.69		2193		2		0
403.514		143.021		2230		2		0
405.136		118.626		2122		2		0
374.687		160.911		2262		2		0
366.238		201.81		2311		2		0
370.981		237.308		2290		2		0
374.848		246.152		2294		2		0
433.283		159.646		2248		2		0
445.288		201.126		2273		1		0
449.789		237.272		2245		1		0
445.939		236.066		2265		1		0
392.271		236.222		2245		2		0
398.278		285.127		2310		2		0
384.917		344.428		2281		2		0
387.62		359.686		2123		2		0
419.483		235.881		2223		2		0
420.799		283.359		2315		2		0
414.557		323.342		2451		1		0
412.696		338.591		2387		2		0
403.815		154.719		2225		2		0
379.392		252.589		2340		2		0
367.728		247.731		2347		2		0
445.123		248.624		2275		2		0
439.779		235.063		2266		2		0
Frame 33
404.222		236.503		2229		2		0
402.793		190.24		2189		2		0
401.377		143.66		2211		2		0
402.21		119.266		2116		2		0
371.955		161.997		2259		2		0
364.103		202.766		2307		2		0
370.008		238.142		2293		2		0
373.75		247.142		2290		2		0
430.482		159.781		2244		2		0
443.33		201.598		2276		1		0
448.224		237.75		2232		1		0
444.374		236.17		2256		1		0
390.677		236.79		2246		2		0
397.51		286.781		2301		2		0
384.909		344.401		2278		2		0
387.616		359.664		2117		2		0
417.859		236.213		2220		2		0
419.731		284.06		2307		2		0
416.559		324.023		2435		1		0
419.602		341.632		2375		2		0
401.733		155.337		2222		2		0
378.97		253.581		2328		2		0
366.722		248.964		2337		2		0
443.898		248.799		2274		2		0
438.501		234.048		2269		2		0
Frame 34
403.172		236.966		2229		2		0
400.821		190.883		2189		2		0
398.221		144.494		2212		2		0
399.557		119.747		2111		2		0
369.185		162.883		2257		2		0
361.904		203.595		2302		2		0
367.917		238.979		2285		2		0
372.174		247.575		2284		2		0
427.913		160.207		2236		2		0
441.075		201.573		2275		1		0
447.139		237.648		2240		1		0
442.457		236.215		2252		1		0
389.702		237.33		2243		2		0
396.849		288.759		2292		2		0
384.556		344.392		2275		2		0
387.56		359.936		2118		2		0
416.736		236.59		2225		2		0
418.97		284.93		2304		2		0
416.458		324.346		2435		1		0
420.181		341.54		2401		2		0
398.896		156.123		2223		2		0
376.441		254.271		2324		2		0
364.784		248.916		2338		2		0
442.428		248.713		2273		2		0
436.474		236.578		2278		2		0
Frame 35
400.305		237.791		2227		2		0
397.985		191.705		2185		2		0
395.741		145.221		2222		2		0
396.035		120.839		2114		2		0
366.759		163.797		2259		2		0
359.852		204.093		2301		2		0
366.21		239.441		2291		2		0
369.165		243.916		2285		2		0
425.434		160.682		2235		2		0
438.714		201.779		2271		1		0
444.129		237.997		2233		1		0
440.452		237.089		2251		1		0
386.849		238.266		2246		2		0
396.041		291.152		2287		2		0
384.303		345.281		2268		2		0
387.639		360.208		2108		2		0
413.871		237.301		2220		2		0
417.755		285.81		2298		2		0
400.879		324.81		2404		1		0
416.077		340.839		2419		2		0
396.301		156.881		2220		2		0
374.406		254.834		2310		2		0
361.26		245.217		2327		2		0
440.163		248.916		2266		2		0
434.154		234.232		2281		2		0
Frame 36
398.312		238.477		2229		2		0
395.527		192.504		2187		2		0
392.734		146.185		2215		2		0
392.795		121.809		2111		2		0
363.618		165.002		2257		2		0
357.34		205.401		2305		2		0
364.874		240.565		2285		2		0
367.228		244.295		2284		2		0
422.337		161.223		2237		2		0
436.377		202.251		2269		1		0
442.471		238.421		2237		1		0
438.381		237.634		2253		1		0
384.895		239.027		2247		2		0
395.421		291.737		2281		2		0
383.987		346.012		2253		2		0
387.67		360.357		2110		2		0
411.84		237.911		2227		2		0
417.311		286.36		2298		2		0
420.042		326.671		2419		1		0
414.73		340.28		2355		2		0
393.436		157.8		2220		2		0
372.407		255.834		2311		2		0
359.166		245.945		2326		2		0
437.999		249.786		2266		2		0
432.401		237.6		2260		2		0
Frame 37
396.567		239.245		2231		2		0
393.033		193.393		2190		2		0
389.432		147.201		2217		2		0
389.185		122.804		2111		2		0
361.057		166.007		2254		2		0
354.644		206.318		2304		2		0
362.01		241.506		2287		2		0
364.09		244.467		2287		2		0
419.025		162.157		2240		2		0
433.467		202.919		2267		1		0
439.809		239.079		2235		1		0
435.983		237.867		2253		1		0
383.129		240.024		2246		2		0
394.759		294.744		2274		2		0
383.283		349.206		2186		2		0
387.647		360.382		2116		2		0
410.105		238.466		2233		2		0
416.083		288.006		2297		2		0
418.511		326.987		2420		1		0
414.436		340.418		2339		2		0
390.339		158.785		2221		2		0
368.998		256.668		2309		2		0
356.498		246.499		2339		2		0
436.498		250.001		2265		2		0
429.651		234.946		2287		2		0
Frame 38
394.212		240.325		2232		2		0
390.103		194.644		2191		2		0
386.003		148.574		2209		2		0
385.416		124.402		2111		2		0
357.696		167.514		2258		2		0
351.398		207.292		2302		2		0
358.975		242.406		2282		2		0
361.342		245.661		2292		2		0
416.512		162.748		2237		2		0
430.522		203.763		2267		1		0
437.423		239.896		2233		1		0
433.351		243.967		2265		1		0
381.048		240.994		2249		2		0
392.189		301.059		2294		2		0
382.096		355.964		2136		2		0
389.383		361.89		2114		2		0
407.474		239.648		2235		2		0
414.267		290.639		2299		2		0
424.091		327.014		0		2		0
417.032		339.074		2425		2		0
387.027		160.133		2221		2		0
366.207		257.859		2309		2		0
353.409		246.525		2339		2		0
432.5		251.334		2270		2		0
427.643		241.284		2251		2		0
Frame 39
391.645		241.803		2234		2		0
387.144		196.313		2194		2		0
382.663		150.387		2211		2		0
381.084		126.537		2103		2		0
353.829		169.378		2256		2		0
348.417		208.602		2300		2		0
354.588		243.972		2284		2		0
357.162		246.518		2292		2		0
412.276		164.131		2233		2		0
427.162		205.126		2266		1		0
434.156		241.311		2229		1		0
430.505		245.533		2254		1		0
378.544		242.631		2251		2		0
388.941		296.253		2259		2		0
383.641		352.483		2155		2		0
387.215		361.583		2104		2		0
404.854		240.963		2233		2		0
410.834		294.252		2315		2		0
430.034		324.203		0		1		0
420.616		335.168		2417		2		0
383.782		161.916		2219		2		0
361.997		259.002		2308		2		0
349.69		249.074		2345		2		0
429.499		253.334		2271		2		0
425.187		243.314		2266		2		0
Frame 40
388.833		243.351		2240		2		0
383.758		198.224		2200		2		0
378.681		152.648		2207		2		0
376.797		128.545		2108		2		0
349.711		171.446		2257		2		0
344.187		210.879		2301		2		0
350.814		246.111		2292		2		0
352.39		251.361		2294		2		0
409.187		165.411		2238		2		0
423.465		206.742		2270		1		0
431.217		242.816		2233		1		0
427.211		246.901		2256		1		0
375.868		244.269		2256		2		0
387.732		296.143		2247		2		0
383.529		352.498		2158		2		0
387.227		361.593		2111		2		0
401.909		242.417		2237		2		0
410.873		294.33		2293		2		0
415.299		341.207		2374		2		0
409.249		349.134		0		2		0
379.95		164.092		2220		2		0
353.902		258.69		2319		2		0
346.045		251.427		2342		2		0
427.284		254.429		2269		2		0
421.882		245.409		2251		2		0
Frame 41
384.759		245.663		2244		2		0
379.553		200.822		2200		2		0
374.351		155.403		2209		2		0
372.322		131.083		2105		2		0
345.156		174.409		2258		2		0
340.148		213.347		2308		2		0
347.616		248.452		2290		2		0
349.998		253.764		2298		2		0
404.414		168.05		2230		2		0
420.127		208.975		2262		1		0
428.402		245.022		2228		1		0
423.85		249.423		2244		1		0
371.867		246.774		2263		2		0
384.608		297.744		2227		2		0
385.371		353.737		2151		2		0
387.221		361.53		2113		2		0
397.767		244.538		2241		2		0
409.174		303.061		2334		2		0
386.318		330.866		2585		2		0
395.193		340.07		2388		2		0
375.65		166.822		2223		2		0
353.018		260.701		2303		2		0
343.103		254.24		2341		2		0
423.498		257.334		2271		2		0
419.906		251.088		2262		2		0
Frame 42
379.778		248.8		2252		2		0
374.839		203.985		2199		2		0
369.975		158.544		2202		2		0
367.201		134.608		2103		2		0
341.558		177.016		2257		2		0
336.136		215.941		2306		2		0
342.552		251.168		2300		2		0
345.9		256.664		2302		2		0
399.579		170.911		2231		2		0
415.965		211.915		2265		1		0
424.201		248.049		2232		1		0
420.45		252.371		2256		1		0
366.875		250.236		2264		2		0
381.291		301.789		2226		2		0
388.663		354.992		2163		2		0
387.584		360.346		2113		2		0
392.808		247.358		2245		2		0
408.278		303.706		2296		2		0
384.313		333.233		0		2		0
385.625		341.458		2297		2		0
371.185		169.972		2226		2		0
348.562		263.589		2307		2		0
339.167		257.724		2342		2		0
419.766		261.243		0		2		0
415.439		250.559		2263		2		0
Frame 43
375.333		251.843		2257		2		0
369.414		207.789		2205		2		0
363.419		163.218		2214		2		0
361.785		138.932		2107		2		0
335.571		181.016		2260		2		0
331.121		219.676		2312		2		0
338.541		254.642		2302		2		0
342.367		260.954		2295		2		0
394.566		174.645		2234		2		0
411.873		215.487		2267		1		0
421.055		251.537		2229		1		0
416.838		256.306		2253		1		0
362.832		253.478		2271		2		0
376.91		296.429		2210		2		0
386.658		344.083		2271		2		0
387.415		357.575		2131		2		0
387.942		250.187		2253		2		0
403.005		305.835		2313		2		0
381.706		336.077		2335		1		0
389.653		343.392		2305		2		0
364.924		174.419		2226		2		0
346.078		267.686		2312		2		0
336.111		263.056		2343		2		0
415.524		265.996		0		2		0
411.499		253		2261		2		0
Frame 44
371.856		255.281		2260		2		0
365.676		211.521		2211		2		0
359.559		167.056		2221		2		0
356.444		143.077		2105		2		0
330.949		185.405		2260		2		0
326.055		224.107		2311		2		0
333.859		258.923		2303		2		0
337.464		265.419		2301		2		0
388.769		178.911		2231		2		0
407.631		220.031		2265		1		0
417.303		256.114		2227		1		0
412.7		261.678		2242		1		0
359.466		256.988		2278		2		0
366.422		296.363		2207		2		0
384.561		344.184		2280		2		0
387.005		359.03		2123		2		0
384.379		253.543		2252		2		0
402.828		305.415		2270		2		0
380.605		336.314		2327		1		0
383.214		344.617		2277		2		0
361.08		178.249		2225		2		0
344		282		2315		2		0
330.587		265.821		2349		2		0
411.149		270.712		2234		2		0
407.25		258.249		2252		2		0
Frame 45
365.482		260.086		2263		2		0
358.755		216.725		2209		2		0
352.101		172.55		2219		2		0
349.916		148.889		2106		2		0
324.343		190.765		2261		2		0
321.124		228.343		2310		2		0
327.988		263.266		2311		2		0
329.989		264		2313		2		0
382.179		184.322		2232		2		0
402.476		224.029		2263		2		0
409.358		260.571		2239		2		0
407.41		266.662		2227		2		0
353.877		261.713		2281		2		0
365.774		316.051		2215		2		0
391.893		343.388		2354		2		0
389.369		355.183		2157		2		0
377.341		258.313		2253		2		0
402.007		305.49		2245		2		0
388.431		332.198		2386		2		0
388.597		345.664		2262		2		0
353.762		183.676		2230		2		0
334.428		277		2318		2		0
324.032		264.601		2364		2		0
409.25		283.249		2232		2		0
402.445		269.286		2237		2		0
Frame 46
361.146		264.323		2270		2		0
353.495		221.521		2218		2		0
345.726		178.078		2223		2		0
343.395		154.553		2111		2		0
318.611		195.553		2262		2		0
316.178		233.808		2320		2		0
321.258		269.012		2338		2		0
327.706		276.957		2310		2		0
375.671		189.881		2236		2		0
397.246		229.013		2266		2		0
402.196		265.813		2232		2		0
403.628		266.181		2238		2		0
348.211		266.261		2286		2		0
357.199		321.12		2215		2		0
392.383		343.611		0		2		0
388.902		354.731		2158		2		0
373.945		262.485		2257		2		0
397.863		302.064		2222		2		0
394.064		352.384		2207		2		0
390.064		362.035		2113		2		0
347.64		189.041		2232		2		0
331.308		283.533		2328		2		0
321.669		277.892		2367		2		0
406.603		275.099		2247		2		0
401.894		271.596		2223		2		0
Frame 47
355.541		269.133		2277		2		0
347.258		227.219		2224		2		0
339.199		184.387		2220		2		0
336.097		161.31		2110		2		0
311.612		202.106		2262		2		0
309.957		240.271		2319		2		0
314.411		275.519		2378		2		0
321.868		282.9		2315		2		0
369.138		195.13		2237		2		0
389.796		233.343		2271		2		0
398.664		269.715		2234		2		0
395.556		274.656		2234		2		0
343.627		270.55		2294		2		0
349.945		325.767		2210		2		0
392.656		340.455		2394		1		0
390.012		351.034		2188		2		0
367.716		267.544		2257		2		0
396.946		303.259		2193		2		0
382.718		341.715		2276		2		0
387.717		359.613		2116		2		0
341.215		195.17		2230		2		0
324.974		289.887		2336		2		0
315.573		282.288		2385		2		0
397.009		288		2207		2		0
388.148		274.587		2228		2		0
Frame 48
349.505		275.882		2285		2		0
340.628		234.019		2230		2		0
331.69		191.476		2214		2		0
328.158		168.904		2113		2		0
305.516		209.678		2261		2		0
303.082		246.787		2325		2		0
312.091		281.099		2330		2		0
316.54		287.562		2325		2		0
361.537		202.389		2243		2		0
382.953		240.521		2278		2		0
391.424		277.005		2247		2		0
389.214		279.964		2230		1		0
337.719		277.817		2304		2		0
341.777		319.297		2207		2		0
386.737		349.369		2193		1		0
387.783		356.542		2135		2		0
361.383		273.932		2268		2		0
403.899		315.099		2198		2		0
392.113		345.521		2370		2		0
389.655		357.598		2134		2		0
333.927		202.185		2236		2		0
322.749		299.75		2349		2		0
311.108		288.663		2345		2		0
391.51		293		2206		2		0
381.524		280.409		2226		2		0
Frame 49
340.555		282.905		2291		2		0
332.174		241.774		2243		2		0
323.682		199.77		2207		2		0
319.283		177.535		2122		2		0
298.722		218.434		2263		2		0
296.588		256.314		2329		2		0
304.193		290.821		2379		2		0
311.158		298.293		2334		2		0
353.667		209.448		2247		2		0
377.017		248.927		2276		2		0
382.016		285.94		2236		2		0
381.419		291.083		2221		1		0
328.366		284.523		2317		2		0
333.94		321.799		2227		2		0
379.167		351.64		2161		1		0
390.806		358.923		2123		2		0
352.835		281.277		2269		2		0
391.834		318.813		2182		2		0
388.311		348.444		2195		2		0
388.334		363.484		2103		2		0
325.812		210.361		2235		2		0
315.866		304.999		2351		2		0
305.927		298.06		2384		2		0
382.649		303.976		2191		2		0
372.909		290.903		2226		2		0
Frame 50
333.212		291.1		2306		2		0
323.964		250.57		2247		2		0
314.557		209.137		2226		2		0
310.004		186.96		2128		2		0
290.158		228.023		2266		2		0
289.995		265.317		2333		2		0
298.797		299.298		2389		2		0
303.067		303.187		2346		2		0
344.402		218.892		2251		2		0
368.977		254.735		2288		2		0
371.923		291.798		2235		2		0
371.756		294.612		2227		1		0
320.705		293.124		2329		2		0
331.333		328.354		2227		2		0
376.756		357.819		2122		1		0
390.903		362.277		2097		2		0
345.807		289.066		2271		2		0
380.273		316.491		2187		2		0
383.267		353.64		2133		2		0
390.011		369.001		2074		2		0
316.921		219.586		2238		2		0
305.995		310.799		2357		2		0
298		302		2417		2		0
371.484		308.001		2206		2		0
363.228		293.133		2235		2		0
Frame 51
324.864		300.295		2319		2		0
314.557		261.208		2253		2		0
303.857		220.544		2225		2		0
298.964		198.333		2137		2		0
281.826		238.936		2269		2		0
281.418		273.314		2341		2		0
293.612		305.6		2360		2		0
300.988		313.792		2356		2		0
334.186		229.296		2258		2		0
361.087		259.361		2296		2		0
371.724		296.935		2243		2		0
372.245		308.452		2205		1		0
313.312		302.297		2343		2		0
323.175		333.09		2242		2		0
369.044		362.283		2082		1		0
384.864		364.277		2065		2		0
336.492		298.284		2279		2		0
380.11		331.082		2183		2		0
406.793		367.456		2073		2		0
385.861		370.73		2046		2		0
306.567		230.865		2249		2		0
305.249		322.751		2376		2		0
295.182		314.547		2395		2		0
375.293		321.113		2183		2		0
364.227		309.631		2210		2		0
Frame 52
322.803		308.953		2294		2		0
308.928		271.144		2259		2		0
294.388		231.505		2252		2		0
287.547		210.6		2137		2		0
272.098		250.306		2273		2		0
275.684		286.498		2342		2		0
288.6		317.899		2378		2		0
292.938		321.864		2384		2		0
324.027		238.143		2269		2		0
352.509		268.855		2303		2		0
362.975		305.128		2240		2		0
362.934		313.319		2212		1		0
311.795		311.73		2336		2		0
327.839		323.296		2261		2		0
373.181		352.928		2141		1		0
379.432		360.97		2100		2		0
333.884		306.164		2270		2		0
389.349		317.823		2271		2		0
385.554		372.436		2030		2		0
391.215		393.016		1948		1		0
298.085		241.591		2255		2		0
299.835		325.325		2376		2		0
288.537		324.843		2435		2		0
366.126		326.145		2194		2		0
353.799		311.967		2226		2		0
Frame 53
320.817		313.942		2293		2		0
302.636		279.58		2276		2		0
284.18		242.794		2279		2		0
275.116		223.507		2150		2		0
262.373		262.986		2280		2		0
267.778		294.653		2359		2		0
283.474		325.189		2388		2		0
284.171		325.43		2382		1		0
312.466		247.252		2286		2		0
343.545		276.007		2320		2		0
354.86		311.992		2225		1		0
353.329		313.764		2220		1		0
308.893		319.091		2341		2		0
334.924		328.369		2257		1		0
380.489		358.033		2109		1		0
387.231		366.449		2056		1		0
332.664		309.189		2270		2		0
386.114		316.678		2287		2		0
391.881		373.187		2017		2		0
398.715		393.492		1934		1		0
288.858		252.119		2274		2		0
293		327		2395		2		0
279		326.584		2415		2		0
355.453		326.945		2219		2		0
344.737		315.895		2242		2		0
Frame 54
306.865		318.335		2351		2		0
291.066		287.716		2295		2		0
274.226		255.076		2305		2		0
261.485		237.184		2163		2		0
251.919		274.55		2286		2		0
249.007		305.644		0		2		0
276.276		328.747		2377		1		0
279.642		325.452		2391		1		0
299.37		256.116		2312		2		0
333.458		273.963		2347		2		0
351.909		306.469		2256		2		0
356.983		318.451		2210		1		0
296.544		323.071		2406		2		0
310.08		326.093		2323		1		0
355.992		355.379		2154		1		0
361.208		363.529		2084		1		0
317.191		313.604		2304		2		0
387.293		322.307		2237		2		0
377.21		368.991		2039		2		0
395.59		373.868		2033		2		0
278.538		263.431		2290		2		0
285.5		327		2391		2		0
279.274		323.545		2397		2		0
367.939		329.001		2184		2		0
345.927		326.216		2249		2		0
Frame 55
299.345		321.135		2360		2		0
280.542		294.368		2318		2		0
260.794		266.255		2307		2		0
246.965		252.813		2175		2		0
241.384		287.451		2300		2		0
238.75		318.157		2458		1		0
265.816		341.357		2299		1		0
275.018		349.228		2214		1		0
286.744		262.687		2337		2		0
321.455		273.246		2372		2		0
345.421		301.308		2270		2		0
352.251		311.128		2237		1		0
288.682		329.334		2416		2		0
296.182		325.787		2375		1		0
342.403		354.872		2168		1		0
356.55		360.128		2073		1		0
309.776		313.122		2332		2		0
350.903		306.83		2265		2		0
388.866		364.478		2077		2		0
387.946		381.19		2006		1		0
265.823		273.411		2320		2		0
281.006		350.753		2197		1		0
274.656		347.229		2236		1		0
363.081		320.758		2197		2		0
345.731		313.86		2237		2		0
Frame 56
304.413		333.83		2335		2		0
275.752		308.302		2331		2		0
246.524		282.258		2335		2		0
233.163		265.008		2205		2		0
233.1		303.804		2311		2		0
219.791		336.5		2252		2		0
263.3		317.231		2315		2		0
275.902		311.161		2329		1		0
273.868		270.538		2377		2		0
311.619		276.54		2393		2		0
341.385		295.864		2309		2		0
348.674		305.872		2278		1		0
295.545		343.95		2359		2		0
322.418		299.439		2342		2		0
366.753		329.64		2304		1		0
377.54		341.458		2313		2		0
313.077		323.937		2334		2		0
353.552		307.619		2266		2		0
390.576		363.986		2068		2		0
387.515		380.208		2023		1		0
253.885		288.812		2334		2		0
288.122		308.491		2360		2		0
280.957		321.864		2338		2		0
361.27		313.528		2233		2		0
344.481		308.154		2254		2		0
Frame 57
306.925		317.374		2364		2		0
271.465		304.43		2382		2		0
233.933		290.179		2343		2		0
218.194		281.315		2229		2		0
225.812		315.337		2331		2		0
184.233		323.395		2410		2		0
189.986		339.76		2202		2		0
197.431		338.323		2205		2		0
260.854		276.011		2399		2		0
300.928		279.102		2411		2		0
335.97		310.459		2261		2		0
338.663		321.06		2259		1		0
302.413		328.744		2345		2		0
341.689		330.972		2196		2		0
386.94		360.467		2088		1		0
391.255		364.596		2066		2		0
311.34		306.236		2355		2		0
358.909		310.252		2238		2		0
393.699		362.441		2090		2		0
385.412		371.757		2056		2		0
243.268		293.637		2357		2		0
201.999		343		2162		2		0
186.56		341.683		2189		2		0
347.512		332.997		2216		2		0
326.691		330.844		2234		2		0
Frame 58
301.608		302.439		2385		2		0
265.901		304.103		2402		2		0
227.852		305.853		2383		2		0
208.166		295.105		2262		2		0
227.505		321.481		2347		2		0
184.144		323.25		2398		2		0
179.888		339.016		2186		2		0
180.688		345.065		2111		2		0
240.889		282.582		2396		2		0
281.543		277.421		2434		2		0
308.701		296.971		2335		1		0
311.826		304.049		2340		1		0
300.373		313.968		2395		2		0
364.847		319.01		2345		1		0
390.409		320.003		2370		2		0
385.983		331.46		2598		2		0
302.823		291.086		2374		2		0
341.949		315.929		2295		2		0
390.42		357.555		2129		2		0
387.489		371.958		2058		2		0
237.34		305.392		2365		2		0
181.888		354.221		2041		2		0
166.499		347.481		2121		2		0
320.581		318.082		2284		2		0
307.461		307.236		2385		2		0
Frame 59
296.301		299.892		2371		2		0
255.977		301.735		2417		2		0
215.228		304.115		2393		2		0
196.779		300.349		2305		2		0
214.819		319.761		2378		1		0
180.329		306.54		2292		2		0
176.046		322.223		2436		1		0
176.606		330.243		2347		1		0
228.392		283.815		2411		2		0
269.527		277.359		2431		2		0
301.716		277.77		2368		2		0
308.967		283.937		2397		1		0
295.353		311.413		2412		2		0
341.797		320.879		2275		2		0
389.285		315.819		2350		2		0
388.322		313.086		2364		2		0
296.696		288.184		2361		2		0
346.899		294.13		2263		2		0
402.72		291.91		2194		2		0
401.328		291.117		2201		2		0
225.534		303.504		2381		2		0
177.678		339.334		2223		1		0
161.489		332.747		2250		1		0
324.126		286.121		2295		2		0
307.614		289.635		2316		2		0
Frame 60
288.106		302.635		2439		2		0
247.428		306.199		2387		2		0
205.65		309.97		2385		2		0
188.541		305.902		2330		2		0
205.16		325.737		2385		1		0
170.213		312.604		2320		1		0
164.851		328.989		2314		1		0
164.952		337.324		2198		1		0
218.74		284.757		2412		2		0
260.012		275.298		2429		2		0
291.514		272.862		2395		2		0
298.909		278.964		2368		1		0
287.021		315.525		2402		2		0
333.161		306.682		2331		2		0
374.307		303.597		2393		2		0
389.797		303.203		2285		2		0
289.178		289.883		2340		2		0
329.882		277.365		2260		2		0
386.298		272.969		2210		2		0
389.191		273.617		2182		2		0
216.206		309.01		2385		2		0
165.51		346.765		2113		1		0
149.708		339.838		2183		1		0
314.001		279.329		2313		2		0
300.764		283.611		2311		2		0
Frame 61
278.664		306.408		2426		2		0
239.176		304.746		2407		2		0
199.226		303.17		2420		2		0
182.183		298.976		3290		1		0
198.684		318.646		2335		1		0
150.536		330.884		2311		2		0
169.702		345.882		2153		2		0
164.861		344.198		2142		1		0
210.31		285.628		2427		2		0
252.586		271.628		2428		2		0
284.347		271.728		2345		2		0
290.399		274.906		2338		1		0
276.64		316.328		2442		2		0
325.167		308.283		2295		2		0
372.189		295.298		2393		2		0
385.732		297.66		2336		2		0
280.707		296.389		2436		2		0
327.365		278.133		2254		2		0
379.046		255.707		2111		2		0
370.038		262.646		2206		2		0
209.263		303.559		2402		2		0
165.001		347		2124		2		0
162.653		344.819		2146		2		0
306.126		271.996		2301		2		0
291.67		278.739		2316		2		0
Frame 62
276.899		300.786		2457		2		0
238.008		300.121		2423		2		0
198.655		299.344		2439		2		0
181.563		299.096		3291		2		0
198.11		314.663		2395		1		0
156.914		338.217		2223		2		0
183.361		349.255		2164		1		0
192.903		353.232		2125		1		0
205.699		282.239		2442		2		0
240.451		269.029		2449		2		0
270.067		265.724		2376		2		0
278.231		270.491		2356		1		0
275.008		312.407		2423		2		0
327.72		305.338		2325		2		0
373.785		286.359		2396		2		0
379.17		293.344		2361		2		0
278.853		288.888		2340		2		0
315.892		271.149		2247		2		0
366.556		246.454		2106		2		0
355.977		250.734		2193		2		0
208.541		299.55		2413		2		0
193.372		356.284		2093		1		0
190.675		353.919		2117		1		0
292.375		270.37		2293		2		0
281.423		276.715		2314		2		0
Frame 63
275.26		297.324		2484		2		0
235.16		297.856		2445		2		0
193.868		298.369		2454		2		0
175.307		299.409		3318		1		0
193.288		313.553		2396		1		0
153.145		336.753		2236		2		0
180.324		349.752		2163		1		0
190.071		354.406		2102		1		0
200.933		282.219		2462		1		0
232.053		267.436		2466		2		0
261.719		262.034		2391		2		0
269.239		265.528		2356		1		0
273.594		309.104		2439		2		0
329.28		298.251		2349		2		0
377.281		279.664		0		2		0
375.525		285.866		2327		2		0
277.031		285.644		2313		2		0
305.083		267.104		2253		2		0
349.174		232.517		0		2		0
336.22		241.339		2197		1		0
204.331		298.199		2433		2		0
190.503		357.439		2081		1		0
187.855		355.088		2092		1		0
283.25		264		0		2		0
271.479		271.375		2357		2		0
Frame 64
274.7		296.601		2493		2		0
235.109		297.74		2460		2		0
194.164		298.551		2462		2		0
175.867		299.688		3331		1		0
193.587		313.735		2412		1		0
153.937		337.155		2222		2		0
179.505		351.221		2141		1		0
185.092		356.666		2086		1		0
201.169		282.412		2474		1		0
234.002		266.033		2468		2		0
267.094		270.25		2305		2		0
267.308		275.901		2298		1		0
273.489		308.818		2442		2		0
327.42		297.708		2349		2		0
370.987		271.161		0		2		0
370.832		281.274		2347		2		0
275.57		284.273		2342		2		0
291.522		264.606		2247		2		0
335.218		229.832		0		1		0
323.025		241.68		2187		1		0
204.492		298.298		2436		2		0
185.475		359.764		2060		1		0
182.831		357.363		2069		1		0
276.501		278.878		2276		2		0
268.374		282.053		2331		2		0
Frame 65
268.335		296.603		2502		2		0
227.876		297.373		2463		2		0
187.025		298.246		2480		2		0
168.953		299.384		3297		1		0
186.396		313.278		2385		1		0
153.155		339.241		2212		2		0
175.362		312.99		2333		2		0
182.817		304.422		2432		1		0
193.883		282.343		2491		1		0
231.966		265.877		2485		2		0
259.388		268.323		2347		2		0
259.905		274.346		2329		1		0
267.14		308.541		2455		2		0
310.055		294.922		2352		2		0
358.226		276.66		2352		2		0
367.376		279.58		2296		2		0
270.177		284.554		2424		2		0
296.084		261.292		2277		2		0
338.956		227.209		3892		1		0
334.851		229.629		3848		1		0
197.29		298.022		2452		2		0
187.797		295.699		2482		2		0
188.168		309.566		2423		2		0
269.501		277.501		2295		2		0
261.49		280.665		2353		2		0
Frame 66
266.991		295.43		2513		2		0
227.266		296.849		2481		2		0
186.743		298.106		2483		2		0
168.681		299.239		3289		1		0
186.112		313.121		2404		1		0
161.524		328.022		2290		2		0
150.774		360.483		2034		1		0
160.294		363.334		2016		1		0
193.596		282.221		2505		1		0
230.708		265.597		2510		2		0
258.836		267.107		2294		2		0
263.046		271.108		2288		1		0
265.491		307.73		2465		2		0
309.734		293.214		2352		1		0
358.347		274.491		2321		2		0
361.259		279.999		2318		2		0
268.659		282.885		2420		2		0
301.173		270.253		3964		1		0
343.913		236.701		4810		1		0
327.763		244.008		4917		1		0
196.947		297.809		2467		2		0
166.591		351.78		2100		1		0
146.48		364.646		2014		1		0
270.802		268.657		2274		2		0
267.046		278.474		2342		2		0
Frame 67
263.219		301.83		2483		2		0
225.181		299.661		2470		2		0
186.423		297.935		2491		2		0
168.382		299.06		3294		1		0
185.791		312.923		2418		1		0
156.469		328.018		2298		2		0
157.102		353.386		2074		1		0
166.673		356.103		2066		1		0
193.267		282.078		2515		1		0
229.862		265.314		2531		2		0
251.506		268.966		2325		2		0
256.068		273.139		2299		1		0
261.21		313.486		2463		2		0
296.54		294.805		2354		2		0
355.186		293.173		3452		1		0
358.516		281.023		2328		2		0
265.228		290.17		2574		2		0
292.368		272.62		0		1		0
333.789		239.912		4814		1		0
320.912		248.437		0		1		0
196.379		297.948		2469		2		0
172.817		344.728		2239		1		0
153.021		357.321		2048		1		0
261.919		270.366		2294		2		0
262.055		278.816		2368		2		0
Frame 68
261.511		296.659		2520		2		0
223.388		296.91		2492		2		0
183.168		296.08		2518		2		0
165.214		297.131		3346		1		0
182.516		310.89		2434		1		0
170.221		328.245		2332		2		0
135.702		348.376		2105		2		0
125.808		343.816		2141		1		0
189.965		280.406		2536		1		0
228.053		266.032		2549		2		0
257.504		253.603		0		2		0
265.391		251.88		2281		2		0
260.193		308.111		2476		2		0
291.352		300.896		2336		2		0
343.094		278.932		2332		2		0
358.435		278.034		2286		2		0
262.746		284.845		2493		2		0
274.795		256.793		2258		2		0
316.914		222.523		0		1		0
312.192		224.469		0		1		0
193.285		296.088		2484		2		0
113.999		341.998		2154		2		0
130.715		341.143		2167		2		0
275.299		244.995		2251		2		0
265.217		257.225		2277		2		0
Frame 69
262.007		292.138		2597		2		0
223.855		297.178		2494		2		0
185.428		304.978		2476		2		0
167.277		306.336		2422		1		0
184.792		320.086		2407		1		0
164.035		324.738		2318		2		0
114.755		330.447		2264		2		0
99.8923		329.854		2274		1		0
191.36		278.025		2566		2		0
227.77		265.609		2569		2		0
256.951		253.408		2369		1		0
264.742		251.751		2288		2		0
262.125		302.413		2497		2		0
292.331		300.907		2331		2		0
343.779		278.492		2316		2		0
357.8		279.109		2290		2		0
262.209		281.508		2478		2		0
275.375		255.716		2254		2		0
313.371		221.615		3962		1		0
308.3		224.082		2219		1		0
195.48		303.129		2463		2		0
86.7793		330.326		2285		2		0
106.994		322.38		2342		2		0
274.23		245.534		2248		2		0
264.519		256.971		2284		2		0
Frame 70
261.875		291.726		2575		2		0
223.938		297.22		2498		2		0
185.427		304.974		2474		2		0
167.05		305.159		2426		2		0
184.792		320.085		2428		1		0
162.15		324.111		2327		2		0
112.748		330.515		2261		2		0
97.3953		330.664		2255		1		0
191.042		278.14		2570		2		0
227.595		265.48		2575		2		0
256.649		254.078		2347		2		0
264.388		252.026		2290		2		0
262.099		302.407		2498		2		0
292.194		301.112		2333		2		0
343.51		292.509		2337		2		0
347.82		286.942		2307		2		0
261.726		280.331		2446		2		0
275.255		255.823		2259		2		0
313.415		221.956		3949		1		0
306.156		226.287		2142		1		0
195.476		303.121		2464		2		0
84.3635		331.487		2268		2		0
103.996		322.729		2341		2		0
273.188		246.621		2255		2		0
262.902		257.787		2291		2		0
Frame 71
260.919		291.343		2548		2		0
223.763		297.228		2504		2		0
185.13		304.765		2484		2		0
166.452		304.087		2444		1		0
184.721		320.036		2455		1		0
160.214		322.56		2328		2		0
110.797		329.827		2270		2		0
94.7354		330.341		2251		1		0
190.756		278.157		2582		1		0
226.733		266.117		2588		2		0
255.45		255.258		0		2		0
263.074		254.03		2311		2		0
260.915		302.32		2499		2		0
290.976		296.85		2364		2		0
343.122		286.966		2280		2		0
348.347		284.263		2270		2		0
260.879		279.934		2410		2		0
269.578		260.146		2289		2		0
309.671		226.405		2198		1		0
314.014		221.11		3949		1		0
195.107		302.933		2471		2		0
81.9193		331.573		2276		2		0
102.33		322.618		2337		2		0
272.1		247.996		2283		2		0
262.746		258.751		2302		2		0
Frame 72
260.774		291.659		2532		2		0
223.639		297.408		2505		2		0
184.834		304.608		2499		2		0
166.251		303.39		2462		2		0
184.691		320.022		2457		1		0
156.832		318.588		2332		2		0
107.282		329.482		2270		2		0
91.4859		330.87		2255		1		0
190.591		278.185		2590		1		0
226.53		266.184		2600		2		0
256.268		256.502		0		2		0
265.422		255.665		2320		2		0
260.486		303.473		2499		2		0
292.716		303.671		2335		2		0
342.686		293.813		2285		2		0
348.472		289.953		2264		2		0
260.831		280.063		2389		2		0
273.584		260.554		2281		2		0
309.917		226.64		2148		1		0
309.326		236.462		2034		2		0
194.838		302.871		2481		2		0
78.9399		333.109		2259		2		0
98.1317		323.173		2338		2		0
273.75		251.163		2283		2		0
263.327		260.557		2303		2		0
Frame 73
259.912		291.01		2504		2		0
222.971		296.749		2506		2		0
183.826		303.026		2502		2		0
165.922		301.876		0		2		0
184.121		318.781		2474		1		0
156.707		320.355		2341		2		0
106.935		329.609		2277		2		0
90.8894		331.269		2251		1		0
189.825		277.466		2603		1		0
226.13		266.466		2603		2		0
255.466		257.733		5860		1		0
268.058		259.634		2308		2		0
259.787		303.166		2507		2		0
290.787		304.7		2346		2		0
343.687		294.924		2258		2		0
350.158		292.935		2243		2		0
259.923		278.772		2326		2		0
274.554		267.463		2289		2		0
314.826		236.261		2072		1		0
316.325		240.195		2057		2		0
193.818		301.412		2486		2		0
77.8216		333.353		2258		2		0
97.414		323.097		2336		2		0
276.143		256.23		2279		2		0
264.886		266.556		2304		2		0
Frame 74
260.303		291.653		2462		2		0
223.177		297.194		2506		2		0
183.985		303.347		2507		2		0
166.114		302.136		2471		1		0
184.308		319.126		2472		1		0
154.856		319.296		2351		2		0
104.996		329.607		2275		2		0
88.1487		331.277		2256		1		0
189.908		277.748		2607		1		0
226.115		267.519		2611		2		0
253.141		268.719		2508		2		0
254.477		272.92		2421		2		0
260.073		303.652		2511		2		0
294.799		307.995		2335		2		0
347.84		298.626		2249		2		0
353.523		296.993		2239		2		0
260.604		279.852		2310		2		0
277.334		269.76		2283		2		0
316.286		236.932		0		1		0
322.914		249.051		2050		2		0
193.989		301.773		2489		2		0
75.7		333.894		2278		2		0
95.4609		322.54		2349		2		0
268		261		2366		2		0
253.729		276.047		2384		2		0
Frame 75
261.895		296.96		2492		2		0
223.152		298.721		2496		2		0
183.738		303.474		2511		2		0
165.942		302.225		2477		1		0
184.084		319.194		2475		1		0
154.573		319.584		2356		2		0
105.13		329.043		2277		2		0
89.256		330.254		2275		1		0
189.607		277.862		2606		1		0
228.13		268.316		2604		2		0
254.352		268.905		2507		1		0
259.036		273.931		2481		2		0
262.05		309.372		2479		2		0
300.748		311.015		2337		2		0
352.888		301.813		2240		2		0
357.643		301.862		2222		2		0
261.742		284.694		2333		2		0
284.7		274.912		2280		2		0
339.708		267.546		0		1		0
335.965		263.096		0		2		0
193.835		302.014		2488		2		0
77.0709		332.838		2268		2		0
96.6626		321.446		2363		2		0
272.4		265.4		2357		2		0
257.668		277.106		2385		2		0
Frame 76
262.087		296.374		2416		2		0
223.715		299.064		2491		2		0
184.394		303.793		2505		2		0
166.636		302.517		2484		1		0
184.508		319.496		2474		1		0
150.22		315.206		2379		2		0
100.715		328.459		2281		2		0
84.2028		332.487		2258		1		0
189.954		278.074		2602		1		0
229.877		269.538		2598		2		0
260.511		270.656		0		1		0
269.307		275.92		0		2		0
262.403		308.604		2495		2		0
302.421		312.677		2343		2		0
360.26		308.402		2216		2		0
362.859		307.482		2196		2		0
261.792		284.26		2355		2		0
286.41		281.45		2277		2		0
344.727		278.061		3704		1		0
341.687		272.011		0		2		0
194.454		302.441		2485		2		0
71.0959		338.546		2231		2		0
82.3337		327.219		2327		2		0
281.715		269.428		2334		2		0
263.651		280.387		2370		2		0
Frame 77
262.7		297.578		2399		2		0
224.463		300.427		2487		2		0
184.725		303.959		2505		2		0
166.984		302.671		2480		1		0
184.65		319.638		2479		1		0
150.362		315.188		2390		1		0
100.829		327.272		2298		2		0
85.3837		331.32		2281		1		0
190.067		278.176		2592		1		0
230.4		269.7		2602		2		0
262.146		275.564		2509		1		0
269.457		279.951		2473		2		0
263.66		311.538		2486		2		0
309.699		315.951		2343		2		0
363.846		309.489		2257		2		0
367.027		312.653		2198		2		0
261.975		284.578		2413		2		0
290.09		287.366		2275		2		0
347.212		281.954		2191		2		0
346.996		278.634		2195		2		0
194.843		302.847		2487		2		0
71.5748		337.92		2244		2		0
88.1971		323.144		2351		2		0
283.5		277.249		2367		2		0
267.475		282.496		2411		2		0
Frame 78
263.951		300.217		2408		2		0
225.536		301.415		2484		2		0
185.915		303.918		2506		2		0
168.266		302.611		2471		1		0
185.506		319.586		2474		1		0
151.265		315.04		2383		1		0
101.803		327.08		2308		2		0
85.7793		330.956		2282		1		0
190.824		278.139		2589		1		0
231.456		270.237		2591		2		0
262.282		276.199		2534		1		0
270.406		285.34		2438		1		0
264.494		313.655		2482		2		0
304.378		318.829		2355		2		0
353.793		312.635		2360		2		0
362.397		318.218		2250		2		0
263.883		288.117		2425		2		0
293.015		296.682		2274		2		0
350.936		292.218		2266		2		0
352.828		289.429		2220		2		0
195.914		303.108		2483		2		0
72.9463		336.589		2262		2		0
85.8337		324.582		2367		2		0
283.999		285.334		2345		2		0
266.616		288.418		2410		2		0
Frame 79
262.094		298.734		2424		2		0
225.564		301.212		2472		2		0
186.365		303.833		2497		2		0
168.736		302.516		2473		1		0
185.909		319.497		2482		1		0
151.685		314.908		2402		1		0
102.291		326.516		2322		2		0
86.0363		330.444		2282		1		0
191.197		278.053		2579		1		0
232.549		270.319		2575		2		0
259.689		280.556		2503		2		0
269.129		288.204		2455		2		0
261.448		310.038		2489		2		0
303.857		317.977		2368		2		0
359.944		314.562		0		2		0
365.576		327.32		2249		2		0
262.904		287.532		2473		2		0
293.628		304.122		2282		2		0
350.847		301.5		2265		2		0
356.5		300.441		2246		2		0
196.216		303.063		2474		2		0
72.8598		336.679		2270		2		0
87.0746		323.804		2366		2		0
281.836		293.665		2402		2		0
263.412		294.283		2429		2		0
Frame 80
261.691		299.49		2450		2		0
225.387		301.498		2466		2		0
186.469		304.001		2487		2		0
168.817		302.68		2472		1		0
185.818		319.637		2482		1		0
151.582		314.938		2409		1		0
102.187		326.741		2317		2		0
86.1793		330.628		2283		1		0
191.109		278.147		2560		1		0
233.191		270.722		2565		2		0
261.196		281.072		2500		2		0
270.583		289.568		2467		1		0
260.977		311.176		2483		2		0
303.928		317.952		2287		1		0
367.14		308.211		2170		1		0
370.934		323.769		2191		2		0
262.457		288.103		2476		2		0
303.216		305.64		2305		2		0
358.253		301.751		2328		2		0
364.869		316.311		2245		2		0
196.259		303.265		2472		2		0
72.7573		337.116		2261		2		0
86.0022		324.498		2371		2		0
283.087		293.577		2444		2		0
269.435		294.54		2432		2		0
Frame 81
263.075		299.431		2451		2		0
225.53		301.622		2459		2		0
186.621		304.044		2479		2		0
168.956		302.719		2462		1		0
185.739		319.691		2475		1		0
151.495		314.949		2455		1		0
102.103		326.916		2309		2		0
86.3765		330.66		2289		1		0
191.032		278.179		2551		1		0
232.996		271.071		2546		2		0
260.199		285.086		2478		2		0
270.678		291.675		2462		2		0
262.485		311.045		2480		2		0
303.894		317.946		2292		1		0
366.896		309.996		3058		1		0
368.566		323.519		2216		2		0
263.659		287.929		2460		2		0
302.787		307.666		2348		2		0
355.892		321.271		2290		2		0
372.595		337.161		2190		2		0
196.445		303.358		2470		2		0
72.4537		338.259		2256		2		0
86.9791		324		2384		2		0
283.086		297.578		2417		2		0
269.93		297.831		2430		2		0
Frame 82
264.055		299.524		2458		2		0
226.167		301.813		2453		2		0
186.847		304.241		2472		2		0
167.498		303.682		2460		2		0
185.649		319.797		2458		1		0
142.965		314.825		2506		2		0
97.643		328.299		2304		2		0
81.8292		334.959		2259		1		0
194.022		278.248		2530		2		0
237.118		273.097		2516		2		0
265.87		287.809		2459		2		0
275.85		293.913		2443		2		0
263.148		311.201		2483		2		0
303.61		318.338		2299		2		0
361.444		314.622		0		2		0
367.091		325.179		2265		2		0
265.098		287.917		2459		2		0
303.161		308.301		2344		1		0
356.38		322.229		2294		2		0
373.455		337.906		2199		2		0
196.786		303.591		2462		2		0
69.9017		344.361		2169		2		0
77.8237		331.81		2332		2		0
288.087		299.908		2406		2		0
273.624		299.516		2411		2		0
Frame 83
264.726		299.234		2455		2		0
226.518		301.64		2445		2		0
186.939		304.206		2461		2		0
167.074		303.769		2453		1		0
185.552		319.81		2435		1		0
142.932		314.833		2511		2		0
98.0107		327.944		2314		2		0
82.3866		334.469		2258		1		0
194.204		278.193		2515		1		0
235.681		278.784		2504		2		0
267.019		285.707		2446		2		0
276.35		292.201		2432		2		0
263.734		310.827		2480		2		0
303.52		318.462		2284		1		0
358.88		306.442		3147		1		0
366.196		320.927		2288		2		0
265.83		287.72		2450		2		0
303.171		308.283		2337		2		0
360.005		320.865		2285		2		0
375.598		334.757		2185		2		0
196.934		303.537		2460		2		0
70.0301		344.33		2190		2		0
81.1239		329.564		2334		2		0
290.001		298.498		2415		2		0
277.856		298.571		2397		2		0
Frame 84
265.429		300.545		2447		2		0
226.9		302.356		2435		2		0
187.22		304.843		2456		2		0
168.528		306.278		2438		2		0
185.45		320.02		2419		1		0
142.907		315.021		2504		1		0
98.1284		327.99		2305		1		0
81.8291		332.56		2289		1		0
194.46		278.368		2501		1		0
236.867		275.611		2478		2		0
268.108		285.556		2434		2		0
277.641		291.878		2418		2		0
264.158		312.869		2470		2		0
303.618		318.616		2271		2		0
359.103		305.579		3190		1		0
367.658		318.731		2251		2		0
266.79		288.553		2431		2		0
304.232		308.164		2318		1		0
361.072		321.107		2272		2		0
376.92		335.809		2241		2		0
197.259		304.196		2451		2		0
69.6945		342.366		2209		1		0
80.5766		327.674		0		1		0
291.127		298.122		2401		2		0
278.997		297.665		2392		2		0
Frame 85
266.477		301.674		2443		2		0
227.593		303.27		2430		2		0
187.48		305.272		2446		2		0
168.87		306.737		2437		2		0
185.404		320.103		2392		1		0
142.984		315.115		2502		1		0
98.2358		327.994		2308		1		0
81.9562		332.529		2282		1		0
199.349		282.18		2469		2		0
240.329		275.353		2463		2		0
271.027		287.012		2411		2		0
278.824		292.531		2406		2		0
264.747		314.218		2467		2		0
302.646		319.536		2260		2		0
359.293		304.926		3165		1		0
368.082		317.899		2256		2		0
268.327		289.352		2420		2		0
305.946		308.057		2299		2		0
362.147		320.885		2269		2		0
377.843		335.441		2234		2		0
197.624		304.746		2447		2		0
69.8307		342.33		2196		1		0
80.7008		327.647		2392		1		0
291.904		298.993		2387		2		0
279.598		298.899		2380		2		0
Frame 86
267.113		301.448		2432		2		0
227.975		303.218		2428		2		0
187.774		305.265		2447		2		0
169.218		306.766		2423		1		0
185.393		320.093		2370		1		0
148.185		313.671		2518		2		0
102.587		326.774		2322		2		0
85.8219		332.091		2274		1		0
204.414		287.137		2452		2		0
246.329		274.454		2447		2		0
275.686		291.528		2401		2		0
282.656		295.65		2395		1		0
265.366		313.311		2454		2		0
302.222		319.991		2255		2		0
360.353		304.127		3198		1		0
369.837		314.983		2262		2		0
269.391		289.277		2409		2		0
301.437		307.37		2306		2		0
362.888		320.621		2268		2		0
378.431		334.392		2236		2		0
197.943		304.731		2443		2		0
74.2846		341.166		2214		2		0
82.8961		328.328		2349		2		0
296.127		300.12		2377		2		0
279.868		301.344		2363		2		0
Frame 87
267.635		301.385		2424		2		0
228.893		303.246		2425		2		0
189.128		305.407		2445		2		0
170.675		306.969		2407		1		0
185.47		320.107		2355		1		0
148.314		313.68		2519		2		0
102.747		326.808		2319		2		0
85.9614		332.016		2265		1		0
204.457		287.155		2445		2		0
247.533		278.164		2431		2		0
276.991		294.135		2396		2		0
284.883		299.935		2361		1		0
265.622		313.086		2452		2		0
301.944		320.727		2252		2		0
358.17		313.298		2284		2		0
374.478		320.323		2224		2		0
270.084		289.463		2401		2		0
304.588		308.949		2302		2		0
362.255		319.615		2267		2		0
378.557		334.52		2239		2		0
199.209		304.843		2432		2		0
73.7598		341.347		2217		2		0
82.6494		328.627		2365		2		0
298.447		305.102		2325		2		0
283.854		306.641		2328		2		0
Frame 88
268.049		301.491		2414		2		0
229.3		303.49		2423		2		0
189.3		305.801		2443		2		0
170.825		307.767		2401		2		0
185.415		320.179		2350		1		0
148.31		313.739		2517		1		0
102.759		326.962		2322		1		0
86.2044		331.621		2279		1		0
204.428		287.04		2444		2		0
239.467		277.95		2446		2		0
270.338		290.024		2398		2		0
278.585		295.45		2385		1		0
265.877		313.242		2451		2		0
301.832		321.025		2248		1		0
360.351		326.937		2282		2		0
373.508		320.985		2219		2		0
270.588		289.578		2403		2		0
304.721		309.135		2306		2		0
362.362		319.813		2268		2		0
378.533		335.037		2236		2		0
199.461		305.202		2426		2		0
74.0622		340.879		2204		1		0
82.8594		328.215		2340		1		0
291.821		301.904		2365		2		0
279.993		302.727		2358		2		0
Frame 89
268.299		299.847		2422		2		0
229.458		303.287		2421		2		0
189.402		306.053		2437		2		0
170.934		308.328		2389		2		0
185.375		320.202		2350		1		0
148.299		313.768		2517		1		0
102.758		327.006		2307		1		0
86.2083		331.671		2277		1		0
204.383		287.045		2441		2		0
239.33		278.011		2442		2		0
275.609		293.96		2388		1		0
285.558		300.358		2370		1		0
266.264		310.999		2445		2		0
301.765		321.201		2251		1		0
359.094		308.813		0		2		0
369.496		318.621		2247		2		0
270.557		288.624		2404		2		0
304.481		309.329		2312		2		0
361.591		320.029		2274		2		0
378.441		335.638		2205		2		0
199.57		305.293		2425		2		0
74.0695		340.927		2208		1		0
82.864		328.264		2335		1		0
299.17		306.408		2350		2		0
282.389		305.254		2337		2		0
Frame 90
268.488		300.497		2417		2		0
229.546		303.426		2432		2		0
189.386		306.11		2436		2		0
170.886		308.502		2393		2		0
185.299		320.193		2354		1		0
148.251		313.754		2521		1		0
102.733		326.979		2320		1		0
86.1912		331.638		2281		1		0
204.253		286.945		2441		2		0
239.034		278.116		2444		2		0
275.214		293.96		2387		1		0
285.211		300.813		2378		1		0
266.3		312.174		2451		2		0
301.72		321.32		2256		1		0
358.015		308.438		3105		2		0
368.321		319.053		2222		2		0
270.773		288.965		2406		2		0
304.289		309.487		2326		2		0
361.852		320.343		2274		2		0
378.328		337.831		2199		2		0
199.581		305.382		2423		2		0
74.0568		340.89		2221		1		0
82.7177		328.278		2349		1		0
298.835		306.921		2355		2		0
281.982		305.299		2342		2		0
Frame 91
268.31		300.011		2402		2		0
229.537		303.317		2431		2		0
189.359		306.16		2438		2		0
170.926		308.567		2392		2		0
185.233		320.19		2356		1		0
148.214		313.748		2521		1		0
102.722		326.963		2318		1		0
86.1887		331.619		2279		1		0
204.163		286.889		2445		2		0
239.248		278.267		2444		2		0
274.612		294.003		2390		1		0
284.373		301.051		2374		1		0
266.162		311.397		2437		2		0
301.688		321.407		2261		1		0
357.872		308.543		3108		2		0
367.865		319.749		2268		2		0
270.518		288.619		2407		2		0
303.859		309.519		2327		2		0
361.958		320.783		2270		2		0
378.166		338.581		2174		2		0
199.568		305.395		2427		2		0
74.0585		340.867		2209		1		0
82.6644		328.286		2346		1		0
297.927		307.531		2349		2		0
280.644		305.098		2349		2		0
Frame 92
268.266		298.818		2387		2		0
229.539		302.978		2437		2		0
189.31		306.23		2437		2		0
170.922		308.688		2395		2		0
185.18		320.19		2358		1		0
148.186		313.749		2528		1		0
102.711		326.957		2323		1		0
86.1836		331.612		2286		1		0
203.997		286.814		2443		2		0
238.901		278.321		2443		2		0
274.034		294.296		2384		1		0
283.772		301.226		2372		1		0
266.362		309.896		2419		2		0
301.938		321.448		2258		2		0
357.757		308.664		3152		1		0
367.492		320.06		2251		2		0
270.251		287.647		2440		2		0
303.309		309.849		2328		2		0
362.244		321.754		2257		2		0
377.556		338.733		2176		2		0
199.541		305.403		2429		2		0
74.0561		340.857		2220		1		0
82.636		328.292		2357		1		0
297.005		307.347		2352		2		0
282.18		306.56		2339		2		0
Frame 93
268.309		298.429		2383		2		0
229.558		302.763		2434		2		0
189.286		306.26		2438		2		0
170.892		308.731		2395		2		0
185.148		320.181		2360		1		0
148.178		313.735		2523		1		0
102.722		326.938		2312		1		0
86.2007		331.591		2279		1		0
203.817		286.935		2444		2		0
238.652		278.383		2438		2		0
267.771		293.681		2396		2		0
276.713		299.619		2384		1		0
266.509		309.471		2414		2		0
302.177		321.476		2257		1		0
358.157		308.431		0		2		0
367.38		320.063		2227		2		0
270.19		287.314		2445		2		0
303.26		309.963		2328		2		0
362.311		322.204		2248		2		0
376.715		338.73		2154		2		0
199.525		305.401		2430		2		0
74.0755		340.835		2222		1		0
82.6321		328.288		2342		1		0
288.87		307.058		2327		2		0
272.687		304.775		2380		2		0
Frame 94
268.25		298.313		2388		2		0
229.539		302.669		2441		2		0
189.272		306.278		2443		2		0
170.877		308.762		2403		2		0
185.119		320.172		2363		1		0
148.174		313.723		2522		1		0
102.739		326.921		2323		1		0
86.2249		331.572		2277		1		0
203.712		286.995		2448		2		0
238.84		278.44		2438		2		0
268.193		293.223		2393		2		0
276.662		299.262		2382		1		0
266.48		309.394		2416		2		0
302.185		321.555		2255		1		0
358.323		308.219		3155		2		0
366.86		319.831		2269		2		0
270.076		287.159		2436		2		0
303.227		310.028		2319		2		0
359.685		321.513		2251		2		0
376.592		338.561		2175		2		0
199.516		305.401		2433		2		0
74.1025		340.814		2227		1		0
82.6327		328.284		2351		1		0
288.851		307.068		2328		2		0
273.936		305.035		2367		2		0
Frame 95
267.609		298.213		2391		2		0
229.329		302.447		2443		2		0
189.255		306.156		2444		2		0
170.874		308.631		2407		1		0
185.086		320.083		2373		1		0
148.588		313.783		2524		2		0
103.148		326.825		2323		2		0
86.854		331.325		2282		1		0
203.595		287.276		2450		2		0
237.445		277.5		2447		2		0
267.704		290.948		2399		2		0
275.691		297.075		2379		1		0
265.78		309.169		2427		2		0
302.191		321.619		2254		1		0
357.424		307.72		0		2		0
366.107		319.606		2239		2		0
269.35		287.183		2430		2		0
303.162		310.038		2314		2		0
359.22		321.454		2253		2		0
376.464		338.665		2138		2		0
199.464		305.26		2437		2		0
74.9878		340.526		2197		2		0
83.9429		327.557		2357		2		0
289.003		303.812		2365		2		0
275.553		303.887		2361		2		0
Frame 96
267.639		298.154		2391		2		0
229.329		302.395		2444		2		0
189.23		306.171		2447		2		0
170.873		308.624		2406		2		0
185.06		320.095		2372		1		0
148.827		313.982		2528		1		0
103.368		326.897		2321		1		0
86.8492		331.444		2283		1		0
203.419		287.089		2457		2		0
237.472		277.67		2450		2		0
267.01		291.88		2399		2		0
275.315		297.896		2382		1		0
265.831		309.154		2425		2		0
302.197		321.671		2251		1		0
356.954		307.38		0		1		0
365.539		319.601		2235		2		0
269.366		287.052		2423		2		0
303.16		310.024		2314		1		0
359.145		321.468		2249		2		0
376.418		338.665		2131		2		0
199.451		305.257		2437		2		0
74.9089		340.709		2203		1		0
83.8976		327.658		2341		1		0
287.789		305.279		2341		2		0
274.373		304.862		2358		2		0
Frame 97
267.417		298.145		2389		2		0
229.213		302.289		2443		2		0
189.2		306.078		2445		2		0
170.887		308.461		2406		1		0
185.04		320.067		2376		1		0
141.907		319.18		2485		1		0
106.572		328.192		2307		2		0
91.8463		327.013		2321		2		0
203.527		287.262		2459		2		0
235.566		277.084		2463		2		0
265.019		290.288		2399		2		0
272.716		295.949		2383		1		0
265.605		309.098		2427		2		0
289.461		328.268		2304		2		0
359.024		312.017		2326		2		0
368.972		324.835		2206		2		0
269.13		287.11		2420		2		0
303.049		310.071		2310		2		0
359.206		322.001		2243		2		0
376.218		338.796		2140		2		0
199.399		305.16		2439		2		0
79.8945		332.716		2300		2		0
92.0038		321.46		2389		2		0
284.502		303.697		2350		2		0
270.576		301.585		2384		2		0
Frame 98
267.571		298.037		2392		2		0
229.254		302.239		2441		2		0
189.193		306.097		2449		2		0
170.9		308.449		2402		2		0
185.03		320.081		2378		1		0
143.648		314.301		2513		1		0
98.6255		327.956		2313		1		0
84.5938		330.73		2306		1		0
203.399		287.051		2461		2		0
235.749		278.066		2464		2		0
276.136		297.147		2388		1		0
288.381		305.891		2343		1		0
265.843		309.06		2423		2		0
289.374		328.258		2305		1		0
360.245		318.944		2261		2		0
369.011		325.009		2199		2		0
269.258		286.936		2454		2		0
302.539		318.545		2259		2		0
358.647		321.837		2248		2		0
376.101		338.839		2134		2		0
199.399		305.161		2441		2		0
72.6216		336.42		0		1		0
84.9233		325.079		2389		1		0
300.87		311.191		2300		2		0
283.78		309.563		2317		2		0
Frame 99
268.157		297.625		2400		2		0
229.422		301.998		2452		2		0
189.145		306.052		2449		2		0
170.874		308.317		2408		1		0
185.007		320.07		2377		1		0
144.178		313.897		2522		2		0
99.9567		323.769		2353		2		0
88.202		327.182		2321		1		0
203.167		287.269		2464		2		0
235.383		277.72		2469		2		0
265.158		290.064		2406		2		0
272.793		295.657		2390		1		0
266.612		308.834		2410		2		0
288.958		328.223		2320		2		0
358.636		311.915		2357		2		0
368.761		325.072		2213		2		0
269.767		286.359		2449		2		0
302.561		310.331		2308		2		0
361.284		323.334		2241		2		0
376.894		340.173		2111		2		0
199.389		305.082		2443		2		0
74.3309		336.333		2275		2		0
86.6539		322.845		2442		2		0
285.126		303.123		2355		2		0
273.997		302.998		2376		2		0
Frame 100
268.231		297.591		2399		2		0
229.484		301.97		2454		2		0
189.158		306.09		2451		2		0
170.857		308.285		2407		2		0
185.005		320.08		2382		1		0
144.323		313.864		2517		1		0
99.972		323.801		2360		1		0
85.6171		327.52		2343		1		0
203.169		287.223		2466		2		0
235.425		277.568		2472		2		0
264.978		290.166		2409		2		0
272.849		295.699		2396		1		0
266.671		308.832		2413		2		0
289.056		328.376		2316		1		0
358.691		311.845		0		2		0
368.616		325.189		2218		2		0
269.845		286.283		2460		2		0
302.571		310.334		2307		2		0
361.109		323.261		2241		2		0
377.112		340.533		2107		2		0
199.41		305.097		2444		2		0
71.8881		336.575		0		1		0
84.152		323.205		0		1		0
285.401		302.897		2359		2		0
270.455		301.147		2389		2		0
Frame 101
268.332		297.601		2401		2		0
229.542		301.945		2455		2		0
189.186		306.08		2452		2		0
170.876		308.171		2420		1		0
185.004		320.078		2383		1		0
148.237		313.241		2531		2		0
113.772		316.143		2462		2		0
101.551		315.552		2459		1		0
203.191		287.499		2468		2		0
235.385		277.616		2477		2		0
264.531		290.802		2411		2		0
273.469		296.349		2395		1		0
266.785		308.868		2423		2		0
289.188		328.547		2326		1		0
358.748		311.772		0		1		0
368.598		325.063		2217		2		0
269.932		286.285		2452		2		0
302.581		310.288		2306		2		0
361.465		323.242		2242		2		0
377.183		340.835		2155		2		0
199.443		305.079		2447		2		0
88.7501		319.497		2447		2		0
105.823		309.177		2545		2		0
285.669		303.663		2352		2		0
272.359		302.663		2381		2		0
Frame 102
268.817		298.702		2403		2		0
229.685		302.116		2447		2		0
189.247		306.052		2454		2		0
170.94		308.059		2415		1		0
185.004		320.075		2380		1		0
143.849		314.515		2516		2		0
109.429		315.629		2462		2		0
98.7994		316.19		2450		1		0
203.209		287.776		2471		2		0
235.304		277.563		2480		2		0
267.443		290.622		2410		2		0
276.118		296.484		2394		1		0
267.172		310.365		2422		2		0
289.672		330.806		2372		1		0
358.925		312.087		2330		2		0
368.738		325.082		2210		2		0
270.481		287.142		2428		2		0
302.544		309.986		2313		2		0
358.752		322.044		2251		2		0
376.07		339.108		2129		2		0
199.495		305.08		2447		2		0
88.506		319.494		2435		2		0
102.878		309.311		2553		2		0
289.087		302.575		2367		2		0
277.435		303.443		2360		2		0
Frame 103
268.814		298.631		2402		2		0
229.729		302.081		2450		2		0
189.306		306.003		2452		2		0
170.998		307.943		2422		1		0
185.002		320.071		2383		1		0
143.796		314.545		2511		2		0
109.008		316.743		2454		2		0
97.9288		317.216		2437		1		0
203.172		287.653		2472		2		0
235.309		277.645		2476		2		0
264.845		288.871		2419		2		0
271.543		293.681		2399		1		0
267.177		310.29		2428		2		0
289.63		330.836		2373		1		0
358.852		312.126		2346		2		0
368.848		325.12		2212		2		0
270.465		287.063		2422		2		0
302.571		309.992		2310		2		0
360.639		322.591		2250		2		0
376.558		339.588		2147		2		0
199.556		305.03		2447		2		0
85.5047		322.495		2447		2		0
101.999		310.432		2548		2		0
277.285		298.042		2386		2		0
274.398		301.599		2378		2		0
Frame 104
268.776		298.635		2407		2		0
229.732		302.082		2450		2		0
189.335		305.978		2464		2		0
171.016		307.872		2423		1		0
184.994		320.071		2376		1		0
143.614		314.704		2519		2		0
113.219		310.698		2538		2		0
102.331		312.342		2511		1		0
201.294		288.213		2466		2		0
233.487		278.181		2477		2		0
263.568		288.291		2416		2		0
270.625		292.689		2407		1		0
267.161		310.309		2430		2		0
325.003		325.696		2264		2		0
363.109		300.874		3313		1		0
366.182		313.736		2302		2		0
270.379		287.036		2428		2		0
302.644		309.945		2305		2		0
361.492		322.575		2250		2		0
376.267		338.768		2151		2		0
199.578		305.012		2446		2		0
94.1313		314.47		2494		2		0
103.642		307.991		0		2		0
276.618		296.208		2398		2		0
273.832		300.333		2390		2		0
Frame 105
268.766		298.616		2405		2		0
229.76		302.077		2444		2		0
189.361		305.964		2463		2		0
171.035		307.834		2421		1		0
184.99		320.071		2376		1		0
143.631		314.671		2513		2		0
113.108		310.746		2531		1		0
102.501		312.045		2495		1		0
201.372		288.429		2468		2		0
233.382		278.166		2484		2		0
263.494		288.231		2418		2		0
270.521		292.648		2401		1		0
267.159		310.264		2429		2		0
324.953		325.57		2265		1		0
362.893		300.774		3341		1		0
366.068		313.582		2306		2		0
270.363		287.036		2424		2		0
302.736		309.93		2308		2		0
361.734		322.542		2250		2		0
376.388		338.577		2174		2		0
199.608		304.998		2453		2		0
94.3389		314.337		2513		2		0
106.394		307.457		2598		2		0
276.533		296.09		2399		2		0
273.598		300.399		2391		2		0
Frame 106
268.961		298.88		2412		2		0
229.798		302.107		2455		2		0
189.371		305.865		2466		2		0
171.026		307.676		2428		1		0
184.968		320.057		2384		1		0
144.381		314.01		2514		2		0
113.965		310.432		2548		1		0
103.011		311.851		2515		1		0
201.399		288.781		2473		2		0
233.273		278.166		2485		2		0
263.52		287.376		2427		2		0
270.453		291.866		2410		1		0
267.384		310.611		2445		2		0
325.491		325.632		2272		1		0
363.459		301.365		3371		1		0
366.442		314.015		2314		2		0
270.529		287.232		2429		2		0
302.84		309.916		2309		2		0
361.829		322.599		2257		2		0
376.309		338.512		2137		2		0
199.626		304.955		2454		2		0
94.4648		314.095		0		2		0
106.201		306.598		2612		2		0
276.756		295.175		2406		2		0
272.272		298.282		2409		2		0
Frame 107
268.838		298.779		2408		2		0
229.787		302.083		2450		2		0
189.374		305.843		2461		2		0
171.018		307.635		2423		1		0
184.961		320.059		2379		1		0
144.476		313.944		2519		1		0
113.952		310.454		2528		1		0
103.313		311.609		2511		1		0
201.077		288.82		2470		2		0
232.975		278.229		2485		2		0
263.348		287.12		2424		2		0
270.185		291.619		2408		1		0
267.306		310.52		2438		2		0
325.379		325.639		2270		2		0
363.386		301.352		0		1		0
366.462		314.176		0		2		0
270.346		287.109		2426		2		0
302.93		309.865		2308		2		0
361.855		322.517		2252		2		0
376.491		338.837		2180		2		0
199.627		304.926		2449		2		0
91.5		317		2453		2		0
103.516		308.389		2581		2		0
276.633		294.481		2401		2		0
272.292		298.434		2404		2		0
Frame 108
268.865		299.093		2417		2		0
229.84		302.234		2448		2		0
189.396		305.862		2462		2		0
171.03		307.646		2418		1		0
184.958		320.072		2377		1		0
144.523		313.938		2522		1		0
109.464		318.423		2435		2		0
97.5047		319.171		2413		1		0
201.173		288.972		2471		2		0
233.011		278.272		2484		2		0
263.357		287.183		2423		2		0
270.275		291.674		2408		1		0
267.292		310.931		2439		2		0
325.477		325.7		2271		1		0
366.758		311.308		0		2		0
368.107		319.326		2230		2		0
270.411		287.354		2430		2		0
303.115		315.476		2272		2		0
360.892		322.215		2259		2		0
376.997		339.447		2139		2		0
199.656		304.962		2450		2		0
84.8615		323.991		0		2		0
101.286		311.927		2526		2		0
276.638		294.248		2401		2		0
266.526		295.595		2415		2		0
Frame 109
268.869		298.938		2417		2		0
229.868		302.241		2452		2		0
189.408		305.92		2463		2		0
171.023		307.73		2424		2		0
184.949		320.088		2379		1		0
144.546		313.945		2514		1		0
109.493		318.4		2429		1		0
95.7005		321.748		2390		1		0
201.157		288.828		2472		2		0
236.586		277.992		2485		2		0
266.251		288.921		2424		2		0
273.53		294.156		2414		1		0
267.32		310.8		2434		2		0
325.392		325.694		2274		1		0
363.35		300.702		0		1		0
366.935		313.997		2335		2		0
270.387		287.162		2433		2		0
303.386		311.015		2282		2		0
361.997		322.307		2256		2		0
376.653		339.104		2148		2		0
199.672		305.001		2452		2		0
83.1747		326.53		2352		1		0
99.5032		314.478		2468		1		0
285.126		301.123		2365		2		0
274.705		301.139		2385		2		0
Frame 110
268.832		298.819		2407		2		0
229.887		302.243		2450		2		0
189.421		305.964		2463		2		0
171.016		307.801		2421		2		0
184.945		320.092		2384		1		0
144.57		313.929		2520		1		0
109.526		318.413		2426		1		0
95.7308		321.762		2388		1		0
201.18		288.777		2476		2		0
236.713		277.983		2480		2		0
266.246		290.941		2416		2		0
274.834		295.936		2411		1		0
267.302		310.658		2441		2		0
325.24		325.652		2269		2		0
363.205		300.67		3310		1		0
366.786		313.93		2283		2		0
270.333		287.064		2425		2		0
303.237		310.384		2286		2		0
362.54		322.32		2251		1		0
376.586		339.075		2116		2		0
199.688		305.031		2451		2		0
83.3277		326.341		2363		1		0
99.5507		314.463		2476		1		0
286.861		302.205		2352		2		0
273.993		303.363		2385		2		0
Frame 111
268.781		298.717		2411		2		0
229.895		302.242		2451		2		0
189.429		306.009		2460		2		0
171.031		307.836		2426		2		0
184.939		320.094		2381		1		0
144.593		313.91		2523		1		0
109.557		318.41		2428		1		0
95.7606		321.759		2395		1		0
201.173		288.583		2476		2		0
236.764		277.966		2486		2		0
266.399		290.533		2420		2		0
274.881		295.786		2409		1		0
267.281		310.604		2439		2		0
325.262		325.704		2276		2		0
363.258		300.552		3280		1		0
366.775		313.852		0		2		0
270.242		286.904		2442		2		0
303.289		310.3		2290		2		0
359.698		321.639		2257		1		0
376.704		339.07		2174		2		0
199.699		305.065		2454		2		0
83.2853		326.448		2371		1		0
99.6457		314.348		2477		1		0
286.912		302.267		2354		2		0
274.998		302.738		2382		2		0
Frame 112
268.42		298.555		2413		2		0
229.822		302.18		2454		2		0
189.451		305.988		2467		2		0
171.067		307.798		2423		1		0
184.936		320.078		2385		1		0
144.625		313.846		2519		1		0
109.64		317.59		2444		2		0
99.4483		316.461		2449		2		0
201.254		288.785		2478		2		0
244.366		275.259		2477		2		0
269.91		294.19		2415		2		0
279.154		302.043		2361		1		0
266.859		310.233		2452		2		0
324.788		325.603		2274		1		0
362.838		300.385		0		1		0
366.518		313.643		2266		2		0
269.921		286.887		2433		2		0
303.32		310.193		2290		2		0
361.334		321.868		2258		1		0
376.675		338.794		2131		2		0
199.706		305.035		2453		2		0
87		321.498		0		2		0
104.332		309.141		2540		2		0
289.251		309.897		2313		2		0
274.391		307.193		2370		2		0
Frame 113
268.255		298.479		2414		2		0
229.741		302.13		2449		2		0
189.428		305.96		2462		2		0
171.048		307.756		2426		1		0
184.917		320.067		2384		1		0
144.62		313.822		2518		1		0
109.689		317.235		2445		2		0
99.5242		316.203		2447		2		0
201.131		288.98		2472		2		0
244.183		275.264		2476		2		0
270.262		294.661		2410		2		0
278.269		300.878		2374		1		0
266.69		310.058		2451		2		0
324.616		325.574		2275		1		0
362.799		300.447		3316		1		0
366.44		313.614		0		2		0
269.717		286.888		2434		2		0
303.344		310.084		2287		2		0
362.018		322.007		2250		1		0
376.577		338.814		2204		2		0
199.671		305		2454		2		0
87.2097		320.388		0		2		0
105.074		308.57		2567		2		0
288.431		307.9		2318		2		0
275.442		308.778		2359		2		0
Frame 114
268.291		298.453		2411		2		0
229.763		302.137		2453		2		0
189.444		306.001		2458		2		0
171.051		307.811		2424		2		0
184.916		320.08		2385		1		0
144.632		313.835		2523		1		0
109.733		317.202		2437		1		0
97.7591		314.544		2481		1		0
201.159		288.832		2474		2		0
237.525		277.747		2480		2		0
266.876		290.313		2420		2		0
275.191		295.781		2408		1		0
266.739		310.057		2448		2		0
324.675		325.606		2273		1		0
362.896		300.514		3356		1		0
366.495		313.659		2304		2		0
269.749		286.833		2432		2		0
303.356		310.069		2289		2		0
362.418		322.061		2250		1		0
377.115		339.515		2131		2		0
199.689		305.03		2452		2		0
85.621		318.66		0		1		0
103.301		307.085		0		1		0
287.086		302.576		2356		2		0
275.812		302.995		2380		2		0
Frame 115
268.612		298.871		2412		2		0
229.813		302.222		2451		2		0
189.447		306		2459		2		0
171.048		307.815		2426		1		0
184.913		320.078		2382		1		0
144.641		313.818		2525		1		0
109.814		316.913		2448		2		0
99.8447		315.559		2458		2		0
201.123		288.883		2476		2		0
244.15		275.23		2479		2		0
270.983		292.984		2410		1		0
279.569		300.145		2371		1		0
267.089		310.58		2439		2		0
325.578		325.861		2270		2		0
363.6		300.551		3321		1		0
366.848		313.778		2270		2		0
270.085		287.209		2426		2		0
303.294		309.743		2303		2		0
362.592		322.112		2249		1		0
376.955		339.343		2147		2		0
199.691		305.033		2449		2		0
91.2986		316.843		2500		2		0
104.272		308.464		2573		2		0
290.114		307.272		2319		2		0
275.779		306.061		2363		2		0
Frame 116
268.609		298.689		2411		2		0
229.833		302.215		2448		2		0
189.449		306.025		2461		2		0
171.044		307.84		2429		2		0
184.909		320.083		2379		1		0
144.645		313.819		2520		1		0
109.863		316.855		2459		1		0
97.9379		314.272		2496		1		0
201.127		288.775		2476		2		0
237.076		277.892		2480		2		0
266.573		289.852		2422		2		0
274.657		295.259		2410		1		0
267.111		310.394		2445		2		0
325.239		325.763		2267		2		0
363.256		300.458		3345		1		0
366.662		313.669		0		2		0
270.071		287.038		2428		2		0
303.32		309.716		2299		2		0
359.602		321.612		2259		1		0
376.795		338.937		2170		2		0
199.698		305.052		2452		2		0
89.5241		315.538		0		1		0
102.378		307.327		3065		1		0
287.003		301.995		2369		2		0
274.379		302.152		2380		2		0
Frame 117
268.561		298.637		2412		2		0
229.835		302.166		2452		2		0
189.458		305.975		2467		2		0
171.046		307.794		2430		1		0
184.904		320.065		2384		1		0
144.657		313.78		2525		1		0
110.599		315.36		2469		2		0
100.662		314.278		2477		1		0
201.185		289.027		2477		2		0
244.237		275.389		2480		2		0
270.042		293.674		2412		2		0
279.422		301.476		2368		1		0
267.049		310.284		2439		2		0
324.977		325.689		2275		2		0
362.954		300.382		3291		1		0
366.465		313.819		2329		2		0
270.039		287.03		2430		2		0
303.269		309.504		2304		2		0
359.203		321.523		2260		1		0
376.495		338.757		2161		2		0
199.708		305.002		2456		2		0
89		318		0		2		0
104.884		308.496		2569		2		0
289.589		309.409		2313		2		0
274.607		306.417		2372		2		0
Frame 118
268.067		298.528		2411		2		0
229.749		302.131		2452		2		0
189.489		305.957		2466		2		0
171.07		307.778		2431		1		0
184.905		320.064		2384		1		0
144.67		313.766		2522		1		0
110.372		315.878		2469		2		0
100.626		314.526		2476		2		0
201.124		289.113		2474		2		0
244.151		275.407		2479		2		0
270.234		293.314		2408		2		0
279.309		301.032		2366		1		0
266.633		310.093		2450		2		0
324.598		325.557		2275		1		0
362.545		300.282		0		1		0
366.236		313.654		2299		2		0
269.447		287.023		2429		2		0
303.292		309.491		2302		2		0
361.959		321.95		2256		1		0
377.229		339.268		2168		2		0
199.717		304.985		2454		2		0
91.502		316.999		2495		2		0
106.229		307.108		2577		2		0
289.556		308.552		2312		2		0
274.594		305.491		2372		2		0
Frame 119
267.825		298.468		2421		2		0
229.675		302.095		2449		2		0
189.504		305.934		2471		2		0
171.081		307.757		2428		1		0
184.903		320.063		2383		1		0
144.672		313.756		2524		1		0
110.262		316.258		2471		2		0
100.443		314.863		2484		2		0
201.068		289.182		2476		2		0
232.709		277.857		2497		2		0
262.604		286.763		2430		2		0
271.26		293.952		2409		1		0
266.418		309.995		2444		2		0
324.414		325.483		2272		1		0
362.294		300.212		3347		1		0
366.112		313.538		0		2		0
269.18		287.004		2425		2		0
303.301		309.492		2303		2		0
362.542		322.015		2251		1		0
377.186		339.154		2140		2		0
199.716		304.963		2456		2		0
92.5232		315.649		0		2		0
104.871		308.428		2564		2		0
283.224		299.884		2379		2		0
270.831		299.165		2405		2		0
Frame 120
267.913		298.465		2415		2		0
229.689		302.106		2451		2		0
189.506		305.968		2466		2		0
171.07		307.812		2428		2		0
184.891		320.088		2380		1		0
144.664		313.774		2522		1		0
110.125		316.879		2453		1		0
98.4062		314.241		2483		1		0
201.1		289.089		2474		2		0
236.453		277.912		2486		2		0
265.97		290.419		2421		2		0
274.255		295.29		2406		1		0
266.499		310.007		2450		2		0
324.448		325.493		2270		2		0
362.478		300.326		3321		1		0
366.203		313.644		2325		2		0
269.287		286.986		2433		2		0
303.319		309.512		2297		2		0
362.678		322.028		2250		1		0
377.156		339.138		2175		2		0
199.722		304.987		2453		2		0
90.6177		315.014		0		1		0
102.808		307.991		3056		1		0
286.086		301.576		2359		2		0
274.097		302.799		2379		2		0
Frame 121
267.907		298.435		2420		2		0
229.689		302.089		2451		2		0
189.52		305.961		2468		2		0
171.075		307.811		2429		1		0
184.89		320.085		2381		1		0
144.673		313.761		2523		1		0
110.114		316.91		2455		2		0
100.083		315.152		2461		1		0
199.288		289.528		2480		2		0
234.18		277.769		2489		2		0
265.965		290.098		2422		2		0
274.726		295.294		2410		1		0
266.517		310.003		2456		2		0
324.449		325.494		2273		1		0
365.237		309.548		3075		2		0
367.648		318.544		2260		2		0
269.242		286.895		2437		2		0
303.452		317.024		2263		2		0
361.955		322.196		2255		2		0
377.149		338.999		2138		2		0
199.733		304.977		2457		2		0
88.9995		318.799		0		2		0
104.108		308.746		2570		2		0
287.275		301.446		2365		2		0
275.083		302.097		2379		2		0
Frame 122
267.303		298.682		2418		2		0
229.504		302.127		2454		2		0
189.526		305.948		2470		2		0
171.076		307.805		2430		1		0
184.886		320.082		2387		1		0
144.674		313.753		2525		1		0
110.185		316.715		2452		2		0
100.489		314.898		2475		2		0
194.604		289.792		2497		2		0
233.447		277.834		2491		2		0
263.462		286.311		2435		2		0
271.791		293.408		2414		1		0
266.134		310.371		2457		2		0
324.894		325.669		2273		2		0
365.735		309.646		3036		1		0
367.813		318.513		2253		2		0
268.409		287.049		2427		2		0
303.364		309.94		2299		2		0
361.753		322.215		2253		2		0
377.514		339.353		2166		2		0
199.727		304.974		2457		2		0
91.8055		316.595		0		2		0
105.366		307.907		2578		2		0
284.126		299.122		2381		2		0
270.842		298.662		2404		2		0
Frame 123
267.372		298.466		2423		2		0
229.501		302.117		2451		2		0
189.528		305.978		2469		2		0
171.072		307.84		2423		2		0
184.88		320.094		2384		1		0
144.671		313.763		2519		1		0
110.209		316.687		2460		1		0
98.4173		314.109		2486		1		0
194.733		289.58		2494		2		0
235.474		277.794		2490		2		0
265.234		287.682		2433		2		0
271.621		292.566		2411		1		0
266.29		310.252		2451		2		0
324.84		325.681		2273		1		0
365.711		309.642		3083		1		0
367.814		318.454		2239		2		0
268.386		286.71		2439		2		0
303.379		309.929		2300		2		0
361.481		322.077		2252		2		0
377.237		338.914		2155		2		0
199.726		304.99		2457		2		0
89.8767		315.773		0		1		0
103.29		307.258		0		1		0
277.874		296.318		2406		2		0
275.248		300.249		2386		2		0
Frame 124
267.537		298.41		2418		2		0
229.529		302.102		2454		2		0
189.532		305.977		2467		2		0
171.074		307.84		2424		1		0
184.88		320.093		2383		1		0
144.674		313.755		2523		1		0
110.481		315.849		2467		2		0
100.609		314.692		2477		1		0
197.302		289.188		2484		2		0
234.069		277.864		2492		2		0
264.262		287.643		2427		1		0
271.62		292.784		2410		1		0
266.451		310.163		2454		2		0
324.721		325.629		2267		2		0
365.587		309.66		3146		1		0
367.747		318.427		2252		2		0
268.567		286.69		2435		2		0
303.422		309.864		2301		2		0
361.618		322.281		2253		2		0
377.071		338.894		2124		2		0
199.732		304.988		2459		2		0
94.0299		314.685		2513		2		0
105.005		308.298		2564		2		0
284.126		299.121		2383		2		0
271.051		298.928		2406		2		0
Frame 125
267.739		298.37		2417		2		0
229.568		302.113		2452		2		0
189.532		306.003		2461		2		0
171.059		307.862		2427		2		0
184.875		320.098		2385		1		0
144.672		313.759		2527		1		0
110.642		315.551		2466		1		0
98.7719		313.089		2506		1		0
198.898		288.603		2482		2		0
235.078		277.687		2492		2		0
264.99		288.4		2427		2		0
272.689		293.576		2408		1		0
266.56		310.157		2457		2		0
324.722		325.615		2273		2		0
365.585		309.66		3050		1		0
367.725		318.433		2255		2		0
268.901		286.62		2437		2		0
303.44		309.811		2307		2		0
361.185		322.109		2250		2		0
376.986		338.734		2167		2		0
199.736		305.008		2458		2		0
92.3331		313.095		0		1		0
103.151		306.866		3069		1		0
285.126		300.122		2369		2		0
271.762		299.417		2399		2		0
Frame 126
267.527		298.321		2418		2		0
229.494		302.08		2452		2		0
189.535		305.991		2467		2		0
171.048		307.84		2427		1		0
184.872		320.089		2385		1		0
144.675		313.744		2522		1		0
110.452		315.951		2470		2		0
100.425		314.946		2472		1		0
199.253		288.899		2480		2		0
234.413		277.729		2491		2		0
264.498		287.932		2428		1		0
271.914		293.018		2413		1		0
266.309		310.005		2457		2		0
324.49		325.55		2274		2		0
365.356		309.616		3117		1		0
367.618		318.388		2257		2		0
268.703		286.661		2437		2		0
303.446		309.788		2302		2		0
360.963		321.907		2259		2		0
376.857		338.35		2145		2		0
199.727		304.993		2455		2		0
93.1723		315.494		2487		2		0
104.424		308.581		2566		2		0
284.716		299.57		2385		2		0
269.714		298.457		2413		2		0
Frame 127
267.433		298.293		2418		2		0
229.47		302.068		2451		2		0
189.549		305.99		2467		2		0
171.051		307.836		2434		1		0
184.872		320.089		2386		1		0
144.68		313.74		2523		1		0
110.193		316.696		2463		2		0
100.593		314.785		2472		2		0
199.408		289.108		2481		2		0
233.344		278.003		2492		2		0
263.903		288.897		2426		2		0
272.707		293.811		2410		1		0
266.186		309.899		2442		2		0
324.337		325.512		2274		2		0
365.212		309.573		3123		1		0
367.46		318.356		2239		2		0
268.616		286.688		2434		2		0
303.448		309.769		2298		2		0
359.994		321.329		2257		2		0
376.826		338.521		2154		2		0
199.73		304.991		2454		2		0
91.8186		315.968		0		2		0
105.75		307.914		2592		2		0
285.225		299.883		2379		2		0
272.748		300.873		2393		2		0
Frame 128
267.145		298.215		2424		2		0
229.285		301.984		2464		2		0
189.49		305.919		2470		2		0
170.954		307.74		2432		1		0
184.846		320.069		2385		1		0
144.658		313.721		2526		1		0
110.116		316.878		2460		2		0
100.382		315.045		2456		2		0
198.599		289.504		2485		2		0
233.151		278.009		2492		2		0
264.008		289.243		2428		2		0
273.121		294.091		2411		1		0
265.981		309.798		2459		2		0
324.165		325.476		2272		2		0
365.052		309.55		3075		1		0
367.405		318.312		2245		2		0
268.247		286.66		2430		2		0
303.447		309.743		2301		2		0
360.478		321.669		2259		2		0
376.67		338.298		2153		2		0
199.638		304.917		2458		2		0
90.0003		317.5		2476		2		0
104.566		308.485		2569		2		0
284.92		300.409		2371		2		0
273.399		301.299		2385		2		0
