side
Frame 0
436.66		238.991		2183		2		0
438.516		189.242		2138		2		0
440.183		139.359		2195		2		0
444.193		114.552		2105		2		0
409.889		157.206		2236		2		0
397.836		200.547		2252		2		0
401.401		233.21		2227		2		0
402.524		237.684		2235		2		0
469.332		160.899		2177		2		0
479.517		201.644		2217		2		0
484.786		234.687		2174		2		0
483.895		239.334		2167		2		0
422.51		238.012		2211		2		0
419.299		292.067		2340		2		0
415.695		336.013		2394		2		0
413.872		346.062		2340		2		0
450.891		239.978		2173		2		0
439.081		293.65		2366		2		0
441.392		331.199		2379		2		0
445.852		345.838		2341		2		0
439.794		151.833		2193		2		0
405.996		249.143		2265		2		0
409.574		238.618		2241		2		0
483.543		251.718		2184		2		0
484.665		243.836		2190		2		0
Frame 1
436.654		238.988		2185		2		0
438.515		189.24		2138		2		0
440.184		139.358		2195		2		0
444.188		114.553		2103		2		0
409.884		157.206		2233		2		0
397.828		200.529		2251		2		0
401.406		233.195		2228		2		0
402.594		237.698		2234		2		0
469.337		160.871		2171		2		0
479.516		201.648		2219		2		0
484.781		234.688		2169		2		0
483.657		239.653		2172		2		0
422.499		237.999		2213		2		0
419.28		292.007		2339		2		0
415.566		336.451		2395		2		0
413.765		346.498		2325		2		0
450.887		239.981		2171		2		0
439.064		293.644		2363		2		0
441.413		331.222		2384		2		0
445.796		345.918		2314		2		0
439.795		151.831		2198		2		0
405.748		249.125		2264		2		0
409.141		234.992		2268		2		0
483.394		251.703		2167		2		0
480.456		243.277		2186		2		0
Frame 2
436.644		239.003		2187		2		0
438.512		189.259		2142		2		0
440.188		139.384		2192		2		0
444.185		114.557		2111		2		0
409.837		157.22		2236		2		0
397.837		200.56		2249		2		0
401.347		233.229		2227		2		0
402.604		237.65		2235		2		0
469.334		160.864		2174		2		0
479.53		201.731		2209		2		0
484.782		234.771		2159		2		0
483.82		240.06		2160		2		0
422.493		238.015		2214		2		0
419.296		292.049		2339		2		0
416.009		337.031		2387		2		0
414.021		346.876		2352		2		0
450.874		239.993		2174		2		0
439.063		293.638		2364		2		0
441.355		331.143		2382		2		0
445.321		345.876		2293		2		0
439.797		151.854		2199		2		0
405.621		249.126		2262		2		0
408.36		238.952		2231		2		0
482.465		251.733		2188		2		0
484.333		244.334		2208		2		0
Frame 3
436.625		239.001		2186		2		0
438.491		189.256		2138		2		0
440.167		139.379		2196		2		0
444.193		114.534		2103		2		0
409.821		157.211		2231		2		0
397.833		200.521		2250		2		0
401.331		233.195		2224		2		0
402.569		237.691		2237		2		0
469.33		160.879		2177		2		0
479.536		201.725		2214		2		0
484.783		234.769		2168		2		0
483.832		239.668		2166		2		0
422.466		237.992		2213		2		0
419.293		292.05		2342		2		0
415.93		337.146		2394		2		0
413.963		346.975		2349		2		0
450.858		240.004		2170		2		0
439.069		293.61		2365		2		0
441.239		330.971		2377		2		0
444.282		345.919		2307		2		0
439.775		151.851		2196		2		0
405.195		249.202		2259		2		0
409.157		239.096		2243		2		0
482.695		251.921		2194		2		0
480.584		238.442		2181		2		0
Frame 4
436.626		238.997		2185		2		0
438.489		189.253		2140		2		0
440.165		139.378		2195		2		0
444.194		114.549		2104		2		0
409.8		157.203		2235		2		0
397.826		200.538		2250		2		0
401.292		233.217		2228		2		0
402.578		237.736		2232		2		0
469.327		160.862		2182		2		0
479.513		201.741		2210		2		0
484.776		234.786		2166		2		0
483.845		239.456		2165		2		0
422.468		237.993		2212		2		0
419.265		292.048		2343		2		0
415.749		337.166		2389		2		0
413.86		347.038		2324		2		0
450.857		239.995		2167		2		0
439.051		293.659		2371		2		0
441.248		330.965		2377		2		0
443.931		345.959		2259		2		0
439.773		151.849		2193		2		0
405.246		249		2266		2		0
408.576		239.349		2233		2		0
483.145		251.848		2183		2		0
484.25		244.5		2204		2		0
Frame 5
436.618		239.003		2187		2		0
438.485		189.254		2142		2		0
440.163		139.375		2198		2		0
444.191		114.552		2107		2		0
409.798		157.201		2237		2		0
397.814		200.542		2251		2		0
401.262		233.222		2224		2		0
402.429		237.656		2231		2		0
469.329		160.86		2183		2		0
479.515		201.739		2215		2		0
484.751		234.786		2167		2		0
483.8		239.812		2164		2		0
422.46		237.998		2213		2		0
419.257		292.016		2342		2		0
415.514		337.097		2394		2		0
413.672		346.988		2348		2		0
450.849		240.002		2174		2		0
439.063		293.659		2362		2		0
441.015		331.29		2385		2		0
445.479		346.082		2315		2		0
439.771		151.847		2196		2		0
405.747		249.126		2265		2		0
408.807		238.308		2228		2		0
483.007		251.702		2186		2		0
479.839		236.262		2183		2		0
Frame 6
436.613		239.02		2184		2		0
438.473		189.261		2139		2		0
440.142		139.373		2190		2		0
444.186		114.586		2106		2		0
409.779		157.207		2234		2		0
397.813		200.522		2250		2		0
401.3		233.199		2227		2		0
402.53		237.76		2233		2		0
469.316		160.87		2184		2		0
479.513		201.705		2214		2		0
484.742		234.759		2168		2		0
483.907		239.362		2178		2		0
422.458		238.008		2212		2		0
419.035		292.194		2335		2		0
415.644		336.991		2393		2		0
413.797		346.852		2344		2		0
450.841		240.026		2170		2		0
439.029		293.716		2364		2		0
441.138		331.386		2378		2		0
444.802		345.901		0		2		0
439.752		151.847		2199		2		0
405.216		249.112		2254		2		0
408.696		233.689		2261		2		0
484.149		250.838		2185		2		0
480.761		237.887		2178		2		0
Frame 7
436.604		239.031		2184		2		0
438.466		189.257		2140		2		0
440.138		139.355		2192		2		0
444.178		114.586		2099		2		0
409.777		157.2		2234		2		0
397.812		200.525		2253		2		0
401.28		233.204		2223		2		0
402.452		237.756		2237		2		0
469.314		160.865		2175		2		0
479.497		201.706		2206		2		0
484.746		234.75		2171		2		0
483.772		239.408		2168		2		0
422.449		238.025		2212		2		0
419.01		292.226		2346		2		0
415.745		337.096		2382		2		0
413.862		346.9		2347		2		0
450.83		240.03		2167		2		0
439.052		293.767		2363		2		0
441.153		331.359		2379		2		0
444.077		345.922		2312		2		0
439.748		151.833		2195		2		0
405.885		249.001		2263		2		0
408.271		238.921		2233		2		0
483.722		251.91		2186		2		0
485.913		244.834		2188		2		0
Frame 8
436.604		239.06		2183		2		0
438.464		189.286		2138		2		0
440.134		139.38		2187		2		0
444.19		114.562		2101		2		0
409.775		157.236		2232		2		0
397.811		200.525		2256		2		0
401.28		233.206		2224		2		0
402.542		237.636		2237		2		0
469.312		160.892		2183		2		0
479.492		201.707		2211		2		0
484.634		234.742		2169		2		0
483.949		239.344		2152		2		0
422.449		238.052		2212		2		0
419.032		292.196		2337		2		0
414.591		338.425		2393		2		0
412.97		348.286		2289		2		0
450.83		240.059		2168		2		0
439.047		293.826		2361		2		0
441.169		331.377		2381		2		0
443.342		346.118		0		2		0
439.744		151.859		2198		2		0
406.14		249.144		2253		2		0
408.524		237.557		2236		2		0
483.291		251.703		2180		2		0
480.812		240.14		2167		2		0
Frame 9
436.591		239.07		2187		2		0
438.46		189.305		2139		2		0
440.142		139.408		2192		2		0
444.185		114.573		2109		2		0
409.761		157.257		2236		2		0
397.794		200.523		2252		2		0
401.254		233.202		2224		2		0
402.541		237.763		2230		2		0
469.242		160.977		2176		2		0
479.455		201.733		2216		2		0
484.648		234.759		2170		2		0
483.723		239.707		2175		2		0
422.436		238.055		2216		2		0
418.999		292.207		2346		2		0
414.588		338.421		2386		2		0
412.951		348.254		2316		2		0
450.815		240.079		2171		2		0
439.028		293.753		2368		2		0
441.55		330.794		2377		2		0
443.924		345.623		0		2		0
439.749		151.885		2194		2		0
404.994		249.25		2264		2		0
409.224		238.708		2245		2		0
482.993		251.786		2180		2		0
484.5		243.835		2200		2		0
Frame 10
436.58		239.063		2181		2		0
438.458		189.301		2139		2		0
440.147		139.407		2192		2		0
444.17		114.572		2105		2		0
409.756		157.257		2237		2		0
397.79		200.544		2252		2		0
401.246		233.224		2226		2		0
402.565		237.652		2236		2		0
469.243		160.981		2177		2		0
479.452		201.734		2212		2		0
484.649		234.76		2161		2		0
483.681		239.502		2164		2		0
422.422		238.067		2216		2		0
419.039		292.067		2341		2		0
416.031		336.729		2395		2		0
414.047		346.36		2368		2		0
450.809		240.038		2175		2		0
438.998		293.767		2372		2		0
441.435		330.97		2380		2		0
444.01		345.702		2363		2		0
439.752		151.883		2197		2		0
405.426		249.286		2257		2		0
408.953		238.634		2230		2		0
483.399		251.585		2183		2		0
478.834		237.501		2115		2		0
Frame 11
436.578		239.065		2188		2		0
438.452		189.297		2139		2		0
440.132		139.392		2192		2		0
444.168		114.572		2114		2		0
409.743		157.265		2235		2		0
397.786		200.531		2251		2		0
401.218		233.215		2228		2		0
402.609		237.7		2237		2		0
469.252		160.968		2175		2		0
479.452		201.735		2212		2		0
484.528		234.773		2166		2		0
483.814		239.69		2165		2		0
422.423		238.07		2214		2		0
419.037		292.071		2337		2		0
415.935		336.852		2393		2		0
413.993		346.496		2347		2		0
450.806		240.04		2177		2		0
438.995		293.767		2371		2		0
441.46		331.196		2382		2		0
444.053		346.34		2249		2		0
439.74		151.871		2196		2		0
405.496		249.5		2261		2		0
409.061		235.242		2263		2		0
483.075		251.692		2177		2		0
480.401		243.002		2180		2		0
Frame 12
436.57		239.074		2187		2		0
438.441		189.301		2143		2		0
440.117		139.389		2193		2		0
444.167		114.57		2106		2		0
409.731		157.272		2236		2		0
397.78		200.536		2255		2		0
401.213		233.22		2227		2		0
402.459		237.585		2238		2		0
469.241		160.966		2176		2		0
479.456		201.731		2209		2		0
484.533		234.77		2170		2		0
483.843		239.318		2165		2		0
422.412		238.074		2213		2		0
419.074		292.014		2346		2		0
416.08		337.149		2392		2		0
414.09		346.744		2336		2		0
450.801		240.059		2172		2		0
438.995		293.779		2370		2		0
441.319		331.35		2382		2		0
444.224		346.309		2320		2		0
439.725		151.87		2199		2		0
405.745		249.125		2264		2		0
408.007		237.838		2235		2		0
483.503		251.644		2189		2		0
488.469		239.695		2147		2		0
Frame 13
436.56		239.08		2187		2		0
438.438		189.307		2140		2		0
440.122		139.4		2189		2		0
444.17		114.582		2107		2		0
409.728		157.266		2238		2		0
397.778		200.535		2250		2		0
401.207		233.22		2226		2		0
402.606		237.715		2236		2		0
469.237		160.966		2182		2		0
479.458		201.715		2211		2		0
484.545		234.76		2172		2		0
483.667		239.294		2166		2		0
422.402		238.076		2212		2		0
419.078		292.052		2345		2		0
416.056		337.071		2389		2		0
413.979		346.64		2351		2		0
450.788		240.073		2174		2		0
438.982		293.767		2370		2		0
441.319		331.351		2379		2		0
444.239		346.286		0		2		0
439.728		151.879		2196		2		0
405.747		249.126		2256		2		0
409.04		238.901		2244		2		0
483.071		251		2189		2		0
488.487		239.672		2148		2		0
Frame 14
436.564		239.084		2185		2		0
438.443		189.309		2134		2		0
440.126		139.398		2198		2		0
444.163		114.592		2101		2		0
409.733		157.277		2235		2		0
397.775		200.538		2253		2		0
401.193		233.227		2231		2		0
402.502		237.71		2235		2		0
469.231		160.976		2178		2		0
479.458		201.713		2217		2		0
484.536		234.76		2166		2		0
483.82		239.285		2169		2		0
422.406		238.083		2212		2		0
419.08		292.058		2338		2		0
415.938		337.207		2394		2		0
413.888		346.783		2377		2		0
450.793		240.074		2171		2		0
438.984		293.813		2368		2		0
441.317		331.449		2379		2		0
444.198		346.369		2326		2		0
439.733		151.878		2194		2		0
405.621		249.126		2253		2		0
408.874		239.067		2228		2		0
483.496		250.802		2179		2		0
479.668		243.665		2200		2		0
Frame 15
436.556		239.083		2187		2		0
438.44		189.315		2136		2		0
440.134		139.422		2191		2		0
444.16		114.585		2108		2		0
409.739		157.296		2236		2		0
397.771		200.555		2251		2		0
401.225		233.241		2229		2		0
402.548		237.781		2236		2		0
469.224		160.957		2182		2		0
479.459		201.719		2220		2		0
484.5		234.756		2169		2		0
483.634		239.572		2166		2		0
422.393		238.08		2216		2		0
419.139		292.061		2344		2		0
415.84		335.966		2390		2		0
413.831		345.831		2361		2		0
450.788		240.073		2173		2		0
438.976		293.823		2375		2		0
441.285		331.509		2380		2		0
444.282		346.612		2310		2		0
439.737		151.896		2198		2		0
405.661		249.223		2256		2		0
408.623		238.231		2234		2		0
482.215		251.787		2187		2		0
489.003		237.415		2149		2		0
Frame 16
436.541		239.099		2186		2		0
438.435		189.32		2142		2		0
440.134		139.422		2192		2		0
444.149		114.611		2102		2		0
409.738		157.293		2239		2		0
397.755		200.554		2256		2		0
401.227		233.236		2227		2		0
402.718		237.596		2234		2		0
469.225		160.955		2181		2		0
479.45		201.733		2209		2		0
484.499		234.768		2172		2		0
483.505		239.7		2155		2		0
422.383		238.095		2213		2		0
419.163		292.054		2341		2		0
415.446		336.427		2388		2		0
413.582		346.333		2328		2		0
450.766		240.092		2171		2		0
438.987		293.845		2372		2		0
441.278		331.461		2383		2		0
445.289		346.479		2320		2		0
439.736		151.897		2194		2		0
405.709		249.001		2264		2		0
409.538		238.918		2246		2		0
482.297		251.9		2197		2		0
488.199		246.604		2157		2		0
Frame 17
436.541		239.098		2190		2		0
438.434		189.32		2140		2		0
440.129		139.421		2194		2		0
444.141		114.614		2103		2		0
409.727		157.301		2236		2		0
397.755		200.587		2252		2		0
401.257		233.267		2227		2		0
402.598		237.608		2238		2		0
469.21		160.941		2179		2		0
479.43		201.704		2214		2		0
484.455		234.733		2168		2		0
483.634		239.347		2165		2		0
422.384		238.096		2216		2		0
419.167		292.048		2342		2		0
415.365		336.736		2394		2		0
413.53		346.627		2345		2		0
450.767		240.087		2174		2		0
439.069		293.901		2365		2		0
441.512		331.247		2383		2		0
443.306		345.66		0		2		0
439.733		151.896		2194		2		0
406.139		249.144		2250		2		0
408.44		239.368		2230		2		0
482.995		251.727		2195		2		0
482.555		243.447		2174		2		0
Frame 18
436.541		239.099		2185		2		0
438.429		189.321		2143		2		0
440.114		139.419		2187		2		0
444.116		114.61		2109		2		0
409.722		157.298		2237		2		0
397.756		200.585		2252		2		0
401.265		233.266		2224		2		0
402.669		237.673		2237		2		0
469.205		160.959		2181		2		0
479.43		201.704		2215		2		0
484.455		234.733		2173		2		0
483.75		239.082		2163		2		0
422.384		238.095		2213		2		0
419.089		292.052		2339		2		0
415.223		336.829		2387		2		0
413.418		346.747		2360		2		0
450.766		240.091		2169		2		0
439.059		293.707		2363		2		0
441.571		330.32		2381		2		0
446.595		345.72		2322		2		0
439.72		151.896		2198		2		0
405.746		249.126		2264		2		0
408.361		238.637		2234		2		0
483.247		251.625		2178		2		0
489.204		238.696		2152		2		0
Frame 19
436.527		239.102		2182		2		0
438.411		189.323		2139		2		0
440.096		139.409		2189		2		0
444.065		114.626		2100		2		0
409.693		157.315		2237		2		0
397.749		200.587		2252		2		0
401.285		233.266		2228		2		0
402.545		237.515		2241		2		0
469.187		160.955		2182		2		0
479.424		201.724		2212		2		0
484.484		234.746		2161		2		0
483.728		239.207		2168		2		0
422.364		238.096		2214		2		0
419.033		292.079		2337		2		0
414.846		338.556		2392		2		0
413.069		348.599		0		2		0
450.756		240.097		2171		2		0
439.064		293.725		2371		2		0
441.616		330.348		2380		2		0
445.812		345.72		2298		2		0
439.702		151.89		2196		2		0
405.709		249.001		2265		2		0
409.883		238.469		2243		2		0
483.663		251.669		2185		2		0
488.719		239.417		2147		2		0
Frame 20
436.519		239.101		2189		2		0
438.389		189.319		2143		2		0
440.058		139.4		2186		2		0
444.004		114.628		2110		2		0
409.674		157.323		2235		2		0
397.747		200.578		2255		2		0
401.272		233.258		2228		2		0
402.733		237.531		2239		2		0
469.178		160.948		2175		2		0
479.414		201.731		2218		2		0
484.421		234.759		2165		2		0
483.42		239.259		2170		2		0
422.353		238.084		2214		2		0
419.025		292.073		2346		2		0
414.871		338.397		2388		2		0
413.078		348.369		2297		2		0
450.747		240.103		2177		2		0
439.133		293.718		2368		2		0
441.579		330.69		2382		2		0
445.916		345.299		2320		2		0
439.668		151.883		2191		2		0
405.711		249.001		2264		2		0
408.465		238.907		2234		2		0
482.155		251.692		2182		2		0
488.602		242.317		2154		2		0
Frame 21
436.477		239.096		2190		2		0
438.35		189.32		2140		2		0
440.025		139.404		2188		2		0
443.868		114.685		2105		2		0
409.595		157.36		2232		2		0
397.728		200.574		2255		2		0
401.225		233.257		2228		2		0
402.603		237.365		2239		2		0
469.139		160.939		2175		2		0
479.405		201.732		2214		2		0
484.424		234.76		2173		2		0
483.509		239.121		2170		2		0
422.296		238.067		2214		2		0
418.964		292.029		2336		2		0
414.903		338.273		2390		2		0
413.116		348.159		0		2		0
450.718		240.107		2175		2		0
439.136		293.662		2363		2		0
441.504		330.61		2382		2		0
446.284		345.231		2328		2		0
439.633		151.886		2191		2		0
406.598		249.001		2258		2		0
409.045		238.436		2244		2		0
482.6		251.699		2189		2		0
488.599		240.387		2154		2		0
Frame 22
436.422		239.082		2185		2		0
438.266		189.322		2141		2		0
439.912		139.424		2186		2		0
443.63		114.749		2107		2		0
409.47		157.364		2235		2		0
397.677		200.572		2253		2		0
401.222		233.249		2228		2		0
402.466		237.361		2231		2		0
468.924		160.778		2181		2		0
479.387		201.698		2206		2		0
484.419		234.737		2163		2		0
483.222		239.419		2167		2		0
422.22		238.028		2209		2		0
419.003		291.998		2322		2		0
414.994		337.828		2390		2		0
413.252		347.791		2267		2		0
450.677		240.115		2176		2		0
439.117		293.687		2364		2		0
441.422		330.817		2379		2		0
446.3		345.38		2317		2		0
439.528		151.901		2192		2		0
404.996		248.335		2260		2		0
408.871		238.462		2237		2		0
482.214		250.786		2172		2		0
488.236		237.783		2142		2		0
Frame 23
436.262		239.04		2187		2		0
438.125		189.317		2140		2		0
439.79		139.448		2189		2		0
443.23		114.78		2096		2		0
409.311		157.353		2232		2		0
397.592		200.548		2255		2		0
401.225		233.215		2229		2		0
402.4		237.135		2238		2		0
468.774		160.723		2176		2		0
479.375		201.694		2209		2		0
484.353		234.737		2169		2		0
483.07		239.479		2166		2		0
422.039		237.963		2211		2		0
418.921		292.033		2331		2		0
414.886		337.937		2398		2		0
413.151		347.953		2286		2		0
450.542		240.095		2176		2		0
439.185		293.675		2362		2		0
441.413		330.836		2388		2		0
446.225		345.333		2324		2		0
439.401		151.919		2187		2		0
404.995		248.335		2256		2		0
409.17		234.816		2265		2		0
482.496		250.944		2183		2		0
487.857		245.57		2156		2		0
Frame 24
435.946		239.068		2187		2		0
437.786		189.387		2141		2		0
439.438		139.553		2182		2		0
442.815		114.867		2098		2		0
408.987		157.416		2233		2		0
397.464		200.553		2257		2		0
400.933		233.222		2233		2		0
402.145		237.117		2233		2		0
468.541		160.679		2178		2		0
479.281		201.649		2205		2		0
484.277		234.704		2166		2		0
482.939		238.941		2174		2		0
421.68		237.998		2212		2		0
418.773		292.13		2323		2		0
414.856		337.87		2392		2		0
413.14		347.877		2290		2		0
450.27		240.119		2177		2		0
439.417		293.593		2357		2		0
441.634		331.014		2391		2		0
445.66		345.891		2313		2		0
439.051		152.016		2189		2		0
405.147		248.232		2251		2		0
408.957		234.912		2254		2		0
483.106		250.78		2167		2		0
488.254		237.735		2145		2		0
Frame 25
435.571		238.916		2184		2		0
437.387		189.37		2141		2		0
438.989		139.676		2181		2		0
441.859		115.086		2099		2		0
408.51		157.557		2231		2		0
397.227		200.527		2258		2		0
400.709		233.195		2227		2		0
402.247		237.002		2236		2		0
468		160.457		2177		2		0
479.004		201.503		2209		2		0
484.135		234.58		2161		2		0
482.709		239.391		2167		2		0
421.234		237.807		2207		2		0
418.767		292.191		2314		2		0
414.862		337.576		2392		2		0
413.134		347.625		0		2		0
449.971		240.007		2169		2		0
439.589		293.069		2355		2		0
441.623		330.972		2383		2		0
446.961		346.205		2331		2		0
438.618		152.101		2187		2		0
404.996		248.335		2254		2		0
409.095		234.454		2256		2		0
481.425		250.645		2180		2		0
486.593		242.321		2160		2		0
Frame 26
435.283		238.803		2185		2		0
436.981		189.393		2143		2		0
438.411		139.888		2175		2		0
440.89		115.313		2094		2		0
407.876		157.568		2234		2		0
396.679		200.355		2259		2		0
400.183		232.99		2229		2		0
402.068		236.598		2240		2		0
467.776		160.353		2183		2		0
478.697		201.398		2207		2		0
484.031		234.455		2162		2		0
482.299		239.274		2164		2		0
420.904		237.653		2210		2		0
418.684		292.231		2308		2		0
414.859		337.57		2391		2		0
413.137		347.625		2329		2		0
449.729		239.935		2173		2		0
446.108		289.643		2310		2		0
441.664		330.944		2385		2		0
446.543		346.354		2319		2		0
438.088		152.259		2188		2		0
404.454		248.156		2257		2		0
408.861		233.951		2262		2		0
480.629		250.747		2178		2		0
479.256		248.75		2220		2		0
Frame 27
434.905		238.775		2183		2		0
436.384		189.535		2148		2		0
437.58		140.265		2183		2		0
439.745		115.685		2090		2		0
406.973		157.68		2235		2		0
396.256		200.421		2264		2		0
400		233.031		2231		2		0
401.64		236.736		2241		2		0
467.05		160.237		2184		2		0
478.395		201.315		2208		2		0
483.764		234.373		2168		2		0
481.736		239.184		2160		2		0
420.467		237.633		2207		2		0
418.489		292.402		2300		2		0
414.944		337.55		2390		2		0
413.21		347.587		0		2		0
449.413		239.901		2175		2		0
446.002		289.839		2306		2		0
441.682		330.975		2385		2		0
447.662		345.484		2318		2		0
437.314		152.574		2186		2		0
404.33		248.585		2249		2		0
409.406		236.552		2249		2		0
480.923		250.929		2188		2		0
486.403		240.202		2150		2		0
Frame 28
434.415		238.7		2183		2		0
435.695		189.617		2148		2		0
436.702		140.529		2177		2		0
437.933		115.899		2092		2		0
405.861		157.863		2239		2		0
395.631		200.314		2264		2		0
399.231		232.919		2232		2		0
401.246		236.612		2237		2		0
466.031		160.18		2191		2		0
477.678		201.194		2201		2		0
483.303		234.249		2163		2		0
481.472		239.388		2172		2		0
419.99		237.696		2205		2		0
418.107		294.244		2298		2		0
415.04		337.813		2388		2		0
413.294		347.798		2359		2		0
448.9		239.662		2173		2		0
445.876		289.918		2301		2		0
441.687		331.002		2382		2		0
447.235		345.63		2324		2		0
436.481		152.791		2187		2		0
403.997		248.835		2259		2		0
408.979		235.48		2249		2		0
480.392		250.733		2184		2		0
486.124		240.527		2155		2		0
Frame 29
433.814		238.758		2183		2		0
434.688		189.838		2142		2		0
435.274		140.94		2175		2		0
436.02		116.401		2091		2		0
404.404		158.182		2239		2		0
394.542		200.365		2267		2		0
398.471		232.918		2230		2		0
400.289		236.45		2237		2		0
465.23		160.242		2187		2		0
477.126		201.217		2201		2		0
482.963		234.217		2158		2		0
480.739		238.807		2176		2		0
419.376		237.77		2204		2		0
417.907		293.727		2293		2		0
415.077		337.685		2390		2		0
413.327		347.658		2283		2		0
448.338		239.713		2173		2		0
445.704		290.138		2302		2		0
441.65		330.68		2381		2		0
447.04		345.428		2332		2		0
435.158		153.154		2188		2		0
402.816		248.82		2250		2		0
408.034		235.172		2242		2		0
480.495		250.627		2177		2		0
486.399		238.898		2136		2		0
Frame 30
432.85		238.955		2179		2		0
433.407		190.194		2143		2		0
433.733		141.469		2177		2		0
434.366		116.808		2089		2		0
403.06		158.311		2241		2		0
393.526		200.529		2269		2		0
397.787		233.044		2232		2		0
399.141		236.463		2238		2		0
464.102		160.206		2192		2		0
476.095		201.311		2201		2		0
482.036		234.273		2154		2		0
479.801		238.424		2173		2		0
418.368		238.069		2200		2		0
417.541		295.083		2294		2		0
415.102		337.728		2385		2		0
413.404		347.746		2334		2		0
447.425		239.818		2172		2		0
441.719		292.699		2313		2		0
441.74		331.192		2382		2		0
446.176		345.843		2320		2		0
433.677		153.639		2194		2		0
401.69		249.001		2255		2		0
406.961		233.2		2254		2		0
479.124		250.626		2180		2		0
485.637		239.275		2138		2		0
Frame 31
432.195		239.156		2178		2		0
432.318		190.546		2143		2		0
432.164		142.02		2192		2		0
432.079		117.388		2095		2		0
401.648		158.671		2241		2		0
392.259		200.927		2275		2		0
396.846		233.383		2231		2		0
398.924		239.878		2240		2		0
462.914		160.465		2187		2		0
474.803		201.519		2202		2		0
481.837		234.354		2150		2		0
478.784		238.842		2171		2		0
417.704		238.342		2202		2		0
417.34		294.475		2273		2		0
415.389		336.997		2390		2		0
413.669		347.118		2343		2		0
446.787		239.951		2170		2		0
441.507		292.752		2307		2		0
441.767		331.249		2376		2		0
446.053		345.923		2320		2		0
432.231		154.136		2193		2		0
400.427		250.286		2263		2		0
406.448		238.693		2244		2		0
478.121		251.627		2158		2		0
484.626		239.998		2142		2		0
Frame 32
430.803		239.36		2178		2		0
430.652		190.909		2146		2		0
430.326		142.53		2187		2		0
429.726		117.988		2090		2		0
400.132		159.246		2242		2		0
390.699		201.113		2274		2		0
395.851		233.484		2234		2		0
397.265		237.717		2243		2		0
460.677		160.626		2191		2		0
473.758		201.7		2202		2		0
480.46		234.527		2156		2		0
477.328		238.893		2167		2		0
416.162		238.768		2198		2		0
416.93		295.419		2277		2		0
415.494		337.556		2388		2		0
413.723		347.557		2332		2		0
445.536		239.955		2171		2		0
443.487		291.265		2291		2		0
441.742		331.249		2376		2		0
445.836		345.935		2313		2		0
430.427		154.612		2194		2		0
399.878		250.002		2257		2		0
405.096		234.287		2243		2		0
476.723		251.909		2184		2		0
483		242.128		2145		2		0
Frame 33
429.688		239.743		2178		2		0
429.199		191.368		2148		2		0
428.535		143.096		2190		2		0
427.413		118.633		2096		2		0
398.427		159.903		2243		2		0
389.024		201.611		2270		2		0
394.288		233.989		2237		2		0
396.38		240.434		2234		2		0
459.074		160.804		2192		2		0
472.31		201.791		2202		2		0
479.608		234.503		2160		2		0
476.267		238.023		2167		2		0
415.034		239.231		2194		2		0
416.32		296.214		2266		2		0
414.313		338.858		2388		2		0
412.73		349.675		2239		2		0
444.458		240.251		2168		2		0
443.608		291.3		2278		2		0
441.604		331.457		2375		2		0
446.13		345.59		2313		2		0
428.721		155.149		2194		2		0
398.726		251.455		2248		2		0
404.255		239.564		2241		2		0
476.11		250.778		2176		2		0
481.177		239.475		2154		2		0
Frame 34
428.285		240.192		2175		2		0
427.505		191.879		2146		2		0
426.572		143.713		2183		2		0
424.715		119.416		2095		2		0
396.211		160.482		2243		2		0
387.378		202.054		2272		2		0
392.017		234.477		2240		2		0
394.187		238.927		2241		2		0
456.89		161.288		2190		2		0
470.4		201.933		2208		2		0
478.303		234.583		2150		2		0
474.614		238.208		2163		2		0
413.68		239.69		2195		2		0
415.471		295.874		2244		2		0
414.86		338.681		2391		2		0
413.087		349.116		2243		2		0
443.024		240.683		2169		2		0
443.684		291.562		2272		2		0
441.622		331.415		2378		2		0
446.137		345.622		2326		2		0
426.822		155.735		2190		2		0
397.311		251.159		2247		2		0
401.711		235.165		2246		2		0
474.248		251.876		2174		2		0
479.654		240.786		2143		2		0
Frame 35
427.084		240.79		2174		2		0
425.583		192.593		2145		2		0
423.811		144.61		2187		2		0
421.928		120.229		2096		2		0
394.133		161.304		2240		2		0
385.561		202.709		2273		2		0
390.064		235.152		2238		2		0
392.445		240.087		2235		2		0
454.393		162.043		2182		2		0
468.659		202.394		2203		2		0
476.414		235.093		2155		2		0
472.829		238.759		2167		2		0
412.443		240.441		2192		2		0
414.703		295.804		2229		2		0
415.193		338.974		2381		2		0
413.17		349.016		2253		2		0
441.857		241.135		2166		2		0
443.347		291.927		2261		2		0
441.369		331.902		2368		2		0
445.794		346.455		2314		2		0
424.281		156.58		2195		2		0
396.232		252.144		2251		2		0
400.305		237.258		2240		2		0
472.577		251.834		2172		2		0
478.498		242.759		2133		2		0
Frame 36
425.498		241.401		2176		2		0
423.474		193.309		2149		2		0
421.314		145.451		2189		2		0
419.389		121.022		2094		2		0
391.972		162.342		2243		2		0
383.505		203.519		2277		2		0
388.268		235.939		2233		2		0
391.017		241.157		2236		2		0
452.293		162.445		2189		2		0
466.728		202.94		2200		2		0
475.015		235.656		2149		2		0
471.162		238.676		2168		2		0
410.708		241.153		2193		2		0
414.124		297.398		2220		2		0
413.976		340.648		2379		2		0
412.254		350.865		0		2		0
440.428		241.644		2169		2		0
443.172		292.057		2258		2		0
441.324		331.986		2364		2		0
444.841		346.633		0		2		0
421.866		157.39		2197		2		0
395.232		253.144		2246		2		0
398.568		237.81		2241		2		0
470.801		252.799		2182		2		0
476.638		240.823		2144		2		0
Frame 37
423.551		242.298		2176		2		0
421.265		194.141		2147		2		0
418.909		146.233		2190		2		0
415.908		122.238		2094		2		0
388.76		163.766		2242		2		0
380.855		204.43		2269		2		0
385.76		236.827		2234		2		0
388.681		242.826		2237		2		0
449.534		163.031		2181		2		0
464.623		203.336		2207		2		0
472.461		236.23		2155		2		0
469.005		239.653		2165		2		0
408.799		242.22		2189		2		0
413.587		298.331		2210		2		0
416.413		340.041		2367		2		0
413.933		349.488		2280		2		0
438.448		242.366		2170		2		0
442.59		292.46		2249		2		0
441.396		331.935		2364		2		0
444.272		346.465		2323		2		0
419.506		158.183		2197		2		0
393.044		255.002		2249		2		0
395.996		238.987		2245		2		0
469.541		252.728		2171		2		0
474.377		241.687		2146		2		0
Frame 38
421.534		243.194		2178		2		0
418.85		195.08		2151		2		0
416.096		147.186		2197		2		0
413.021		123.247		2096		2		0
385.911		165.386		2244		2		0
378.998		205.696		2277		2		0
382.828		238.182		2237		2		0
386.141		244.415		2235		2		0
446.657		163.913		2183		2		0
462.806		203.877		2201		2		0
469.3		237.095		2162		2		0
466.783		240.75		2165		2		0
406.809		243.131		2194		2		0
411.948		298.046		2201		2		0
419.935		336.99		2384		2		0
416.57		346.433		2338		2		0
436.423		243.239		2174		2		0
440.883		293.749		2256		2		0
441.341		332.031		2367		2		0
445.429		350.562		0		2		0
416.793		159.137		2198		2		0
390.288		256.177		2251		2		0
393.557		241.787		2243		2		0
467.155		253.845		2173		2		0
472.224		241.612		2139		2		0
Frame 39
419.271		244.232		2173		2		0
415.97		196.294		2149		2		0
412.609		148.61		2186		2		0
409.406		124.587		2087		2		0
383.386		166.402		2245		2		0
376.524		206.88		2278		2		0
380.826		239.389		2233		2		0
383.777		245.773		2240		2		0
443.831		164.666		2181		2		0
459.792		204.545		2203		2		0
466.69		237.807		2167		2		0
464.315		241.48		2172		2		0
404.584		244.329		2194		2		0
410.728		297.822		2186		2		0
417.061		338.425		2372		2		0
414.237		348.166		2266		2		0
434.12		244.12		2170		2		0
440.569		294.07		2247		2		0
441.198		332.241		2362		2		0
445.015		348.017		2216		2		0
413.455		160.506		2195		2		0
388.682		258.064		2255		2		0
391.103		242.056		2237		2		0
464.721		254.91		2179		2		0
469.877		243.749		2160		2		0
Frame 40
416.658		245.509		2179		2		0
413.285		197.489		2154		2		0
409.906		149.66		2187		2		0
406.121		125.77		2092		2		0
379.871		167.942		2246		2		0
373.966		207.894		2277		2		0
377.167		240.465		2242		2		0
379.636		245.468		2244		2		0
440.215		165.627		2186		2		0
457.139		205.644		2202		2		0
464.45		238.898		2165		2		0
461.63		243.664		2171		2		0
402.024		245.704		2194		2		0
409.844		298.307		2184		2		0
417.22		337.99		2378		2		0
414.334		347.965		2330		2		0
431.468		245.293		2176		2		0
439.675		294.402		2240		2		0
441.211		332.438		2361		2		0
446.156		348.777		0		2		0
410.752		161.599		2196		2		0
382.625		257.843		2249		2		0
387.352		244.994		2244		2		0
461.11		256.777		2181		2		0
467.364		244.919		2143		2		0
Frame 41
413.196		247.074		2179		2		0
409.831		199.236		2156		2		0
406.476		151.528		2188		2		0
402.477		127.516		2090		2		0
376.971		169.226		2244		2		0
369.774		209.755		2277		2		0
374.386		242.236		2243		2		0
376.997		248.534		2240		2		0
436.712		167.387		2183		2		0
453.734		207.401		2203		2		0
461.538		240.555		2168		2		0
458.377		246.37		2176		2		0
398.8		247.123		2200		2		0
407.961		300.096		2178		2		0
417.915		339.471		2374		2		0
414.48		349.336		2310		2		0
427.762		247.009		2180		2		0
438.153		295.298		2230		2		0
440.688		333.096		2370		2		0
444.776		348.139		2287		2		0
407.314		163.444		2194		2		0
381.527		261.002		2260		2		0
384.342		245.643		2246		2		0
457.374		259		2198		2		0
465.001		247.749		2144		2		0
Frame 42
410.201		248.522		2188		2		0
406.156		201.135		2155		2		0
402.08		153.875		2191		2		0
398.447		129.769		2093		2		0
372.611		171.544		2241		2		0
366.047		211.978		2283		2		0
370.959		244.43		2249		2		0
374.066		250.173		2247		2		0
433.063		169.077		2185		2		0
450.166		210.351		2205		2		0
458.273		243.462		2157		2		0
455.373		248.063		2177		2		0
395.824		248.896		2206		2		0
405.683		302.57		2170		2		0
417.75		340.051		2364		2		0
414.287		349.927		2289		2		0
424.724		248.153		2179		2		0
436.829		296.759		2224		2		0
440.443		333.314		2359		2		0
449.043		350.967		0		2		0
403.101		165.681		2193		2		0
378.798		262.096		2258		2		0
381.237		246.879		2248		2		0
455.579		259.834		2181		2		0
461		249.569		2158		2		0
Frame 43
406.624		250.201		2192		2		0
402.621		203.1		2160		2		0
398.672		155.993		2180		2		0
394.42		132.095		2087		2		0
368.953		173.437		2241		2		0
362.469		213.856		2280		2		0
366.704		246.344		2258		2		0
370.055		255.521		2239		2		0
428.619		170.751		2184		2		0
446.606		211.637		2205		2		0
453.313		245.072		2170		2		0
451.292		250.429		2183		2		0
392.237		250.872		2207		2		0
402.203		305.429		2171		2		0
413.958		343.617		2354		2		0
411.646		353.162		2148		2		0
421.167		249.527		2187		2		0
436.034		297.974		2211		2		0
439.952		333.465		2364		2		0
448.38		347.56		2295		2		0
399.654		167.774		2193		2		0
372.499		265		2278		2		0
376.664		254.581		2258		2		0
451.333		263.665		2193		2		0
457.334		252.999		2169		2		0
Frame 44
402.518		252.592		2198		2		0
398.049		205.842		2160		2		0
393.552		158.997		2179		2		0
389.363		135.032		2081		2		0
364.225		176.386		2237		2		0
356.965		217.126		2277		2		0
362.093		249.558		2257		2		0
364.511		252.166		2257		2		0
423.695		173.758		2185		2		0
442.182		214.268		2203		2		0
451.2		247.395		2175		2		0
447.883		253.762		2183		2		0
388.47		253.422		2209		2		0
398.389		308.57		2168		2		0
413.436		345.445		2352		2		0
411.223		354.725		2142		2		0
416.715		251.733		2191		2		0
431.78		301.49		2221		2		0
437.471		340.442		2372		2		0
446.921		351.466		0		2		0
394.677		170.723		2196		2		0
368.643		264.251		2255		2		0
371.998		250.993		2269		2		0
448.334		265.998		2184		2		0
452.688		252.124		2159		2		0
Frame 45
398.737		255.072		2202		2		0
394.085		208.456		2164		2		0
389.514		161.611		2187		2		0
384.892		138.242		2077		2		0
359.821		179.246		2240		2		0
353.351		219.14		2284		2		0
357.626		251.632		2262		2		0
361.228		258.166		2257		2		0
419.481		176.165		2185		2		0
436.419		217.445		2212		2		0
445.508		250.61		2174		2		0
443.207		256.905		2184		2		0
385.023		256.105		2212		2		0
396.955		311.211		2167		2		0
410.733		347.659		2266		2		0
409.672		356.059		2071		2		0
412.579		254.013		2196		2		0
430.06		303.358		2213		2		0
437.995		341.336		2369		2		0
446.512		352.433		0		2		0
390.646		173.35		2194		2		0
365.995		270.546		2278		2		0
368.157		256.505		2257		2		0
443.796		268.999		2185		2		0
448.406		255.99		2154		2		0
Frame 46
393.022		258.249		2206		2		0
387.831		212.358		2167		2		0
382.587		166.23		2189		2		0
379.25		142.165		2082		2		0
354.033		183.209		2236		2		0
347.091		223.411		2280		2		0
354		255.512		2266		2		0
354.492		259.412		2267		2		0
413.659		179.267		2191		2		0
431.79		220.202		2213		2		0
442.411		253.11		2174		2		0
439.497		258.956		2177		2		0
379.437		259.649		2221		2		0
392.261		315.098		2170		2		0
408.614		348.566		2199		2		0
408.571		356.74		2077		2		0
406.754		256.827		2201		2		0
426.358		306.179		2220		2		0
437.758		340.878		2367		2		0
447.775		351.875		0		2		0
383.901		177.791		2197		2		0
357.742		272.124		2289		2		0
361.666		259.883		2276		2		0
440.589		267.202		2186		2		0
444.702		260.589		2166		2		0
Frame 47
388.938		261.346		2212		2		0
383.252		215.93		2169		2		0
377.648		170.081		2193		2		0
373.004		146.871		2075		2		0
348.562		186.921		2235		2		0
342.788		225.65		2274		2		0
349.095		261.966		2275		2		0
352.788		268.616		2263		2		0
407.115		183.846		2192		2		0
426.644		224.106		2216		2		0
434.626		257.587		2182		2		0
432.976		264.016		2189		2		0
375.674		262.752		2226		2		0
385.815		319.145		2166		2		0
408.291		361.045		2067		2		0
408.669		364.778		2058		2		0
402.329		259.909		2204		2		0
424.308		308.309		2208		2		0
438.263		341.33		2354		2		0
449.966		354.203		0		2		0
379.035		181.594		2192		2		0
357.695		281.897		2295		2		0
359.198		266.693		2261		2		0
432.999		276.666		2207		2		0
438.499		270		2159		2		0
Frame 48
381.185		266.187		2212		2		0
375.885		221.011		2179		2		0
370.622		175.328		2191		2		0
367.054		151.841		2073		2		0
341.727		191.706		2237		2		0
335.875		230.497		2278		2		0
340.206		262.773		2280		2		0
345.317		269.491		2272		2		0
402.207		187.361		2196		2		0
420.073		228.123		2217		2		0
429.358		261.345		2180		2		0
428.183		267.014		2189		2		0
367.614		267.424		2230		2		0
378.36		307.012		2147		2		0
407.998		345.736		2268		2		0
408.48		357.864		2072		2		0
394.889		264.923		2204		2		0
415.927		313.729		2258		2		0
437.334		338.802		2364		2		0
448.235		354.016		0		2		0
371.931		186.804		2196		2		0
350.55		281.667		2295		2		0
351.998		269.206		2282		2		0
429.743		275.003		2194		2		0
434.144		266.431		2169		2		0
Frame 49
377.226		269.246		2223		2		0
370.204		225.116		2178		2		0
363.224		180.326		2189		2		0
358.987		157.256		2076		2		0
333.99		196.996		2241		2		0
329.3		235.747		2282		2		0
334.607		267.858		2285		2		0
338.629		272.794		2282		2		0
393.243		193.002		2198		2		0
413.438		232.622		2228		2		0
420.778		266.163		2187		2		0
418.745		273.655		2194		2		0
363.775		270.574		2240		2		0
371.474		327.338		2174		2		0
401.985		351.86		2109		2		0
405.844		360.725		2067		2		0
390.816		267.903		2213		2		0
419.695		315.333		2205		2		0
441.094		343.872		2333		2		0
448.529		354.736		0		2		0
364.826		191.684		2202		2		0
344.149		285.078		2295		2		0
346.198		273.393		2286		2		0
419.384		286.125		2189		2		0
425.463		273.2		2185		2		0
Frame 50
370.31		275.427		2229		2		0
362.548		231.224		2188		2		0
354.775		186.495		2180		2		0
350.938		163.795		2076		2		0
326.235		202.781		2238		2		0
322.417		241.066		2290		2		0
328.838		273.058		2290		2		0
331.686		276.898		2291		2		0
385.195		198.974		2206		2		0
405.906		235.279		2238		2		0
412.144		269.271		2199		2		0
411.193		280.345		2192		1		0
357.357		277.248		2247		2		0
367.138		334.049		2181		2		0
404.507		359.673		2067		2		0
408.556		365.309		2057		2		0
383.411		273.574		2221		2		0
421.733		315.201		2182		2		0
443.781		343.199		2338		2		0
446.148		355.977		0		2		0
356.715		197.734		2206		2		0
335.931		289		2297		2		0
336.398		273.058		2331		2		0
412.183		293.03		2179		2		0
417.92		281.711		2198		2		0
Frame 51
360.554		280.463		2246		2		0
353.445		237.316		2189		2		0
346.283		193.375		2178		2		0
342.198		170.989		2075		2		0
318.163		209.439		2233		2		0
315.851		249.203		2290		2		0
319.953		281.527		0		2		0
326.29		286.637		2290		2		0
376.929		205.472		2203		2		0
398.442		244.049		2237		2		0
404.945		283.575		2192		2		0
403.406		292.932		2186		2		0
347.263		281.95		2268		2		0
360.706		338.267		2163		2		0
399.314		351.836		2113		1		0
412.78		363.831		2061		2		0
373.973		278.954		2223		2		0
416.662		319.815		2178		2		0
441.455		342.438		2331		2		0
445.626		358.778		2270		2		0
348.074		204.442		2203		2		0
330.248		297.25		2310		2		0
329.957		288.066		2282		2		0
404.049		305.113		2177		2		0
410.333		290.551		2209		2		0
Frame 52
354.442		287.67		2252		2		0
346.255		244.955		2199		2		0
337.965		201.393		2180		2		0
332.301		179.651		2079		2		0
310.943		218.329		2238		2		0
307.565		257.188		2292		2		0
317.124		288.702		2295		2		0
322.972		295.477		2282		2		0
367.496		212.702		2206		2		0
389.844		250.029		2247		2		0
401.997		282.724		2198		2		0
399.216		292.127		2217		1		0
341.494		289.842		2271		2		0
348.863		323.611		2177		2		0
401.918		350.617		2148		1		0
411.889		361.117		2060		2		0
367.494		285.477		2229		2		0
414.823		318.767		2179		2		0
437.718		342.824		2351		2		0
448.515		359.782		2214		2		0
340.042		212.368		2204		2		0
330.694		306.8		2292		2		0
326.933		290.884		2329		2		0
402.728		304.139		2185		2		0
405.335		290.661		2209		2		0
Frame 53
345.958		292.174		2271		2		0
336.711		252.187		2207		2		0
327.087		210.396		2181		2		0
322.084		189.288		2086		2		0
301.555		228.672		2232		2		0
299.129		265.619		2291		2		0
309.931		296.466		2302		2		0
315.862		303.322		2287		1		0
356.969		221.354		2212		2		0
381.132		257.198		2251		2		0
391.353		296.01		2210		2		0
390.674		306.382		2189		1		0
333.541		294.813		2294		2		0
341.426		329.29		2193		2		0
396.425		349.456		2140		1		0
402.816		359.34		2073		2		0
358.449		289.521		2249		2		0
405.593		323.942		2177		2		0
437.552		343.549		2343		2		0
446.383		361.38		0		2		0
329.525		221.022		2206		2		0
323.078		313.334		2319		2		0
319.574		304.911		2291		2		0
392.956		317.964		2192		2		0
400.266		302.414		2203		2		0
Frame 54
341.322		302.988		2274		2		0
329.18		263.734		2221		2		0
316.405		222.393		2203		2		0
311.095		200.276		2085		2		0
292.567		240.28		2228		2		0
291.216		277.979		2296		2		0
305.131		309.992		2317		2		0
311.716		316.594		2297		1		0
347.5		230.96		2228		2		0
373.831		264.22		2256		2		0
383.609		297.527		2207		2		0
382.692		306.308		2202		1		0
329.6		306.686		2290		2		0
338.555		362.757		2049		1		0
389.851		359.048		2048		1		0
397.107		368.138		2019		2		0
353.048		299.292		2251		2		0
409.422		319.106		2226		2		0
438.088		343.577		2332		2		0
450.181		357.846		2211		2		0
319.655		232.931		2212		2		0
315.683		321.692		2294		2		0
314.293		316.946		2297		2		0
384.826		318.935		2202		2		0
391.231		307.767		2205		2		0
Frame 55
333.055		309.535		2283		2		0
319.739		273.029		2235		2		0
305.544		234.114		2216		2		0
297.94		213.659		2086		2		0
282.627		253.369		2231		2		0
283.875		287.1		2300		2		0
294.283		317.549		2360		2		0
297.842		319.461		2332		2		0
334.799		240.811		2234		2		0
364.946		269.279		2268		2		0
375.266		303.043		2215		2		0
375.267		312.843		2210		1		0
321.487		313.357		2309		2		0
326.348		345.948		2250		1		0
395.544		341.683		2300		1		0
393.756		354.066		2077		1		0
344.668		305.703		2259		2		0
411.275		320.654		2249		2		0
439.512		342.648		2324		2		0
443.517		358.784		2255		2		0
309.175		244.077		2215		2		0
305.554		330.334		2326		2		0
302.922		321.767		2316		2		0
377.623		324.936		2215		2		0
385.971		307.727		2214		2		0
Frame 56
328.391		318.346		2277		2		0
311.944		283.238		2245		2		0
294.525		246.069		2232		2		0
284.941		227.158		2092		2		0
273.003		265.289		2238		2		0
274.708		297.487		2315		2		0
291.161		324.974		2346		2		0
293.354		325.534		2348		1		0
321.305		247.462		2258		2		0
353.313		272.697		2288		2		0
370.595		303.052		2225		2		0
370.951		312.286		2227		1		0
318.269		322.23		2316		2		0
317.977		352.096		2206		1		0
386.843		347.724		2206		1		0
384.609		360.316		2054		1		0
338.479		314.48		2258		2		0
411.479		321.171		2280		2		0
439.615		342.707		2313		2		0
441.564		351.76		0		2		0
298.97		255.557		2233		2		0
299		327		2383		2		0
291.828		326.647		2343		2		0
375.611		324.278		2221		2		0
381.367		306.784		2242		2		0
Frame 57
330.888		324.247		2277		2		0
307.976		291.67		2262		2		0
284.689		258.548		2264		2		0
270.876		242.466		2109		2		0
261.598		278.112		2253		2		0
262.799		308.218		2312		2		0
281.633		333.354		2339		1		0
287.858		341.644		2347		1		0
309.383		258.412		2286		2		0
340.758		273.616		2322		2		0
360.036		302.164		2251		1		0
359.876		310.033		2260		1		0
322.264		331.006		2280		2		0
312.553		354.188		2164		1		0
382.627		349.718		2188		1		0
391.244		358.808		2046		1		0
339.421		317.564		2272		2		0
401.699		324.656		2254		2		0
439.651		342.251		2277		1		0
445.122		360.515		2144		2		0
290.541		266.87		2259		2		0
293.602		342.903		2355		1		0
286.3		342.829		2330		1		0
364.139		322.097		2245		2		0
367.5		307.033		2243		2		0
Frame 58
328.808		327.13		2280		2		0
298.183		301.56		2279		2		0
268.404		274.3		2264		2		0
256.037		256.45		2125		2		0
253.767		297.791		2257		2		0
263.522		325.892		2326		2		0
284.231		350.106		2164		1		0
291.107		358.112		2046		1		0
296.129		264.782		2325		2		0
332.764		276.506		2346		2		0
365.521		309.724		2258		2		0
366.65		317.138		2249		1		0
319.347		338.872		2277		2		0
306.82		361.853		2032		1		0
377.377		357.123		2049		1		0
395.209		363.607		2024		2		0
337.72		318.056		2292		2		0
391.857		313.597		2269		2		0
430.637		330.398		2305		1		0
444.169		332.302		2242		2		0
275.865		281.127		2268		2		0
296.823		359.151		2034		1		0
289.557		359.365		2038		1		0
371.291		327.949		2275		2		0
376.697		308.991		2266		2		0
Frame 59
330.129		325.498		2281		2		0
294.896		303.917		2339		2		0
256.45		285.298		2280		2		0
241.906		269.958		2150		2		0
252.213		309.272		2265		2		0
276.496		331.383		2335		1		0
321.317		331.737		2284		2		0
336.833		331.961		2222		1		0
281.059		271.114		2354		2		0
321.199		279.01		2369		2		0
338.172		320.374		2328		2		0
350.049		332.658		2169		2		0
326.231		337.005		2245		2		0
309.8		361.451		2034		1		0
403.908		359.692		2074		2		0
403.155		376.679		1994		2		0
336.15		312.379		2327		2		0
391.23		314.621		2299		2		0
428.822		318.577		2303		2		0
429.727		333.661		2486		2		0
265.814		290.121		2301		2		0
348.041		330.522		2186		2		0
336.636		338.002		2204		2		0
359.572		339.856		2135		2		0
354.651		327.33		2235		2		0
Frame 60
327.682		311.47		2366		2		0
287.818		300.888		2384		2		0
247.638		290.284		2341		2		0
229.819		278.928		2200		2		0
248.651		318.668		2277		2		0
291.177		322.001		2327		2		0
328.548		330.525		2242		2		0
338.517		331.801		2197		1		0
264.685		278.668		2372		2		0
304.573		278.814		2399		2		0
334.89		285.357		2346		2		0
343.307		293.872		2327		1		0
325.965		322.516		2292		2		0
324.52		348.419		2245		1		0
416.152		345.964		2426		1		0
415.845		362.286		2088		1		0
329.347		300.715		2347		2		0
382.548		309.658		2307		2		0
420.173		313.198		2286		2		0
415.273		323.777		2324		2		0
257.717		292.933		2345		2		0
352.929		337.146		2170		2		0
334.281		338.357		2212		2		0
350.904		296.562		2301		2		0
347.115		288.743		2350		2		0
Frame 61
316.5		315.077		2335		2		0
276.206		304.38		2360		2		0
236.252		293.856		2379		2		0
217.229		285.803		2275		2		0
236.983		321.988		2298		1		0
279.251		325.187		2340		1		0
320.779		321.338		2286		2		0
334.962		321.488		2222		1		0
250.891		284.937		2381		2		0
291.405		276.912		2413		2		0
324.229		280.774		2350		2		0
334.642		287.029		2327		1		0
313.529		326.553		2303		2		0
329.163		382.563		1962		1		0
372.928		353.399		2092		1		0
378.788		370.927		2022		1		0
319.435		303.713		2371		2		0
375.884		304.011		2317		2		0
420.76		294.124		2261		2		0
413.643		308.778		0		2		0
246.215		296.468		2357		2		0
346.15		320.37		2195		2		0
333.981		330.471		2222		2		0
347.251		290.556		2293		2		0
333.882		280.774		2366		2		0
Frame 62
305.836		312.42		2364		2		0
264.645		304.181		2364		2		0
223.609		296.084		2395		2		0
204.205		290.571		2332		2		0
224.04		324.05		2324		1		0
266.26		327.154		2344		1		0
307.11		321.882		2328		2		0
321.083		319.444		2275		1		0
240.886		280.632		2405		2		0
279.111		273.32		2427		2		0
320.572		277.008		2356		1		0
332.103		284.056		2293		1		0
304.842		325.536		2336		2		0
358.567		319.556		2255		2		0
388.963		310.878		2351		2		0
405.441		312.576		2310		2		0
306.787		299.807		2405		2		0
368.973		285.816		2316		2		0
407.285		277.406		2311		2		0
408.229		287.4		2287		2		0
233.862		298.094		2372		2		0
331.217		315.202		2240		2		0
323.621		330.186		2276		2		0
343.157		285.965		2281		2		0
335.8		275.599		2381		2		0
Frame 63
297.358		302.627		2407		2		0
256.61		299.147		2393		2		0
215.801		295.785		2416		2		0
195.011		291.354		3465		2		0
216.049		323.437		2352		1		0
244.922		326.602		2314		2		0
288.4		318.071		2411		2		0
304.893		316.302		2341		1		0
226.91		282.422		2417		2		0
266.552		270.018		2444		2		0
299.174		274.412		2384		2		0
309.878		278.082		2332		1		0
297.785		315.072		2366		2		0
358.178		307.82		2295		2		0
392.687		301.992		2349		2		0
403.767		306.268		2279		2		0
296.939		290.479		2411		2		0
363.818		274.37		2316		2		0
402.463		266.475		2236		2		0
396.023		267.153		2272		2		0
226.017		296.615		2388		2		0
313.749		313.494		2312		2		0
300.525		316.331		2356		2		0
321.119		282.162		2288		2		0
312.711		270.855		2370		2		0
Frame 64
290.679		296.89		2434		2		0
250.821		297.835		2410		2		0
209.666		298.473		2431		2		0
192.625		293.82		3431		2		0
209.778		326.07		2365		1		0
191.144		315.179		2255		2		0
236.224		309.963		2357		1		0
251.272		308.24		2377		1		0
220.788		285.136		2427		1		0
258.302		267.288		2467		2		0
287.465		264.44		2405		2		0
294.613		266.415		2395		2		0
291.13		307.108		2394		2		0
342.468		307.15		2268		2		0
380.998		296.367		2339		2		0
398.111		296.651		2288		2		0
290.322		286.98		2419		2		0
343.5		269.565		2311		2		0
385.947		250.535		2276		2		0
376.525		263.269		2314		2		0
220.164		298.185		2397		2		0
259.848		305.143		2392		1		0
247.098		308.347		2371		1		0
307.333		267.66		2359		2		0
294.25		259.749		2410		2		0
Frame 65
286.728		295.027		2446		2		0
247.564		302.558		2396		2		0
207.145		312.534		2372		2		0
189.21		308.782		2302		1		0
207.225		341.099		2339		1		0
195.244		313.175		2288		2		0
239.784		310.288		2351		2		0
245.19		310.622		2362		1		0
218.557		298.759		2401		1		0
247.62		268.684		2499		2		0
274.728		257.446		2436		2		0
282.2		258.831		2406		2		0
288.41		306.074		2400		2		0
339.536		304.482		2282		2		0
376.734		289.684		2334		2		0
392.012		290.413		2291		2		0
284.709		284.025		2430		2		0
335.112		260.258		2316		2		0
369.319		236.099		2298		2		0
359.564		248.675		2296		2		0
217.249		310.197		2368		2		0
249		310.5		2374		2		0
243.8		313.4		2362		2		0
292.077		259.228		2404		2		0
283.746		254.683		2412		2		0
Frame 66
280.942		293.585		2458		2		0
244.297		302.01		2403		2		0
205.096		311.273		2386		2		0
182.364		310.238		2296		2		0
205.127		339.694		2352		1		0
191.685		311.87		2301		1		0
235.9		309.875		2362		2		0
242.041		310.634		2373		1		0
212.009		283.513		2470		2		0
248.27		264.447		2509		2		0
274.218		255.099		2441		2		0
277.241		255.75		2437		2		0
282.618		304.458		2416		2		0
329.821		295.242		2309		2		0
373.599		281.82		2330		2		0
389.005		282.258		2284		2		0
279.942		283.131		2448		2		0
323.206		257.556		2317		1		0
353.944		235.549		2285		2		0
359.428		249.756		0		2		0
215.043		308.978		2377		2		0
246		309		2390		2		0
240.626		316.248		2367		2		0
288.202		258.599		2404		2		0
278.678		256.352		2431		2		0
Frame 67
277.501		295.42		2461		2		0
242.641		303.879		2413		2		0
205.159		312.798		2386		2		0
182.365		310.2		2307		2		0
205.195		341.236		2330		1		0
184.567		318.573		2278		2		0
229.012		314.874		2353		2		0
238.325		313.59		2380		1		0
212.816		285.754		2480		1		0
242.079		265.34		2541		2		0
272.004		256.836		2470		2		0
276.648		256.38		2459		1		0
279.393		306.548		2421		2		0
325.842		299.889		2286		1		0
372.952		278.019		2311		2		0
379.54		293.813		3525		1		0
275.325		284.812		2472		2		0
321.647		257.106		2354		1		0
339.699		225.888		2268		2		0
344.997		239.63		2317		1		0
214.777		310.469		2374		2		0
245.368		313.046		2401		2		0
239.716		322.285		2371		2		0
288		250		2377		2		0
277.109		262.416		2373		2		0
Frame 68
271.542		294.598		2469		2		0
236.1		303.293		2422		2		0
199.849		312.524		2387		2		0
179.983		309.708		2331		2		0
199.769		340.933		2337		1		0
183.186		315.503		2291		2		0
227.269		309.859		2369		2		0
232.83		309.573		2384		1		0
208.646		285.495		2498		1		0
241.738		264.904		2566		2		0
271.899		256.974		2440		1		0
275.127		253.127		2398		1		0
271.618		304.026		2440		2		0
315.89		301.392		2283		1		0
360.298		275.51		2320		2		0
377.818		275.822		2277		2		0
270.162		284.945		2490		2		0
315.649		251.034		2371		1		0
335.533		221.381		0		1		0
340.928		234.668		0		1		0
209.013		310.168		2389		2		0
236		307.5		2389		2		0
232.429		315.284		2364		2		0
278.201		249.992		2388		2		0
271.666		257.999		2411		2		0
Frame 69
269.616		291.79		2499		2		0
234.797		300.419		2440		2		0
198.603		309.261		2416		2		0
178.629		307.626		2361		2		0
198.49		337.25		2392		1		0
182.506		314.305		2300		2		0
226.521		309.071		2382		2		0
231		314		2372		1		0
205.967		283.176		2521		2		0
239.294		266.207		2604		2		0
269.167		259.018		2339		1		0
279.293		257.15		2351		1		0
270.603		301.471		2459		2		0
313.104		295.648		2290		1		0
358.764		270.976		2310		2		0
374.419		269.182		2241		2		0
268.458		282.39		2497		2		0
291.646		243.424		2325		2		0
320.635		221.446		2271		1		0
324.349		236.688		0		1		0
207.787		307.02		2405		2		0
234.19		311.902		2402		1		0
231		314		2372		1		0
282.264		254.164		2327		1		0
275.992		261.841		2348		1		0
Frame 70
266.621		290.426		2513		2		0
233.38		299.794		2451		2		0
198.136		309.205		2426		2		0
178.031		307.619		2378		2		0
198.013		337.146		2384		1		0
182.279		313.848		2307		2		0
206.061		285.448		2523		2		0
203.88		283.299		2532		1		0
205.603		283.415		2536		2		0
236.146		268.447		2627		2		0
263.581		261.943		2375		1		0
269.451		255.02		2345		2		0
267.545		299.738		2471		2		0
308.656		295.251		2289		1		0
354.371		271.109		2289		2		0
371.631		266.198		2241		2		0
265.557		281.056		2504		2		0
286.509		242.293		2327		2		0
309.751		216.365		2238		2		0
313.687		231.355		2344		1		0
207.139		306.857		2413		2		0
207.997		274.749		2594		2		0
213.085		286.994		2509		2		0
272.38		252.012		2342		1		0
266.094		259.721		2357		1		0
Frame 71
267.389		289.062		2535		2		0
233.234		299.31		2457		2		0
197.098		309.275		2435		2		0
176.938		307.471		2391		2		0
196.953		337.141		2383		1		0
181.985		313.147		2317		2		0
205.113		284.987		2545		2		0
202.844		283.618		2552		1		0
204.642		283.809		2552		1		0
234.752		269.633		2657		2		0
262.276		262.958		2395		1		0
270.682		264.652		2424		2		0
269.01		297.912		2479		2		0
310.977		289.547		2308		1		0
358.52		269.674		2262		2		0
377.732		264.426		0		1		0
266.265		279.306		2508		2		0
277.105		242.378		2332		2		0
300.781		217.222		2238		1		0
303.925		232.225		2353		1		0
206.394		306.717		2425		2		0
208.083		274.77		2610		2		0
212.223		286.885		2524		2		0
278.501		259		2425		2		0
265.385		266.003		2418		2		0
Frame 72
267.248		287.018		2548		2		0
232.498		297.58		2469		2		0
196.06		308.473		2445		2		0
176.037		306.9		2393		2		0
195.892		336.205		2395		1		0
181.352		312.624		2325		2		0
204.444		284.716		2552		1		0
201.537		284.34		2554		1		0
203.667		283.347		2563		1		0
233.476		271.386		2673		2		0
251.443		265.916		2474		2		0
259.685		259.516		2392		2		0
268.82		297.298		2483		2		0
310.684		288.367		2306		1		0
358.354		269.478		2228		2		0
371.506		265.186		2106		2		0
265.997		276.088		2506		2		0
274.247		242.467		2334		2		0
297.763		217.336		2232		1		0
300.708		232.317		4678		1		0
205.357		305.695		2436		2		0
207.357		275.42		2603		2		0
211.376		287.872		2513		2		0
264.56		250.639		2362		2		0
254.138		253.809		2393		2		0
Frame 73
266.904		286.726		2553		2		0
232.294		297.478		2481		2		0
195.91		308.522		2451		2		0
175.661		306.834		2405		2		0
195.83		336.271		2395		1		0
180.807		311.951		2338		2		0
204.014		284.292		2563		1		0
200.859		284.477		2571		1		0
203.781		283.371		2578		1		0
232.405		274.48		2690		2		0
251.156		266.144		2463		2		0
258.702		259.322		2412		2		0
267.871		297.565		2489		2		0
308.853		288.036		2311		1		0
355.459		269.831		2224		2		0
365.23		265.799		2094		2		0
266.118		275.689		2521		2		0
272.365		242.232		2338		2		0
295.741		217.143		2236		1		0
299.125		231.924		4710		1		0
205.193		305.722		2444		2		0
202.67		280.867		2595		2		0
210.534		286.73		2533		2		0
263.889		249.776		2376		2		0
251.392		254.761		2404		2		0
Frame 74
266.879		287.055		2565		2		0
232.206		297.562		2485		2		0
195.742		308.377		2441		2		0
175.35		306.606		2415		2		0
195.803		336.297		2398		1		0
180.213		311.863		2345		2		0
203.447		284.291		2581		1		0
200.389		284.683		2580		1		0
204.14		283.281		2590		1		0
232.503		274.663		2705		2		0
252.794		264.253		2446		2		0
258.037		257.645		2397		2		0
267.767		298		2487		2		0
308.211		287.412		2313		1		0
354.78		270.103		2205		2		0
364.569		266.659		2081		2		0
266.108		276.12		2528		2		0
271.479		241.701		2340		2		0
294.796		216.605		2240		1		0
298.151		231.211		4698		1		0
205.039		305.637		2446		2		0
201.514		281.15		2607		2		0
210.001		286.349		2541		2		0
263.782		249.086		2375		2		0
250.415		252.51		2417		2		0
Frame 75
266.661		287.431		2564		2		0
231.705		297.514		2485		2		0
194.984		307.422		2464		2		0
174.742		306.088		2426		2		0
195.289		335.705		2408		1		0
179.215		311.125		2354		1		0
202.352		283.75		2602		1		0
199.85		284.414		2596		1		0
204.221		282.907		2611		1		0
236.103		273.797		2721		2		0
253.732		264.09		2446		2		0
257.016		259.864		2428		2		0
267.128		298.406		2487		2		0
307.149		287.578		2314		1		0
352.598		272.134		2192		2		0
358.036		289.063		3495		1		0
266.035		276.654		2533		2		0
271.087		241.527		2343		2		0
294.373		216.435		2242		1		0
297.341		230.69		4704		1		0
204.321		304.956		2469		2		0
201.5		280.749		2624		2		0
209.002		286.533		2555		2		0
261.077		250.921		2386		2		0
250.315		259.517		2430		2		0
Frame 76
267.206		292.079		2531		2		0
231.786		298.431		2481		2		0
195.074		306.841		2477		2		0
174.83		305.561		2443		2		0
195.358		335.023		2405		1		0
179.333		310.646		2361		1		0
202.337		283.382		2609		1		0
199.948		283.862		2610		1		0
204.559		282.284		2619		1		0
234.158		273.398		2724		2		0
252.741		263.742		2447		2		0
257.74		257.876		2408		2		0
266.773		301.542		2486		2		0
303.934		288.233		2331		1		0
348.724		272.47		2200		2		0
354.236		289.193		3420		2		0
267.989		284.217		2562		2		0
271.014		241.529		2345		2		0
294.293		216.441		2238		1		0
297.498		230.566		4689		1		0
204.387		304.752		2471		2		0
202.927		280.693		2631		2		0
209.001		285.996		2570		2		0
261.283		249.854		2387		2		0
252.453		251.313		2405		2		0
Frame 77
266.061		292.576		2536		2		0
231.32		298.842		2482		2		0
195.165		306.608		2476		2		0
175.007		305.058		2435		2		0
195.443		334.749		2417		1		0
179.468		310.465		2365		1		0
202.358		283.276		2619		1		0
200.244		283.812		2615		1		0
204.74		282.048		2622		1		0
236.961		273.63		2723		2		0
254.56		264.023		2446		2		0
259.683		258.458		2412		2		0
265.62		301.67		2493		2		0
303.485		288.525		2334		1		0
348.943		276.225		2198		2		0
364.515		273.128		2039		2		0
266.576		284.396		2552		2		0
271.205		241.949		2355		2		0
294.474		216.901		2275		1		0
297.652		231.012		2397		1		0
204.346		304.655		2476		2		0
201.74		280.492		2636		2		0
208.918		285.745		2574		2		0
263.838		250.514		2381		2		0
253.98		252.545		2411		2		0
Frame 78
266.161		293.131		2533		2		0
231.415		299.157		2476		2		0
195.356		306.292		2478		2		0
175.341		304.601		2447		2		0
195.512		334.851		2413		1		0
179.522		310.552		2370		1		0
202.422		283.337		2618		1		0
200.565		283.919		2620		1		0
204.981		282.071		2624		1		0
239.248		277.465		2743		2		0
257.395		265.607		2449		2		0
262.771		259.093		2408		2		0
265.729		302.373		2492		2		0
303.323		290.586		2325		1		0
348.845		278.263		2194		2		0
354.302		295.211		3393		2		0
266.643		284.588		2547		2		0
270.351		246.294		2361		2		0
293.518		221.507		2239		1		0
296.596		235.708		2328		1		0
204.496		304.514		2474		2		0
202.228		280.669		2636		2		0
208.917		285.746		2578		2		0
268.134		250.816		2377		2		0
256.84		253.017		2405		2		0
Frame 79
266.261		293.541		2533		2		0
231.466		299.29		2473		2		0
195.491		306.084		2477		2		0
175.513		304.285		2453		2		0
195.569		334.905		2412		1		0
179.566		310.592		2372		1		0
202.477		283.36		2614		1		0
201.397		283.925		2617		1		0
205.131		282.068		2625		1		0
239.326		277.517		2730		2		0
253.7		268.457		2509		1		0
262.614		261.472		2400		2		0
265.751		302.435		2491		2		0
304.93		292.443		2320		1		0
349.406		278.878		2217		2		0
354.78		295.823		2222		2		0
266.825		285.207		2541		2		0
275.696		247.113		2354		2		0
299.124		222.359		2235		1		0
302.33		236.586		2329		1		0
204.595		304.42		2476		2		0
202.14		280.659		2641		2		0
210.002		285.531		2575		2		0
267.407		252.314		2379		2		0
257.938		254.697		0		2		0
Frame 80
266.469		294.13		2524		2		0
231.605		299.528		2475		2		0
195.621		306.035		2463		2		0
175.76		304.073		2452		2		0
195.765		335.068		2397		1		0
179.738		310.724		2374		1		0
208.527		287.51		2564		2		0
217.726		281.465		2642		1		0
205.428		282.132		2626		1		0
239.727		277.255		2726		2		0
254.221		268.104		2542		1		0
265.123		262.164		2391		2		0
265.892		302.613		2493		2		0
305.976		293.094		2323		1		0
352.842		282.798		2209		2		0
358.285		299.792		0		2		0
267.121		286.267		2537		2		0
279.726		248.632		2349		2		0
311.222		229.97		2239		2		0
314.89		244.515		0		1		0
204.709		304.42		2483		2		0
225.624		274.998		2705		2		0
225.192		287.181		2557		2		0
269.591		253.664		2376		2		0
262.231		255.175		2404		2		0
Frame 81
267.834		294.536		2527		2		0
232.31		299.613		2472		2		0
196.17		305.623		2476		2		0
176.438		303.643		2467		2		0
196.121		334.946		2408		1		0
180.088		310.588		2372		1		0
210.265		288.184		2551		2		0
219.429		282.144		2624		1		0
205.862		281.956		2626		1		0
240.495		277.063		2715		2		0
258.153		274.458		2513		2		0
264.784		271.766		2455		2		0
267.057		302.635		2485		2		0
320.07		299.936		2288		2		0
361.371		282.872		2205		2		0
372.331		286.09		2120		2		0
268.585		286.723		2527		2		0
280.488		248.868		2359		2		0
311.599		229.588		2245		1		0
315.064		244.156		2345		1		0
205.274		304.138		2481		2		0
226.799		275.865		2696		2		0
228.286		285.998		2580		2		0
271.729		268.274		2402		2		0
260.995		265.335		2498		2		0
Frame 82
268.054		295.368		2519		2		0
232.602		299.941		2472		2		0
196.518		305.549		2475		2		0
176.722		303.578		2461		2		0
196.543		334.984		2402		1		0
180.511		310.62		2373		1		0
210.703		288.265		2548		2		0
220.627		281.679		2634		1		0
206.306		281.943		2618		1		0
236.984		277.852		2702		2		0
248.054		276.306		2705		1		0
262.667		274.914		2489		2		0
267.547		303.621		2484		2		0
320.554		301.259		2298		2		0
364.001		288.29		2206		2		0
378.661		289.891		2125		2		0
268.589		287.196		2521		2		0
295.871		256.57		2321		2		0
327.153		232.92		2216		2		0
331.115		247.722		4729		1		0
205.576		304.147		2478		2		0
228.142		275.14		2689		2		0
227.219		288.402		2542		2		0
265.833		266.667		2452		2		0
261.161		270.342		2512		2		0
Frame 83
268.343		295.434		2512		2		0
233.037		300.234		2463		2		0
196.926		305.795		2474		2		0
176.948		303.693		2454		2		0
197.097		335.479		2393		1		0
217.144		312.765		2402		2		0
230.498		283.964		2621		2		0
226.972		279.444		2642		1		0
206.854		282.302		2597		1		0
242.694		274.989		2686		2		0
260.277		272.007		2651		1		0
269.352		271.43		2434		2		0
268.17		303.768		2478		2		0
327.975		305.132		2297		2		0
365.05		293.478		2236		2		0
384.349		296.222		2163		2		0
268.661		287.19		2508		2		0
298.184		260.493		2318		2		0
327.821		238.582		2295		1		0
343.072		243.537		2244		2		0
206.005		304.401		2479		2		0
228.504		271.333		2709		2		0
235.789		282.791		2667		2		0
274.364		266.542		2400		2		0
269.909		267.232		2448		2		0
Frame 84
268.653		295.995		2512		2		0
233.592		300.779		2466		2		0
197.694		306.086		2468		2		0
177.577		303.726		2458		2		0
197.908		335.904		2396		1		0
223.381		317.21		2395		2		0
238.637		286.041		2577		1		0
235.945		279.464		2686		1		0
207.638		282.608		2589		1		0
243.302		274.612		2672		2		0
259.889		271.712		2666		1		0
272.604		273.574		2442		2		0
268.436		304.629		2475		2		0
330.198		312.116		2303		2		0
367.417		301.096		2245		2		0
387.618		305.106		2166		2		0
268.917		287.428		2501		2		0
303.322		269.338		2308		2		0
339.689		246.97		2275		2		0
350.007		247.235		2226		2		0
206.725		304.75		2474		2		0
238.42		270.653		2685		2		0
244.66		280.249		2701		2		0
279.2		269		2409		2		0
275.928		269.543		0		2		0
Frame 85
272.861		297.124		2501		2		0
235.322		301.338		2460		2		0
198.026		306.167		2462		2		0
178.045		303.756		2465		2		0
198.24		336.036		2379		1		0
218.159		313.721		2393		2		0
231.737		284.86		2580		1		0
228.605		278.71		2622		1		0
207.961		282.683		2582		1		0
241.393		276.686		2665		2		0
269.177		284.186		2491		2		0
275.949		283.815		2422		2		0
273.726		308.088		2455		2		0
326.905		316.897		2315		2		0
379.219		309.922		2232		2		0
393.933		311.874		2140		2		0
272.363		286.847		2463		2		0
316.123		273.872		2296		2		0
356.985		257.51		2247		2		0
362.317		263.14		2218		2		0
207.311		304.911		2471		2		0
231.176		269.823		2692		2		0
237.926		283.559		2622		2		0
284.999		287.5		2379		2		0
277.054		276.434		2437		2		0
Frame 86
274.644		294.369		2473		2		0
236.339		300.553		2459		2		0
198.205		306.136		2462		2		0
178.571		303.753		2454		2		0
198.412		336.027		2387		1		0
229.201		309.42		2421		1		0
268.644		310.266		2475		2		0
277.581		308.798		2458		1		0
208.13		282.646		2570		1		0
244.762		274.671		2648		2		0
272.526		284.392		2485		2		0
281.715		284.246		2394		1		0
275.092		305.021		2453		2		0
336.046		318.814		2335		2		0
384.177		317.771		2253		2		0
398.706		319.962		2162		2		0
274.545		283.509		2462		2		0
319.493		282.617		2287		2		0
361.654		273.691		2254		2		0
373.837		271.583		2176		2		0
207.666		304.776		2468		2		0
284.712		308.883		2463		2		0
282.232		314.881		2438		2		0
290.234		281.838		2364		2		0
283.44		278.869		2485		2		0
Frame 87
276.179		295.087		2446		2		0
238.259		300.682		2443		2		0
199.713		306.08		2458		2		0
179.686		303.821		2448		2		0
199.932		336.073		2376		1		0
230.696		309.095		2419		1		0
269.96		310.253		2456		1		0
279.085		309.261		2446		1		0
208.66		282.706		2558		2		0
245.678		274.222		2627		2		0
273.061		273.524		2610		2		0
273.729		276.195		2597		2		0
276.659		305.364		2446		2		0
328.992		319.464		2355		2		0
380.346		323.922		2292		2		0
396.363		330.001		2234		2		0
275.958		284.718		2492		2		0
324.786		292.092		2277		2		0
368.757		285.251		2264		2		0
383.509		287.482		2171		2		0
209.415		304.735		2459		2		0
286.45		311.239		2444		2		0
281.698		315.333		2433		2		0
284.788		277.78		2607		2		0
275.537		271.733		2630		2		0
Frame 88
276.713		304.022		2448		2		0
238.596		304.003		2429		2		0
199.889		306.173		2453		2		0
180.017		303.884		2451		2		0
200.104		336.208		2375		1		0
230.905		309.184		2406		1		0
270.178		310.359		2440		1		0
280.652		309.423		2433		1		0
209.625		282.162		2547		2		0
247.077		274.438		2610		2		0
274.702		274.932		2586		2		0
279.572		278.915		2568		1		0
276.008		314.287		2425		2		0
329.15		320.351		2377		2		0
380.196		324.8		2340		1		0
396.108		330.86		2311		1		0
277.42		293.716		2448		2		0
332.209		301.679		2278		2		0
377.564		296.657		2275		2		0
392.025		300.969		2192		2		0
209.626		305.2		2449		2		0
290.667		312.333		2437		2		0
280.499		318.213		2417		2		0
286.203		280.589		2575		2		0
277.69		283.998		2515		2		0
Frame 89
276.882		304.026		2445		2		0
238.504		304.202		2422		2		0
199.564		306.202		2450		2		0
180.099		303.907		0		2		0
198.815		336.055		2378		1		0
229.56		309.054		2392		1		0
268.812		310.259		2442		1		0
279.879		309.585		2427		1		0
209.579		282.544		2534		2		0
247.591		275.323		2585		2		0
275.834		275.415		2566		1		0
280.447		280.03		2545		1		0
275.991		314.303		2426		2		0
327.989		320.517		2315		1		0
376.7		324.864		2377		1		0
380.756		342.999		2274		1		0
278.13		293.672		2442		2		0
332.944		313.72		2279		2		0
382.633		309.942		2284		2		0
394.953		322.73		0		2		0
209.355		305.363		2442		2		0
287.43		314.442		2424		2		0
281.375		318.499		2413		2		0
289.429		281.711		2569		2		0
279.026		285.197		2495		2		0
Frame 90
277.355		304.001		2432		2		0
238.518		304.427		2412		2		0
199.408		306.252		2443		2		0
180.407		303.977		2453		2		0
198.116		335.959		2400		1		0
228.838		308.978		2386		1		0
268.087		310.19		2445		1		0
278.704		310.412		2422		1		0
210.966		283.537		2509		2		0
248.437		274.147		2562		2		0
277.107		275.567		2538		1		0
280.979		279.953		2529		1		0
276.062		314.314		2415		2		0
327.88		320.579		2263		1		0
380.786		325.273		2290		2		0
395.815		324.437		2230		2		0
279.118		293.573		2453		2		0
327.009		318.357		2267		2		0
379.901		314.687		2350		1		0
396.364		329.122		2250		2		0
209.203		305.523		2436		2		0
286.919		314.853		2418		2		0
276.577		318.578		2415		2		0
292.002		283.285		2545		2		0
280.748		285.624		2492		2		0
Frame 91
280.169		303.896		2407		2		0
241.189		304.996		2388		2		0
201.869		306.51		2434		2		0
182.391		304.711		2425		2		0
199.647		336.053		2387		1		0
230.546		308.94		2377		1		0
269.906		310.174		2434		1		0
280.65		310.628		2412		1		0
216.057		285.058		2472		2		0
248.587		274.02		2535		2		0
277.504		275.233		2516		2		0
279.807		278.655		2511		1		0
277.606		314.464		2414		2		0
327.559		320.578		2256		1		0
380.57		327.745		2286		2		0
385.582		344.535		2222		1		0
282.95		293.062		2430		2		0
328.194		319.119		2257		2		0
381.157		315.524		2348		1		0
393.629		325.064		2276		2		0
211.774		306.075		2417		2		0
289.149		315.315		2400		2		0
276.184		318.499		2408		2		0
291.002		281.308		2517		2		0
278.253		284.52		2490		2		0
Frame 92
280.396		304.164		2408		2		0
241.08		305.219		2382		2		0
201.647		306.727		2425		2		0
182.524		304.963		2423		2		0
198.736		336.111		2393		1		0
229.575		309.05		2370		1		0
268.909		310.275		2415		1		0
279.581		310.606		2417		1		0
216.127		285.127		2457		2		0
251.231		273.73		2515		2		0
280.44		275.49		2496		2		0
280.799		279.012		2491		1		0
278.73		315.271		2410		2		0
334.615		322.266		2247		1		0
385.998		328.376		2280		2		0
401.741		331.273		2194		2		0
282.737		293.115		2429		2		0
328.099		318.899		2242		2		0
381.189		315.583		2331		1		0
396.218		324.857		2258		2		0
211.576		306.289		2413		2		0
288.185		315.38		2405		2		0
274.813		318.726		2413		2		0
292.001		281.314		2497		2		0
280.259		285.525		2471		2		0
Frame 93
279.432		304.176		2409		2		0
240.606		305.43		2383		2		0
201.527		306.911		2417		2		0
182.666		305.317		2402		2		0
198.483		336.158		2398		1		0
229.267		309.144		2362		1		0
268.561		310.33		2404		1		0
278.944		311.003		2414		1		0
216.196		285.106		2446		2		0
251.83		273.646		2493		2		0
280.747		275.426		2478		2		0
284.162		279.373		2475		1		0
277.733		315.119		2400		2		0
327.904		319.857		2232		1		0
380.922		328.967		2281		2		0
400.251		328.805		2233		2		0
280.85		293.222		2428		2		0
329.38		318.629		2236		2		0
382.627		315.094		2292		1		0
401.036		331.098		2254		2		0
211.375		306.497		2405		2		0
288.1		315.802		2397		2		0
274.286		318.291		2414		2		0
294.25		280.999		2492		2		0
281.058		285.686		2464		2		0
Frame 94
280.18		304.768		2391		2		0
241.705		306.805		2374		2		0
202.91		309.19		2399		2		0
183.404		306.58		2392		2		0
199.284		337.795		2396		1		0
230.335		310.583		2358		1		0
269.905		311.727		2405		1		0
280.154		311.688		2400		1		0
217.425		286.366		2431		2		0
253.053		273.598		2477		2		0
282.398		275.436		2460		2		0
287.233		280.854		2460		2		0
278.521		316.32		2400		2		0
329.178		319.848		2224		1		0
382.169		329.092		2322		2		0
398.766		320		2210		2		0
281.549		293.368		2419		2		0
336.55		318.798		2235		2		0
385.757		316.682		2272		2		0
403.089		333.127		2232		2		0
212.643		308.549		2392		2		0
288.997		316.105		2394		2		0
282.792		320.397		2393		2		0
296.334		282.667		2480		2		0
284.057		286.41		2459		2		0
Frame 95
280.065		305.526		2381		2		0
241.545		307.033		2365		2		0
202.776		309.188		2384		2		0
183.474		306.875		0		2		0
198.837		337.562		2391		1		0
229.826		310.398		2355		1		0
269.345		311.545		2396		1		0
279.822		312.617		2399		1		0
217.311		286.324		2422		2		0
253.363		273.95		2466		2		0
282.905		275.543		2433		2		0
286.589		281.625		2450		2		0
278.056		317.178		2395		2		0
328.885		320.087		2211		1		0
381.888		329.015		2324		2		0
402.185		326.695		2180		2		0
281.779		293.789		2408		2		0
336.682		318.824		2228		2		0
386.929		317.888		2260		2		0
403.126		331.749		2194		2		0
212.536		308.586		2385		2		0
288.635		318.276		2389		2		0
278.4		320.276		2395		2		0
297.144		285.713		2470		2		0
282.664		287.666		2440		2		0
Frame 96
280.047		305.966		2375		2		0
241.641		308.01		2362		2		0
202.961		310.306		2380		2		0
183.963		308.334		0		2		0
198.903		338.441		2380		1		0
230.008		311.189		2351		1		0
269.663		312.311		2396		1		0
279.998		313.433		2387		1		0
217.523		287.165		2412		2		0
253.996		274.523		2457		2		0
283.618		276.781		2443		2		0
286.615		282.576		2437		2		0
277.928		317.732		2392		2		0
328.82		320.252		2209		1		0
381.854		328.996		2321		1		0
396.267		319.674		2210		2		0
281.938		294.066		2405		2		0
333.814		319.713		2214		2		0
385.978		317.283		2256		2		0
402.736		331.162		2252		2		0
212.684		309.711		2376		2		0
288.723		320.278		2384		2		0
280.738		322.119		2389		2		0
296.334		285.834		2455		2		0
282.122		288.123		2438		2		0
Frame 97
279.742		306.076		2368		2		0
241.405		308.346		2358		2		0
202.777		310.884		2375		2		0
184.016		308.768		0		2		0
198.684		339.106		2371		1		0
229.871		311.791		2346		1		0
269.637		312.892		2397		1		0
279.934		313.644		2382		1		0
216.755		287.733		2410		2		0
249.583		276.987		2448		2		0
279.557		277.057		2418		2		0
286.177		283.061		2427		1		0
277.684		317.863		2393		2		0
328.567		320.648		2215		1		0
381.715		328.808		2295		2		0
396.612		320.11		2211		2		0
281.682		294.123		2396		2		0
333.576		320.271		2213		2		0
386.038		318.127		2244		2		0
402.428		331.115		2193		2		0
212.483		310.227		2366		2		0
288.269		321.276		2379		2		0
274.541		318.542		2386		2		0
296.429		286.715		2450		2		0
284.521		288.564		2439		2		0
Frame 98
279.306		306.651		2359		2		0
241.161		308.87		2360		2		0
202.673		311.294		2369		2		0
183.667		309.256		0		2		0
198.595		339.081		2370		1		0
229.769		311.776		2344		1		0
269.525		312.877		2404		1		0
279.477		314.683		2376		1		0
216.423		287.918		2404		2		0
250.833		276.866		2443		2		0
280.832		277.742		2418		2		0
286.606		284.627		2425		2		0
277.486		318.212		2386		2		0
328.322		324.288		2210		1		0
381.658		331.28		2280		1		0
394.458		322.64		2194		2		0
281.015		294.931		2396		2		0
333.567		321.31		2216		2		0
385.446		320.345		2237		2		0
401.198		331.011		2146		2		0
212.345		310.669		2363		2		0
288.198		322.601		2372		2		0
275.748		320.624		2386		2		0
295.444		287.22		2433		2		0
282.265		290.265		2422		2		0
Frame 99
279.012		306.932		2353		2		0
240.978		309.057		2354		2		0
202.58		311.385		2370		2		0
183.658		309.287		0		2		0
198.348		338.634		2388		1		0
229.407		311.421		2345		1		0
269.05		312.496		2406		1		0
278.945		315.118		2376		1		0
215.724		288.578		2403		2		0
251.316		276.877		2439		2		0
281.222		278.901		2431		2		0
286.519		285.875		2418		1		0
277.233		318.534		2386		2		0
328.122		324.278		2212		1		0
381.448		331.282		2246		1		0
397.659		333.492		2178		2		0
280.734		295.151		2389		2		0
333.188		322.429		2218		2		0
378.233		320.553		2256		2		0
399.622		332.324		2171		2		0
212.229		310.783		2364		2		0
287.198		322.601		2367		2		0
276.8		322.6		2386		2		0
295.429		288.715		2439		2		0
282.998		292.331		2407		2		0
Frame 100
278.802		307.098		2351		2		0
240.72		309.158		2351		2		0
202.291		311.408		2366		2		0
183.311		309.46		0		2		0
198.038		338.156		2386		1		0
229.029		310.992		2344		1		0
268.607		312.08		2402		1		0
278.011		315.359		2368		1		0
215.125		289.006		2394		2		0
251.392		276.837		2440		2		0
280.808		280.643		2420		2		0
281.078		284.459		2418		2		0
276.915		318.9		2384		2		0
327.925		324.247		2212		1		0
381.241		331.25		2231		1		0
398.122		336.008		2136		2		0
280.632		295.202		2388		2		0
328.566		324.433		2213		2		0
382.834		325.221		2232		2		0
401.24		336.139		2100		2		0
211.944		310.828		2364		2		0
284.999		321.751		2367		2		0
276.287		321.439		2382		2		0
293.001		287.816		2424		2		0
277.044		291.618		2411		2		0
Frame 101
277.86		307.579		2347		2		0
239.472		309.54		2353		2		0
200.719		311.639		2369		2		0
182.51		309.687		2718		2		0
196.831		337.961		2386		1		0
227.736		310.859		2343		1		0
267.287		311.915		2404		1		0
276.681		315.278		2376		1		0
213.127		290.385		2388		2		0
251.006		276.737		2433		2		0
280.314		281.74		2411		2		0
284.916		286.506		2407		2		0
275.934		319.4		2386		2		0
327.016		324.381		2211		1		0
380.348		331.358		2220		1		0
396.926		334.885		2156		2		0
279.811		295.623		2389		2		0
328.056		324.708		2211		2		0
382.238		325.094		2229		2		0
399.576		335.918		2136		2		0
210.449		311.104		2359		2		0
283.666		321.668		2366		2		0
276.325		321.627		2379		2		0
293.25		288.251		2426		2		0
281.846		293.147		2398		2		0
Frame 102
277.172		307.623		2347		2		0
238.74		309.572		2351		2		0
199.969		311.647		2368		2		0
182.04		309.73		2740		2		0
196.064		337.762		2389		1		0
226.887		310.722		2345		1		0
266.391		311.748		2396		1		0
275.841		314.986		2378		1		0
211.974		289.631		2396		2		0
250.729		276.678		2432		2		0
280.04		281.671		2413		2		0
284.283		286.825		2403		1		0
275.211		319.45		2387		2		0
326.297		324.367		2210		1		0
379.611		331.345		2212		1		0
394.971		334.024		2167		2		0
279.161		295.663		2388		2		0
327.763		325.069		2211		2		0
381.978		325.349		2226		2		0
398.511		335.721		2173		2		0
209.699		311.119		2364		2		0
283.5		322		2369		2		0
274.747		320.122		2384		2		0
292.401		288.201		2422		2		0
281.27		293.179		2395		2		0
Frame 103
276.705		307.732		2354		2		0
238.231		309.672		2354		2		0
199.431		311.73		2376		2		0
181.618		309.747		2736		2		0
195.547		337.73		2379		1		0
226.302		310.744		2349		1		0
265.763		311.739		2394		1		0
275.131		314.752		2383		1		0
211.384		289.466		2398		2		0
250.46		276.661		2428		2		0
279.792		281.583		2416		2		0
283.931		286.783		2404		1		0
274.72		319.563		2384		2		0
325.801		324.442		2211		1		0
379.093		331.421		2209		1		0
394.847		334.057		2124		2		0
278.713		295.768		2389		2		0
327.953		325.448		2210		2		0
382.592		326.9		2220		2		0
398.839		336.828		2105		2		0
209.166		311.207		2364		2		0
282.499		321.5		2371		2		0
272.994		319.83		2386		2		0
292.4		288.201		2426		2		0
281.287		293.028		2397		2		0
Frame 104
276.202		307.787		2352		2		0
237.801		309.734		2355		2		0
199.076		311.795		2375		2		0
180.763		309.724		2722		2		0
195.21		337.721		2382		1		0
225.905		310.785		2346		1		0
265.321		311.749		2400		1		0
274.762		314.953		2384		1		0
211.08		289.19		2402		2		0
247.841		277.159		2439		2		0
277.296		281.173		2408		2		0
282.35		285.948		2404		1		0
274.234		319.572		2386		2		0
325.293		324.487		2206		1		0
378.552		331.467		2201		1		0
394.878		337.878		2160		2		0
278.176		295.87		2385		2		0
328.038		325.675		2208		2		0
382.754		327.211		2209		2		0
399.184		338.064		2064		2		0
208.792		311.273		2366		2		0
281.5		321.5		2370		2		0
273.734		320.176		2383		2		0
291.333		287.499		2427		2		0
279.684		292.36		2401		2		0
Frame 105
276.209		307.79		2351		2		0
237.885		309.737		2356		2		0
199.361		311.782		2381		2		0
180.767		309.664		0		2		0
195.84		337.584		2381		1		0
226.486		310.695		2350		1		0
265.818		311.636		2399		1		0
274.93		315.136		2385		1		0
211.6		289.002		2404		2		0
247.417		277.225		2437		2		0
276.841		281.075		2404		2		0
282.093		285.946		2410		2		0
274.251		319.574		2388		2		0
325.318		324.442		2210		1		0
378.547		331.419		2200		1		0
393.358		335.738		2144		2		0
278.178		295.873		2387		2		0
328.121		325.827		2206		2		0
382.843		327.306		2211		2		0
399.407		337.985		2076		2		0
209.013		311.265		2367		2		0
281.666		321.667		2369		2		0
274.676		320.736		2385		2		0
292.251		288.252		2423		2		0
280.413		292.554		2404		2		0
Frame 106
276.287		307.78		2350		2		0
238.043		309.716		2359		2		0
199.608		311.748		2385		2		0
180.751		309.592		0		2		0
196.316		337.463		2387		1		0
226.921		310.613		2354		1		0
266.186		311.533		2412		1		0
275.485		315.373		2382		1		0
212.147		289.381		2408		2		0
247.074		277.255		2444		2		0
276.418		281.147		2402		2		0
281.934		286.318		2409		1		0
274.364		319.561		2387		2		0
325.427		324.389		2205		1		0
378.629		331.362		2201		1		0
394.137		335.985		2061		2		0
278.232		295.865		2389		2		0
328.135		325.997		2207		2		0
382.889		327.496		2207		2		0
398.337		347.279		2102		2		0
209.238		311.234		2371		2		0
282.593		321.911		2372		2		0
277.161		321.331		2373		2		0
291.334		288.332		2435		2		0
279.574		293.63		2400		2		0
Frame 107
276.1		307.766		2355		2		0
237.759		309.688		2358		2		0
199.191		311.701		2382		2		0
180.181		309.519		0		2		0
196.06		337.365		2388		1		0
226.609		310.56		2355		1		0
265.829		311.457		2399		1		0
275.24		315.195		2382		1		0
211.704		289.113		2417		2		0
247.133		277.439		2452		2		0
276.436		281.224		2411		2		0
282.125		286.278		2414		1		0
274.097		319.474		2389		2		0
325.093		324.343		2206		1		0
378.24		331.314		2201		1		0
395.054		341.919		2109		2		0
278.1		295.886		2388		2		0
328.176		326.153		2201		2		0
382.974		327.638		2207		2		0
399.535		337.931		0		2		0
208.858		311.192		2372		2		0
282.5		321.5		2373		2		0
275.69		320.828		2383		2		0
291.751		289.747		2439		2		0
278.444		293.348		2402		2		0
Frame 108
275.745		307.622		2368		2		0
237.474		309.625		2364		2		0
198.97		311.72		2391		2		0
180.041		309.462		2437		2		0
195.908		337.324		2370		1		0
226.4		310.568		2358		1		0
265.565		311.442		2402		1		0
274.953		314.495		2391		1		0
211.468		288.954		2424		2		0
246.689		277.454		2454		2		0
275.909		280.982		2422		2		0
281.709		286.111		2419		1		0
273.574		319.177		2385		2		0
324.399		323.994		2209		1		0
377.516		330.963		2210		1		0
394.661		342.72		2152		2		0
277.848		295.816		2392		2		0
329.115		326.386		2205		2		0
383.912		328.383		2201		2		0
400.39		347.503		2074		2		0
208.62		311.191		2376		2		0
282.746		321.655		2376		2		0
273.408		319.992		2385		2		0
291.544		288.698		2439		2		0
279.696		293.123		2408		2		0
Frame 109
275.827		307.547		2367		2		0
237.739		309.543		2366		2		0
199.539		311.649		2395		2		0
180.205		309.395		2405		2		0
196.502		337.237		2381		1		0
226.972		310.503		2359		1		0
266.086		311.361		2407		1		0
275.304		313.615		2387		1		0
212.112		288.756		2430		2		0
246.89		277.563		2462		2		0
275.97		280.786		2419		2		0
279.976		284.923		2428		2		0
273.703		319.102		2387		2		0
324.516		323.876		2210		1		0
377.639		330.844		2208		1		0
397.757		337.97		2072		2		0
277.897		295.758		2393		2		0
329.116		326.333		2202		2		0
383.902		328.33		2203		2		0
400.646		347.194		2084		2		0
209.102		311.115		2376		2		0
282.6		321.2		2379		2		0
275.197		320.287		2388		2		0
291.574		288.71		2440		2		0
275.159		292.331		2418		2		0
Frame 110
275.718		307.508		2377		2		0
237.593		309.504		2367		2		0
199.332		311.608		2397		2		0
180.183		309.235		2403		2		0
196.328		337.166		2379		1		0
226.74		310.482		2359		1		0
265.798		311.32		2397		1		0
275.139		313.348		2391		1		0
211.97		288.611		2433		2		0
246.93		277.496		2465		2		0
276.051		280.514		2423		2		0
280.04		284.929		2430		1		0
273.559		319.052		2389		2		0
324.32		323.757		2213		1		0
377.397		330.719		2211		1		0
393.524		342.388		2151		2		0
277.846		295.742		2398		2		0
329.308		326.154		2207		2		0
384.24		328.991		2204		2		0
400.629		348.25		2089		2		0
208.913		311.075		2379		2		0
283.242		321.538		2382		2		0
275.956		320.49		2389		2		0
291.847		288.432		2446		2		0
276.184		292.613		2415		2		0
Frame 111
275.674		307.422		2379		2		0
237.594		309.474		2367		2		0
199.362		311.631		2399		2		0
180.347		309.114		2405		2		0
196.353		337.168		2377		1		0
226.725		310.518		2359		1		0
265.741		311.337		2406		1		0
275.332		313.106		2399		1		0
211.842		288.473		2434		2		0
247.055		277.437		2474		2		0
276.132		280.029		2432		2		0
284.046		285.72		2436		1		0
273.523		318.927		2393		2		0
324.218		323.743		2216		1		0
377.274		330.704		2210		1		0
396.77		336.679		2112		2		0
277.814		295.7		2398		2		0
329.344		326.039		2209		2		0
384.304		328.908		2205		2		0
400.753		348.098		2086		2		0
208.937		311.085		2381		2		0
284.283		321.664		2383		2		0
272.78		319.395		2390		2		0
291.002		288.291		2455		2		0
280.573		292.103		2417		2		0
Frame 112
275.557		307.296		2386		2		0
237.481		309.375		2372		2		0
199.233		311.556		2399		2		0
180.338		308.995		2418		2		0
196.229		337.065		2376		1		0
226.541		310.466		2359		1		0
265.497		311.264		2404		1		0
275.392		313.09		2400		1		0
211.862		288.426		2438		2		0
249.199		276.595		2477		2		0
277.905		280.105		2446		2		0
281.272		283.985		2441		1		0
273.409		318.777		2394		2		0
324.02		323.624		2216		1		0
377.029		330.579		2211		1		0
395.644		336.294		2131		2		0
277.714		295.614		2402		2		0
329.329		325.809		2211		2		0
384.264		328.736		2208		2		0
400.315		347.501		2073		2		0
208.815		311.005		2382		2		0
284.532		321.222		2387		2		0
269.249		318.248		2410		2		0
291.819		288.427		2455		2		0
277.113		290.646		2433		2		0
Frame 113
275.608		307.221		2389		2		0
237.542		309.312		2373		2		0
199.294		311.505		2396		2		0
180.403		308.917		2411		2		0
196.286		336.998		2393		1		0
226.549		310.441		2361		1		0
265.452		311.215		2400		1		0
275.146		312.583		2403		1		0
212.02		288.47		2440		2		0
249.534		276.439		2486		2		0
278.227		279.974		2451		2		0
278.946		282.748		2451		2		0
273.448		318.714		2395		2		0
324.031		323.557		2216		1		0
377.019		330.507		2210		1		0
391.125		328.049		2168		2		0
277.779		295.536		2402		2		0
328.485		324.629		2214		2		0
383.368		327.622		2214		2		0
398.029		338.372		2112		2		0
208.876		310.95		2390		2		0
284.5		320.5		2388		2		0
269.333		318.667		2413		2		0
290.001		285.582		2456		2		0
274.488		289.665		2440		2		0
Frame 114
275.643		306.929		2396		2		0
237.552		309.08		2374		2		0
199.265		311.321		2402		2		0
180.59		308.83		2410		2		0
196.257		336.787		2389		1		0
226.455		310.283		2362		1		0
265.289		311.036		2403		1		0
275.125		312.078		2407		1		0
212.018		288.393		2445		2		0
249.831		276.258		2488		2		0
278.459		279.79		2458		2		0
278.682		282.485		2457		1		0
273.494		318.444		2393		2		0
323.995		323.35		2217		1		0
376.941		330.292		2216		1		0
394.104		334.728		2139		2		0
277.806		295.237		2409		2		0
328.84		324.538		2216		2		0
383.252		327.273		2212		2		0
397.885		338.102		2134		2		0
208.858		310.756		2389		2		0
284.5		320.001		2395		2		0
270.303		318.703		2407		2		0
289.877		284.871		2466		2		0
278.348		289.248		2440		2		0
Frame 115
275.591		306.826		2396		2		0
237.535		309.016		2376		2		0
199.26		311.29		2401		2		0
180.608		308.751		2403		2		0
196.252		336.745		2395		1		0
226.406		310.279		2364		1		0
265.197		311.007		2405		1		0
275.086		311.899		2406		1		0
212.081		288.477		2444		2		0
249.038		276.495		2495		2		0
277.695		277.728		2466		2		0
282.307		282.775		2453		2		0
273.479		318.312		2397		2		0
323.913		323.308		2218		1		0
376.843		330.249		2218		1		0
394.098		334.803		2144		2		0
277.726		295.16		2408		2		0
328.375		324.206		2215		2		0
382.954		326.788		2223		2		0
397.909		337.19		2135		2		0
208.852		310.718		2391		2		0
284.5		318.5		2392		2		0
269.983		318.737		2417		2		0
290.002		284.704		2468		2		0
278.561		288.311		2450		2		0
Frame 116
275.255		306.111		2402		2		0
237.449		308.709		2376		2		0
199.287		311.232		2402		2		0
180.648		308.681		2408		2		0
196.279		336.665		2397		1		0
226.38		310.245		2364		1		0
265.113		310.95		2408		1		0
274.838		311.566		2413		1		0
212.129		288.195		2447		2		0
248.711		276.553		2497		2		0
277.296		277.292		2474		2		0
282.378		282.57		2461		2		0
273.025		317.357		2398		2		0
323.193		320.699		2226		1		0
375.95		327.583		2226		1		0
393.102		333.689		2158		2		0
277.487		294.617		2413		2		0
328.094		323.569		2220		2		0
382.761		326.7		2221		2		0
397.925		337.063		2141		2		0
208.86		310.61		2391		2		0
284.5		318.5		2394		2		0
269.665		318.333		2417		2		0
291.334		284.498		2478		2		0
279.312		288.367		2456		2		0
Frame 117
275.725		305.658		2402		2		0
237.779		308.46		2378		2		0
199.501		311.174		2408		2		0
180.761		308.631		2401		2		0
196.494		336.583		2388		1		0
226.542		310.21		2367		1		0
265.207		310.894		2408		1		0
274.948		311.593		2418		1		0
212.384		288.387		2448		2		0
248.653		276.501		2504		2		0
277.195		276.832		2481		2		0
281.793		282.428		2462		2		0
273.296		317.194		2402		2		0
323.427		320.575		2230		1		0
376.181		327.455		2226		1		0
393.247		333.384		2151		2		0
278.192		293.794		2421		2		0
327.677		322.502		2224		2		0
382.503		326.416		2224		2		0
397.852		337.054		2115		2		0
209.101		310.508		2390		2		0
284.6		318.201		2399		2		0
270.283		318.534		2411		2		0
291.499		283.999		2495		2		0
279.498		288.666		2450		2		0
Frame 118
275.818		305.542		2407		2		0
237.869		308.389		2383		2		0
199.575		311.169		2407		2		0
180.816		308.611		2403		2		0
196.568		336.569		2394		1		0
226.581		310.228		2366		1		0
265.205		310.89		2408		1		0
274.931		311.489		2420		1		0
212.201		288.399		2454		2		0
248.558		276.52		2504		2		0
282.428		280.166		2469		2		0
287.411		285.254		2472		2		0
273.424		317.115		2400		2		0
323.507		320.521		2229		1		0
376.265		327.4		2227		1		0
393.918		333.931		2167		2		0
278.245		293.683		2421		2		0
327.34		321.462		2226		2		0
382.086		326.2		2223		2		0
397.828		337.033		2103		2		0
209.18		310.486		2391		2		0
284.333		317.5		2400		2		0
269.798		318.6		2424		2		0
295.333		290.666		2459		2		0
284.908		290.452		2435		2		0
Frame 119
275.516		305.297		2415		2		0
237.833		308.208		2384		2		0
199.735		311.087		2412		2		0
180.898		308.546		2412		2		0
196.733		336.449		2393		1		0
226.679		310.166		2372		1		0
265.221		310.81		2419		1		0
274.897		311.259		2425		1		0
212.04		288.342		2459		2		0
248.452		276.549		2513		2		0
282.458		280.2		2479		2		0
287.499		285.171		2481		2		0
273.225		316.94		2409		2		0
323.172		320.302		2232		1		0
375.868		327.172		2233		1		0
393.9		333.651		2176		2		0
277.853		293.413		2426		2		0
327.122		321.048		2227		2		0
381.698		325.741		2235		2		0
397.662		336.837		2139		2		0
209.298		310.376		2397		2		0
284.394		317.887		2403		2		0
269.665		318.332		2433		2		0
295.333		290.665		2463		2		0
284.555		290.368		2436		2		0
Frame 120
275.95		305.337		2409		2		0
238.336		308.216		2381		2		0
200.321		311.103		2410		2		0
180.979		308.549		2410		2		0
197.323		336.608		2400		1		0
227.328		310.282		2369		1		0
265.916		310.905		2414		1		0
275.652		311.286		2419		1		0
212.543		288.382		2456		2		0
248.399		276.388		2512		2		0
282.477		280.233		2475		2		0
287.703		285.919		2479		1		0
273.732		317.034		2407		2		0
323.721		320.171		2232		1		0
376.512		327.047		2230		1		0
394.913		334.253		2171		2		0
278.224		293.425		2425		2		0
327.127		320.827		2230		2		0
381.671		325.621		2231		2		0
397.706		336.835		2146		2		0
209.863		310.385		2395		2		0
284.856		317.716		2399		2		0
271.418		318.774		2412		2		0
295.4		291.198		2447		2		0
284.831		291.331		2421		2		0
Frame 121
276.411		305.321		2399		2		0
238.725		308.176		2381		2		0
200.641		311.065		2407		2		0
181.104		308.52		2400		2		0
197.563		336.686		2398		1		0
227.588		310.345		2365		1		0
266.194		310.948		2421		1		0
275.849		311.325		2418		1		0
212.821		288.328		2456		2		0
248.388		276.337		2512		2		0
282.486		280.239		2470		2		0
287.741		286.022		2479		1		0
274.286		316.982		2406		2		0
324.384		320.212		2229		1		0
377.128		327.077		2224		1		0
394.618		333.44		2161		2		0
278.606		293.451		2424		2		0
327.179		320.655		2228		2		0
381.719		325.527		2225		2		0
397.833		336.832		2145		2		0
210.202		310.344		2391		2		0
284.888		317.447		2398		2		0
269.579		318.509		2429		2		0
295.401		290.797		2455		2		0
284.74		291.169		2424		2		0
Frame 122
276.881		305.254		2406		2		0
239.041		308.134		2384		2		0
200.832		311.056		2409		2		0
181.208		308.489		2406		2		0
197.678		336.757		2405		1		0
227.704		310.417		2372		1		0
266.313		311		2422		1		0
275.976		311.106		2422		1		0
213.149		288.335		2456		2		0
248.393		276.309		2515		2		0
276.865		275.579		2500		2		0
282.17		280.472		2475		1		0
274.784		316.945		2409		2		0
324.942		320.161		2233		1		0
377.67		327.019		2224		1		0
394.808		333.397		2169		2		0
279.095		293.366		2425		2		0
327.176		320.56		2229		2		0
381.714		325.437		2230		2		0
398.019		336.848		2174		2		0
210.421		310.326		2391		2		0
285.247		317.628		2398		2		0
269.908		318.592		2424		2		0
289.4		282.896		2493		2		0
277.831		284.332		2489		2		0
Frame 123
276.968		305.217		2403		2		0
239.139		308.123		2386		2		0
200.947		311.084		2413		2		0
181.265		308.495		2406		2		0
197.734		336.837		2398		1		0
227.757		310.501		2368		1		0
266.365		311.063		2423		1		0
276.299		310.928		2415		1		0
213.193		288.338		2461		2		0
248.431		276.23		2517		2		0
281.996		280.343		2484		2		0
287.211		285.815		2482		1		0
274.894		316.888		2411		2		0
325.054		320.134		2232		1		0
377.768		326.988		2227		1		0
394.169		332.645		2141		2		0
279.147		293.351		2427		2		0
327.268		320.422		2231		2		0
381.796		325.4		2227		2		0
397.955		336.806		2114		2		0
210.532		310.34		2392		2		0
285.179		317.094		2402		2		0
270.096		318.557		2418		2		0
294.572		290.709		2451		2		0
284.547		291.163		2424		2		0
