front
Frame 0
265.351		190.847		3625		2		0
263.862		161.059		3604		2		0
262.292		130.858		3622		2		0
262.245		116.02		3510		2		0
246.642		142.372		3632		2		0
243.421		170.273		3674		1		0
244.086		193.061		3645		1		0
245.383		194.334		3655		1		0
278.039		142.058		3619		2		0
286.358		166.879		3673		1		0
289.02		189.483		3647		1		0
286.844		194.741		3658		1		0
258.23		191.369		3678		2		0
257.022		222.312		3753		2		0
258.565		248.331		3850		2		0
258.631		253.288		3881		2		0
272.474		190.322		3655		2		0
276.281		221.403		3729		2		0
274.377		248.606		3841		2		0
274.729		253.592		3841		2		0
262.69		138.447		3620		2		0
245.501		201.5		3660		2		0
241.332		195.733		3655		2		0
286.999		199.501		3683		2		0
283.499		195.005		3683		2		0
Frame 1
265.342		190.849		3626		2		0
263.838		161.067		3581		2		0
262.253		130.875		3613		2		0
262.232		116.003		3502		2		0
246.633		142.371		3623		2		0
243.412		170.304		3676		1		0
244.119		193.098		3643		1		0
245.401		194.21		3647		1		0
278.01		142.095		3617		2		0
286.357		166.88		3677		1		0
289.042		189.48		3650		1		0
286.611		194.836		3665		1		0
258.218		191.375		3649		2		0
257.03		222.129		3732		2		0
258.572		248.334		3855		2		0
262.898		255.037		3872		2		0
272.468		190.321		3641		2		0
276.259		221.386		3726		2		0
274.053		248.697		3831		2		0
274.397		253.688		3832		2		0
262.655		138.461		3599		2		0
244.715		201.429		3662		2		0
240.46		192.995		3669		2		0
286.073		199.956		3684		2		0
282.667		193.167		3676		2		0
Frame 2
265.332		190.849		3639		2		0
263.799		161.055		3601		2		0
262.181		130.846		3623		2		0
262.226		116.012		3508		2		0
246.614		142.384		3632		2		0
243.444		170.308		3673		1		0
244.107		193.097		3644		1		0
245.254		194.236		3647		1		0
278		142.098		3622		2		0
286.29		166.913		3677		1		0
289.033		189.489		3653		1		0
286.522		194.722		3645		1		0
258.205		191.376		3672		2		0
257.031		222.13		3767		2		0
258.566		248.33		3853		2		0
262.213		255.068		3870		2		0
272.463		190.32		3633		2		0
276.253		221.395		3734		2		0
274.436		248.584		3836		2		0
274.778		253.573		3841		2		0
262.591		138.437		3600		2		0
244.717		201.429		3653		2		0
240.615		194.522		3656		2		0
286.749		199.251		3668		2		0
282.719		194.425		3670		2		0
Frame 3
265.316		190.861		3634		2		0
263.776		161.046		3601		2		0
262.138		130.802		3620		2		0
262.209		116.002		3515		2		0
246.603		142.415		3629		2		0
243.431		169.952		3682		1		0
244.106		192.752		3645		1		0
245.343		194.234		3641		1		0
277.952		142.085		3613		2		0
286.32		167.659		3687		1		0
289.148		190.206		3656		1		0
286.344		195.18		3700		1		0
258.196		191.387		3667		2		0
257.029		222.135		3767		2		0
258.593		248.3		3857		2		0
261.822		254.858		3867		2		0
272.439		190.33		3654		2		0
276.25		221.396		3733		2		0
274.161		248.669		3846		2		0
274.503		253.661		3841		2		0
262.555		138.406		3601		2		0
244.714		201.429		3660		2		0
240.667		194.313		0		2		0
286.16		199.873		3679		2		0
282.997		194.138		3675		2		0
Frame 4
265.308		190.859		3622		2		0
263.776		161.046		3607		2		0
262.162		130.809		3619		2		0
262.185		115.993		3499		2		0
246.603		142.389		3628		2		0
243.387		169.96		3689		1		0
244.11		192.754		3629		1		0
245.563		194.361		3644		1		0
277.948		142.086		3632		2		0
286.296		167.459		3681		1		0
289.095		190.015		3654		1		0
286.297		195.157		3676		1		0
258.187		191.385		3665		2		0
257.024		222.201		3750		2		0
258.593		248.259		3852		2		0
262.051		254.959		3875		2		0
272.433		190.328		3651		2		0
276.243		221.365		3741		2		0
274.838		248.592		3843		2		0
271.154		255.211		3882		2		0
262.569		138.41		3600		2		0
244.668		201.334		3658		2		0
240.464		192.459		3674		2		0
285.498		199.502		3687		2		0
282.775		193.339		3673		2		0
Frame 5
265.264		190.843		3637		2		0
263.703		161.024		3618		2		0
262.068		130.783		3617		2		0
262.152		115.984		3495		2		0
246.576		142.359		3621		2		0
243.388		169.96		3682		1		0
244.103		192.753		3649		1		0
245.171		194.334		3648		1		0
277.905		142.087		3614		2		0
286.243		167.215		3668		1		0
289.027		189.768		3658		1		0
286.29		192.376		3652		1		0
258.14		191.365		3666		2		0
257.026		222.202		3759		2		0
258.591		248.271		3855		2		0
261.982		254.881		3876		2		0
272.395		190.316		3641		2		0
276.216		221.359		3733		2		0
275.043		248.63		3846		2		0
271.102		255.243		3869		2		0
262.48		138.385		3606		2		0
244.715		201.429		3661		2		0
240.785		195.286		3644		2		0
286.997		198.5		3707		2		0
282.476		192.183		3685		2		0
Frame 6
265.258		190.84		3620		2		0
263.694		161.01		3604		2		0
262.063		130.738		3613		2		0
262.136		115.951		3502		2		0
246.562		142.341		3616		2		0
243.376		170.007		3674		1		0
244.125		192.793		3636		1		0
245.163		194.346		3639		1		0
277.872		142.097		3605		2		0
286.24		167.21		3678		1		0
289.014		189.773		3651		1		0
286.177		192.446		3650		1		0
258.136		191.365		3658		2		0
257.038		222.186		3746		2		0
258.677		248.31		3857		2		0
258.728		253.274		3873		2		0
272.386		190.309		3638		2		0
276.212		221.374		3722		2		0
274.414		248.553		3839		2		0
274.749		253.545		3843		2		0
262.473		138.351		3600		2		0
244.502		201.501		3647		2		0
240.488		194.061		3663		2		0
287		199.501		3667		2		0
282.641		193.11		3678		2		0
Frame 7
265.261		190.851		3617		2		0
263.687		161.01		3591		2		0
262.033		130.723		3616		2		0
262.125		115.954		3502		2		0
246.538		142.343		3629		2		0
243.349		170.032		3657		1		0
244.116		192.822		3638		1		0
245.291		194.259		3648		1		0
277.873		142.097		3617		2		0
286.252		167.199		3687		1		0
289.04		189.763		3652		1		0
286.313		192.146		3646		1		0
258.139		191.378		3658		2		0
257.03		222.182		3741		2		0
258.692		248.288		3854		2		0
261.916		254.842		3855		2		0
272.39		190.319		3655		2		0
276.198		221.337		3722		2		0
274.577		248.403		3848		2		0
274.924		253.393		3846		2		0
262.45		138.341		3610		2		0
244.716		201.429		3662		2		0
240.233		193.344		3679		2		0
286.995		197.334		0		2		0
282.5		191.996		3667		2		0
Frame 8
265.256		190.842		3626		2		0
263.686		161.012		3592		2		0
262.042		130.744		3621		2		0
262.103		115.956		3505		2		0
246.497		142.372		3613		2		0
243.335		170.111		3669		1		0
244.109		192.902		3634		1		0
245.415		194.149		3644		1		0
277.817		142.089		3625		2		0
286.224		167.328		3676		1		0
289.053		189.883		3657		1		0
286.295		192.175		3646		1		0
258.137		191.368		3654		2		0
257.02		222.272		3749		2		0
258.626		248.379		3845		2		0
261.703		254.892		3876		2		0
272.384		190.31		3627		2		0
276.197		221.335		3744		2		0
274.268		248.557		3856		2		0
274.61		253.548		3853		2		0
262.456		138.354		3608		2		0
244.716		201.429		3660		2		0
240.535		194.004		3672		2		0
287.499		198.501		3661		2		0
282.507		192.031		3670		2		0
Frame 9
265.27		190.854		3615		2		0
263.683		161.025		3599		2		0
262.013		130.775		3622		2		0
262.071		115.95		3502		2		0
246.484		142.369		3619		2		0
243.317		170.143		3670		1		0
244.109		192.93		3644		1		0
245.357		194.132		3639		1		0
277.791		142.08		3619		2		0
286.227		167.291		3681		1		0
289.032		189.845		3631		1		0
286.335		192.316		3652		1		0
258.154		191.384		3654		2		0
257.038		222.306		3740		2		0
258.639		248.558		3855		2		0
261.957		254.984		3871		2		0
272.397		190.319		3641		2		0
276.193		221.336		3726		2		0
274.565		248.641		3839		2		0
274.904		253.634		3847		2		0
262.436		138.379		3602		2		0
244.716		201.428		3657		2		0
241.679		194.905		3674		2		0
286.831		198.334		3686		2		0
282.561		193.003		3676		2		0
Frame 10
265.264		190.859		3627		2		0
263.675		161.026		3597		2		0
262.007		130.772		3620		2		0
262.069		115.956		3502		2		0
246.484		142.371		3618		2		0
243.294		170.191		3674		1		0
244.137		192.981		3653		1		0
245.308		194.214		3638		1		0
277.797		142.085		3620		2		0
286.214		167.187		3673		1		0
289.029		189.732		3655		1		0
286.505		192.05		3640		1		0
258.146		191.394		3645		2		0
256.975		222.374		3753		2		0
258.623		248.523		3860		2		0
261.898		255.003		3867		2		0
272.392		190.322		3647		2		0
276.181		221.354		3714		2		0
274.127		248.737		3839		2		0
274.473		253.732		3853		2		0
262.428		138.377		3604		2		0
245.003		201.375		3660		2		0
240.443		193.548		3675		2		0
286.445		197.112		0		2		0
282.5		191.111		3668		2		0
Frame 11
265.255		190.858		3626		2		0
263.664		161.029		3602		2		0
261.998		130.782		3611		2		0
262.036		115.977		3494		2		0
246.53		142.375		3611		2		0
243.279		170.225		3674		1		0
244.125		193.021		3633		1		0
245.504		194.321		3639		1		0
277.79		142.11		3625		2		0
286.163		167.01		3682		1		0
289.057		189.551		3647		1		0
286.297		195.021		3660		1		0
258.139		191.393		3653		2		0
256.963		222.352		3750		2		0
258.627		248.484		3845		2		0
261.867		254.999		3870		2		0
272.382		190.321		3649		2		0
276.162		221.368		3726		2		0
274.088		248.742		3837		2		0
274.451		253.737		3834		2		0
262.418		138.386		3605		2		0
244.669		201.333		3665		2		0
240.465		193.129		3683		2		0
286.496		199.502		3678		2		0
282.857		194.502		3670		2		0
Frame 12
265.26		190.847		3610		2		0
263.676		161.04		3607		2		0
262.039		130.854		3616		2		0
262.015		115.952		3492		2		0
246.566		142.307		3609		2		0
243.282		170.227		3666		1		0
244.085		193.017		3640		1		0
245.485		194.185		3644		1		0
277.783		142.159		3624		2		0
286.155		167.015		3673		1		0
289.074		189.559		3658		1		0
286.042		192.383		3644		1		0
258.149		191.381		3659		2		0
256.982		222.329		3740		2		0
258.431		248.577		3866		2		0
261.806		255.055		3864		2		0
272.384		190.31		3652		2		0
276.16		221.391		3726		2		0
274.809		248.662		3835		2		0
271.322		255.295		3870		2		0
262.45		138.437		3593		2		0
244.378		201.375		3649		2		0
240.297		191.395		3664		2		0
285.811		197.547		3683		2		0
282.334		191.497		3670		2		0
Frame 13
265.274		190.86		3630		2		0
263.708		161.076		3593		2		0
262.101		130.916		3605		2		0
262.009		115.977		3487		2		0
246.551		142.335		3602		2		0
243.265		170.276		3678		1		0
244.08		193.073		3642		1		0
245.535		194.596		3642		1		0
277.775		142.135		3617		2		0
286.144		167.012		3685		1		0
289.08		189.563		3657		1		0
286.299		195.229		3686		1		0
258.163		191.397		3661		2		0
257.037		222.361		3723		2		0
258.42		248.526		3850		2		0
262.379		255.288		3876		2		0
272.398		190.321		3646		2		0
276.154		221.403		3717		2		0
274.315		248.773		3827		2		0
274.725		253.771		3849		2		0
262.504		138.494		3602		2		0
245.286		202.428		3662		2		0
240.571		193.391		3659		2		0
285.801		200		3707		2		0
282.833		193.834		3671		2		0
Frame 14
265.305		190.873		3614		2		0
263.715		161.09		3594		2		0
262.066		130.913		3605		2		0
261.938		115.866		3481		2		0
246.469		142.391		3603		2		0
243.244		170.513		3674		1		0
244.073		193.327		3638		1		0
245.65		194.477		3641		1		0
277.672		142.082		3624		2		0
286.113		167.024		3673		1		0
289.098		189.609		3653		1		0
286.56		195.073		3673		1		0
258.2		191.408		3653		2		0
257.047		222.4		3738		2		0
258.422		248.481		3856		2		0
262.269		255.31		3877		2		0
272.425		190.337		3625		2		0
276.133		221.429		3722		2		0
275.277		248.304		3839		2		0
271.156		255.337		3873		2		0
262.482		138.498		3598		2		0
245.5		202.333		3669		2		0
241.187		195.501		3663		2		0
286.495		199.502		3682		2		0
282.6		194.101		3670		2		0
Frame 15
265.318		190.926		3622		2		0
263.733		161.196		3580		2		0
262.098		131.041		3608		2		0
261.961		115.877		3478		2		0
246.466		142.432		3603		2		0
243.224		170.542		3666		1		0
243.985		193.353		3641		1		0
245.26		194.316		3639		1		0
277.684		142.096		3593		2		0
286.115		167.126		3670		1		0
289.096		189.735		3647		1		0
286.071		195.596		3651		1		0
258.211		191.466		3644		2		0
257.078		222.439		3723		2		0
258.312		248.398		3844		2		0
262.366		255.302		3871		2		0
272.442		190.385		3631		2		0
276.125		221.627		3724		2		0
275.333		248.28		3843		2		0
271.171		255.346		3863		2		0
262.51		138.625		3588		2		0
245.007		202.312		3670		2		0
239.777		192.441		0		2		0
284.713		200.43		3687		2		0
282.454		194.457		3660		2		0
Frame 16
265.337		190.992		3602		2		0
263.756		161.265		3567		2		0
262.133		131.06		3595		2		0
262.005		115.906		3467		2		0
246.448		142.44		3582		2		0
243.203		171.055		3661		1		0
243.989		193.917		3629		1		0
245.355		194.749		3628		1		0
277.787		142.122		3599		2		0
286.147		167.073		3664		1		0
289.088		189.726		3650		1		0
286.248		195.428		3661		1		0
258.217		191.542		3637		2		0
257.048		222.596		3720		2		0
258.433		248.329		3850		2		0
261.808		254.931		3853		2		0
272.47		190.441		3643		2		0
276.103		221.655		3712		2		0
275.361		248.405		3846		2		0
270.959		255.401		3879		2		0
262.542		138.661		3589		2		0
245.224		202.445		3662		2		0
240.386		193.655		3691		2		0
285		200.6		3694		2		0
282.695		194.129		3668		2		0
Frame 17
265.351		191.107		3606		2		0
263.745		161.27		3566		2		0
262.089		130.828		3581		2		0
262.167		116.039		3473		2		0
246.467		142.434		3586		2		0
243.08		170.955		3643		1		0
244.195		193.828		3626		1		0
245.38		194.491		3631		1		0
277.851		142.141		3576		2		0
286.156		167.117		3669		1		0
289.026		189.817		3646		1		0
286.293		192.538		3634		1		0
258.234		191.645		3637		2		0
257.012		222.741		3729		2		0
258.441		248.327		3861		2		0
261.689		254.945		3857		2		0
272.483		190.569		3629		2		0
276.08		221.688		3710		2		0
275.371		248.407		3827		2		0
271.043		255.318		3878		2		0
262.506		138.501		3566		2		0
245.146		202.286		3653		2		0
240.07		193.464		3684		2		0
285.994		198.333		3669		2		0
282.462		194.771		3653		2		0
Frame 18
265.32		191.2		3599		2		0
263.784		161.384		3575		2		0
262.238		130.952		3581		2		0
262.228		116.122		3443		2		0
246.418		142.491		3586		2		0
243.03		171.215		3649		1		0
244.042		194.196		3624		1		0
245.282		194.691		3625		1		0
277.854		142.272		3567		2		0
286.205		167.621		3662		1		0
289.171		190.385		3638		1		0
286.332		192.84		3629		1		0
258.186		191.741		3630		2		0
256.956		222.782		3729		2		0
258.503		248.298		3860		2		0
261.436		254.798		3830		2		0
272.468		190.656		3620		2		0
276.043		221.725		3718		2		0
275.377		248.426		3837		2		0
271.027		255.325		3871		2		0
262.625		138.623		3552		2		0
245.377		202.375		3653		2		0
240.071		193.14		3636		2		0
287.798		199.401		3663		2		0
282.899		192.966		3648		2		0
Frame 19
265.275		191.281		3617		2		0
263.73		161.509		3555		2		0
262.181		131.087		3569		2		0
262.183		116.083		3446		2		0
246.438		142.527		3567		2		0
243.066		171.372		3636		1		0
243.964		194.436		3620		1		0
245.15		194.824		3628		1		0
277.865		142.273		3575		2		0
286.246		167.597		3650		1		0
289.134		190.423		3627		1		0
286.531		192.86		3639		1		0
258.147		191.818		3621		2		0
257.026		222.766		3726		2		0
258.517		248.35		3842		2		0
262.221		254.84		3874		2		0
272.419		190.741		3631		2		0
276.015		221.732		3705		2		0
275.382		248.424		3822		2		0
271.004		255.294		3853		2		0
262.569		138.759		3566		2		0
245.224		202.445		3642		2		0
239.999		193.699		0		2		0
287		200.251		3674		2		0
282.644		192.921		3652		2		0
Frame 20
265.307		191.371		3597		2		0
263.846		161.716		3560		2		0
262.396		131.433		3558		2		0
262.114		116.215		3432		2		0
246.494		142.502		3559		2		0
243.111		171.471		3631		1		0
243.949		194.601		3619		1		0
245.054		195.103		3617		1		0
277.934		142.309		3561		2		0
286.323		167.798		3634		1		0
289.266		190.684		3628		1		0
286.518		196.123		3641		1		0
258.165		191.902		3639		2		0
257.062		222.808		3724		2		0
258.499		248.366		3846		2		0
261.752		254.325		3874		2		0
272.464		190.836		3605		2		0
275.979		221.823		3709		2		0
275.378		248.552		3853		2		0
270.988		255.295		3869		2		0
262.759		139.068		3549		2		0
245.5		203.334		3657		2		0
240.722		196.221		3633		2		0
285.249		201		3702		2		0
282.818		194.546		3655		2		0
Frame 21
265.269		191.53		3599		2		0
263.769		161.891		3547		2		0
262.253		131.559		3549		2		0
262.141		116.282		3410		2		0
246.488		142.327		3548		2		0
243.099		171.351		3624		1		0
243.865		194.57		3606		1		0
245.141		195.361		3614		1		0
278.006		142.251		3558		2		0
286.342		168.232		3632		1		0
289.449		191.201		3624		1		0
286.676		196.605		3640		1		0
258.119		192.031		3623		2		0
256.904		222.921		3721		2		0
258.565		248.281		3860		2		0
262.051		254.544		3884		2		0
272.433		191.021		3614		2		0
275.939		221.857		3704		2		0
275.348		248.58		3816		2		0
270.955		255.259		3856		2		0
262.635		139.213		3538		2		0
245.226		203.445		3635		2		0
240.799		195.936		3623		2		0
284.998		201		3692		2		0
283.749		194.751		3633		2		0
Frame 22
265.241		191.633		3599		2		0
263.812		162.083		3546		2		0
262.413		131.78		3535		2		0
262.117		116.288		3401		2		0
246.279		142.627		3540		2		0
243.117		171.431		3628		1		0
243.769		194.68		3601		1		0
244.96		195.172		3605		1		0
278.099		142.313		3548		2		0
286.466		168.068		3628		1		0
289.558		191.067		3618		1		0
286.754		196.836		3643		1		0
258.099		192.133		3613		2		0
256.94		222.884		3700		2		0
258.595		248.373		3862		2		0
261.709		254.309		3868		2		0
272.398		191.127		3617		2		0
275.895		221.92		3695		2		0
275.343		248.582		3834		2		0
271.316		255.32		3874		2		0
262.761		139.435		3519		2		0
244.717		203.43		3630		2		0
240.703		196.351		3618		2		0
286		202		3692		2		0
283.561		195.944		3651		2		0
Frame 23
265.438		191.914		3587		2		0
263.827		162.306		3532		2		0
262.187		131.88		3511		2		0
262.329		116.651		3385		2		0
246.692		142.52		3536		2		0
243.173		171.373		3605		1		0
243.638		194.733		3605		1		0
245.29		198.548		3617		1		0
278.355		142.479		3526		2		0
286.58		168.585		3627		1		0
289.6		191.68		3606		1		0
286.921		197.264		3633		1		0
258.29		192.429		3607		2		0
256.953		222.938		3698		2		0
258.523		248.341		3834		2		0
262.773		254.837		3868		2		0
272.597		191.396		3597		2		0
275.92		222.146		3698		2		0
275.42		248.612		3833		2		0
271.322		255.33		3868		2		0
262.6		139.569		3513		2		0
246.722		203.713		3629		2		0
241.284		199.855		3619		2		0
286.5		202		3677		2		0
283.799		198.402		3651		2		0
Frame 24
265.446		192.142		3572		2		0
263.895		162.589		3503		2		0
262.334		132.103		3503		2		0
262.468		116.713		3362		2		0
246.592		142.616		3510		2		0
243.171		171.547		3599		1		0
243.278		194.968		3592		1		0
244.747		195.994		3602		1		0
278.503		142.665		3498		2		0
286.765		168.933		3609		1		0
288.507		192.187		3606		1		0
286.374		196.279		3604		1		0
258.275		192.631		3598		2		0
257.008		222.898		3723		2		0
258.708		248.361		3848		2		0
262.518		254.691		3883		2		0
272.627		191.65		3587		2		0
275.985		222.223		3687		2		0
275.437		248.529		3822		2		0
271.294		255.252		3854		2		0
262.725		139.82		3482		2		0
244.86		204.286		3606		2		0
240.298		196.244		3604		2		0
285.832		201.584		3667		2		0
282.294		195.475		3623		2		0
Frame 25
265.436		192.36		3572		2		0
264.095		162.851		3499		2		0
262.786		132.348		3498		2		0
262.545		116.768		3329		2		0
246.447		143.006		3482		2		0
243.055		171.999		3577		1		0
243.336		195.543		3580		1		0
245.166		199.111		3599		1		0
278.61		142.783		3502		2		0
286.842		169.028		3605		1		0
288.599		192.347		3588		1		0
286.416		196.45		3601		1		0
258.203		192.869		3601		2		0
257.069		222.807		3697		2		0
258.746		248.351		3837		2		0
262.453		254.579		3861		2		0
272.677		191.849		3588		2		0
275.969		222.244		3684		2		0
275.491		248.508		3823		2		0
271.075		255.214		3868		2		0
263.112		140.074		3481		2		0
245.861		204.428		3610		2		0
241.052		199.741		3589		2		0
286.181		201.637		3638		2		0
282.353		196.119		3623		2		0
Frame 26
265.42		192.583		3554		2		0
264.066		163.246		3489		2		0
262.687		132.86		3460		2		0
262.546		117.207		3316		2		0
246.287		142.958		3468		2		0
243.078		171.986		3584		1		0
243.356		195.598		3568		1		0
244.809		199.157		3584		1		0
278.671		143.169		3480		2		0
286.96		169.424		3592		1		0
288.701		192.887		3586		1		0
286.438		196.915		3593		1		0
258.174		193.051		3598		2		0
256.997		222.813		3681		2		0
258.657		248.509		3849		2		0
262.633		254.697		3875		2		0
272.677		192.114		3568		2		0
276.009		222.23		3675		2		0
275.526		248.472		3836		2		0
270.986		255.147		3854		2		0
263.037		140.565		3463		2		0
245.604		204.599		3606		2		0
241.066		200.467		3575		2		0
285.619		202.126		3643		2		0
282.444		196.059		3601		2		0
Frame 27
265.56		193.131		3528		2		0
264.301		163.796		3466		2		0
263.002		133.277		3450		2		0
262.573		117.829		3286		2		0
246.281		143.735		3455		2		0
242.998		173.156		3544		1		0
243.208		196.864		3545		1		0
244.779		200.016		3564		1		0
278.81		143.278		3457		2		0
287.186		169.769		3566		1		0
288.911		193.347		3573		1		0
286.765		197.499		3595		1		0
258.27		193.624		3580		2		0
256.85		222.68		3682		2		0
258.652		248.514		3835		2		0
262.427		254.544		3852		2		0
272.853		192.637		3544		2		0
276.116		222.307		3671		2		0
275.469		248.451		3828		2		0
270.937		255.038		3862		2		0
263.332		141.025		3438		2		0
245.404		205.399		3600		2		0
241		201.75		3574		2		0
286.293		202.601		3615		2		0
282.601		195.301		3592		2		0
Frame 28
265.754		193.452		3535		2		0
264.55		164.161		3451		2		0
263.306		133.617		3432		2		0
262.754		118.644		3266		2		0
246.16		143.956		3438		2		0
242.824		173.405		3532		1		0
243.242		197.198		3532		1		0
244.201		197.103		3531		1		0
279.119		143.932		3449		2		0
287.388		170.116		3557		1		0
289.151		193.766		3560		1		0
286.881		197.729		3576		1		0
258.416		193.903		3569		2		0
256.823		222.584		3682		2		0
258.541		248.508		3830		2		0
262.548		254.665		3864		2		0
273.104		193.002		3546		2		0
276.138		222.279		3677		2		0
275.464		248.389		3820		2		0
271.086		255.025		3832		2		0
263.621		141.38		3421		2		0
244.224		205.444		3574		2		0
240.702		196.814		3561		2		0
286.492		202.876		3609		2		0
283.182		197.196		3609		2		0
Frame 29
265.639		193.853		3529		2		0
264.266		164.691		3433		2		0
262.784		134.128		3408		2		0
263.065		119.146		3247		2		0
246.167		144.198		3411		2		0
242.398		173.495		3520		1		0
243.064		197.425		3525		1		0
243.949		197.99		3525		1		0
279.197		144.351		3403		2		0
287.501		170.264		3537		1		0
289.241		194.04		3539		1		0
286.842		198.093		3560		1		0
258.247		194.278		3551		2		0
256.759		222.62		3667		2		0
258.471		248.493		3821		2		0
263.06		255.008		3854		2		0
273.037		193.425		3529		2		0
276.262		222.185		3667		2		0
275.505		248.34		3825		2		0
270.887		255.142		3870		2		0
263.165		141.913		3372		2		0
244.001		206.375		3558		2		0
240.086		197.178		3533		2		0
285.57		203.572		3597		2		0
283.603		193.201		3579		2		0
Frame 30
265.708		194.786		3506		2		0
264.485		165.465		3416		2		0
263.217		134.524		3365		2		0
263.166		119.514		3218		2		0
245.958		144.708		3384		2		0
242.01		174.509		3496		1		0
243.573		198.518		3496		1		0
244.114		201.986		3528		1		0
279.431		144.722		3400		2		0
287.261		171.374		3512		1		0
289.865		195.17		3526		1		0
287.485		196.85		3526		1		0
258.421		195.122		3536		2		0
256.799		227.597		3681		2		0
260.595		252.458		3833		2		0
265.831		259.206		3857		1		0
272.999		194.461		3518		2		0
276.779		226.801		3684		2		0
275.715		248.765		3802		2		0
273.395		255.622		3846		2		0
263.538		142.423		3365		2		0
245.001		207.5		3552		2		0
241		202.3		3536		2		0
288.332		203.445		3557		2		0
283.653		195.478		3565		2		0
Frame 31
265.697		195.595		3483		2		0
264.676		166.247		3406		2		0
263.67		135.139		3350		2		0
263.468		120.303		3189		2		0
245.761		145.507		3368		2		0
241.903		175.402		3469		1		0
243.454		199.442		3491		1		0
244.752		202.81		3512		1		0
279.925		145.533		3365		2		0
287.485		173.107		3498		1		0
290.217		196.971		3511		1		0
287.391		197.332		3521		1		0
258.412		195.869		3513		2		0
256.5		227.839		3672		2		0
260.586		252.433		3835		2		0
260.916		258.17		3866		2		0
272.989		195.323		3502		2		0
276.814		226.95		3669		2		0
275.147		250.66		3821		2		0
275.723		256.388		3841		2		0
263.921		143.094		3341		2		0
248.008		208		3589		2		0
241.846		205.849		3516		2		0
288.332		204.445		3547		2		0
283.641		196.482		3548		2		0
Frame 32
265.534		195.991		3466		2		0
264.718		166.719		3378		2		0
263.88		135.723		3320		2		0
263.455		120.802		3152		2		0
246.385		145.525		3321		2		0
242.247		176.206		3454		1		0
243.094		200.466		3470		1		0
243.582		203.934		3482		1		0
279.546		146.015		3341		2		0
287.668		172.159		3478		1		0
290.543		196.181		3501		1		0
287.826		198.237		3500		1		0
258.007		196.363		3497		2		0
256.897		223.642		3632		2		0
259.008		249.76		3816		2		0
263.398		255.455		3859		2		0
273.05		195.627		3490		2		0
276.455		223.596		3633		2		0
275.217		250.19		3822		2		0
275.778		255.914		3832		2		0
264.092		143.645		3325		2		0
244.001		209		3510		2		0
240.468		203.884		3495		2		0
287.399		206.201		3549		2		0
284.135		194.4		3547		2		0
Frame 33
265.405		196.518		3458		2		0
264.672		167.736		3343		2		0
263.978		137.269		3290		2		0
263.484		122.223		3118		2		0
245.951		146.275		3297		2		0
242.171		176.535		3423		2		0
242.858		200.969		3448		2		0
243.153		201.502		3446		2		0
279.995		146.703		3313		2		0
287.806		173.274		3455		2		0
291.203		197.403		3481		2		0
288.425		199.248		3476		2		0
257.812		196.904		3480		2		0
256.878		223.677		3634		2		0
258.615		249.495		3809		2		0
263.446		255.437		3865		2		0
272.992		196.131		3476		2		0
276.5		223.572		3642		2		0
275.377		249.887		3794		2		0
272.351		255.448		3852		2		0
264.148		145.063		3296		2		0
243.502		209.4		3476		2		0
240.516		200.52		3459		2		0
288.83		206.335		3526		2		0
284.625		198.561		3515		2		0
Frame 34
265.95		197.251		3436		2		0
265.199		167.754		3316		2		0
264.251		135.606		3169		2		0
263.602		122.29		3079		2		0
246.048		146.43		3259		2		0
241.662		177.182		3397		2		0
242.783		201.69		3426		2		0
243.639		205.549		3438		2		0
280.294		147.446		3285		2		0
288.644		174.436		3419		2		0
291.461		198.817		3452		2		0
289.209		200.253		3449		2		0
258.349		197.497		3453		2		0
256.62		223.932		3621		2		0
257.878		248.902		3798		2		0
263.492		254.842		3853		2		0
273.554		197.021		3446		2		0
276.569		223.866		3605		2		0
275.399		249.722		3803		2		0
271.697		255.582		3845		2		0
264.514		143.874		3261		2		0
244.578		210.57		3471		2		0
240.749		207.753		3448		2		0
287.999		207.501		3498		2		0
285.625		198.124		3520		2		0
Frame 35
266.359		198.32		3415		2		0
265.323		168.725		3285		2		0
264.161		136.712		3143		2		0
263.773		124.218		3045		2		0
245.731		147.589		3222		2		0
241.532		178.633		3375		2		0
243.055		203.173		3407		2		0
242.777		204.24		3397		2		0
280.651		148.76		3254		2		0
288.661		175.385		3383		2		0
291.659		199.911		3415		2		0
289.521		201.664		3423		2		0
258.77		198.783		3443		2		0
256.553		224.138		3601		2		0
257.792		248.816		3792		2		0
262.698		255.015		3845		2		0
273.947		197.871		3424		2		0
276.676		224.23		3606		2		0
275.392		249.316		3796		2		0
271.599		255.155		3846		2		0
264.468		144.916		3231		2		0
243.504		211.4		3430		2		0
240.199		203.701		3396		2		0
288.622		208.501		3472		2		0
285.835		199.502		3498		2		0
Frame 36
266.477		199.488		3402		2		0
265.088		170.134		3261		2		0
263.381		138.113		3098		2		0
263.955		125.716		3001		2		0
245.574		149.464		3200		2		0
241.382		179.812		3331		2		0
242.272		204.81		3375		2		0
242.406		205.162		3366		2		0
281.088		150		3212		2		0
288.956		176.333		3382		2		0
291.4		201.181		3393		2		0
289.87		204.999		3407		2		0
258.89		199.956		3420		2		0
256.439		224.539		3595		2		0
257.854		248.798		3796		2		0
262.918		254.907		3835		2		0
274.074		199.02		3411		2		0
276.815		224.747		3594		2		0
274.506		249.353		3789		2		0
275.194		255.562		3832		2		0
263.83		146.417		3188		2		0
243.86		213.286		3410		2		0
240.071		206.859		3374		2		0
288		210.333		3455		2		0
287.572		205.443		3419		2		0
Frame 37
266.119		201.43		3368		2		0
264.875		172.21		3228		2		0
263.568		140.044		3074		2		0
263.995		127.13		2959		2		0
245.477		151.726		3158		2		0
241.011		180.921		3302		2		0
242.024		205.84		3327		2		0
242.117		206.921		3330		2		0
281.208		151.514		3187		2		0
289.353		177.079		3339		2		0
292.125		202.121		3360		2		0
290.446		206.441		3376		2		0
258.637		202.253		3410		2		0
256.589		224.971		3567		2		0
258.008		248.852		3790		2		0
262.515		255.261		3831		2		0
273.624		200.632		3389		2		0
277.016		225.569		3577		2		0
274.863		249.179		3786		2		0
275.493		255.468		3816		2		0
263.903		148.36		3150		2		0
244.003		214.999		3377		2		0
238.801		206.603		3380		2		0
289.497		212		3412		2		0
288.001		207.749		3385		2		0
Frame 38
265.99		202.291		3351		2		0
264.783		173.397		3188		2		0
263.511		141.571		3011		2		0
264.163		128.974		2917		2		0
245.44		152.997		3120		2		0
240.444		182.879		3263		2		0
242.562		208.322		3294		2		0
242.125		209.102		3298		2		0
281.704		152.381		3133		2		0
290.332		178.433		3315		2		0
292.605		203.804		3316		2		0
291.098		208.3		3337		2		0
258.489		202.931		3368		2		0
256.6		225.645		3551		2		0
258.11		248.864		3778		2		0
258.699		255.33		3820		2		0
273.52		201.669		3358		2		0
277.189		225.863		3544		2		0
275.487		249.053		3768		2		0
271.379		255.087		3830		2		0
263.836		149.853		3109		2		0
244.29		216.999		3342		2		0
239.234		210.588		3310		2		0
290.747		213.751		3368		2		0
289.638		210.285		3345		2		0
Frame 39
265.883		204.518		3330		2		0
264.857		176.191		3169		2		0
263.743		144.411		2966		2		0
264.262		131.314		2868		2		0
245.393		155.564		3082		2		0
239.981		185.34		3231		2		0
241.996		211.134		3246		2		0
241.74		210.443		3251		2		0
281.859		154.321		3096		2		0
291.252		180.04		3264		2		0
294.196		205.739		3270		2		0
292.425		207.794		3263		2		0
258.214		205.491		3351		2		0
256.659		226.368		3540		2		0
258.26		248.931		3768		2		0
258.723		255.472		3800		2		0
273.546		203.545		3328		2		0
277.093		226.996		3542		2		0
275.256		248.919		3761		2		0
275.968		255.46		3800		2		0
264.033		152.684		3065		2		0
244.004		218.999		3278		2		0
238		209.897		3353		2		0
291.831		215.168		3313		2		0
290.667		215.001		3317		2		0
Frame 40
265.964		205.993		3296		2		0
264.772		178.181		3112		2		0
263.366		147.088		2924		2		0
264.464		134.798		2820		2		0
245.448		157.868		3029		2		0
239.778		186.577		3174		2		0
241.288		212.947		3180		2		0
241.476		213.635		3177		2		0
282.544		157.531		3049		2		0
292.763		181.891		3214		2		0
294.607		208.107		3212		2		0
293.247		209.823		3213		2		0
258.209		206.68		3323		2		0
256.728		227.035		3516		2		0
258.611		249.16		3751		2		0
259.052		255.878		3798		2		0
273.733		205.346		3309		2		0
277.54		227.93		3513		2		0
275.239		248.982		3744		2		0
275.913		255.689		3807		2		0
263.728		155.308		3020		2		0
243.226		221.555		3227		2		0
238.419		214.839		3203		2		0
292.27		217.455		3252		2		0
290.166		210.614		3226		2		0
Frame 41
266.767		208.065		3270		2		0
265.641		181.5		3084		2		0
264.193		150.977		2871		2		0
265.003		138.25		2768		2		0
245.396		160.874		2973		2		0
239.023		189.382		3126		2		0
241.222		216.221		3123		2		0
241.722		219.657		3118		2		0
283.265		160.506		3007		2		0
293.706		185.002		3168		2		0
295.295		211.677		3145		2		0
294.349		213.422		3148		2		0
259.074		208.603		3289		2		0
256.955		227.56		3503		2		0
258.498		249.419		3737		2		0
262.581		255.11		3819		2		0
274.461		207.521		3275		2		0
277.62		228.68		3519		2		0
275.517		249.077		3741		2		0
270.849		254.856		3823		2		0
264.572		158.982		2983		2		0
244.001		225.25		3170		2		0
240		220.736		3125		2		0
293		221.376		3185		2		0
292.4		218.202		3210		2		0
Frame 42
267.012		210.521		3248		2		0
265.57		184.949		3043		2		0
263.853		155.462		2834		2		0
265.111		143.048		2729		2		0
245.859		165.951		2941		2		0
238.023		192.729		3095		2		0
240.577		220.041		3059		2		0
240.594		221.625		3057		2		0
283.524		164.67		2954		2		0
294.166		187.675		3111		2		0
296.764		214.64		3072		2		0
295.56		214.949		3078		2		0
259.45		211.64		3265		2		0
256.276		229.302		3503		2		0
258.208		249.59		3727		2		0
262.574		254.96		3791		2		0
274.6		209.486		3252		2		0
277.925		229.497		3491		2		0
275.441		249.97		3754		2		0
270.408		255.656		3814		2		0
264.303		163.269		2936		2		0
242.553		230.182		3092		2		0
237.998		225.92		3074		2		0
295.297		224.802		3098		2		0
291.785		216.213		3091		2		0
Frame 43
264.769		215.628		3215		2		0
264.867		189.913		3004		2		0
264.985		160.053		2754		2		0
265.486		146.604		2655		2		0
245.677		171.724		2892		2		0
237.608		197.443		3017		2		0
240.193		225.343		2983		2		0
239.848		228.796		2984		2		0
283.841		169.477		2906		2		0
295.84		191.417		3061		2		0
297.735		219.047		3006		2		0
295.897		221.273		3009		2		0
256.861		217.038		3303		2		0
255.477		231.736		3469		2		0
259.535		249.917		3732		2		0
260.082		257.13		3789		2		0
272.645		214.188		3222		2		0
278.576		232.726		3467		2		0
275.058		249.627		3724		2		0
275.795		256.841		3773		2		0
264.953		167.965		2874		2		0
239.735		236.454		2989		2		0
235.904		228.663		0		2		0
295.339		229.002		3014		2		0
291.611		223.379		3013		2		0
Frame 44
267.799		216.679		3158		2		0
266.826		193.917		2952		2		0
265.7		167.416		2713		2		0
265.561		154.631		2599		2		0
245.28		175.829		2818		2		0
237.325		203.985		2941		2		0
239.077		232.645		2912		2		0
239.28		237.055		2885		2		0
285.076		174.635		2848		2		0
297.442		196.781		2981		2		0
298.238		224.854		2917		2		0
296.989		227.392		2917		2		0
259.066		216.466		3184		2		0
254.538		235.102		3464		1		0
260.117		250.615		3727		2		0
260.67		257.988		3805		2		0
275.746		217.123		3197		2		0
275.647		236.143		3462		2		0
274.88		249.829		3713		2		0
269.624		254.935		3802		2		0
265.998		174.445		2818		2		0
238.399		244.2		2898		2		0
234.832		236.327		2931		2		0
296.91		235.183		2928		2		0
292.332		230.595		2916		2		0
Frame 45
264.912		222.003		3150		2		0
263.669		198.626		2898		2		0
262.201		170.917		2628		2		0
266.704		160.736		2533		2		0
246.197		182.821		2773		2		0
236.872		209.847		2876		2		0
238.711		239.275		2813		2		0
238.421		245.588		2791		2		0
285.913		180.788		2787		2		0
299.468		204.011		2900		2		0
299.049		232.356		2811		2		0
298.22		235.37		2805		2		0
256.875		222.713		3198		2		0
251.263		238.135		3453		1		0
259.986		250.618		3700		2		0
260.498		258.107		3801		2		0
273.202		220.882		3148		2		0
276.538		241.015		3468		2		0
274.478		250.159		3719		2		0
269.318		255.508		3792		2		0
262.593		178.319		2760		2		0
238.001		254.166		2802		2		0
233.696		244.948		2825		2		0
298.309		243.385		2833		2		0
299.118		236.174		2795		2		0
Frame 46
268.221		226.051		3120		2		0
267.996		206.054		2855		2		0
267.733		182.044		2552		2		0
267.042		169.767		2470		2		0
245.442		190.64		2704		2		0
235.993		218.575		2786		2		0
237.498		248.952		2723		2		0
237.687		252.703		2710		2		0
287.158		189.603		2730		2		0
302.473		213.637		2816		2		0
299.743		242.055		2717		2		0
299.298		244.71		2699		2		0
258.616		223.025		3095		2		0
252.6		243.543		3464		1		0
258.749		253.017		3705		2		0
259.309		260.791		3794		2		0
276.889		228.927		3167		2		0
278.316		244.646		3452		1		0
275.608		250.438		3665		2		0
270.941		255.121		3782		2		0
267.803		188.49		2713		2		0
238.083		261.96		2700		2		0
232.84		255.586		2729		2		0
299.002		253.5		2743		2		0
300.409		244.999		2691		2		0
Frame 47
271.319		229.498		3060		2		0
269.909		212.504		2785		2		0
268.203		191.894		2471		2		0
267.98		179.407		2412		2		0
244.556		200.729		2641		2		0
236.126		230.11		2710		2		0
237.986		261.437		2631		2		0
237.21		265.756		2605		2		0
288.845		197.449		2667		2		0
303.08		223.077		2736		2		0
301.407		252.759		2633		2		0
300.543		258.696		2601		2		0
263.11		229.763		3063		2		0
251.52		246.936		3437		1		0
258.056		256.75		3724		1		0
258.745		264.802		3580		1		0
278.121		229.074		3071		2		0
284.135		246.61		3440		1		0
281.776		253.086		3700		1		0
282.654		260.961		0		1		0
268.662		197.449		2597		2		0
237.298		275.503		2599		2		0
232.565		266.469		2637		2		0
299.933		263.335		2634		2		0
302.217		255.739		2589		2		0
Frame 48
270.292		238.624		3058		2		0
269.098		222.823		2724		2		0
267.641		203.493		2402		2		0
268.707		191.084		2339		2		0
245.431		210.369		2565		2		0
236.23		240.377		2625		2		0
237.67		272.867		2557		2		0
237.34		280.647		2504		2		0
289.364		209.429		2602		2		0
304.99		235.833		2661		2		0
302.611		266.409		2549		2		0
302.295		272.527		2497		2		0
261.763		233.756		2979		2		0
250.733		257.657		0		1		0
257.481		266.725		3508		1		0
258.01		275.087		3321		1		0
279.17		242.879		3208		2		0
280.698		254.796		3668		1		0
278.536		260.818		3783		1		0
279.228		268.912		3440		1		0
268.034		208.72		0		2		0
235.765		290.12		2483		2		0
233.164		284.659		2502		2		0
302		276.93		2506		2		0
305.897		270.053		2501		2		0
Frame 49
270.787		249.109		0		2		0
269.78		235.091		2695		2		0
268.558		218.029		2344		2		0
269.169		206.725		2277		2		0
245.333		223.073		2504		2		0
235.841		255.362		2542		2		0
237.363		289.554		2474		2		0
236.658		296.447		2441		2		0
292.655		220.962		2536		2		0
306.568		249.186		2565		2		0
304.313		281.259		2476		2		0
306.024		287.124		2430		2		0
262.837		246.456		3062		2		0
252.5		267.415		3489		1		0
259.219		275.774		3330		1		0
259.789		284.392		3115		1		0
278.768		251.777		3334		2		0
281.262		264.804		3548		1		0
279.012		270.29		3385		1		0
279.736		278.667		3259		1		0
268.887		222.633		2398		2		0
234.299		305.601		2396		2		0
243.473		297.942		2452		2		0
307.5		294.216		2399		2		0
312.335		291.501		2415		2		0
Frame 50
272.195		262.606		0		2		0
271.492		249.719		0		2		0
270.638		234.043		2272		2		0
270.485		223.114		2196		2		0
244.195		240.184		2446		2		0
236.14		272.882		2488		2		0
237.225		308.674		2407		2		0
236.492		316.404		2371		2		0
294.129		238.345		2468		2		0
307.599		269.103		2503		2		0
308.62		304.236		2406		2		0
310.507		311.076		2426		2		0
264.379		261.065		0		2		0
254.741		280.256		3173		1		0
262.394		288.701		3020		1		0
262.89		297.456		2848		1		0
280.003		264.15		3523		2		0
284.269		282.737		3146		1		0
282.226		286.294		3031		1		0
276.477		289.693		2983		1		0
270.868		238.272		2309		2		0
233.505		326.201		2346		2		0
245.999		316.495		2466		2		0
315.498		318.376		2373		2		0
304.001		315		2492		2		0
Frame 51
278.793		277.458		3261		2		0
278.772		266.093		0		2		0
278.749		252.217		2251		2		0
271.754		242.921		2171		2		0
248.172		248.335		2411		2		0
237.083		280.857		2430		2		0
241.875		312.839		2456		2		0
238.125		319.122		2383		1		0
282.142		261.393		2467		2		0
309.693		283.784		2447		2		0
305.81		319.494		2413		2		0
308.474		318.747		2375		1		0
272.232		275.912		3306		2		0
264.94		296.092		2857		1		0
271.584		302.93		2757		1		0
269.893		311.748		2576		1		0
285.348		279.005		3214		2		0
293.925		297.159		2830		1		0
291.303		299.935		2805		1		0
285.338		303.158		2734		1		0
278.755		255.966		2326		2		0
243		316.487		2500		2		0
239.912		312.662		2409		2		0
304		318.499		2436		2		0
Frame 52
280.913		291.383		2918		2		0
280.813		282.151		2408		2		0
280.69		270.873		2173		2		0
271.31		264.62		2125		2		0
248.851		263.418		2373		1		0
238.476		299.449		2408		2		0
242.35		333.814		2384		1		0
243.615		344.962		2285		1		0
294.957		275.334		2369		2		0
323.773		298.807		0		1		0
301.543		319.994		2520		2		0
304.498		319		2449		1		0
273.429		289.332		0		2		0
265.973		309.383		2594		1		0
272.679		314.916		2532		1		0
271.529		324.171		2458		1		0
288.408		293.44		2875		2		0
295.645		309.215		2588		1		0
292.855		311.353		2569		1		0
286.715		314.472		2535		1		0
280.723		273.921		2210		2		0
248.149		341.366		2350		1		0
245.109		337.524		2389		1		0
305.053		317.368		2421		1		0
Frame 53
283.058		306.68		2575		2		0
283.117		298.829		2334		2		0
283.189		289.181		0		2		0
273.622		284.627		2041		2		0
251.284		280.945		2328		1		0
240.67		316.834		2540		1		0
244.569		351.276		2049		1		0
245.842		362.406		1921		1		0
298.117		294.808		2339		2		0
313.91		310.421		2439		2		0
283.556		325.627		2435		1		0
283.653		337.859		2259		1		0
275.705		304.844		0		2		0
268.078		323.643		2464		1		0
274.615		327.617		2442		1		0
273.27		337.021		2232		1		0
290.406		308.518		2626		2		0
297.857		322.1		2477		1		0
294.909		323.495		2462		1		0
288.676		326.443		2418		1		0
283.169		291.794		2210		2		0
250.34		358.079		1958		1		0
247.25		354.126		2002		1		0
283.267		337.769		2259		1		0
284.308		336.164		2278		1		0
Frame 54
254.413		319.051		2336		2		0
253.355		313.734		2311		2		0
252.094		307.392		2291		2		0
239.139		303.522		2331		1		0
213.807		296.606		0		1		0
204.509		332.276		2473		1		0
209.205		366.595		1960		1		0
210.756		377.632		1880		1		0
262.154		310.116		2072		1		0
308.085		311.891		2390		2		0
295.631		335.254		2349		1		0
295.808		347.474		2155		1		0
246.563		321.017		2392		2		0
238.996		336.203		2334		1		0
248.897		338.764		2356		1		0
247.337		348.314		2226		1		0
262.105		317.127		2141		2		0
271.835		333.387		2320		1		0
270.418		334.121		2320		1		0
264.543		336.922		2308		1		0
252.432		309.09		2293		2		0
216.718		372.698		1871		1		0
213.75		368.665		1904		1		0
295.365		347.339		2155		1		0
296.397		345.74		2243		1		0
Frame 55
287.319		309.05		2255		2		0
291.964		302.935		2298		2		0
297.206		296.036		2639		2		0
288.699		291.993		2571		1		0
264.3		286.465		2621		1		0
254.497		317.972		2240		1		0
211.992		322.362		2568		2		0
204.431		325.837		2561		2		0
305.336		298.6		2668		1		0
344.413		300.551		3083		1		0
332.059		321.512		2493		1		0
332.438		332.172		2364		1		0
282.262		311.46		2056		2		0
276.919		323.944		1980		1		0
281.975		327.543		2015		1		0
281.024		336.146		2062		1		0
292.292		306.682		2270		2		0
303.291		322.52		2271		1		0
300.294		323.774		2264		1		0
294.493		326.473		2263		1		0
295.833		297.842		2568		2		0
196		333.989		2626		2		0
202.492		324.179		0		2		0
331.894		332.117		2365		1		0
332.789		330.717		2388		1		0
Frame 56
274.257		286.592		2687		2		0
273.256		285.308		2694		2		0
272.121		283.852		2719		2		0
282.996		292.623		2609		2		0
240.127		274.565		3237		1		0
246.131		310.952		2559		1		0
204.941		331.439		2474		2		0
198.996		335.715		2475		2		0
280.329		286.491		2688		1		0
314.728		291.446		2774		2		0
331.009		309.54		2557		2		0
336.007		316.038		2546		2		0
268.156		285.513		2695		2		0
257.016		313.31		2274		1		0
263.954		317.892		2242		1		0
262.339		326.049		0		1		0
280.324		287.669		2686		2		0
284.44		312.805		2280		1		0
282.513		314.549		2277		1		0
277.107		317.33		0		1		0
272.419		284.234		2707		2		0
193.034		339.933		2568		2		0
202.115		327.01		2581		2		0
341.508		329.251		2475		2		0
342.643		319.275		2627		2		0
Frame 57
280.681		285.168		2666		2		0
280.784		284.553		2673		2		0
280.904		283.842		2688		2		0
292.227		292.699		2682		1		0
248.693		274.452		3352		1		0
257.262		310.533		2319		1		0
216.77		323.879		2479		2		0
205.653		325.69		2546		2		0
289.062		286.509		2715		1		0
308.43		283.719		2989		2		0
322.214		296.047		2728		2		0
335.364		311.864		2530		2		0
273.8		283.246		2675		2		0
264.057		313.501		2262		1		0
270.327		318.096		2228		1		0
268.683		326.267		2095		1		0
287.572		287.096		2659		2		0
291.057		312.988		2286		1		0
288.765		314.732		2253		1		0
283.233		317.524		2245		1		0
280.872		284.029		2673		2		0
200.402		327.993		2617		2		0
205.81		316.093		2617		2		0
336.001		317.334		2506		2		0
342.705		319.584		2594		2		0
Frame 58
278.846		284.231		2630		2		0
279.528		283.825		2634		2		0
280.539		283.461		2635		2		0
292.127		292.522		2613		1		0
247.557		273.847		3369		1		0
256.234		310.815		2268		1		0
216.275		325.129		2447		1		0
204.5		328.287		2521		2		0
288.894		286.196		2640		1		0
313.399		290.724		2823		2		0
336.619		311.057		2557		2		0
339.72		318.521		2512		2		0
271.967		282.302		2635		2		0
263.439		313.763		2229		1		0
269.88		318.409		2186		1		0
268.197		326.715		2161		1		0
285.745		286.169		2626		2		0
290.965		313.218		2225		1		0
288.64		314.978		2213		1		0
283.02		317.812		2201		1		0
280.271		283.558		2635		2		0
196.334		331.826		2594		2		0
201.559		339.875		2447		2		0
341.504		330.499		2472		2		0
346.417		324.075		2567		2		0
Frame 59
273.385		283.739		2595		2		0
273.42		283.647		2595		2		0
273.461		283.539		2595		2		0
284.973		292.767		2508		1		0
239.823		273.768		3359		1		0
254.131		312.228		2205		1		0
215.516		322.623		2483		1		0
220		320.997		2511		1		0
282.065		286.317		2551		1		0
312.109		290.076		2856		1		0
317.297		316.645		2332		1		0
322.137		323.007		2467		1		0
266.502		281.905		2621		2		0
257.473		314.276		2189		1		0
264.62		318.927		2156		1		0
262.874		327.324		2119		1		0
280.273		285.576		2563		2		0
285.892		313.668		2181		1		0
283.816		315.427		2162		1		0
278.201		318.291		2059		1		0
273.45		283.567		2595		2		0
220		320		2501		2		0
217.579		332.417		2406		1		0
320		326		2356		2		0
322.557		325.21		2449		2		0
Frame 60
280.326		306.377		2267		2		0
281.969		300.077		2337		2		0
283.908		292.638		2504		2		0
296.331		302.63		2513		1		0
249.053		282.535		2899		1		0
229.999		323.358		2291		2		0
193.498		320.797		2809		1		0
197.231		307.365		2848		1		0
265.113		285.476		2558		2		0
297.517		288.372		0		1		0
300.786		315.898		2164		1		0
308.5		335		2260		1		0
274.389		303.557		2311		2		0
265.355		322.496		2124		1		0
271.853		326.392		1900		1		0
272.269		335.431		1884		1		0
286.306		309.218		2210		2		0
293.852		321.132		2139		1		0
291.272		322.515		2131		1		0
285.394		325.339		1927		1		0
283.391		294.621		2451		2		0
197.345		306.456		2871		1		0
194.068		318.079		2812		1		0
308.826		337.515		2269		1		0
Frame 61
280.231		298.889		2399		2		0
281.886		291.973		2517		2		0
283.805		283.956		2618		2		0
295.683		293.159		2560		1		0
250.421		274.213		0		1		0
233.927		311.78		2619		2		0
194.816		317.016		2795		1		0
198.459		303.882		0		1		0
262.389		283.292		2617		2		0
294.196		286.255		2695		1		0
296.99		312.807		2175		1		0
299.421		321.898		2130		1		0
274.921		293.992		2482		2		0
265.901		314.473		2160		1		0
272.146		319.089		2001		1		0
269.267		327.22		1887		1		0
285.601		303.843		2290		2		0
293.472		313.863		2165		1		0
290.988		315.603		2150		1		0
285.283		318.452		2113		1		0
283.297		286.077		2551		2		0
198.565		303.003		0		1		0
195.379		314.333		2811		1		0
298.957		321.892		2129		1		0
299.033		319.381		2141		1		0
Frame 62
268.267		322.412		1963		2		0
267.977		315.168		2157		2		0
267.622		306.288		2292		2		0
280.43		317.822		0		1		0
229.498		295.45		2903		1		0
236.096		334.288		2219		2		0
198.262		326.117		2539		1		0
201.9		312.255		2863		1		0
267.995		291.355		2519		2		0
300.616		293.895		2931		1		0
304.306		322.474		2147		1		0
317.534		330.339		2275		1		0
261.323		320.163		2126		2		0
251.23		335.326		2122		1		0
259.737		337.991		2059		1		0
262.325		347.272		0		1		0
275.24		324.672		1887		2		0
282.883		332.611		1866		1		0
280.806		333.391		1849		1		0
274.759		336.201		1859		1		0
267.718		308.69		2251		2		0
201.993		311.305		2889		1		0
198.842		323.349		2552		1		0
316.626		342.751		2252		2		0
318.501		342.998		2269		2		0
Frame 63
261.192		273.672		3076		2		0
259.51		270.119		3092		2		0
257.697		266.288		3152		2		0
266.512		273.19		0		1		0
230.114		258.227		0		1		0
231.352		276.048		3329		1		0
202.76		302.36		3083		1		0
192.198		312.071		2932		1		0
283.205		266.199		3238		2		0
308.11		269.557		0		1		0
311.654		289.226		2921		1		0
313.916		295.947		2873		1		0
255.458		272.896		3091		2		0
246.714		295.16		2905		1		0
253.836		300.881		2534		1		0
253.449		308.3		2457		1		0
266.892		274.446		0		2		0
271.947		296.074		2495		1		0
270.814		298.436		2476		1		0
266.113		301.149		2435		1		0
258.163		267.273		3125		2		0
192.335		311.151		2942		1		0
188.909		322.802		2817		1		0
313.212		304.661		2693		1		0
314.625		305.097		0		1		0
Frame 64
271.199		300.879		2466		2		0
270.089		303.973		2403		2		0
268.704		307.837		2320		2		0
281.382		319.28		2068		1		0
231.103		297.155		2848		1		0
242.723		335.789		2135		2		0
203.015		332.101		2481		1		0
191.071		330.997		2643		1		0
302.693		306.073		0		1		0
334.325		307.721		2719		1		0
342.415		339.306		2321		1		0
346.378		349.931		2184		1		0
261.858		298.239		2514		2		0
252.257		336.239		2108		1		0
260.569		338.777		2076		1		0
259.642		348.009		2138		1		0
280.579		303.535		2395		2		0
283.51		333.464		1872		1		0
281.415		334.186		1879		1		0
275.411		336.958		1868		1		0
269.082		306.784		2339		2		0
191.224		329.902		2661		1		0
187.479		343.319		2499		1		0
345.943		362.846		2024		1		0
347.584		362.904		2031		1		0
Frame 65
285.395		312.526		2240		2		0
288.021		306.634		2358		2		0
291.09		299.744		2505		2		0
303.808		310.027		0		1		0
256.322		289.689		2642		1		0
239.658		327.7		2196		2		0
209.077		330.85		2428		2		0
203.905		329.137		2476		2		0
274.483		294.502		2504		2		0
311.388		300.787		2740		1		0
340.527		312.204		2681		2		0
343.936		312.939		2684		2		0
279.077		310.658		2282		2		0
271.125		328.149		1928		1		0
277		331.435		1886		1		0
276.232		340.452		1861		1		0
291.727		314.398		2197		2		0
299.075		326.277		2114		1		0
296.203		327.367		2114		1		0
290.252		330.111		1919		1		0
290.275		301.574		2480		2		0
196.6		329.598		2634		2		0
197.335		343.997		2435		2		0
350.329		316.308		2668		2		0
344.114		304.888		2751		2		0
Frame 66
284.992		312.415		2250		2		0
287.832		306.584		2341		2		0
291.042		299.735		2504		2		0
303.761		310.022		2293		1		0
256.261		289.677		2644		1		0
240.842		327.03		2181		2		0
215.201		323.27		2462		2		0
208.21		321.792		2554		2		0
274.59		294.281		2501		2		0
312.934		319.737		2210		2		0
334.77		314.109		2671		2		0
339.554		309.334		2704		2		0
278.734		310.487		2284		2		0
271.081		328.15		1924		1		0
276.962		331.437		1855		1		0
276.305		340.468		1852		1		0
291.262		314.374		2193		2		0
299.042		326.277		2125		1		0
296.171		327.368		2111		1		0
290.218		330.112		1965		1		0
290.199		301.557		2483		2		0
202.024		321.479		2695		2		0
200.472		331.676		2516		2		0
345.667		304		2782		2		0
330.252		302.577		2739		2		0
Frame 67
278.537		300.118		2437		2		0
281.001		292.514		2508		2		0
283.798		283.885		2649		2		0
295.43		292.896		2687		1		0
251.082		274.336		0		1		0
244.294		307.377		2675		2		0
287.188		319.5		2160		2		0
282.248		341.401		1879		2		0
251.437		304.829		2526		2		0
289.162		318.103		2168		2		0
320.554		314.766		2291		2		0
337.703		313.481		2687		2		0
277.536		295.101		2496		2		0
266.184		313.923		2238		1		0
272.31		318.529		2195		1		0
265.184		322.307		2148		1		0
279.541		305.146		2360		2		0
293.325		313.371		2213		1		0
290.884		315.113		2191		1		0
285.258		317.93		2184		1		0
283.064		286.149		2612		2		0
282.727		348.574		1851		2		0
292.278		347.803		1913		2		0
339.572		311.625		2690		2		0
332.251		308.998		2709		2		0
Frame 68
264.459		314.169		2216		2		0
265.045		307.725		2322		2		0
265.732		300.165		2455		2		0
277.55		310.62		2284		1		0
230.203		290.022		2971		1		0
240.982		329.119		2184		2		0
290.473		324.012		2136		2		0
302.338		325.098		2127		1		0
229.522		323.908		2304		1		0
278.444		325.868		1966		2		0
311.551		318.787		2208		1		0
323		323.497		2431		1		0
263.4		309.128		2305		2		0
250.608		328.874		2140		1		0
258.771		332.112		2100		1		0
251.273		336.046		2117		1		0
265.521		319.222		2172		2		0
280.761		326.885		1940		1		0
278.901		327.955		1921		1		0
273.161		330.725		1915		1		0
265.549		302.175		2416		2		0
312.226		326.194		2162		2		0
296.942		312.527		2249		2		0
323		322		2436		2		0
317.242		318.437		2266		1		0
Frame 69
264.415		314.206		2216		2		0
265.006		307.754		2317		2		0
265.698		300.187		2467		2		0
277.513		310.641		2291		1		0
230.175		290.045		2955		1		0
235.401		332.017		2231		2		0
284.584		324.876		2040		2		0
282.862		340.021		1877		2		0
229.493		323.926		2299		1		0
278.406		325.899		1931		2		0
311.534		318.807		2212		1		0
323		323.496		2432		1		0
263.339		309.125		2305		2		0
250.583		328.887		2146		1		0
258.748		332.124		2112		1		0
251.251		336.057		2123		1		0
265.489		319.296		2178		2		0
280.735		326.897		1913		1		0
278.877		327.966		1933		1		0
273.138		330.736		1916		1		0
265.514		302.199		2419		2		0
283.169		342.462		1866		2		0
289.937		347.791		1915		2		0
323		322		2440		2		0
317.242		318.437		2266		1		0
Frame 70
275.075		300.921		2458		2		0
277.524		293.378		2521		2		0
280.311		284.796		2637		2		0
291.847		293.876		2584		1		0
247.447		275.227		3362		1		0
257.121		292.015		2583		1		0
290.277		316.564		2190		1		0
281.462		339.429		1882		2		0
247.63		305.883		2557		1		0
291.823		317.444		2178		2		0
324.931		313.39		2567		1		0
338.343		309.992		2696		2		0
274.386		296.366		2502		2		0
263.304		314.757		2226		1		0
269.742		319.289		2180		1		0
262.594		323.085		2148		1		0
275.764		305.477		2365		2		0
290.769		314.126		2205		1		0
288.46		315.833		2207		1		0
282.857		318.647		2187		1		0
279.579		287.05		2608		2		0
281.183		344.637		1865		2		0
287.223		352.204		1936		2		0
345.597		308.79		2723		2		0
326.296		302.116		2728		2		0
Frame 71
274.448		306.771		2353		2		0
275.616		299.256		2475		2		0
276.948		290.687		2546		2		0
289.657		301.796		2481		2		0
242.931		280.844		3225		1		0
258.766		320.509		2174		1		0
306.58		316.513		2235		2		0
313.768		320.071		2227		1		0
242.898		312.878		2614		1		0
290.289		320.202		2168		2		0
322.025		313.985		0		1		0
331.539		312.129		2659		1		0
274.517		304.67		2386		2		0
260.127		320.325		2172		1		0
267.057		324.378		2130		1		0
259.763		328.21		2127		1		0
274.38		308.847		2319		2		0
288.559		319.173		2173		1		0
286.318		320.641		2160		1		0
280.618		323.447		2002		1		0
276.598		292.94		2525		2		0
318.779		315.665		2300		2		0
313.859		310.427		2325		2		0
339		310.878		2697		1		0
319.419		304.1		2689		1		0
Frame 72
266.984		306.667		2336		2		0
267.393		299.392		2478		2		0
267.859		291.11		2545		2		0
289.958		296.835		2523		2		0
233.871		281.324		3181		1		0
255.005		317.715		2207		1		0
302.688		316.05		2205		1		0
311.257		319.399		2217		1		0
233.396		313.278		2574		1		0
275.607		322.497		2044		2		0
279.522		334.41		1891		2		0
275.87		342.26		1879		2		0
267.165		305.123		2358		2		0
252.84		320.602		2188		1		0
260.52		324.614		2153		1		0
253.256		328.43		2141		1		0
266.806		308.19		2320		2		0
281.856		319.416		2181		1		0
279.991		320.868		2128		1		0
274.4		323.667		0		1		0
267.736		293.286		2529		2		0
318.143		316.427		2307		2		0
310.838		309.666		2332		2		0
272.364		346.294		1878		2		0
285.255		357.25		1940		2		0
Frame 73
266.082		309.054		2299		2		0
266.052		302.001		2425		2		0
265.972		293.971		2530		2		0
286.328		295.583		2533		2		0
231.654		284.122		3105		1		0
232.329		326.315		2285		2		0
278.178		330.825		1922		2		0
281.581		338.091		1887		2		0
231.066		316.52		2439		1		0
274.707		323.891		0		2		0
279.892		335.851		1895		2		0
276.234		343.278		1882		1		0
265.864		307.777		2336		2		0
251.211		323.12		2171		1		0
259.113		326.89		2144		1		0
251.818		330.712		2140		1		0
266.245		310.336		2283		2		0
280.567		321.697		2152		1		0
278.761		323.031		0		1		0
273.155		325.814		1980		1		0
265.997		296.082		2518		2		0
281.067		341.746		1875		2		0
288.958		343.775		1928		2		0
274.698		345.515		1876		2		0
284.465		357.091		1924		2		0
Frame 74
260.04		314.134		2226		2		0
259.77		307.67		2367		2		0
259.458		300.228		2493		2		0
279.511		300.516		2448		1		0
224.349		290.237		2989		1		0
232.66		328.196		2277		2		0
281.557		324.496		1921		2		0
286.539		332.701		1942		1		0
223.385		323.652		2451		1		0
268.997		327.942		1963		2		0
282.05		332.92		1903		2		0
276.245		342.443		1878		1		0
259.725		313.093		2240		2		0
245.74		328.622		2160		1		0
254.349		331.854		2129		1		0
246.943		335.733		2143		1		0
260.35		315.158		2215		2		0
276.044		326.667		1945		1		0
274.468		327.74		1960		1		0
268.849		330.49		1950		1		0
259.54		302.192		2460		2		0
286.25		333.749		1927		2		0
289.001		337.751		1954		2		0
275.42		345.963		1883		2		0
284.62		356.996		1921		2		0
Frame 75
260.048		314.13		2222		2		0
259.782		307.663		2355		2		0
259.476		300.215		2487		2		0
279.531		300.504		2437		1		0
224.362		290.223		2999		1		0
234.434		328.26		2245		2		0
284.379		324.348		2116		2		0
286.848		333.391		1941		1		0
223.398		323.643		2458		1		0
269.392		328.409		1971		2		0
281.991		331.853		1916		2		0
275.992		341.872		1889		1		0
259.732		313.088		2235		2		0
245.753		328.615		2168		1		0
254.361		331.849		2127		1		0
246.954		335.728		2142		1		0
260.358		315.155		2212		2		0
276.059		326.661		1998		1		0
274.482		327.735		1940		1		0
268.861		330.485		1928		1		0
259.556		302.181		2448		2		0
286.797		334.662		1929		2		0
288.332		336.83		1959		2		0
276.54		345.577		1875		2		0
267.185		353.914		1914		2		0
Frame 76
261.928		314.353		2226		2		0
261.848		307.859		2356		2		0
263.326		300.405		2462		2		0
283.533		300.7		2455		1		0
227.925		290.312		2981		1		0
235.281		330.197		2236		2		0
285.724		324.728		2133		2		0
286.3		333.242		1940		1		0
227.132		324.06		2323		1		0
273.828		328.809		1949		2		0
277.255		329.227		1941		1		0
275.465		341.181		1883		1		0
261.971		310.17		2289		2		0
248.733		328.97		2148		1		0
257.075		332.188		2119		1		0
249.592		336.121		2136		1		0
263.257		318.25		2190		2		0
278.966		326.975		1948		1		0
277.214		328.038		1923		1		0
271.516		330.799		1922		1		0
262.814		302.385		2421		2		0
286.204		333.995		1940		2		0
287.602		336.791		1938		2		0
276.546		347.546		1863		2		0
268.042		353.044		1910		2		0
Frame 77
264.847		321.262		2167		2		0
265.616		314.672		2240		2		0
266.536		306.794		2334		2		0
287.801		307.055		2321		1		0
229.233		296.199		2867		1		0
247.853		337.438		2139		2		0
291.146		324.692		2139		2		0
300.69		324.092		2154		1		0
228.47		332.183		2287		1		0
280.51		333.609		1898		2		0
276.294		331.218		1921		1		0
274.959		342.429		1877		1		0
263.622		316.063		2203		2		0
250.651		335.23		2129		1		0
259.093		337.866		2117		1		0
251.333		341.929		2127		1		0
266.077		326.483		0		2		0
281.869		332.565		1923		1		0
279.882		333.337		1898		1		0
273.937		336.108		1908		1		0
266.29		308.904		2316		2		0
309.407		324.057		2183		2		0
295.555		312.497		2259		2		0
271.605		345.852		1873		2		0
283.869		354.313		1902		2		0
Frame 78
264.851		321.276		2171		2		0
265.619		314.688		2231		2		0
266.536		306.813		2349		2		0
287.802		307.074		2328		1		0
229.234		296.218		2869		1		0
247.854		337.459		2132		1		0
299.692		323.1		2153		2		0
308.983		322.566		2186		1		0
228.47		332.203		2288		1		0
280.737		330.306		1901		2		0
282.772		333.648		1921		2		0
275.225		342.912		1876		1		0
263.622		316.029		2204		2		0
250.651		335.245		2130		1		0
259.094		337.879		2106		1		0
251.333		341.942		2131		1		0
266.108		326.642		2074		2		0
281.869		332.579		1906		1		0
279.882		333.349		1890		1		0
273.937		336.12		1899		1		0
266.291		308.922		2322		2		0
315.499		319.12		2269		2		0
304.262		313.14		2262		2		0
273.093		347.243		1871		2		0
283.397		357.202		1912		2		0
Frame 79
264.865		321.28		2170		2		0
265.63		314.693		2237		2		0
266.545		306.82		2339		2		0
287.81		307.08		2316		1		0
229.244		296.225		2870		1		0
245.014		336.018		2142		2		0
297.21		323.668		2161		2		0
307.801		323.381		2170		1		0
228.482		332.209		2289		1		0
280.778		330.832		1930		2		0
282.943		333.147		1902		2		0
275.392		343.048		1868		1		0
263.644		315.955		2216		2		0
250.659		335.249		2126		1		0
259.1		337.882		2107		1		0
251.34		341.945		2130		1		0
266.15		326.726		2082		2		0
281.875		332.583		1901		1		0
279.888		333.353		1908		1		0
273.943		336.124		1895		1		0
266.3		308.928		2314		2		0
314.998		319.427		2253		2		0
301.877		312.726		2257		2		0
273.181		345.488		1866		2		0
266.614		355.769		1922		2		0
Frame 80
264.948		321.381		2170		2		0
265.737		314.792		2237		2		0
266.685		306.908		2335		2		0
287.968		307.168		2320		1		0
229.351		296.305		2870		1		0
245.552		337.279		2136		2		0
297.525		323.656		2157		2		0
307.734		322.892		2178		1		0
228.594		332.326		2286		1		0
280.947		331.09		1933		2		0
283.083		333.301		1913		2		0
275.74		342.868		1873		1		0
263.723		316.005		2200		2		0
250.758		335.339		2123		1		0
259.194		337.964		2095		1		0
251.428		342.03		2134		1		0
266.222		326.872		2112		2		0
281.985		332.662		1911		1		0
279.99		333.428		1908		1		0
274.04		336.2		1891		1		0
266.431		309.021		2301		2		0
315.214		320.068		2268		2		0
301.339		312.161		2247		2		0
273.758		346.12		1866		2		0
266.462		354.602		1918		2		0
Frame 81
264.947		321.382		2162		2		0
265.736		314.792		2231		2		0
266.684		306.909		2336		2		0
287.967		307.169		2335		1		0
229.35		296.305		2868		1		0
246.2		337.431		2138		2		0
298.14		323.526		2152		2		0
307.992		323.009		2176		1		0
228.593		332.327		2289		1		0
280.9		330.415		1908		2		0
285.106		331.513		1952		1		0
276.396		341.9		1874		1		0
263.721		316.014		2200		2		0
250.757		335.339		2130		1		0
259.193		337.964		2108		1		0
251.427		342.03		2130		1		0
266.217		326.86		2124		2		0
281.984		332.663		1901		1		0
279.989		333.429		1892		1		0
274.039		336.2		1890		1		0
266.43		309.021		2300		2		0
315.141		319.846		2266		2		0
300.892		312.217		2256		2		0
275.318		345.985		1880		2		0
285.131		355.046		1915		2		0
Frame 82
265.114		321.598		2165		2		0
265.913		315.009		2207		2		0
266.871		307.12		2322		2		0
288.187		307.379		2327		1		0
229.476		296.5		2872		1		0
246.346		337.5		2133		2		0
290.787		324.187		2145		2		0
300.759		324.058		2150		1		0
228.724		332.596		2289		1		0
280.915		329.508		1934		2		0
302.728		328.665		2139		2		0
310.953		328.351		2165		1		0
263.823		316.077		2202		2		0
250.884		335.544		2124		1		0
259.315		338.149		2107		1		0
251.541		342.219		2131		1		0
266.453		327.27		2045		2		0
282.136		332.845		1918		1		0
280.13		333.601		1904		1		0
274.171		336.372		1892		1		0
266.614		309.235		2301		2		0
309.307		323.74		2184		2		0
295.726		312.072		2259		2		0
310.492		332.095		2156		1		0
319.146		341.283		2255		1		0
Frame 83
265.071		321.604		2167		2		0
265.856		315.005		2227		2		0
266.791		307.105		2317		2		0
288.106		307.364		2325		1		0
229.398		296.486		2874		1		0
238.846		334.15		2190		2		0
290.323		324.797		2144		2		0
285.911		332.999		1944		1		0
228.642		332.577		2284		1		0
280.994		330.454		1912		2		0
294.912		333.041		2109		1		0
283.367		341.956		1896		1		0
263.719		315.938		2211		2		0
250.822		335.529		2124		1		0
259.26		338.136		2118		1		0
251.486		342.205		2132		1		0
266.409		327.367		2018		2		0
282.078		332.832		1931		1		0
280.075		333.588		1911		1		0
274.117		336.36		1895		1		0
266.541		309.222		2296		2		0
285.666		332.997		1944		2		0
287		335.655		1952		2		0
280.863		347.314		1876		2		0
285.674		355.834		1919		2		0
Frame 84
265.193		321.695		2165		2		0
265.956		315.064		2222		2		0
266.885		307.14		2330		2		0
288.204		307.399		2327		1		0
229.486		296.519		2863		1		0
246.35		338.96		2137		2		0
297.918		323.663		2160		2		0
308.095		322.694		2186		1		0
228.734		332.621		2286		1		0
281.094		330.445		1906		2		0
294.918		332.918		2115		1		0
283.155		341.676		1893		1		0
263.823		315.878		2210		2		0
250.894		335.562		2131		1		0
259.325		338.166		2108		1		0
251.551		342.235		2128		1		0
266.677		327.8		2054		2		0
282.148		332.862		1915		1		0
280.141		333.617		1921		1		0
274.181		336.388		1896		1		0
266.635		309.264		2307		2		0
314.998		317.857		2271		2		0
301.699		312.84		2268		2		0
280.201		347.501		1870		2		0
284.89		355.247		1910		2		0
Frame 85
265.187		321.695		2165		2		0
265.951		315.065		2221		2		0
266.882		307.144		2327		2		0
288.2		307.403		2326		1		0
229.484		296.523		2875		1		0
239.76		333.023		2183		2		0
290.939		324.236		2141		2		0
303.512		324.967		2159		1		0
228.732		332.623		2286		1		0
281.073		330.292		1917		2		0
297.373		331.621		2123		2		0
284.658		339.188		1903		1		0
263.825		315.939		2207		2		0
250.891		335.564		2131		1		0
259.322		338.167		2111		1		0
251.548		342.236		2134		1		0
266.601		327.645		2064		2		0
282.145		332.863		1929		1		0
280.138		333.618		1900		1		0
274.178		336.389		1904		1		0
266.631		309.266		2295		2		0
313.632		324.877		2207		2		0
296.695		312.691		2262		2		0
283.177		346.476		1881		2		0
287		353.002		1953		2		0
Frame 86
265.318		321.768		2163		2		0
266.063		315.119		2219		2		0
266.971		307.178		2336		2		0
288.286		307.437		2331		1		0
229.578		296.558		2874		1		0
246.005		339.257		2141		2		0
297.473		323.75		2163		2		0
307.763		322.711		2188		1		0
228.831		332.656		2288		1		0
281.167		330.302		1941		2		0
297.355		331.609		2126		1		0
284.367		338.891		1900		1		0
263.964		315.854		2207		2		0
250.963		335.588		2132		1		0
259.386		338.188		2110		1		0
251.613		342.256		2129		1		0
266.776		327.88		0		2		0
282.207		332.885		1940		1		0
280.197		333.639		1919		1		0
274.237		336.41		1903		1		0
266.726		309.305		2308		2		0
314.931		318.656		2270		2		0
301.127		313.052		2250		2		0
282.918		346.667		1880		2		0
286.451		351.221		1922		2		0
Frame 87
265.354		321.726		2163		2		0
266.114		315.078		2222		2		0
267.041		307.138		2334		2		0
288.344		307.397		2333		1		0
229.669		296.524		2867		1		0
245.095		338.181		2137		2		0
296.837		323.873		2158		2		0
307.454		322.87		2182		1		0
228.928		332.599		2292		1		0
281.26		330.429		1925		2		0
297.031		331.883		2127		1		0
284.405		339.534		1901		1		0
263.999		315.865		2218		2		0
251.025		335.544		2121		1		0
259.438		338.148		2113		1		0
251.668		342.215		2131		1		0
266.778		327.679		0		2		0
282.251		332.847		1909		1		0
280.239		333.602		1908		1		0
274.281		336.373		1897		1		0
266.791		309.265		2301		2		0
314.665		319.157		2261		2		0
301.071		312.744		2262		2		0
282.77		346.616		1871		2		0
279.392		327.845		1945		2		0
Frame 88
265.142		321.795		2164		2		0
265.867		315.137		2220		2		0
266.736		307.183		2323		2		0
288.044		307.442		2330		1		0
229.357		296.569		2873		1		0
244.814		337.812		2136		2		0
296.646		323.901		2156		2		0
307.37		322.853		2191		1		0
228.599		332.651		2291		1		0
280.981		330.836		1948		2		0
296.021		332.749		2110		1		0
283.784		340.117		1899		1		0
263.718		315.796		2219		2		0
250.783		335.583		2131		1		0
259.223		338.183		2104		1		0
251.453		342.249		2133		1		0
266.542		327.909		2089		2		0
282.035		332.881		1920		1		0
280.035		333.635		1910		1		0
274.079		336.405		1903		1		0
266.503		309.314		2308		2		0
314.472		319.021		2250		2		0
301.272		312.73		2265		2		0
281.364		346.91		1870		2		0
279.505		327.542		1945		2		0
Frame 89
265.168		321.818		2169		2		0
265.915		315.165		2222		2		0
266.816		307.214		2330		2		0
288.126		307.472		2324		1		0
229.432		296.598		2875		1		0
236.827		334.934		2210		2		0
286.812		325.494		2128		2		0
286.244		332.599		1944		1		0
228.678		332.687		2284		1		0
281.015		330.325		1949		2		0
303.229		328.415		2148		2		0
311.593		327.7		2176		1		0
263.876		316.166		2199		2		0
250.844		335.61		2138		1		0
259.278		338.207		2109		1		0
251.507		342.274		2126		1		0
266.561		327.781		0		2		0
282.093		332.905		1909		1		0
280.09		333.658		1920		1		0
274.133		336.428		1898		1		0
266.574		309.344		2304		2		0
287		333		1922		2		0
288.502		336.498		1999		2		0
309.893		334.082		2151		1		0
307.038		315.464		2248		1		0
Frame 90
268.184		323.976		2158		2		0
267.016		315.969		2209		2		0
266.857		307.238		2328		2		0
288.167		307.496		2326		1		0
250.488		308.288		2520		2		0
241.999		331.402		2179		2		0
291.68		324.077		2150		2		0
303.454		325.525		2159		1		0
228.721		332.713		2284		1		0
281.039		330.192		1919		2		0
302.384		328.825		2133		2		0
310.439		328.314		2163		1		0
269.976		323.43		2152		2		0
250.877		335.63		2128		1		0
259.307		338.224		2111		1		0
252.105		340.806		2127		1		0
266.411		324.517		2147		2		0
282.123		332.923		1920		1		0
280.118		333.674		1925		1		0
274.16		336.444		1893		1		0
266.738		309.456		2304		2		0
313.761		326.78		2197		2		0
298.373		313.367		2256		2		0
308.708		334.721		2143		1		0
306.174		315.907		2243		1		0
Frame 91
268.044		323.821		2140		2		0
267.072		315.949		2218		2		0
266.798		307.165		2342		2		0
288.087		307.424		2330		1		0
250.33		308.145		2522		1		0
241.931		331.136		2177		2		0
291.659		324.083		2142		2		0
303.487		325.664		2154		1		0
228.701		332.608		2287		1		0
280.839		329.439		1946		2		0
301.643		329.072		2129		2		0
309.505		328.936		2163		1		0
269.78		323.156		2140		2		0
250.843		335.549		2127		1		0
259.271		338.151		2111		1		0
252.063		340.739		2127		1		0
266.314		324.451		2146		2		0
282.069		332.852		1912		1		0
280.069		333.607		1912		1		0
274.116		336.376		1907		1		0
266.74		309.42		2306		2		0
313.859		326.449		2194		2		0
298.29		313.373		2257		2		0
307.758		335.334		2140		1		0
304.986		316.714		2232		1		0
Frame 92
268.058		323.824		2144		2		0
267.225		316.036		2212		2		0
266.864		307.19		2333		2		0
288.151		307.448		2328		1		0
250.345		308.147		2530		1		0
241.871		331.23		2169		2		0
291.469		324.133		2151		2		0
303.515		325.738		2150		1		0
228.772		332.633		2291		1		0
280.899		329.398		1929		2		0
301.771		328.988		2143		2		0
309.658		328.836		2160		1		0
269.796		323.151		2151		2		0
250.896		335.568		2136		1		0
259.318		338.168		2113		1		0
252.105		340.758		2120		1		0
266.329		324.462		2137		2		0
282.116		332.869		1941		1		0
280.113		333.623		1914		1		0
274.159		336.392		1891		1		0
266.866		309.483		2307		2		0
313.877		325.946		2194		2		0
298.386		313.381		2262		2		0
307.915		335.228		2136		1		0
305.215		316.573		2240		1		0
Frame 93
268.035		323.851		2146		2		0
267.235		316.087		2213		2		0
266.854		307.23		2324		2		0
288.151		307.488		2322		1		0
250.285		308.161		2522		1		0
241.663		331.34		2169		1		0
293.027		324.045		2145		2		0
293.927		322.301		2164		1		0
228.744		332.687		2290		1		0
281.005		329.941		1952		2		0
298.343		330.657		2125		1		0
289		338		1973		1		0
269.769		323.133		2140		2		0
250.882		335.609		2127		1		0
259.309		338.205		2109		1		0
252.09		340.798		2128		1		0
266.302		324.617		2142		2		0
282.114		332.906		1907		1		0
280.11		333.657		1910		1		0
274.155		336.426		1906		1		0
266.874		309.531		2301		2		0
305.421		322.594		2176		1		0
288.824		309.079		2298		1		0
286.772		344.559		1897		1		0
289		338		1973		1		0
Frame 94
268.038		323.855		2145		2		0
267.29		316.138		2211		2		0
266.878		307.247		2340		2		0
288.175		307.505		2331		1		0
250.288		308.163		2520		1		0
235.354		328.292		2240		2		0
284.776		325.061		2109		2		0
282.459		331.729		1895		1		0
228.77		332.705		2288		1		0
281.028		329.926		1935		2		0
300.864		330.043		2132		2		0
308.383		330.09		2154		1		0
269.771		323.133		2144		2		0
250.902		335.623		2128		1		0
259.326		338.217		2099		1		0
252.105		340.811		2129		1		0
266.306		324.625		2138		2		0
282.131		332.918		1902		1		0
280.127		333.669		1906		1		0
274.171		336.438		1886		1		0
266.921		309.57		2304		2		0
281.465		331.721		1885		2		0
288.375		337.869		1940		2		0
306.595		336.56		2143		1		0
308.383		330.09		2154		1		0
Frame 95
268.055		323.868		2139		2		0
267.352		316.181		2209		2		0
266.898		307.253		2331		2		0
288.194		307.51		2325		1		0
250.29		308.163		2524		1		0
238.941		332.542		2193		2		0
289.967		324.601		2151		2		0
293.224		322.391		2162		1		0
228.79		332.711		2290		1		0
281.087		330.168		1894		2		0
300.855		330.318		2132		1		0
308.352		330.378		2150		1		0
269.721		322.674		2152		2		0
250.917		335.627		2119		1		0
259.339		338.221		2105		1		0
252.116		340.815		2123		1		0
266.478		325.132		2128		2		0
282.145		332.922		1909		1		0
280.14		333.673		1913		1		0
274.184		336.442		1901		1		0
266.96		309.59		2302		2		0
292.374		322.274		2160		1		0
298.931		328.506		2135		1		0
306.559		336.869		2138		1		0
308.37		330.213		2150		1		0
Frame 96
268.075		323.88		2147		2		0
267.404		316.215		2210		2		0
266.911		307.253		2334		2		0
288.207		307.511		2323		1		0
250.292		308.158		2520		1		0
238.939		332.537		2184		1		0
289.962		324.601		2146		2		0
286.714		333.424		1907		1		0
228.806		332.711		2289		1		0
281.216		332.066		1914		2		0
283.582		333.6		1906		2		0
275.704		343.143		1878		1		0
269.651		322.255		2154		2		0
250.928		335.627		2133		1		0
259.349		338.221		2106		1		0
252.125		340.813		2124		1		0
266.595		325.502		2127		2		0
282.154		332.922		1907		1		0
280.149		333.673		1933		1		0
274.193		336.441		1896		1		0
266.992		309.603		2314		2		0
287		333		1940		2		0
288		335.5		1962		2		0
272.022		347.639		1880		2		0
275.922		327.801		1920		2		0
Frame 97
266.334		319.256		2170		2		0
265.583		312.028		2261		2		0
264.683		303.361		2405		2		0
285.285		303.64		2418		1		0
248.547		304.391		2561		1		0
237.243		327.43		2229		1		0
286.362		319.778		2173		1		0
297.548		324.362		2149		1		0
227.797		327.693		2314		1		0
277.76		329.573		1934		2		0
283.513		332.927		1917		2		0
275.721		343.039		1882		1		0
267.671		317.573		2200		2		0
249.58		331.778		2137		1		0
257.948		334.733		2106		1		0
250.88		337.29		2133		1		0
265.003		320.931		2168		2		0
280.175		329.495		1918		1		0
278.329		330.426		1926		1		0
272.537		333.186		1914		1		0
264.924		305.686		2375		2		0
305.465		328.577		2148		2		0
301.613		316.998		2224		2		0
274.02		348.429		1881		2		0
269.865		329.706		1962		2		0
Frame 98
265.756		315.53		2212		2		0
264.879		308.397		2319		2		0
263.84		299.938		2507		2		0
283.859		300.236		2470		1		0
248.195		301.172		2622		1		0
237.187		323.103		2272		1		0
280.811		323.094		0		2		0
285.661		333.033		1950		1		0
228.028		323.337		2325		1		0
275.217		327.122		1910		2		0
282.682		332.118		1913		2		0
276.54		341.439		1882		1		0
267.068		314.132		2234		2		0
249.253		328.387		2153		1		0
257.484		331.646		2120		1		0
250.554		334.157		2126		1		0
264.452		316.92		2203		2		0
279.236		326.459		1983		1		0
277.48		327.544		1922		1		0
271.813		330.296		1955		1		0
264.117		302.197		2435		2		0
285		334.668		1950		2		0
288.146		337.998		1951		2		0
275.09		346.614		1871		2		0
281.616		328.994		1909		2		0
