sit
Frame 0
301.216		222.003		1790		2		0
300.108		160.355		1772		2		0
299.123		98.2409		1813		2		0
296.278		66.191		1717		2		0
262.116		122.803		1839		2		0
250.128		177.589		1907		2		0
251.753		229.37		1859		2		0
258.072		248.148		1817		2		0
336.217		123.167		1810		2		0
349.923		176.433		1888		2		0
351.35		228.846		1821		2		0
345.227		247.739		1797		2		0
285.052		222.617		1822		2		0
282.198		300.316		1936		2		0
285.09		364.225		2046		2		0
276.788		382.691		2028		2		0
317.524		221.385		1810		2		0
323.953		295.234		1923		2		0
324.337		361.185		2045		2		0
329.094		381.887		2012		2		0
299.37		113.822		1812		2		0
260.602		264.943		1810		2		0
267.056		239.51		1891		2		0
345.039		265.868		1780		2		0
336.515		244.572		1853		2		0
Frame 1
301.215		222.004		1795		2		0
300.103		160.361		1771		2		0
299.109		98.2602		1815		2		0
296.271		66.2008		1716		2		0
262.102		122.827		1837		2		0
250.142		177.594		1908		2		0
251.808		229.409		1863		2		0
258.013		248.098		1815		2		0
336.207		123.171		1811		2		0
349.896		176.428		1887		2		0
351.335		228.839		1822		2		0
345.178		247.643		1801		2		0
285.05		222.617		1826		2		0
282.184		300.354		1941		2		0
285.091		364.227		2044		2		0
276.649		382.581		2032		2		0
317.524		221.387		1813		2		0
323.963		295.165		1919		2		0
324.303		361.213		2052		2		0
328.927		382.007		2010		2		0
299.358		113.838		1810		2		0
260.86		264.874		1810		2		0
267.108		238.534		1889		2		0
344.756		266.246		1787		2		0
337.576		243.355		1868		2		0
Frame 2
301.221		221.999		1793		2		0
300.102		160.363		1771		2		0
299.102		98.2711		1812		2		0
296.255		66.213		1716		2		0
262.087		122.852		1836		2		0
250.173		177.634		1908		2		0
251.855		229.463		1862		2		0
258.086		248.223		1812		2		0
336.19		123.16		1811		2		0
349.864		176.448		1892		2		0
351.321		228.831		1818		2		0
345.088		247.653		1797		2		0
285.061		222.615		1823		2		0
282.182		300.35		1935		2		0
285.084		364.22		2043		2		0
278.981		384.045		2011		2		0
317.528		221.379		1815		2		0
323.985		295.151		1917		2		0
324.248		361.203		2049		2		0
328.978		381.97		2009		2		0
299.353		113.847		1811		2		0
261.125		264.916		1808		2		0
266.958		239.543		1902		2		0
344.995		265.862		1784		2		0
337.71		243.379		1868		2		0
Frame 3
301.226		221.992		1796		2		0
300.099		160.364		1773		2		0
299.085		98.2831		1811		2		0
296.222		66.2467		1714		2		0
262.083		122.849		1839		2		0
250.185		177.625		1906		2		0
251.887		229.473		1861		2		0
258.241		248.253		1813		2		0
336.176		123.155		1812		2		0
349.85		176.465		1888		2		0
351.32		228.832		1826		2		0
345.064		247.562		1799		2		0
285.067		222.61		1825		2		0
282.139		300.256		1942		2		0
285.07		364.09		2044		2		0
277.505		382.853		2021		2		0
317.53		221.372		1813		2		0
323.991		294.901		1917		2		0
324.241		361.202		2044		2		0
329.002		381.964		2010		2		0
299.34		113.855		1809		2		0
260.889		264.983		1813		2		0
267.333		251.828		1883		2		0
345.08		266.032		1791		2		0
337.883		243.672		1863		2		0
Frame 4
301.225		221.99		1795		2		0
300.099		160.364		1771		2		0
299.086		98.2868		1812		2		0
296.208		66.2504		1717		2		0
262.078		122.857		1839		2		0
250.208		177.628		1906		2		0
251.893		229.458		1859		2		0
258.094		248.15		1813		2		0
336.153		123.152		1810		2		0
349.838		176.462		1889		2		0
351.317		228.808		1824		2		0
345.223		247.463		1803		2		0
285.065		222.607		1824		2		0
282.077		300.036		1937		2		0
285.057		364.044		2045		2		0
277.507		382.888		2023		2		0
317.531		221.369		1811		2		0
324		294.919		1911		2		0
324.242		361.233		2050		2		0
329.017		381.996		2003		2		0
299.341		113.857		1811		2		0
260.848		264.94		1813		2		0
267.188		238.962		1889		2		0
344.995		266.051		1786		2		0
338.493		241.442		1870		2		0
Frame 5
301.224		221.991		1803		2		0
300.095		160.368		1773		2		0
299.08		98.2948		1812		2		0
296.204		66.2494		1714		2		0
262.079		122.858		1839		2		0
250.238		177.624		1909		2		0
251.906		229.468		1860		2		0
258.02		248.221		1813		2		0
336.149		123.154		1810		2		0
349.832		176.475		1888		2		0
351.315		228.791		1820		2		0
345.283		247.744		1797		2		0
285.064		222.608		1824		2		0
282.075		300.04		1936		2		0
285.052		364.081		2043		2		0
277.104		382.564		2024		2		0
317.529		221.369		1816		2		0
323.987		294.903		1923		2		0
324.016		361.161		2044		2		0
328.949		381.881		2008		2		0
299.335		113.864		1810		2		0
260.726		264.901		1815		2		0
267.179		239.126		1891		2		0
345.076		266.161		1786		2		0
337.832		243.162		1864		2		0
Frame 6
301.224		221.991		1794		2		0
300.09		160.372		1769		2		0
299.058		98.309		1810		2		0
296.193		66.2616		1713		2		0
262.075		122.864		1839		2		0
250.24		177.627		1906		2		0
251.913		229.456		1860		2		0
258.097		248.194		1813		2		0
336.145		123.153		1810		2		0
349.81		176.472		1884		2		0
351.315		228.785		1825		2		0
345.102		247.714		1801		2		0
285.064		222.608		1820		2		0
282.066		299.725		1929		2		0
285.07		364.103		2046		2		0
276.972		382.436		2024		2		0
317.53		221.372		1812		2		0
323.977		294.913		1918		2		0
324.061		361.181		2044		2		0
328.971		381.902		2011		2		0
299.318		113.876		1810		2		0
260.481		264.965		1808		2		0
267.031		239.929		1887		2		0
344.802		266.248		1786		2		0
337.658		244.015		1858		2		0
Frame 7
301.224		221.991		1801		2		0
300.09		160.373		1769		2		0
299.059		98.3095		1812		2		0
296.187		66.2634		1717		2		0
262.074		122.871		1838		2		0
250.26		177.627		1907		2		0
251.926		229.47		1861		2		0
258.158		248.307		1813		2		0
336.137		123.15		1813		2		0
349.794		176.466		1886		2		0
351.303		228.79		1817		2		0
345.185		247.772		1798		2		0
285.064		222.61		1824		2		0
282.071		299.719		1927		2		0
285.079		364.08		2048		2		0
278.624		383.878		2019		2		0
317.53		221.371		1815		2		0
323.977		294.935		1914		2		0
324.181		361.332		2043		2		0
329.031		382.08		2007		2		0
299.319		113.876		1813		2		0
260.463		265.269		1811		2		0
267.202		239.25		1887		2		0
344.761		266.24		1786		2		0
336.673		248.544		1856		2		0
Frame 8
301.221		221.991		1796		2		0
300.076		160.384		1771		2		0
299.024		98.3409		1812		2		0
296.164		66.2666		1717		2		0
262.073		122.875		1839		2		0
250.261		177.629		1906		2		0
251.934		229.442		1861		2		0
257.943		248.05		1813		2		0
336.133		123.149		1812		2		0
349.782		176.472		1888		2		0
351.302		228.775		1824		2		0
345.115		247.789		1798		2		0
285.061		222.612		1821		2		0
282.096		299.781		1934		2		0
285.056		364.062		2049		2		0
278.616		383.727		2015		2		0
317.528		221.371		1814		2		0
323.977		294.954		1915		2		0
324.16		361.3		2048		2		0
329.058		382.032		2004		2		0
299.29		113.902		1811		2		0
260.845		264.896		1810		2		0
267.247		239.224		1888		2		0
344.878		266.251		1788		2		0
337.937		244.306		1863		2		0
Frame 9
301.223		221.992		1801		2		0
300.076		160.385		1769		2		0
299.023		98.343		1811		2		0
296.158		66.2633		1714		2		0
262.072		122.879		1837		2		0
250.26		177.618		1907		2		0
251.935		229.442		1859		2		0
257.958		248.157		1813		2		0
336.129		123.156		1811		2		0
349.748		176.46		1884		2		0
351.307		228.776		1818		2		0
345.164		247.715		1798		2		0
285.062		222.614		1824		2		0
282.125		299.971		1931		2		0
285.036		364.085		2040		2		0
278.552		383.744		2013		2		0
317.532		221.371		1814		2		0
323.995		295.137		1923		2		0
324.049		361.493		2048		2		0
329.176		382.135		2010		2		0
299.289		113.904		1811		2		0
260.129		265.458		1812		2		0
267.175		239.054		1889		2		0
344.996		266.296		1782		2		0
336.709		247.984		1853		2		0
Frame 10
301.224		221.989		1795		2		0
300.076		160.387		1769		2		0
299.022		98.3533		1813		2		0
296.151		66.2641		1715		2		0
262.063		122.886		1835		2		0
250.262		177.623		1906		2		0
251.931		229.442		1860		2		0
258.014		247.929		1812		2		0
336.128		123.153		1811		2		0
349.742		176.466		1883		2		0
351.306		228.779		1819		2		0
344.996		247.54		1800		2		0
285.063		222.609		1825		2		0
282.113		299.983		1928		2		0
285.021		364.053		2045		2		0
278.496		383.717		2004		2		0
317.533		221.368		1812		2		0
324.035		295.073		1914		2		0
323.975		361.54		2054		2		0
328.881		382.221		2008		2		0
299.288		113.912		1813		2		0
260.826		264.857		1808		2		0
267.265		239.377		1888		2		0
344.735		266.266		1782		2		0
337.032		249.397		1857		2		0
Frame 11
301.231		221.988		1793		2		0
300.077		160.387		1770		2		0
299.021		98.3523		1811		2		0
296.143		66.2606		1718		2		0
262.06		122.889		1839		2		0
250.275		177.615		1909		2		0
251.932		229.458		1861		2		0
258.019		248.269		1816		2		0
336.124		123.157		1809		2		0
349.729		176.462		1886		2		0
351.298		228.758		1821		2		0
344.961		247.676		1802		2		0
285.071		222.609		1819		2		0
282.117		299.984		1926		2		0
285.013		364.055		2050		2		0
277.876		383.325		2008		2		0
317.539		221.368		1812		2		0
324.064		295.25		1918		2		0
324.101		361.544		2049		2		0
328.956		382.233		1993		2		0
299.287		113.911		1807		2		0
260.553		265.419		1812		2		0
267.17		239.089		1889		2		0
344.877		266.314		1787		2		0
337.616		244.919		1861		2		0
Frame 12
301.23		221.99		1795		2		0
300.074		160.389		1767		2		0
299.017		98.3549		1810		2		0
296.138		66.2605		1714		2		0
262.067		122.896		1837		2		0
250.289		177.602		1907		2		0
251.932		229.451		1858		2		0
257.946		248.275		1811		2		0
336.127		123.158		1807		2		0
349.701		176.472		1883		2		0
351.288		228.723		1821		2		0
344.875		247.529		1799		2		0
285.071		222.61		1821		2		0
282.117		299.979		1924		2		0
284.992		364.018		2038		2		0
277.545		383.039		2020		2		0
317.536		221.372		1811		2		0
324.078		295.305		1916		2		0
324.097		361.572		2046		2		0
329.19		382.183		2008		2		0
299.284		113.914		1810		2		0
260.554		265.418		1810		2		0
267.189		239.12		1882		2		0
344.172		266.26		1782		2		0
336.794		248.784		1857		2		0
Frame 13
301.229		221.99		1797		2		0
300.063		160.396		1771		2		0
298.986		98.378		1811		2		0
296.126		66.2621		1716		2		0
262.067		122.902		1838		2		0
250.32		177.582		1909		2		0
251.933		229.404		1857		2		0
258.16		248.03		1812		2		0
336.123		123.169		1813		2		0
349.66		176.503		1886		2		0
351.279		228.718		1821		2		0
344.929		247.623		1801		2		0
285.07		222.611		1822		2		0
282.105		299.993		1933		2		0
284.982		364.012		2035		2		0
276.947		382.584		2029		2		0
317.534		221.369		1812		2		0
324.071		295.309		1921		2		0
324.097		361.526		2052		2		0
329.114		382.132		2004		2		0
299.258		113.932		1814		2		0
260.732		264.943		1808		2		0
267.75		255.25		1852		2		0
344.738		266.191		1783		2		0
336.801		247.773		1851		2		0
Frame 14
301.235		222		1792		2		0
300.068		160.403		1768		2		0
298.993		98.3798		1811		2		0
296.116		66.2537		1711		2		0
262.063		122.929		1835		2		0
250.345		177.56		1905		2		0
251.943		229.354		1858		2		0
258.271		247.939		1816		2		0
336.123		123.175		1806		2		0
349.619		176.465		1882		2		0
351.26		228.69		1819		2		0
344.738		247.723		1799		2		0
285.073		222.621		1817		2		0
282.077		300.027		1943		2		0
284.949		364.025		2041		2		0
276.986		382.634		2012		2		0
317.543		221.38		1808		2		0
324.069		295.288		1912		2		0
324.05		361.41		2038		2		0
329.265		381.993		2000		2		0
299.265		113.936		1809		2		0
260.77		265.353		1812		2		0
266.872		240.956		1897		2		0
344.643		266.203		1782		2		0
336.687		249.127		1854		2		0
Frame 15
301.229		222.009		1795		2		0
300.065		160.41		1770		2		0
298.992		98.3837		1814		2		0
296.111		66.2531		1716		2		0
262.057		122.944		1838		2		0
250.382		177.553		1906		2		0
251.968		229.339		1859		2		0
258.214		248.088		1812		2		0
336.132		123.182		1812		2		0
349.578		176.442		1885		2		0
351.245		228.689		1819		2		0
344.704		247.442		1801		2		0
285.067		222.626		1825		2		0
282.073		300.024		1936		2		0
284.954		364.007		2044		2		0
276.895		382.493		2027		2		0
317.536		221.393		1813		2		0
324.079		295.293		1922		2		0
324.011		361.42		2050		2		0
329.088		382.046		2005		2		0
299.263		113.941		1814		2		0
261.101		264.876		1803		2		0
267.452		239.523		1888		2		0
344.546		266.33		1785		2		0
336.716		247.467		1850		2		0
Frame 16
301.228		222.008		1799		2		0
300.064		160.413		1770		2		0
298.994		98.3921		1810		2		0
296.109		66.2618		1715		2		0
262.058		122.953		1841		2		0
250.397		177.546		1908		2		0
251.997		229.357		1859		2		0
258.384		248.041		1811		2		0
336.124		123.177		1813		2		0
349.546		176.482		1886		2		0
351.222		228.691		1823		2		0
344.74		247.707		1802		2		0
285.065		222.625		1819		2		0
282.074		300.018		1936		2		0
284.957		364.008		2045		2		0
275.249		381.316		2033		2		0
317.536		221.393		1813		2		0
324.083		295.296		1915		2		0
323.938		361.462		2050		2		0
328.754		382.133		2006		2		0
299.264		113.947		1813		2		0
260.702		265.442		1810		2		0
266.955		240.425		1897		2		0
344.54		266.279		1782		2		0
336.762		248.149		1852		2		0
Frame 17
301.224		222.003		1796		2		0
300.063		160.414		1773		2		0
298.995		98.3992		1813		2		0
296.107		66.2663		1717		2		0
262.063		122.964		1841		2		0
250.42		177.564		1904		2		0
251.998		229.357		1860		2		0
258.259		248.237		1812		2		0
336.129		123.178		1811		2		0
349.514		176.49		1886		2		0
351.186		228.701		1825		2		0
344.734		247.573		1800		2		0
285.06		222.613		1819		2		0
282.068		300.003		1934		2		0
284.962		363.98		2046		2		0
276.003		381.826		2034		2		0
317.533		221.392		1812		2		0
324.111		295.421		1916		2		0
324.202		361.426		2043		2		0
328.845		382.06		2003		2		0
299.264		113.953		1813		2		0
260.735		264.943		1811		2		0
267.082		240.202		1893		2		0
344.392		266.424		1783		2		0
334.428		242.911		1833		2		0
Frame 18
301.224		221.998		1800		2		0
300.061		160.417		1772		2		0
298.993		98.4026		1814		2		0
296.105		66.2722		1713		2		0
262.065		122.974		1839		2		0
250.436		177.549		1910		2		0
252.011		229.351		1859		2		0
258.249		247.87		1817		2		0
336.128		123.177		1810		2		0
349.495		176.526		1883		2		0
351.134		228.695		1823		2		0
344.541		247.603		1799		2		0
285.068		222.607		1819		2		0
282.073		300.022		1936		2		0
284.968		363.979		2039		2		0
275.837		381.454		2037		2		0
317.529		221.389		1815		2		0
324.12		295.593		1920		2		0
324.19		361.413		2046		2		0
328.947		381.982		2004		2		0
299.262		113.956		1813		2		0
261.073		264.922		1801		2		0
267.332		251.992		1887		2		0
344.307		266.385		1785		2		0
336.253		248.073		1849		2		0
Frame 19
301.224		221.998		1799		2		0
300.061		160.418		1772		2		0
298.993		98.4032		1814		2		0
296.102		66.2621		1716		2		0
262.067		122.982		1841		2		0
250.482		177.586		1907		2		0
252.044		229.328		1859		2		0
258.085		248.022		1815		2		0
336.128		123.18		1814		2		0
349.441		176.512		1884		2		0
351.103		228.574		1822		2		0
344.599		247.439		1802		2		0
285.066		222.605		1822		2		0
282.066		299.993		1933		2		0
285.03		363.929		2040		2		0
275.856		381.376		2026		2		0
317.529		221.389		1811		2		0
324.125		295.713		1920		2		0
324.071		361.286		2047		2		0
328.931		381.715		2006		2		0
299.263		113.957		1813		2		0
260.842		264.941		1810		2		0
267.082		239.143		1887		2		0
344.304		266.386		1788		2		0
336.85		248.026		1853		2		0
Frame 20
301.22		221.996		1803		2		0
300.059		160.418		1772		2		0
298.994		98.403		1814		2		0
296.1		66.26		1717		2		0
262.067		122.992		1840		2		0
250.55		177.585		1907		2		0
252.085		229.325		1860		2		0
258.442		247.842		1818		2		0
336.134		123.185		1812		2		0
349.426		176.524		1887		2		0
351.091		228.569		1823		2		0
344.563		247.482		1802		2		0
285.063		222.601		1820		2		0
282.065		299.917		1928		2		0
285.015		363.905		2043		2		0
275.999		381.53		2036		2		0
317.525		221.388		1812		2		0
324.098		295.682		1913		2		0
324.032		361.271		2043		2		0
328.942		381.723		2001		2		0
299.263		113.957		1811		2		0
261.204		264.9		1803		2		0
267.079		239.186		1888		2		0
344.307		266.385		1786		2		0
336.716		246.829		1853		2		0
Frame 21
301.224		221.996		1795		2		0
300.062		160.42		1771		2		0
298.995		98.4054		1809		2		0
296.09		66.2457		1715		2		0
262.066		122.994		1840		2		0
250.571		177.606		1907		2		0
252.119		229.333		1857		2		0
258.579		247.757		1816		2		0
336.138		123.188		1811		2		0
349.406		176.514		1883		2		0
351.059		228.455		1820		2		0
344.425		247.469		1797		2		0
285.066		222.601		1826		2		0
282.046		299.927		1925		2		0
285.043		363.888		2043		2		0
276.689		382.358		2027		2		0
317.534		221.391		1809		2		0
324.201		295.489		1918		2		0
323.978		361.286		2051		2		0
328.934		381.826		2004		2		0
299.265		113.96		1813		2		0
260.742		264.984		1816		2		0
266.871		239.538		1897		2		0
344.306		266.385		1782		2		0
335.968		248.827		1842		2		0
Frame 22
301.223		221.994		1804		2		0
300.062		160.42		1770		2		0
298.996		98.4057		1812		2		0
296.079		66.2456		1716		2		0
262.071		123.002		1839		2		0
250.592		177.633		1905		2		0
252.158		229.292		1861		2		0
258.708		248.001		1815		2		0
336.138		123.188		1810		2		0
349.378		176.527		1885		2		0
351.053		228.447		1823		2		0
344.477		247.472		1803		2		0
285.065		222.601		1825		2		0
281.994		300.099		1923		2		0
285.037		363.926		2039		2		0
279.047		384.015		2008		2		0
317.532		221.384		1815		2		0
324.205		295.473		1919		2		0
324.039		361.303		2048		2		0
328.907		381.887		2001		2		0
299.265		113.96		1811		2		0
260.745		264.983		1815		2		0
267.297		239.787		1887		2		0
344.395		266.317		1784		2		0
334.658		247.324		1841		2		0
Frame 23
301.224		221.984		1801		2		0
300.062		160.418		1773		2		0
298.996		98.4064		1812		2		0
296.079		66.2461		1713		2		0
262.075		123.003		1841		2		0
250.621		177.582		1909		2		0
252.236		229.202		1863		2		0
258.461		247.774		1821		2		0
336.142		123.173		1811		2		0
349.354		176.55		1885		2		0
351.015		228.394		1824		2		0
344.557		247.425		1803		2		0
285.068		222.592		1825		2		0
281.983		300.05		1934		2		0
285.022		363.93		2047		2		0
277.722		383.279		2011		2		0
317.532		221.375		1816		2		0
324.262		295.375		1919		2		0
324.205		361.339		2045		2		0
328.953		382.007		2004		2		0
299.265		113.96		1814		2		0
260.736		264.941		1817		2		0
266.333		240.431		1905		2		0
344.185		266.354		1786		2		0
335.626		245.707		1845		2		0
Frame 24
301.225		221.975		1806		2		0
300.064		160.423		1774		2		0
299.003		98.4265		1816		2		0
296.076		66.2512		1715		2		0
262.088		123.011		1842		2		0
250.734		177.643		1909		2		0
252.294		229.157		1863		2		0
258.874		247.698		1818		2		0
336.14		123.174		1812		2		0
349.351		176.544		1890		2		0
350.989		228.298		1830		2		0
344.473		247.252		1802		2		0
285.072		222.58		1827		2		0
281.949		300.017		1927		2		0
285.027		363.915		2045		2		0
277.182		382.314		2024		2		0
317.53		221.368		1815		2		0
324.267		295.388		1914		2		0
324.22		361.26		2049		2		0
328.936		381.927		2003		2		0
299.27		113.977		1812		2		0
260.833		264.9		1817		2		0
267.196		240.591		1890		2		0
344.488		266.146		1788		2		0
334.214		244.504		1836		2		0
Frame 25
301.234		221.962		1796		2		0
300.077		160.419		1773		2		0
299.019		98.4268		1813		2		0
296.077		66.2449		1719		2		0
262.1		123.016		1842		2		0
250.752		177.623		1912		2		0
252.339		229.122		1864		2		0
259.057		247.583		1817		2		0
336.148		123.18		1813		2		0
349.335		176.458		1888		2		0
350.987		228.286		1822		2		0
344.323		247.059		1805		2		0
285.079		222.572		1823		2		0
281.783		299.476		1920		2		0
285.043		363.92		2039		2		0
277.07		382.097		2020		2		0
317.54		221.351		1814		2		0
324.31		294.999		1918		2		0
324.237		361.383		2053		2		0
328.848		382.104		2005		2		0
299.285		113.976		1812		2		0
260.859		264.941		1820		2		0
266.797		241.648		1900		2		0
344.323		265.982		1784		2		0
334.07		244.526		1837		2		0
Frame 26
301.243		221.918		1803		2		0
300.099		160.391		1776		2		0
299.058		98.4113		1813		2		0
296.08		66.2469		1714		2		0
262.125		123.006		1846		2		0
250.831		177.625		1912		2		0
252.369		229.012		1867		2		0
259.183		247.397		1820		2		0
336.158		123.176		1813		2		0
349.335		176.457		1887		2		0
350.987		228.259		1826		2		0
344.456		247.142		1806		2		0
285.078		222.527		1827		2		0
281.775		299.471		1918		2		0
285.039		363.94		2043		2		0
275.518		380.366		2027		2		0
317.558		221.307		1814		2		0
324.395		294.678		1918		2		0
324.275		361.494		2050		2		0
328.916		382.232		1994		2		0
299.319		113.958		1817		2		0
260.86		264.72		1820		2		0
267.094		241.536		1898		2		0
344.421		265.643		1785		2		0
339.256		239.426		1875		2		0
Frame 27
301.271		221.87		1801		2		0
300.119		160.374		1779		2		0
299.07		98.4347		1819		2		0
296.081		66.2812		1719		2		0
262.168		123.003		1845		2		0
250.944		177.684		1915		2		0
252.423		228.927		1868		2		0
259.047		247.191		1820		2		0
336.193		123.18		1816		2		0
349.335		176.498		1892		2		0
350.999		228.18		1827		2		0
344.504		246.942		1808		2		0
285.108		222.475		1829		2		0
281.744		299.107		1923		2		0
285.056		363.958		2045		2		0
275.77		380.956		2031		2		0
317.584		221.264		1818		2		0
324.402		294.681		1916		2		0
324.264		361.493		2049		2		0
328.994		382.205		2001		2		0
299.333		113.971		1819		2		0
261.244		264.044		1814		2		0
267.76		243.118		1898		2		0
344.529		265.56		1789		2		0
338.75		245.784		1876		2		0
Frame 28
301.299		221.793		1808		2		0
300.163		160.339		1782		2		0
299.137		98.473		1821		2		0
296.129		66.2951		1723		2		0
262.253		122.977		1852		2		0
251.067		177.654		1919		2		0
252.483		228.6		1869		2		0
259.002		247.088		1823		2		0
336.239		123.213		1818		2		0
349.324		176.499		1893		2		0
350.992		228.182		1827		2		0
344.501		246.918		1811		2		0
285.129		222.399		1824		2		0
281.743		299.169		1919		2		0
285.175		364.003		2038		2		0
276.697		382.138		2030		2		0
317.618		221.188		1818		2		0
324.447		294.578		1915		2		0
324.284		361.428		2048		2		0
328.94		382.156		2004		2		0
299.393		113.988		1819		2		0
261.222		264.023		1821		2		0
266.96		240.574		1904		2		0
344.515		265.434		1786		2		0
334.268		245.744		1842		2		0
Frame 29
301.305		221.72		1806		2		0
300.211		160.31		1784		2		0
299.231		98.48		1823		2		0
296.167		66.353		1722		2		0
262.338		122.947		1850		2		0
251.107		177.642		1920		2		0
252.514		228.526		1869		2		0
259.184		246.885		1829		2		0
336.253		123.235		1819		2		0
349.308		176.453		1894		2		0
350.986		228.122		1827		2		0
344.405		246.891		1810		2		0
285.129		222.322		1831		2		0
281.726		299.091		1918		2		0
285.2		363.999		2044		2		0
277.417		382.868		2021		2		0
317.63		221.118		1817		2		0
324.457		294.577		1912		2		0
324.287		361.453		2040		2		0
328.958		382.185		2000		2		0
299.475		113.987		1821		2		0
261.035		264.04		1820		2		0
267.343		240.033		1898		2		0
344.52		265.436		1789		2		0
335.382		247.375		1851		2		0
Frame 30
301.305		221.564		1807		2		0
300.26		160.253		1784		2		0
299.323		98.4932		1824		2		0
296.27		66.4043		1730		2		0
262.448		122.921		1855		2		0
251.164		177.634		1921		2		0
252.604		228.19		1872		2		0
259.297		246.408		1829		2		0
336.288		123.242		1821		2		0
349.267		176.33		1898		2		0
350.961		228.081		1831		2		0
344.42		246.993		1811		2		0
285.119		222.154		1838		2		0
281.713		299.098		1919		2		0
285.161		363.934		2042		2		0
280.888		383.926		2011		2		0
317.638		220.975		1824		2		0
324.466		294.581		1913		2		0
324.299		361.483		2046		2		0
329.091		382.205		2005		2		0
299.557		113.985		1821		2		0
261.25		263.493		1821		2		0
267.259		240.429		1900		2		0
344.564		265.591		1795		2		0
335.047		239.703		1848		2		0
Frame 31
301.345		221.331		1811		2		0
300.335		160.205		1790		2		0
299.424		98.5608		1827		2		0
296.442		66.4761		1727		2		0
262.563		122.806		1857		2		0
251.296		177.493		1921		2		0
252.634		227.942		1874		2		0
259.206		246.297		1829		2		0
336.354		123.242		1827		2		0
349.274		176.299		1901		2		0
350.907		228.057		1833		2		0
344.404		246.478		1812		2		0
285.196		221.938		1840		2		0
281.687		298.734		1915		2		0
285.056		364.126		2041		2		0
279.959		384.369		2004		2		0
317.629		220.724		1826		2		0
324.624		294.552		1912		2		0
324.185		361.429		2048		2		0
329.125		382.028		2004		2		0
299.652		114.03		1823		2		0
261.388		263.106		1827		2		0
267.457		238.76		1904		2		0
344.791		264.608		1791		2		0
334.949		238.639		1843		2		0
Frame 32
301.326		221.093		1818		2		0
300.387		160.192		1795		2		0
299.529		98.6775		1829		2		0
296.66		66.6271		1727		2		0
262.733		122.696		1858		2		0
251.325		177.373		1923		2		0
252.709		227.694		1877		2		0
259.434		246.085		1833		2		0
336.379		123.26		1831		2		0
349.326		176.101		1907		2		0
350.861		227.853		1835		2		0
344.284		246.494		1811		2		0
285.21		221.65		1848		2		0
281.672		298.586		1918		2		0
285.096		364.255		2036		2		0
279.646		384.405		2002		2		0
317.574		220.537		1833		2		0
325.011		293.872		1907		2		0
324.182		361.431		2046		2		0
329.21		382.089		2004		2		0
299.745		114.123		1827		2		0
261.375		263.398		1831		2		0
267.544		238.773		1908		2		0
344.496		264.384		1795		2		0
335.619		239.912		1854		2		0
Frame 33
301.294		220.884		1829		2		0
300.416		160.304		1800		2		0
299.597		98.9173		1826		2		0
296.908		66.8693		1722		2		0
262.886		122.589		1857		2		0
251.385		177.152		1926		2		0
252.74		227.571		1883		2		0
259.123		246.227		1828		2		0
336.415		123.342		1833		2		0
349.346		175.864		1911		2		0
350.828		227.734		1833		2		0
344.214		246.191		1809		2		0
285.212		221.454		1851		2		0
281.6		298.638		1914		2		0
284.987		364.563		2034		2		0
277.635		383.657		2013		2		0
317.499		220.316		1833		2		0
325.268		294.844		1909		2		0
324.192		361.419		2044		2		0
329.338		382.064		2001		2		0
299.804		114.341		1827		2		0
261.566		263.085		1833		2		0
267.739		238.745		1912		2		0
344.237		263.887		1794		2		0
336.677		239.352		1866		2		0
Frame 34
301.119		220.452		1842		2		0
300.423		160.506		1807		2		0
299.7		99.2908		1835		2		0
297.368		67.2799		1711		2		0
263.075		122.492		1860		2		0
251.33		176.771		1924		2		0
252.752		227.461		1876		2		0
258.253		246.985		1840		2		0
336.495		123.359		1839		2		0
349.384		175.63		1915		2		0
350.738		227.3		1840		2		0
344.317		245.956		1814		2		0
285.134		220.942		1865		2		0
281.462		298.441		1911		2		0
284.993		364.57		2041		2		0
279.055		384.455		2006		2		0
317.201		219.976		1849		2		0
325.476		295.674		1913		2		0
324.27		361.522		2041		2		0
329.238		382.205		2004		2		0
299.891		114.704		1831		2		0
261.332		263.326		1834		2		0
267.187		239.923		1922		2		0
343.868		263.557		1799		2		0
336.33		238.547		1875		2		0
Frame 35
300.814		220.162		1855		2		0
300.346		160.917		1816		2		0
299.768		99.8159		1821		2		0
298.153		68.1452		1706		2		0
263.268		122.493		1863		2		0
251.308		176.756		1929		2		0
252.753		227.45		1881		2		0
258.001		247.417		1837		2		0
336.469		123.446		1841		2		0
349.591		175.49		1918		2		0
350.629		226.993		1844		2		0
344.87		245.98		1817		2		0
284.923		220.584		1881		2		0
281.269		298.236		1920		2		0
285.068		364.605		2035		2		0
278.735		384.349		2005		2		0
316.8		219.75		1864		2		0
325.557		295.54		1911		2		0
324.252		361.433		2046		2		0
329.61		382.069		2006		2		0
299.931		115.229		1835		2		0
261.592		263.389		1840		2		0
266.706		245.621		1877		2		0
343.953		262.938		1797		2		0
336.653		236.453		1889		2		0
Frame 36
300.507		220.053		1873		2		0
300.192		161.696		1826		2		0
299.784		101.036		1811		2		0
298.993		69.5778		1682		2		0
263.526		122.62		1864		2		0
251.219		176.72		1929		2		0
252.76		227.783		1883		2		0
257.668		248.091		1840		2		0
336.39		123.763		1848		2		0
349.861		175.63		1924		2		0
350.475		226.852		1845		2		0
345.626		246.879		1810		2		0
284.72		220.406		1900		2		0
280.883		298.152		1916		2		0
285.057		364.672		2036		2		0
278.558		384.326		2008		2		0
316.378		219.708		1883		2		0
325.922		295.177		1921		2		0
324.211		361.307		2041		2		0
329.59		381.917		2003		2		0
299.905		116.332		1839		2		0
261.515		263.769		1841		2		0
266.793		247.78		1861		2		0
343.629		263.003		1803		2		0
337.88		245.36		1887		2		0
Frame 37
300.174		220.229		1897		2		0
299.96		163.057		1839		2		0
299.685		103.184		1786		2		0
300.009		72.5064		1674		2		0
263.753		123.035		1869		2		0
251.175		176.77		1928		2		0
253.194		233.172		1875		2		0
257.435		249.848		1837		2		0
336.272		124.269		1849		2		0
350.033		175.786		1916		2		0
350.425		226.911		1846		2		0
345.643		246.965		1814		2		0
284.44		220.558		1923		2		0
280.667		298.032		1919		2		0
285.043		364.742		2038		2		0
278.624		384.451		2003		2		0
315.991		219.906		1902		2		0
326.292		294.401		1918		2		0
324.214		361.319		2045		2		0
329.593		381.934		2007		2		0
299.773		118.26		1839		2		0
261.566		264.961		1838		2		0
266.121		247.237		1894		2		0
343.018		263.874		1797		2		0
337.99		243.652		1921		2		0
Frame 38
299.902		220.816		1925		2		0
299.582		165.256		1853		2		0
299.205		106.878		1764		2		0
300.952		77.0836		1663		2		0
264.106		124.405		1868		2		0
250.85		177.621		1926		2		0
253.126		234.251		1874		2		0
257.173		251.82		1834		2		0
336.044		125.436		1853		2		0
350.319		176.356		1921		2		0
350.508		227.166		1854		2		0
346.067		247.685		1813		2		0
284.317		221.2		1949		2		0
280.477		298.021		1918		2		0
285.024		364.83		2047		2		0
278.708		384.63		2009		2		0
315.557		220.433		1927		2		0
326.599		293.899		1925		2		0
324.149		361.356		2040		2		0
329.551		381.959		2006		2		0
299.331		121.533		1841		2		0
261.827		266.71		1833		2		0
266.16		256.523		1830		2		0
342.933		264.904		1798		2		0
338.358		244.982		1905		2		0
Frame 39
299.683		222.119		1958		2		0
299.613		166.022		1865		2		0
299.659		107.524		1731		2		0
302.096		82.5651		1644		2		0
264.79		127.553		1867		2		0
250.313		179.644		1929		2		0
252.853		235.425		1873		2		0
256.697		254.291		1831		2		0
335.818		128.401		1853		2		0
350.856		178.264		1923		2		0
350.564		228.189		1857		2		0
340.922		248.561		1838		2		0
284.198		222.579		1977		2		0
280.075		298.016		1927		2		0
285.012		364.873		2042		2		0
278.621		384.709		2004		2		0
315.24		221.664		1958		2		0
326.736		293.887		1929		2		0
324.098		361.417		2048		2		0
329.522		381.939		2005		2		0
299.577		122.452		1846		2		0
261.031		269.084		1832		2		0
265.703		258.041		1825		2		0
341.793		266.868		1798		2		0
329.796		253.684		1934		2		0
Frame 40
299.286		224.32		1985		2		0
299.709		170.276		1880		2		0
300.253		111.847		1697		2		0
302.838		89.8059		1633		2		0
265.581		132.35		1866		2		0
249.572		182.625		1928		2		0
252.135		237.749		1876		2		0
258.144		258.548		1817		2		0
335.516		133.716		1856		2		0
351.518		181.891		1924		2		0
350.941		229.859		1870		2		0
343.276		251.969		1826		2		0
283.982		224.768		2011		2		0
279.689		297.913		1932		2		0
285.042		364.868		2043		2		0
278.64		384.701		2007		2		0
314.655		223.875		1987		2		0
327.098		293.824		1929		2		0
324.044		361.447		2046		2		0
329.471		381.983		2009		2		0
300.072		126.934		1844		2		0
262.102		272.884		1817		2		0
269.291		257.904		1975		2		0
341.675		270.035		1796		2		0
332.833		253.063		1951		2		0
Frame 41
299.316		227.82		2013		2		0
299.969		177.87		1900		2		0
300.882		121.82		1720		2		0
303.426		100.782		1624		2		0
266.311		140.178		1863		2		0
248.364		187.771		1934		2		0
250.909		246.255		1860		2		0
256.838		263.509		1812		2		0
334.963		141.316		1858		2		0
352.404		186.88		1926		2		0
351.718		233.349		1864		2		0
346.105		256.311		1810		2		0
284.064		228.327		2028		2		0
279.393		297.832		1930		2		0
285.442		364.906		2049		2		0
278.782		384.719		2007		2		0
314.652		227.319		2011		2		0
327.487		293.643		1933		2		0
324.044		361.44		2054		2		0
329.277		382.108		2003		2		0
300.637		136.689		1854		2		0
261.521		277.547		1813		2		0
266.341		268.259		1805		2		0
341.637		273.792		1790		2		0
335.256		258.86		1961		2		0
Frame 42
298.913		224.575		2065		2		0
299.732		182.715		1917		2		0
300.82		132.253		1718		2		0
303.673		112.538		1620		2		0
266.373		148.765		1869		2		0
246.548		193.551		1932		2		0
250.181		248.662		1852		2		0
256.432		268.343		1799		2		0
334.152		150.696		1864		2		0
353.397		192.628		1932		2		0
352.697		239.597		1858		2		0
346.334		261.926		1803		2		0
284.279		224.977		2084		2		0
278.432		298.051		1926		2		0
285.711		364.845		2040		2		0
278.83		384.553		2007		2		0
313.62		224.176		2064		2		0
327.957		293.581		1935		2		0
324.127		361.471		2059		2		0
329.543		382.091		2008		2		0
300.528		145.135		1847		2		0
261.801		281.855		1801		2		0
249.941		275.404		1838		2		0
341.806		279.005		1783		2		0
335.819		271.629		1804		2		0
Frame 43
298.027		231.355		2069		2		0
299.65		191.334		1946		2		0
301.72		142.693		1703		2		0
303.158		126.558		1627		2		0
267.185		160.146		1879		2		0
243.878		202.515		1935		2		0
248.581		248.971		1855		2		0
255.138		271.903		1792		2		0
334.394		160.876		1874		2		0
356.232		201.717		1931		2		0
353.13		247.855		1850		2		0
346.147		268.787		1791		2		0
282.347		231.673		2098		2		0
275.503		288.2		1930		2		0
285.195		361.758		2047		2		0
279.726		381.75		2027		2		0
313.781		231.043		2074		2		0
332.892		277.52		1933		2		0
325.314		351.112		2040		2		0
327.216		375.559		2027		2		0
301.152		155.828		1812		2		0
261.94		286.899		1785		2		0
251.995		284.988		1818		2		0
341.687		284.961		1772		2		0
337.846		274.279		1798		2		0
Frame 44
298.745		230.096		2075		2		0
299.652		193.656		1943		2		0
300.822		150.364		1675		2		0
302.682		139.184		1641		2		0
267.372		161.893		1902		2		0
243.679		204.102		1938		2		0
246.324		254.05		1838		2		0
254.343		277.383		1773		2		0
333.185		169.51		1887		2		0
358.658		207.913		1928		2		0
354.371		253.327		1851		2		0
346.55		275.324		1784		2		0
284.395		229.929		2098		2		0
274.796		301.157		1894		2		0
285.617		365.117		2026		2		0
278.583		384.747		2011		2		0
313.371		230.191		2093		2		0
332.672		298.134		1897		2		0
324.175		361.844		2041		2		0
329.833		382.004		2006		2		0
300.548		161.741		1764		2		0
262.025		292.787		1760		2		0
248.984		285.693		1799		2		0
341.397		291.535		1762		2		0
338.554		280.055		1807		2		0
Frame 45
297.91		237.282		2092		2		0
299.442		204.926		1983		2		0
301.402		165.017		1708		2		0
302.924		151.228		1665		2		0
270.256		178.553		1921		2		0
240.982		215.655		1934		2		0
246.011		270.006		1796		2		0
254.337		284.782		1742		2		0
334.05		180.171		1904		2		0
361.154		218.789		1926		2		0
353.298		271.848		1814		2		0
345.172		285.729		1770		2		0
282.538		237.09		2124		2		0
273.326		294.033		1896		2		0
285.214		363.557		2020		2		0
278.411		382.328		2018		2		0
313.378		237.485		2111		2		0
335.159		284.549		1865		2		0
325.316		356.31		2018		2		0
326.584		381.346		2009		2		0
300.863		175.855		1815		2		0
262.621		298.716		1739		2		0
253.332		287.805		1742		2		0
340.634		299.545		1757		2		0
334.336		283.258		1921		2		0
Frame 46
298.591		237.466		2101		2		0
299.308		209.149		2001		2		0
299.825		176.007		1736		2		0
302.289		161.513		1690		2		0
270.021		185.99		1939		2		0
238.294		220.637		1934		2		0
246.799		277.599		1756		2		0
253.535		292.23		1719		2		0
331.696		187.351		1929		2		0
363.115		223.048		1919		2		0
354.506		274.053		1819		2		0
344.168		293.665		1770		2		0
283.304		237.472		2118		2		0
274.117		295.938		1892		2		0
285.797		366.424		2012		2		0
277.116		384.504		2017		2		0
313.98		237.473		2103		2		0
333.441		295.433		1861		2		0
324.622		365.231		2023		2		0
331.17		385.119		1987		2		0
299.672		185.232		1850		2		0
260.984		305.506		1708		2		0
250.382		289.601		1733		2		0
341.811		308.278		1756		2		0
334.245		287.71		1910		2		0
Frame 47
298.96		245.852		2118		2		0
301.934		217.407		2023		2		0
305.633		182.588		1744		2		0
302.458		170.909		1715		2		0
270.521		193.115		1960		2		0
239.054		227.209		1926		2		0
245.83		279.24		1759		2		0
251.16		297.459		1701		2		0
330.192		197.452		1953		2		0
364.07		231.583		1921		2		0
356.982		279.572		1823		2		0
345.755		299.382		1777		2		0
283.375		245.226		2138		2		0
274.251		297.04		1885		2		0
285.751		367.843		2003		2		0
277.154		385.549		2005		2		0
314.687		246.493		2130		2		0
333.094		296.243		1883		2		0
324.225		366.256		2005		2		0
331.766		385.52		1985		2		0
304.626		192.012		1818		2		0
258.527		312.56		1682		2		0
245.929		309.454		1728		2		0
342.723		316.798		1753		2		0
330.908		304.682		1876		2		0
Frame 48
299.054		257.347		2154		2		0
297.927		228.456		2070		2		0
296.613		193.551		1804		2		0
302.185		177.896		1747		2		0
270.441		199.69		1982		2		0
241.238		234.214		1927		2		0
244.276		281.977		1755		2		0
250.445		304.639		1675		2		0
330.003		202.532		1976		2		0
362.223		237.894		1931		2		0
357.874		291.009		1801		2		0
346.996		309.183		1768		2		0
283.772		257.143		2178		2		0
274.175		299.111		1884		2		0
285.624		367.978		2008		2		0
277.875		385.751		2011		2		0
314.467		257.564		2162		2		0
333.032		284.203		1950		2		0
324.939		359.906		1994		2		0
326.068		385.049		2004		2		0
296.961		202.949		1967		2		0
257.235		319.821		1656		2		0
248.02		304.557		1678		2		0
344.889		326.589		1747		2		0
334.106		302.871		1868		2		0
Frame 49
296.328		263.484		2175		2		0
296.953		234.415		2093		2		0
297.638		200.313		1833		2		0
301.993		185.375		1781		2		0
270.734		205.242		2004		2		0
242.308		238.814		1935		2		0
243.124		284.742		1751		2		0
249.53		310.105		1653		2		0
329.201		210.89		2007		2		0
359.409		247.09		1942		2		0
359.566		293.162		1820		2		0
350.053		313.725		1789		2		0
280.893		262.062		2204		2		0
273.903		304.397		1869		2		0
285.842		368.286		2012		2		0
277.63		385.521		2000		2		0
312.041		264.74		2172		2		0
333.401		284.771		1972		2		0
325.083		360.572		1985		2		0
326.262		385.672		2003		2		0
297.424		209.402		1992		2		0
255.737		325.887		1627		2		0
242.465		320.254		1677		2		0
347.727		333.863		1744		2		0
336.998		319.869		1881		2		0
Frame 50
298.573		288.749		2222		2		0
297.514		249.648		2144		2		0
296.393		206.227		1879		2		0
301.564		191.621		1830		2		0
270.635		213.174		2040		2		0
245.485		245.872		1941		2		0
246.118		303.615		1703		2		0
250.061		318.298		1632		2		0
326.629		217.189		2052		2		0
355.723		252.909		1974		2		0
359.733		298.125		1843		2		0
352.149		318.059		1802		2		0
283.211		288.182		2081		2		0
278.23		319.242		1912		1		0
285.246		368.5		2014		2		0
274.303		378.379		2050		2		0
314.072		289.334		2103		2		0
343.451		298.708		1875		2		0
324.777		366.359		2012		2		0
331.507		385.613		1983		2		0
296.677		217.535		2069		2		0
255.406		331.553		1613		2		0
240.563		321.589		1678		2		0
352.278		336.374		1745		2		0
340		325.845		1878		2		0
Frame 51
303.189		293.984		2197		2		0
299.86		253.226		2164		2		0
296.874		210.127		1920		2		0
300.98		196.431		1872		2		0
271.404		216.441		2095		2		0
249.988		249.611		1974		2		0
246.226		302.423		1728		2		0
249.578		322.467		1629		2		0
327.287		222.048		2090		2		0
350.938		260.463		2012		2		0
362.138		302.06		1854		2		0
356.251		323.608		1804		2		0
288.62		294.434		2109		2		0
269.71		298.969		1891		2		0
284.025		369.598		2018		2		0
275.258		383.772		2025		2		0
317.938		293.647		2086		2		0
345.121		300.084		1867		2		0
324.653		367.604		2022		2		0
331.992		386.713		1979		2		0
297.747		221.37		2110		2		0
254.486		336.183		1607		2		0
241.288		330.329		1661		2		0
358.17		345.154		1741		2		0
345.235		328.271		1893		2		0
Frame 52
302.457		294.975		2227		2		0
299.337		254.489		2190		2		0
296.573		211.17		1952		2		0
300.126		197.502		1899		2		0
270.87		218.641		2137		2		0
251.279		253.754		2011		2		0
247.822		302.504		1750		2		0
249.414		323.813		1646		2		0
326.215		222.432		2139		2		0
347.438		261.482		2062		2		0
354.623		303.573		1909		2		0
352.063		321.164		1902		2		0
287.815		295.281		2107		2		0
269.678		298.963		1895		2		0
283.155		369.646		2011		2		0
275.432		384.423		2009		2		0
317.219		294.779		2082		2		0
344.969		299.647		1868		2		0
324.467		368.132		2017		2		0
332.245		387.296		1981		2		0
297.307		222.334		2129		2		0
253.908		337.706		1624		2		0
240.569		328.228		1688		2		0
361.443		336.816		1765		2		0
341.279		335.46		1906		2		0
Frame 53
302.303		294.658		2260		2		0
298.685		253.276		2215		2		0
294.892		209.245		2000		2		0
298.849		195.234		1930		2		0
269.774		217.255		2158		2		0
251.433		257.948		2049		2		0
250.702		305.226		1782		2		0
250.856		320.294		1689		2		0
324.907		219.886		2164		2		0
344.533		258.603		2118		2		0
348.837		299.679		1878		2		0
351.921		312.165		1904		2		0
287.734		295.1		2122		2		0
268.295		297.902		1897		2		0
282.331		368.943		2000		2		0
275.736		383.841		2019		2		0
316.933		294.241		2099		2		0
344.297		298.947		1876		2		0
324.598		368.007		2021		2		0
332.021		387.417		1975		2		0
295.87		220.493		2170		2		0
250.777		335.307		1674		2		0
243.687		321.364		1727		2		0
363.918		332.239		1881		2		0
362.783		316.741		1906		2		0
Frame 54
301.731		291.673		2256		2		0
298.096		248.143		2229		2		0
294.533		202.826		2020		2		0
297.613		188.256		1959		2		0
268.344		213.91		2176		2		0
252.381		252.625		2121		2		0
247.573		291.692		1929		2		0
257.587		315.578		1806		2		0
323.887		216.277		2184		2		0
342.443		254.384		2180		2		0
348.908		294.419		1929		2		0
353.56		307.906		1974		1		0
287.24		292.442		2139		2		0
266.402		295.141		1917		2		0
281.879		367.712		1999		2		0
283.204		390.258		1987		2		0
316.197		290.775		2109		2		0
343.168		298.343		1887		2		0
324.933		367.839		2023		2		0
331.672		387.938		1980		2		0
295.413		214.24		2182		2		0
254.954		326.259		1747		2		0
264.688		323.366		1887		2		0
362.939		325.349		1912		2		0
360.165		299.814		2024		2		0
Frame 55
301.986		289.937		2247		2		0
298.509		245.034		2238		2		0
295.029		198.087		2065		2		0
295.468		181.709		1990		2		0
267.811		212.631		2199		2		0
252.191		251.543		2168		2		0
253.431		291.534		2018		2		0
259.923		311.357		1842		2		0
323.244		212.564		2208		2		0
340.95		249.084		2240		2		0
352.166		289.118		2093		2		0
355.544		303.468		2042		1		0
287.615		290.875		2150		2		0
265.459		295.176		1918		2		0
281.723		367.666		2001		2		0
274.342		381.69		2033		2		0
316.324		288.979		2110		2		0
343.038		297.426		1893		2		0
324.987		367.763		2021		2		0
331.219		388.149		1966		2		0
295.892		210.088		2199		2		0
257.737		322.913		1811		2		0
267.34		327.514		1920		2		0
360.424		318.633		1991		2		0
353		318		2043		2		0
Frame 56
302.242		288.51		2236		2		0
298.848		243.218		2244		2		0
295.221		199.044		2172		2		0
293.661		180.263		2029		2		0
267.654		211.698		2219		2		0
251.817		250.082		2203		2		0
241.268		288.111		2021		2		0
244.522		297.379		1951		2		0
322.596		210.494		2227		2		0
339.808		246.174		2278		2		0
350.473		286.633		2155		2		0
353.999		297.459		2117		1		0
288.038		289.514		2173		2		0
264.5		295.297		1924		2		0
281.763		368.168		2005		2		0
283.922		389.86		1977		2		0
316.441		287.487		2103		2		0
342.502		296.431		1898		2		0
325.039		367.669		2017		2		0
331.033		388.205		1967		2		0
296.133		210.083		2214		2		0
243.819		316.732		1903		2		0
253.71		301.672		1946		2		0
359.034		315.593		2050		2		0
358		292.245		2138		2		0
Frame 57
301.299		287.316		2256		2		0
297.839		242.686		2262		2		0
294.302		198.579		2229		2		0
292.519		178.049		2079		2		0
267.054		210.314		2246		2		0
251.302		248.178		2237		2		0
241.36		286.315		2080		2		0
241.741		300.119		1992		2		0
321.617		208.457		2254		2		0
340.105		245.546		2297		2		0
351.897		290.588		2181		2		0
353.655		308.518		2122		2		0
287.369		288.346		2156		2		0
263.501		295.567		1926		2		0
281.925		368.854		2003		2		0
276.667		386.812		2006		2		0
315.224		286.287		2109		2		0
338.421		294.039		1905		2		0
325.063		367.622		2027		2		0
331.675		388.176		1963		2		0
295.223		209.636		2237		2		0
240.957		319.124		1925		2		0
255.141		299.867		1967		2		0
352.713		324.356		2100		2		0
356.488		310.654		2108		2		0
Frame 58
300.998		287.13		2248		2		0
297.158		242.376		2274		2		0
293.318		198.085		2260		2		0
291.071		177.082		2129		2		0
266.176		210.378		2271		2		0
250.166		247.582		2263		2		0
238.024		299.294		2065		2		0
238.817		313.126		1990		2		0
320.54		208.959		2276		2		0
340.424		246.267		2314		2		0
352.167		287.825		2226		2		0
354.03		306.617		2176		2		0
287.17		288.18		2173		2		0
265.165		297.627		1916		2		0
282.418		370.907		2030		2		0
276.325		389.666		1986		2		0
314.803		286.087		2118		2		0
337.803		293.759		1905		2		0
325.033		367.32		2020		2		0
331.597		387.846		1974		2		0
294.282		209.155		2262		2		0
238.689		326.343		1947		2		0
254.526		303.302		1968		2		0
353.655		324.309		2147		2		0
358.812		312.031		2163		2		0
Frame 59
300.988		287.123		2253		2		0
296.753		242.205		2287		2		0
292.297		197.934		2283		2		0
289.729		175.946		2163		2		0
265.979		210.855		2300		2		0
249.448		247.362		2287		2		0
239.946		286.551		2171		2		0
235.121		306.865		2074		2		0
319.239		209.371		2302		2		0
339.988		246.286		2327		2		0
356.278		293.683		2235		2		0
353.947		312.911		2207		2		0
287.16		288.181		2171		2		0
265.548		297.432		1912		2		0
282.347		371.081		2042		2		0
276.725		390.709		1977		2		0
314.797		286.066		2118		2		0
337.273		293.559		1910		2		0
325.144		367.383		2027		2		0
332.154		387.818		1971		2		0
293.411		208.946		2288		2		0
230.845		322.463		2022		2		0
240.421		310.988		2069		2		0
352.298		327.418		2196		2		0
360.294		315.914		2201		2		0
Frame 60
300.982		287.139		2236		2		0
296.514		242.149		2297		2		0
291.914		197.93		2315		2		0
288.945		176.057		2203		2		0
266.017		210.984		2324		2		0
249.036		247.037		2303		2		0
238.881		288.211		2204		2		0
232.974		309.385		2123		2		0
319.159		209.522		2321		2		0
339.777		247.062		2338		2		0
353.076		286.099		2288		2		0
355.13		305.882		2262		2		0
287.155		288.205		2169		2		0
266.272		295.572		1919		2		0
280.458		372.685		2035		2		0
282.011		394.473		1947		2		0
314.793		286.076		2119		2		0
336.963		293.496		1904		2		0
325.387		367.498		2026		2		0
332.06		388.046		1970		2		0
293.055		208.911		2311		2		0
226.97		324.864		2063		2		0
237.347		314.407		2097		2		0
357.563		323.003		2226		2		0
360.129		296.497		2271		2		0
Frame 61
300.958		287.128		2248		2		0
296.261		241.986		2306		2		0
291.533		197.842		2334		2		0
288.617		176		2237		2		0
266.207		211.437		2342		2		0
249.136		246.956		2324		2		0
235.046		300.639		2210		2		0
229.546		319.297		2141		2		0
318.737		209.734		2344		2		0
339.186		247.478		2343		2		0
350.985		286.538		2313		2		0
355.311		306.425		2286		2		0
287.143		288.202		2166		2		0
266.327		294.378		1912		2		0
280.239		371.81		2034		2		0
280.827		393.564		1952		2		0
314.755		286.057		2118		2		0
336.37		293.304		1906		2		0
325.631		367.635		2021		2		0
332.022		388.249		1962		2		0
292.702		208.779		2333		2		0
226.077		333.082		2112		2		0
230.646		318.966		2139		2		0
357.953		322.069		2311		2		0
362.6		315.993		2271		2		0
Frame 62
300.925		287.089		2246		2		0
296.052		241.765		2315		2		0
291.246		197.696		2359		2		0
288.304		175.687		2270		2		0
266.308		211.08		2362		2		0
248.785		247.299		2343		2		0
234.677		300.811		2241		2		0
229.996		319.313		2192		2		0
317.498		210.187		2350		2		0
339.078		249.281		2358		2		0
351.336		288.478		2323		2		0
355.603		307.997		2304		2		0
287.116		288.155		2166		2		0
266.507		295.148		1919		2		0
279.978		372.863		2025		2		0
281.314		394.648		1941		2		0
314.719		286.027		2113		2		0
335.946		293.186		1904		2		0
325.762		367.631		2020		2		0
331.937		388.363		1961		2		0
292.428		208.592		2351		2		0
228.398		333		2188		2		0
229.444		327.22		2244		2		0
357.65		322.971		2330		2		0
363		315.209		2291		2		0
Frame 63
300.913		286.987		2245		2		0
295.358		240.518		2323		2		0
289.797		196.571		2378		2		0
288.145		175.085		2286		2		0
266.083		212.483		2376		2		0
247.603		250.288		2360		2		0
233.359		303.523		2257		2		0
231.065		318.713		2236		2		0
314.521		210.475		2363		2		0
338.359		248.591		2377		2		0
349.757		287.248		2335		2		0
354.87		307.271		2308		2		0
287.112		288.099		2162		2		0
266.558		295.226		1917		2		0
279.968		373.149		2038		2		0
280.252		395.047		1945		2		0
314.698		285.867		2124		2		0
335.721		293.077		1902		2		0
325.775		367.611		2012		2		0
331.94		388.379		1967		2		0
291.095		207.237		2370		2		0
230.338		331.814		2235		2		0
225.604		316.079		0		2		0
356.719		321.894		2348		2		0
361.994		315.346		2290		2		0
Frame 64
300.895		286.803		2244		2		0
295.293		240.257		2330		2		0
289.815		196.512		2393		2		0
288.172		174.664		2303		2		0
266.081		212.462		2391		2		0
247.549		250.1		2386		2		0
236.05		294.861		2312		2		0
232.602		315.15		2264		2		0
314.56		210.44		2376		2		0
337.716		247.634		2396		2		0
349.493		285.653		2350		2		0
353.928		305.912		2321		2		0
287.115		287.956		2158		2		0
266.579		294.472		1922		2		0
279.99		372.4		2034		2		0
280.121		394.265		1946		2		0
314.657		285.635		2123		2		0
335.633		293.064		1909		2		0
325.931		367.679		2012		2		0
331.664		388.572		1958		2		0
291.108		207.175		2382		2		0
231.696		329.655		2260		2		0
230.501		318.107		2266		2		0
355.885		320.17		2350		2		0
360.915		311.909		2306		2		0
Frame 65
300.873		286.61		2254		2		0
295.272		240.048		2339		2		0
289.895		196.458		2406		2		0
288.209		174.549		2328		2		0
266.278		212.402		2408		2		0
247.864		249.295		2408		2		0
236.17		294.859		2334		2		0
233.808		314.793		2290		2		0
314.609		210.433		2391		2		0
337.415		247.113		2412		2		0
352.588		291.519		2323		2		0
353.116		311.348		2298		2		0
287.118		287.771		2178		2		0
266.576		294.582		1920		2		0
280.015		372.814		2035		2		0
279.98		394.74		1943		2		0
314.614		285.43		2116		2		0
335.623		293.057		1911		2		0
325.951		367.699		2018		2		0
331.537		388.623		1968		2		0
291.168		207.099		2392		2		0
234.068		329.314		2278		2		0
228.095		316.003		2318		2		0
351.893		324.87		2315		2		0
359.049		315.571		2285		2		0
Frame 66
300.852		286.423		2247		2		0
295.301		239.691		2347		2		0
290.275		196.567		2418		2		0
288.302		174.793		2341		2		0
267.133		212.459		2417		2		0
247.477		249.893		2427		2		0
237.286		291.849		2364		2		0
234.821		312.441		2305		2		0
313.881		210.954		2400		2		0
337.465		246.908		2419		2		0
348.872		284.806		2359		2		0
352.631		303.439		2315		2		0
287.12		287.579		2170		2		0
266.525		294.879		1922		2		0
279.867		373.506		2036		2		0
279.929		395.712		1939		2		0
314.572		285.254		2124		2		0
335.449		292.9		1912		2		0
325.978		367.71		2022		2		0
331.245		388.699		1965		2		0
291.455		207.027		2404		2		0
235.157		326.617		2289		2		0
228.727		316.345		2317		2		0
354.49		318.878		2277		2		0
355.995		305.356		2320		2		0
Frame 67
299.879		285.166		2257		2		0
294.88		239.48		2353		2		0
290.248		196.65		2428		2		0
288.354		175.289		2352		2		0
267.58		212.478		2433		2		0
247.551		249.496		2443		2		0
237.412		291.006		2376		2		0
235.861		311.556		2322		2		0
313.374		210.971		2412		2		0
337.347		246.469		2433		2		0
348.615		284.418		2364		2		0
352.063		302.546		2317		2		0
286.145		286.332		2171		2		0
268.381		293.657		1935		2		0
281.603		371.365		2018		2		0
281.723		392.993		1954		2		0
313.609		284.01		2137		2		0
333.525		292.156		1919		2		0
325.961		367.709		2012		2		0
331.218		388.727		1968		2		0
291.38		207.113		2418		2		0
236.457		325.666		2295		2		0
230.429		316.265		2334		2		0
353.236		318.641		2267		2		0
354.182		298.625		0		2		0
Frame 68
301.192		284.512		2233		2		0
295.205		238.994		2355		2		0
290.284		196.749		2444		2		0
288.51		175.533		2370		2		0
267.556		212.497		2441		2		0
247.862		249.118		2456		2		0
237.77		290.656		2387		2		0
236.711		306.151		2343		2		0
313.416		210.998		2423		2		0
337.338		246.815		2441		2		0
348.448		284.758		2357		2		0
351.427		304.372		2300		2		0
287.653		285.598		2175		2		0
263.446		295.233		1925		2		0
277.242		375.04		2039		2		0
277.045		398.288		1937		2		0
314.722		283.438		2129		2		0
337.89		294.132		1906		2		0
325.992		367.709		2019		2		0
331.23		388.725		1969		2		0
291.411		207.094		2426		2		0
236.743		319.852		2302		2		0
231.252		309.704		2390		2		0
351.697		318.695		2257		2		0
353.919		302.624		2327		2		0
Frame 69
298.024		285.037		2259		2		0
293.773		240.275		2355		2		0
289.97		197.219		2458		2		0
288.771		176.27		2386		2		0
268.21		213.832		2443		2		0
247.968		248.52		2466		2		0
237.85		300.227		2367		2		0
237.852		313.529		2328		2		0
311.686		212.718		2421		2		0
334.789		244.081		2450		2		0
347.617		281.052		2370		2		0
346.512		283.916		2367		2		0
284.226		285.972		2148		2		0
268.303		298.718		1923		2		0
282.099		370.773		2017		2		0
277.524		390.805		1972		2		0
311.965		284.103		2158		2		0
329.482		297.821		1924		2		0
326.008		367.7		2017		2		0
331.336		388.695		1974		2		0
290.875		207.857		2436		2		0
238.854		326.941		2312		2		0
232.576		317.129		2341		2		0
350.388		303.767		2302		2		0
351.073		288.303		2347		2		0
Frame 70
300.203		283.32		2232		2		0
295.118		237.926		2366		2		0
290.22		197.078		2466		2		0
288.867		176.035		2396		2		0
268.26		212.976		2454		2		0
248.487		248.406		2475		2		0
240.071		286.726		2412		2		0
238.341		301.868		2361		2		0
312.011		212.182		2428		2		0
335.876		246.279		2454		2		0
347.825		283.452		2368		2		0
345.53		282.309		2366		1		0
286.617		284.057		2165		2		0
262.852		293.426		1935		2		0
277.716		373.7		2035		2		0
277.56		397.056		1936		2		0
313.743		282.597		2132		2		0
335.967		293.384		1917		2		0
325.952		367.699		2008		2		0
331.362		388.668		1972		2		0
291.016		207.665		2446		2		0
237.973		315.943		2335		2		0
233.19		300.784		2409		2		0
349.502		304.5		2279		2		0
349.885		287.247		2342		2		0
Frame 71
297.433		285.351		2255		2		0
293.702		240.507		2360		2		0
290.214		197.232		2470		2		0
289.107		175.912		2406		2		0
268.617		213.505		2455		2		0
250.007		245.259		2480		2		0
240.282		296.313		2390		2		0
239.367		311.785		2342		2		0
311.564		213.105		2427		2		0
335.632		246.23		2453		2		0
346.838		283.6		2372		2		0
343.991		279.232		2379		1		0
283.508		286.261		2134		2		0
267.864		299.471		1912		2		0
282.143		370.716		2017		2		0
277.741		391.071		1973		2		0
311.469		284.447		2148		2		0
328.202		301.256		1922		2		0
325.483		367.837		2020		2		0
331.664		388.62		1967		2		0
291.027		207.848		2446		2		0
240.164		325.703		2316		2		0
237.871		315.735		2335		2		0
350.003		293.201		2322		2		0
346.667		275.44		2401		2		0
Frame 72
298.467		283.172		2247		2		0
294.465		237.867		2376		2		0
290.491		197.187		2477		2		0
289.214		175.988		2405		2		0
268.958		212.791		2461		2		0
249.736		246.924		2490		2		0
241.622		286.754		2423		2		0
239.942		302.057		2369		2		0
311.756		212.936		2435		2		0
334.88		245.364		2460		2		0
346.839		282.476		2379		2		0
342.816		277.688		2385		1		0
284.776		283.309		2169		2		0
262.354		293.398		1934		2		0
277.884		373.438		2049		2		0
277.833		397.087		1956		2		0
312.133		283.045		2139		2		0
336.096		293.027		1910		2		0
325.559		367.811		2014		2		0
331.641		388.621		1966		2		0
291.154		207.689		2451		2		0
238.858		315.971		2336		2		0
234.504		305.765		0		2		0
348.003		289.501		2342		2		0
345.863		277.182		2395		2		0
Frame 73
295.728		285.515		2246		2		0
293.266		239.467		2365		2		0
290.448		197.149		2476		2		0
289.373		176.076		2405		2		0
269.025		213.236		2451		2		0
248.124		255.106		2483		2		0
241.073		294.453		2397		2		0
240.823		310.059		2349		2		0
311.726		213.046		2431		2		0
333.955		244.297		2458		2		0
346.212		281.233		2407		2		0
342.202		277.114		2388		1		0
281.712		286.183		2114		2		0
267.749		299.734		1916		2		0
282.177		370.616		2016		2		0
277.626		390.461		1979		2		0
309.892		284.853		2150		2		0
328.839		301.828		1924		2		0
325.616		367.783		2021		2		0
331.584		388.628		1964		2		0
291.127		207.67		2457		2		0
241.508		323.619		2323		2		0
235.388		310.084		2449		2		0
347.501		288.5		2339		2		0
345.498		274.492		2406		2		0
Frame 74
297.94		283.239		2242		2		0
293.858		238.513		2365		2		0
290.54		197.161		2472		2		0
289.477		176.071		2408		2		0
269.172		212.74		2459		2		0
249.261		252.088		2482		2		0
242.511		289.682		2412		2		0
241.534		304.828		2365		2		0
311.932		213.08		2429		2		0
333.615		243.856		2462		2		0
342.375		281.396		2375		2		0
342.858		280.406		2383		2		0
284.712		283.335		2153		2		0
263.084		298.218		1911		2		0
282.099		370.504		2010		2		0
277.641		390.409		1979		2		0
311.151		283.153		2151		2		0
336.118		292.956		1908		2		0
325.726		367.82		2017		2		0
331.54		388.695		1971		2		0
291.192		207.595		2451		2		0
240.589		318.874		2321		2		0
236.67		307.244		2379		2		0
344.005		284		2367		2		0
344.637		280.451		2396		2		0
Frame 75
295.769		285.603		2242		2		0
293.08		240.387		2360		2		0
290.548		197.231		2473		2		0
289.57		176.085		2409		2		0
269.289		213.411		2454		2		0
249.344		252.062		2485		2		0
241.349		294.302		2395		2		0
242.173		309.83		2349		1		0
311.548		213.551		2431		2		0
333.725		245.117		2458		2		0
343.839		282.557		2377		2		0
343.162		281.367		2381		1		0
281.711		286.173		2108		2		0
267.85		297.923		1912		2		0
282.475		369.616		2011		2		0
277.955		389.24		1982		2		0
309.959		285.04		2156		2		0
328.431		302.379		1914		2		0
325.908		367.891		2017		2		0
331.476		388.787		1967		2		0
291.193		207.737		2447		2		0
242.467		323.743		2315		2		0
237.097		311.194		2379		2		0
344.032		284.042		2373		2		0
344.668		281.167		2386		2		0
Frame 76
296.05		284.411		2245		2		0
293.234		240.14		2361		2		0
290.629		197.259		2471		2		0
289.596		176.108		2400		2		0
269.276		213.286		2454		2		0
249.472		251.985		2487		2		0
241.668		294.139		2401		2		0
243.474		310.491		2339		2		0
311.68		213.348		2435		2		0
333.213		244.143		2461		2		0
343.581		281.485		2390		2		0
343.078		281.032		2390		2		0
282.055		285.382		2127		2		0
267.039		293.078		1929		2		0
282.315		369.813		2002		2		0
277.937		389.667		1985		2		0
309.928		283.39		2157		2		0
332.278		291.014		1911		2		0
325.878		367.82		2018		2		0
331.45		388.737		1965		2		0
291.334		207.756		2456		2		0
244.539		323.733		2318		2		0
237.999		316.351		2386		2		0
344.021		284.025		2382		2		0
344.765		280.39		2399		2		0
Frame 77
296.756		284.428		2239		2		0
293.465		239.97		2362		2		0
290.729		197.22		2472		2		0
289.626		176.083		2396		2		0
269.286		213.333		2451		2		0
249.485		251.958		2482		2		0
241.961		293.95		2408		2		0
244.352		309.148		2343		2		0
311.756		213.23		2430		2		0
334.102		246.339		2459		2		0
343.548		283.775		2379		2		0
342.72		281.429		2383		2		0
282.892		285.29		2128		2		0
267.012		292.76		1927		2		0
282.235		369.879		2005		2		0
278.112		389.773		1982		2		0
310.705		283.566		2157		2		0
332.28		291.049		1911		2		0
325.967		367.891		2020		2		0
331.304		388.851		1970		2		0
291.431		207.702		2448		2		0
245.246		322.667		2312		2		0
238.889		315.082		0		2		0
342.501		282		2374		2		0
342.72		281.429		2383		1		0
Frame 78
298.899		282.949		2241		2		0
294.578		237.705		2376		2		0
290.731		197.146		2476		2		0
289.678		176.056		2406		2		0
269.198		213.332		2453		2		0
249.537		251.786		2487		2		0
244.54		289.603		2412		2		0
244.303		303.909		2369		2		0
311.817		213.148		2437		2		0
334.172		246.666		2469		2		0
343.32		284.153		0		1		0
342.504		281.333		2393		2		0
285.711		283.495		2169		2		0
261.659		295.212		1923		2		0
277.487		374.667		2041		2		0
277.703		398.685		1947		1		0
312.058		282.415		2147		2		0
337.429		293.334		1909		2		0
325.957		367.901		2016		2		0
330.954		388.892		1969		2		0
291.547		207.206		2453		2		0
243.13		318.688		2315		2		0
239.869		307.064		2419		2		0
342.501		282		2381		2		0
343.334		281.332		2401		1		0
Frame 79
297.189		285.666		2244		2		0
293.991		239.081		2364		2		0
290.68		197.135		2468		2		0
289.741		176.113		2395		2		0
269.139		213.65		2448		2		0
249.828		251.647		2482		2		0
243.717		289.221		2400		2		0
244.723		303.675		2356		1		0
311.791		213.197		2429		2		0
332.683		244.649		2464		2		0
343.709		281.81		2400		2		0
342.537		280.265		2400		1		0
283.327		286.611		2130		2		0
268.22		304.643		1908		2		0
282.458		370.031		2010		2		0
278.479		389.991		1976		2		0
311.157		284.725		2148		2		0
331.636		304.55		1902		2		0
325.979		367.932		2022		2		0
331.011		388.931		1965		2		0
291.508		207.251		2450		2		0
243.471		318.591		2314		2		0
240.8		309.175		0		2		0
343.079		282.38		2391		2		0
343.667		280.166		2404		2		0
Frame 80
298.206		283.588		2239		2		0
294.112		238.892		2368		2		0
290.876		197.134		2474		2		0
289.757		176.105		2404		2		0
269.449		212		2460		2		0
249.83		251.645		2482		2		0
245.731		289.53		2402		2		0
245.605		308.779		2344		2		0
311.807		213.168		2430		2		0
335.033		249.307		2459		2		0
344.312		286.944		0		2		0
347.555		300.13		1918		2		0
285.096		283.522		2166		2		0
263.109		293.06		1924		2		0
278.155		372.93		2024		2		0
278.448		396.549		1947		1		0
311.275		283.811		2151		2		0
336.054		292.447		1910		2		0
326.002		367.948		2018		2		0
330.883		388.96		1969		2		0
291.614		207.212		2448		2		0
246.416		323.547		2303		2		0
241.643		314.757		2352		2		0
348.048		301.97		1928		1		0
348.686		299.944		1926		1		0
Frame 81
295.638		285.674		2239		2		0
293.355		239.728		2363		2		0
290.8		197.131		2471		2		0
289.8		176.188		2399		2		0
269.23		212.841		2457		2		0
250.08		252.047		2479		2		0
251.367		290.172		2429		2		0
245.706		299.621		2368		2		0
311.773		213.212		2431		2		0
332.109		243.694		2466		2		0
343.318		280.724		2410		2		0
342.339		279.443		2407		1		0
281.703		286.264		2105		2		0
268.988		303.126		1906		2		0
282.364		369.987		1996		2		0
279.244		390.192		1976		2		0
309.706		285.092		2164		2		0
329.279		304.124		1916		2		0
325.98		367.97		2009		2		0
331.045		388.942		1975		2		0
291.572		207.253		2450		2		0
244.992		315.619		2315		2		0
241.574		302.171		2365		2		0
343		282		2399		2		0
343.667		279.165		2414		2		0
Frame 82
295.863		285.435		2241		2		0
293.616		239.655		2366		2		0
290.936		197.189		2471		2		0
289.819		176.198		2397		2		0
269.238		212.814		2456		2		0
250.114		252.071		2477		2		0
248.075		290.153		2404		2		0
245.636		301.638		2351		2		0
311.799		213.158		2434		2		0
333.446		246.747		2464		2		0
344.094		283.977		0		2		0
343.502		281		2408		2		0
282.032		285.944		2127		2		0
267.851		291.424		1934		2		0
282.08		368.914		2016		2		0
282.431		390.416		1977		2		0
309.939		284.781		2160		2		0
333.108		291.294		1912		2		0
326.047		367.962		2015		2		0
330.9		388.949		1967		2		0
291.715		207.404		2451		2		0
244.558		318.435		2313		2		0
242		316.37		0		2		0
343		281.166		2408		2		0
344.817		280.715		2429		1		0
Frame 83
296.411		285.097		2244		2		0
293.65		239.637		2366		2		0
291.009		197.206		2465		2		0
289.854		176.201		2396		2		0
269.28		212.839		2457		2		0
250.138		251.844		2482		2		0
247.72		289.901		2400		2		0
246.024		300.63		2348		2		0
311.832		213.108		2431		2		0
333.631		247.031		2469		2		0
344.211		284.259		0		2		0
343		281		2402		2		0
282.762		285.536		2119		2		0
267.84		291.444		1932		2		0
282.091		368.953		2010		2		0
282.526		390.548		1971		2		0
310.23		284.583		2144		2		0
333.086		291.246		1912		2		0
326.058		368.034		2000		2		0
331.335		388.929		1967		2		0
291.762		207.425		2449		2		0
244.821		318.53		2321		2		0
242.601		298.883		2423		2		0
342.491		281		2386		1		0
344.327		280.713		2440		1		0
Frame 84
296.55		284.977		2236		2		0
293.689		239.665		2365		2		0
291.011		197.223		2470		2		0
289.92		176.199		2396		2		0
269.312		212.996		2454		2		0
250.18		251.727		2479		2		0
247.389		289.767		2398		2		0
245.901		300.064		2370		2		0
311.855		213.074		2433		2		0
335.639		251.405		2462		2		0
345.009		289.323		1958		2		0
348.264		302.532		1916		2		0
282.816		285.492		2124		2		0
267.834		291.442		1931		2		0
281.932		368.926		1997		2		0
278.853		389.267		1977		2		0
310.421		284.396		2144		2		0
333.1		291.25		1907		2		0
325.989		368.221		2011		2		0
331.147		389.164		1960		2		0
291.754		207.479		2452		2		0
244.281		318.501		2317		2		0
242.23		297.669		0		2		0
347.774		302.642		1903		1		0
349.585		302.118		1934		1		0
Frame 85
298.266		283.549		2247		2		0
294.245		238.508		2369		2		0
291.032		197.197		2473		2		0
289.949		176.204		2404		2		0
269.303		212.947		2462		2		0
250.422		251.177		2482		2		0
247.426		289.201		2406		2		0
246.863		292.021		2397		2		0
311.883		213.027		2438		2		0
334.293		246.879		2472		2		0
344.789		284.134		0		2		0
343.201		281.4		2409		2		0
285.089		283.88		2170		2		0
264.112		293.033		1931		2		0
278.627		372.408		2021		2		0
279.141		395.938		1956		2		0
311.424		283.228		2158		2		0
336.618		292.543		1909		2		0
329.185		370.949		2006		2		0
332.278		394.103		1935		2		0
291.767		207.434		2456		2		0
246.356		308.598		2345		2		0
242.69		299.905		2442		2		0
344		282		2407		2		0
344.426		281.222		2414		1		0
Frame 86
297.986		284.1		2244		2		0
294.079		238.752		2371		2		0
290.883		197.182		2470		2		0
290.037		176.271		2406		2		0
269.206		213.261		2452		2		0
250.601		251.08		2479		2		0
249.515		289.208		2409		2		0
246.823		293.222		2385		1		0
311.853		213.086		2436		2		0
332.711		244.481		2474		2		0
343.101		281.688		2421		2		0
342.421		279.834		2418		1		0
284.482		285.058		2142		2		0
265.618		308.193		1902		2		0
281.788		369.673		1998		2		0
278.786		389.87		1980		2		0
311.345		283.423		2154		2		0
334.488		307.508		1904		2		0
325.931		368.354		2012		2		0
331.246		389.342		1963		2		0
291.605		207.392		2456		2		0
246.616		309.455		2339		2		0
241.858		301.985		2414		2		0
343.587		281.172		2421		2		0
344		280.001		2424		2		0
Frame 87
298.136		283.766		2244		2		0
294.219		238.48		2370		2		0
290.96		197.127		2470		2		0
290.062		176.267		2407		2		0
268.955		213.032		2456		2		0
250.719		250.547		2482		2		0
248.046		288.581		2407		2		0
246.671		293.509		2385		2		0
311.949		213.097		2435		2		0
332.953		244.762		2470		2		0
343.571		281.922		2409		2		0
342.576		280.142		2407		2		0
284.891		284.225		2151		2		0
264.235		293.708		1927		2		0
281.788		369.671		2001		2		0
279.176		390.034		1973		2		0
311.406		283.259		2150		2		0
336.541		292.05		1907		2		0
329.396		370.766		2002		2		0
332.313		393.874		1946		2		0
291.674		207.29		2448		2		0
245.985		309.663		2342		2		0
242		299.599		0		2		0
343.502		282		2395		2		0
343.792		279.833		2425		2		0
Frame 88
297.033		285.389		2252		2		0
294.022		239.619		2371		2		0
291.019		197.176		2478		2		0
290.154		176.29		2407		2		0
268.999		213.472		2460		2		0
250.781		250.731		2486		2		0
246.233		288.575		2411		2		0
246.062		302.451		2355		1		0
311.897		213.161		2441		2		0
334.24		247.928		2475		2		0
344.961		285.176		0		2		0
343.502		282		2409		2		0
282.995		286.3		2126		2		0
268.176		298.909		1914		2		0
282.26		369.045		2000		2		0
279.713		389.824		1977		2		0
311.165		284.486		2153		2		0
329.615		302.748		1919		2		0
325.949		368.32		2013		2		0
331.314		389.296		1961		2		0
291.75		207.445		2459		2		0
245.395		317.633		2312		2		0
242		310.277		0		2		0
343.889		281.885		2423		2		0
344.356		281.516		2434		1		0
Frame 89
298.373		284.376		2244		2		0
294.384		239.213		2364		2		0
291.077		197.189		2474		2		0
290.192		176.289		2402		2		0
269.047		213.317		2458		2		0
250.776		250.73		2482		2		0
245.941		288.522		2406		2		0
245.898		307.485		2348		2		0
311.949		213.133		2436		2		0
334.252		247.966		2468		2		0
344.228		285.339		0		2		0
343.502		282		2406		2		0
285.012		284.83		2157		2		0
265.453		292.681		1928		2		0
280.668		370.546		2000		2		0
281.12		393.161		1965		2		0
311.707		283.942		2144		2		0
334.145		291.75		1908		2		0
326.958		369.226		2005		2		0
329.828		391.537		1964		2		0
291.789		207.435		2453		2		0
246.564		322.6		2303		2		0
241.736		310.102		0		2		0
343.921		281.918		2420		2		0
344.343		281.44		2428		1		0
Frame 90
297.083		284.81		2245		2		0
294.263		239.452		2368		2		0
291.138		197.168		2474		2		0
290.254		176.278		2401		2		0
269.07		213.234		2457		2		0
250.776		250.554		2483		2		0
245.024		288.517		2405		2		0
245.796		306.843		2347		2		0
311.984		213.1		2433		2		0
334.264		247.945		2469		2		0
343.749		285.386		2015		1		0
343.501		282		2396		2		0
283.578		285.375		2134		2		0
267.277		291.883		1938		2		0
282.008		368.968		2010		2		0
279.144		389.688		1975		2		0
310.592		284.255		2159		2		0
332.962		291.337		1915		2		0
325.942		368.155		2010		2		0
331.341		389.174		1967		2		0
291.881		207.445		2457		2		0
245.761		321.533		2308		2		0
241.735		312.154		0		2		0
344		282		2409		2		0
344.445		281.842		2412		1		0
Frame 91
298.589		284.607		2246		2		0
294.659		238.785		2367		2		0
291.173		197.179		2474		2		0
290.316		176.307		2400		2		0
269.09		213.295		2453		2		0
250.758		250.575		2486		2		0
244.992		288.514		2407		2		0
245.633		306.823		2354		2		0
311.998		213.083		2439		2		0
334.272		247.94		2471		2		0
343.579		285.388		0		1		0
344.002		282.249		2417		2		0
285.303		285.069		2154		2		0
263.586		293.273		1927		2		0
278.732		372.189		2026		2		0
279.199		395.645		1949		1		0
311.855		284.156		2143		2		0
336.409		292.555		1905		2		0
328.719		370.418		2009		2		0
331.734		393.491		1950		2		0
291.9		207.429		2458		2		0
245.707		321.613		2312		2		0
241.5		306.656		0		2		0
344		283		2406		2		0
344.002		282.249		2417		1		0
Frame 92
296.413		285.873		2254		2		0
294.214		239.197		2372		2		0
291.044		197.124		2476		2		0
290.472		176.364		2405		2		0
269.117		213.592		2457		2		0
250.767		250.667		2489		2		0
245.002		288.372		2409		2		0
245.593		302.136		2352		2		0
311.943		213.136		2443		2		0
335.311		250.465		2473		2		0
344.159		288.182		1964		1		0
347.244		301.369		1908		1		0
282.697		286.67		2122		2		0
268.986		303.613		1909		2		0
282.144		368.63		2005		2		0
282.674		390.299		1973		2		0
310.266		285.081		2163		2		0
330.781		303.678		1912		2		0
325.97		368.245		2026		2		0
331.454		389.198		1963		2		0
291.773		207.438		2459		2		0
245.244		316.581		2315		2		0
241		311.545		0		2		0
347.25		302.185		1912		1		0
347.244		301.369		1908		1		0
Frame 93
298.429		284.433		2245		2		0
294.379		238.995		2371		2		0
291.136		197.127		2470		2		0
290.505		176.367		2399		2		0
269.13		213.431		2455		2		0
250.761		250.673		2484		2		0
244.574		288.281		2413		2		0
245.659		301.954		2357		2		0
311.955		213.124		2438		2		0
335.765		251.386		2465		2		0
344.223		289.204		1940		1		0
347.174		302.438		1898		2		0
285.3		284.662		2153		2		0
263.436		292.659		1930		2		0
278.699		371.77		2010		2		0
279.164		395.164		1944		2		0
311.532		284.215		2150		2		0
336.244		292.434		1906		2		0
328.712		370.416		2000		2		0
331.735		393.423		1949		2		0
291.818		207.41		2456		2		0
245.484		316.54		2317		2		0
241.053		310.114		2383		2		0
347.179		303.257		1900		1		0
347.196		302.11		1898		1		0
Frame 94
295.596		286.192		2239		2		0
293.629		239.682		2365		2		0
290.952		197.081		2474		2		0
290.584		176.337		2399		2		0
269.139		213.689		2454		2		0
250.773		250.713		2482		2		0
244.711		289.124		2406		2		0
245.431		302.707		2357		1		0
311.892		213.197		2436		2		0
335.843		251.6		2465		2		0
344.39		289.426		1947		1		0
347.374		302.67		1904		1		0
281.755		286.852		2103		2		0
268.893		304.382		1906		2		0
282.148		369.029		2007		2		0
282.698		390.522		1965		2		0
309.559		285.538		2153		2		0
329.25		302.307		1911		2		0
325.414		368.392		2011		2		0
332.092		388.93		1962		2		0
291.678		207.446		2451		2		0
244.868		317.45		2315		2		0
241		312.882		0		2		0
347.38		303.49		1901		1		0
347.357		302.514		1904		1		0
Frame 95
297.919		284.169		2241		2		0
293.977		239.058		2369		2		0
291.008		197.093		2468		2		0
290.606		176.35		2400		2		0
268.96		213.214		2463		2		0
250.815		250.477		2482		2		0
244.683		288.947		2412		2		0
245.436		303.195		2358		2		0
311.937		213.205		2439		2		0
335.827		251.667		2462		2		0
344.636		289.468		1949		2		0
347.709		302.694		1902		2		0
284.9		284.315		2142		2		0
263.353		292.477		1933		2		0
278.551		371.625		2018		2		0
278.87		395.008		1952		2		0
310.901		284.034		2166		2		0
336.211		292.193		1910		2		0
328.142		370.225		2004		2		0
331.003		393.2		1949		2		0
291.696		207.421		2450		2		0
245.27		317.398		2316		2		0
240.771		307.16		0		2		0
347.716		303.514		1904		1		0
347.586		302.396		1902		1		0
Frame 96
296.327		286.422		2254		2		0
293.661		239.969		2368		2		0
291.002		197.109		2472		2		0
290.664		176.352		2401		2		0
269.132		213.636		2456		2		0
250.795		251.265		2482		2		0
244.315		292.773		2403		2		0
245.407		308.227		2353		2		0
311.727		213.676		2437		2		0
332.404		243.611		2476		2		0
343.5		280.548		2412		2		0
342.503		279.224		2417		1		0
282.549		287.082		2114		2		0
269.151		303.723		1909		2		0
282.13		368.885		2008		2		0
282.416		390.371		1975		2		0
310.221		285.768		2154		2		0
328.901		303.425		1921		2		0
325.649		368.438		2010		2		0
332.41		388.957		1967		2		0
291.67		207.497		2456		2		0
246.146		322.583		2306		2		0
240.958		309.053		0		2		0
343.502		282		2392		2		0
343.75		279.248		2419		2		0
Frame 97
298.57		282.907		2242		2		0
294.432		238.112		2369		2		0
291.022		197.094		2477		2		0
290.678		176.346		2401		2		0
269.27		213.038		2456		2		0
250.894		250.733		2481		2		0
244.535		289.309		2412		2		0
245.335		303.454		2363		2		0
311.764		213.504		2436		2		0
332.348		243.545		2478		2		0
343.57		280.456		2411		2		0
342.277		279.042		2417		2		0
285.405		283.217		2167		2		0
262.938		293.154		1928		2		0
278.078		372.397		2024		2		0
278.364		396.045		1930		2		0
311.699		282.609		2156		2		0
337.057		293.484		1903		2		0
328.19		370.389		2000		2		0
331.002		393.515		1947		2		0
291.698		207.428		2453		2		0
245.256		317.51		2318		2		0
240.564		309.713		0		2		0
343		282		2402		2		0
343.734		278.948		2420		2		0
Frame 98
296.754		285.655		2244		2		0
294.068		238.774		2371		2		0
290.89		197.057		2476		2		0
290.734		176.306		2401		2		0
269.271		213.526		2458		2		0
250.882		250.747		2486		2		0
244.685		288.342		2410		2		0
245.443		303.286		2364		1		0
311.748		213.517		2439		2		0
332.338		243.56		2473		2		0
342.331		280.787		2407		2		0
342.336		279.443		2414		1		0
282.837		286.491		2122		2		0
269.082		303.683		1910		2		0
281.588		367.83		1998		2		0
282.004		389.545		1978		2		0
310.825		284.822		2154		2		0
330.955		303.215		1906		2		0
324.91		368.524		2008		2		0
333.051		388.622		1964		2		0
291.599		207.422		2459		2		0
245.387		317.548		2318		2		0
240.736		310.809		0		2		0
343		282		2404		2		0
343.753		279.234		2415		2		0
Frame 99
298.577		283.282		2241		2		0
294.251		238.503		2374		2		0
290.96		197.085		2474		2		0
290.745		176.327		2403		2		0
269.359		212.993		2461		2		0
250.831		250.798		2485		2		0
245.477		290.859		2406		2		0
245.233		303.651		2370		2		0
311.817		213.507		2441		2		0
333.177		244.824		2479		2		0
342.564		282.085		2381		2		0
342.575		280.144		2401		2		0
285.426		283.392		2155		2		0
262.786		293.094		1925		2		0
281.661		368.331		2010		2		0
279.83		389.129		1975		2		0
311.691		283.181		2152		2		0
336.482		292.395		1904		2		0
328.811		371.358		2008		2		0
331.694		394.73		1942		1		0
291.637		207.382		2455		2		0
244.993		317.656		2314		2		0
240.75		311.885		0		2		0
343.461		282		2401		2		0
344		281.501		2414		2		0
Frame 100
296.275		285.449		2245		2		0
293.812		239.084		2374		2		0
290.832		197.056		2476		2		0
290.777		176.31		2406		2		0
269.248		213.325		2460		2		0
250.866		251.352		2485		2		0
245.046		289.048		2410		2		0
245.342		303.26		2368		2		0
311.786		213.52		2444		2		0
332.408		243.787		2476		2		0
343.42		282.644		2387		1		0
342.751		280.623		2404		2		0
282.309		286.223		2112		2		0
269.219		303.815		1912		2		0
281.855		368.587		2001		2		0
282.217		390.214		1966		2		0
310.375		284.68		2150		2		0
330.005		302.55		1908		2		0
325.278		368.338		2012		2		0
332.599		388.766		1977		2		0
291.555		207.394		2457		2		0
244.83		317.675		2323		2		0
240.365		306.382		0		2		0
343		282		2387		2		0
343.666		280.333		2407		2		0
Frame 101
298.537		282.882		2243		2		0
294.161		238.513		2372		2		0
290.988		197.012		2474		2		0
290.779		176.313		2404		2		0
269.62		212.097		2466		2		0
250.719		251.373		2488		2		0
244.726		289.032		2409		2		0
245.53		303.418		2365		2		0
311.839		213.456		2442		2		0
332.407		243.731		2473		2		0
342.38		280.882		2405		1		0
342.256		279.498		2413		2		0
285.405		282.884		2169		2		0
263.328		293.264		1926		2		0
278.294		372.623		2023		2		0
278.689		396.238		1952		2		0
311.626		282.889		2155		2		0
336.333		292.793		1907		2		0
325.292		368.318		2009		2		0
332.545		388.81		1964		2		0
291.652		207.28		2455		2		0
245.897		317.598		2321		2		0
240.836		306.864		0		2		0
343.501		282		2396		2		0
343.667		279.165		2421		2		0
Frame 102
296.341		285.818		2254		2		0
293.848		239.005		2370		2		0
290.853		196.98		2473		2		0
290.794		176.317		2406		2		0
269.467		213.269		2463		2		0
250.725		251.378		2488		2		0
244.52		288.991		2414		2		0
245.55		303.197		2359		1		0
311.803		213.486		2440		2		0
332.292		243.633		2476		2		0
342.874		281.177		2398		1		0
342.474		279.527		2417		1		0
282.389		286.61		2119		2		0
269.095		303.906		1909		2		0
281.584		368.263		2014		2		0
282.043		389.935		1972		2		0
310.433		285.03		2153		2		0
330.451		303.346		1912		2		0
325.383		368.305		2005		2		0
332.142		388.898		1967		2		0
291.574		207.299		2456		2		0
245.271		317.526		2320		2		0
240.983		307.089		0		2		0
343		282		2400		2		0
343.708		279.494		2419		2		0
Frame 103
298.229		283.932		2242		2		0
294.02		238.815		2374		2		0
290.895		197.08		2480		2		0
290.785		176.325		2399		2		0
269.453		213.186		2464		2		0
250.665		251.419		2487		2		0
244.473		289.024		2413		2		0
245.458		303.153		2368		2		0
311.84		213.444		2444		2		0
332.304		243.601		2477		2		0
343.481		280.537		2419		2		0
342.405		278.947		2420		2		0
285.063		284.163		2156		2		0
263.351		292.93		1934		2		0
281.578		368.447		2008		2		0
278.894		388.152		1989		2		0
311.364		283.712		2150		2		0
336.576		292.872		1910		2		0
325.433		368.292		2009		2		0
332.406		388.742		1973		2		0
291.598		207.295		2459		2		0
245.026		317.469		2317		2		0
240.882		309.064		0		2		0
343.087		281.319		2411		2		0
343.715		278.604		2427		2		0
Frame 104
295.74		286.044		2244		2		0
293.685		239.258		2367		2		0
290.804		197.051		2470		2		0
290.795		176.343		2404		2		0
269.366		213.647		2453		2		0
250.661		251.415		2481		2		0
244.521		289.028		2411		2		0
245.656		303.119		2357		1		0
311.793		213.488		2436		2		0
332.283		243.656		2470		2		0
343.545		280.586		2418		2		0
342.321		278.84		2413		1		0
281.8		286.762		2100		2		0
269.436		303.834		1908		2		0
281.746		368.617		1989		2		0
282.29		390.264		1960		2		0
309.817		285.331		2160		2		0
330.079		302.638		1905		2		0
325.526		368.341		2012		2		0
332.336		388.838		1963		2		0
291.523		207.337		2452		2		0
245.107		317.485		2312		2		0
241		313.311		0		2		0
342.501		281		2399		2		0
343.572		278.822		2419		2		0
Frame 105
297.664		284.119		2248		2		0
293.87		238.993		2371		2		0
290.993		197.007		2473		2		0
290.794		176.327		2405		2		0
269.261		213.528		2457		2		0
250.676		251.159		2481		2		0
246.814		289.1		2410		2		0
246.092		294.814		2396		2		0
311.826		213.428		2440		2		0
332.261		243.644		2470		2		0
344.091		280.439		2412		2		0
342.404		278.946		2415		2		0
284.451		284.477		2149		2		0
264.288		292.517		1933		2		0
281.816		368.975		2003		2		0
280.104		389.787		1980		2		0
310.843		283.772		2153		2		0
335.337		291.769		1904		2		0
325.66		368.257		2007		2		0
332.164		388.819		1964		2		0
291.625		207.261		2459		2		0
245.99		310.748		2344		2		0
241.317		294.347		2423		2		0
343.375		281.229		2409		2		0
343.667		277.333		2426		2		0
