side
Frame 0
414.354		232.878		2318		2		0
416.174		187.153		2274		2		0
418.091		140.896		2306		2		0
422.414		117.24		2224		2		0
390.841		155.292		2336		2		0
376.517		191.382		2399		2		0
379.264		224.701		2379		2		0
381.18		230.088		2377		2		0
443.629		159.853		2308		2		0
453.646		198.206		2403		2		0
459.178		231.315		2360		2		0
458.009		231.999		2365		2		0
402.875		232.464		2346		2		0
399.314		281.143		2443		2		0
391.25		319.5		2552		2		0
393.179		332.611		2509		2		0
425.832		233.282		2309		2		0
424.078		282.942		2409		2		0
416.86		322.806		2505		2		0
422.914		336.679		2445		2		0
417.611		152.515		2313		2		0
384.086		241.82		2396		2		0
387.003		231.604		2389		2		0
456.499		242.665		2384		2		0
461.778		237.001		2363		2		0
Frame 1
414.962		232.693		2317		2		0
417.035		186.998		2276		2		0
419.216		140.806		2306		2		0
423.504		117.066		2220		2		0
392.136		154.584		2335		2		0
377.047		191.121		2402		2		0
380.452		224.421		2378		2		0
383.211		231.428		2379		2		0
444.563		159.719		2309		2		0
454.703		198.308		2401		2		0
459.956		231.463		2361		2		0
458.823		231.785		2364		2		0
403.389		232.186		2346		2		0
399.36		280.944		2426		2		0
392.416		318.85		2548		2		0
393.957		332.141		2504		2		0
426.583		233.194		2308		2		0
424.003		282.73		2415		2		0
416.895		322.788		2500		2		0
421.776		336.154		2420		2		0
418.67		152.402		2311		2		0
386.62		242.126		2410		2		0
389.073		232.711		2387		2		0
457.364		242.273		2373		2		0
463.556		232.449		2355		2		0
Frame 2
415.619		232.63		2321		2		0
417.886		186.906		2277		2		0
420.222		140.699		2308		2		0
424.546		116.959		2219		2		0
392.148		154.607		2337		2		0
377.705		190.412		2413		2		0
381.387		223.706		2380		2		0
384.741		230.161		2379		2		0
445.932		159.568		2308		2		0
455.613		197.895		2399		2		0
460.333		231.04		2358		2		0
459.28		231.382		2366		2		0
404.029		232.036		2341		2		0
399.589		281.002		2420		2		0
392.592		318.788		2541		2		0
394.303		333.052		2496		2		0
427.241		233.216		2315		2		0
423.97		282.737		2425		2		0
416.642		323.11		2501		2		0
422.424		336.301		2449		2		0
419.642		152.294		2311		2		0
388.542		242.001		2393		2		0
390.404		231.036		2383		2		0
457.498		242.666		2376		2		0
464.727		232.187		2341		2		0
Frame 3
416.229		232.568		2319		2		0
418.716		186.841		2272		2		0
421.254		140.638		2309		2		0
425.391		116.886		2216		2		0
393.375		154.161		2337		2		0
378.475		189.492		2413		2		0
382.095		222.806		2382		2		0
385.516		230.554		2375		2		0
446.847		159.509		2301		2		0
456.365		197.675		2393		2		0
461.226		230.797		2348		2		0
460.24		231.457		2353		2		0
404.597		231.828		2339		2		0
399.783		281.585		2411		2		0
392.104		318.984		2540		2		0
394.364		333.269		2496		2		0
427.929		233.307		2315		2		0
423.945		282.827		2428		2		0
416.45		323.444		2504		2		0
423.456		336.433		2451		2		0
420.625		152.23		2307		2		0
388.705		242.216		2393		2		0
391.898		229.844		2384		2		0
458.5		242.667		2361		2		0
465.588		230.951		2322		2		0
Frame 4
416.937		232.494		2322		2		0
419.433		186.769		2281		2		0
421.937		140.572		2305		2		0
426.169		116.9		2213		2		0
394.29		153.781		2341		2		0
379.284		188.554		2413		2		0
382.545		221.892		2385		2		0
386.171		231.172		2366		2		0
447.484		159.488		2299		2		0
456.971		197.48		2389		2		0
462.09		230.518		2342		2		0
460.893		231.13		2348		2		0
405.247		231.633		2338		2		0
399.591		282.181		2402		2		0
391.724		319.209		2537		2		0
394.506		333.68		2498		2		0
428.703		233.356		2315		2		0
423.794		283.822		2430		2		0
416.576		323.688		2500		2		0
423.542		336.605		2451		2		0
421.319		152.163		2308		2		0
389.26		242.935		2374		2		0
390.282		229.696		2378		2		0
459.382		242.768		2366		2		0
465.904		232.374		2331		2		0
Frame 5
417.574		232.39		2320		2		0
420.224		186.704		2276		2		0
422.883		140.557		2304		2		0
427.043		116.886		2210		2		0
396.591		152.838		2340		2		0
379.523		188.32		2418		2		0
382.992		221.637		2385		2		0
386.218		230.993		2368		2		0
448.327		159.408		2305		2		0
457.836		197.429		2385		2		0
462.67		230.524		2336		2		0
461.818		231.124		2349		2		0
405.877		231.371		2340		2		0
399.73		282.695		2387		2		0
391.388		319.274		2544		2		0
394.747		334.031		2486		2		0
429.35		233.397		2314		2		0
424.085		283.503		2428		2		0
416.616		323.756		2503		2		0
423.858		336.587		2444		2		0
422.226		152.133		2308		2		0
389.102		242.224		2374		2		0
391.638		230.997		2379		2		0
459.993		242.669		2367		2		0
467		232.649		2318		2		0
Frame 6
418.124		232.399		2319		2		0
420.82		186.74		2275		2		0
423.507		140.62		2303		2		0
427.523		116.899		2216		2		0
397.136		152.697		2340		2		0
379.748		188.146		2416		2		0
383.192		221.465		2383		2		0
386.432		230.815		2365		2		0
448.918		159.374		2300		2		0
458.452		197.366		2378		2		0
463.536		230.375		2343		2		0
462.57		231.353		2345		2		0
406.342		231.292		2335		2		0
399.825		282.947		2384		2		0
393.367		319.287		2522		2		0
394.713		334.402		2484		2		0
429.976		233.508		2318		2		0
424.351		283.374		2435		2		0
416.56		323.769		2505		2		0
423.364		336.759		2444		2		0
422.845		152.189		2307		2		0
389.102		242.224		2372		2		0
392.294		231.477		2374		2		0
460.852		242.929		2370		2		0
467.569		234.081		2316		2		0
Frame 7
418.46		232.295		2317		2		0
421.179		186.717		2274		2		0
423.908		140.683		2306		2		0
428.087		116.954		2209		2		0
399.993		151.077		2333		2		0
379.987		187.879		2422		2		0
383.29		221.204		2379		2		0
386.49		230.856		2365		2		0
449.53		159.382		2300		2		0
458.779		197.304		2379		2		0
463.868		230.326		2339		2		0
463.519		231.338		2334		2		0
406.699		231.096		2335		2		0
400.02		283.305		2385		2		0
390.386		321.897		2539		2		0
395.857		335.702		2475		2		0
430.296		233.48		2316		2		0
424.603		283.267		2436		2		0
416.524		323.803		2507		2		0
423.374		336.736		2447		2		0
423.233		152.229		2304		2		0
389.103		242.224		2367		2		0
392.9		228.558		2384		2		0
462.063		242.867		2349		2		0
469.334		232.5		2324		2		0
Frame 8
418.656		232.283		2314		2		0
421.485		186.737		2275		2		0
424.342		140.752		2301		2		0
428.399		117.031		2213		2		0
400.561		151.041		2335		2		0
380.067		187.786		2415		2		0
383.398		221.109		2380		2		0
386.348		230.569		2366		2		0
449.922		159.411		2309		2		0
459.273		197.299		2377		2		0
464.809		230.179		2331		2		0
464.283		230.654		2331		2		0
406.883		231.039		2331		2		0
400.093		283.376		2388		2		0
389.964		321.555		2539		2		0
397.418		337.126		2439		2		0
430.499		233.514		2314		2		0
424.744		283.297		2438		2		0
416.443		324.065		2506		2		0
423.756		337.023		2426		2		0
423.634		152.284		2306		2		0
389.05		242.001		2371		2		0
392.443		227.987		2393		2		0
463.553		243.002		2350		2		0
469.111		234.232		2312		2		0
Frame 9
418.827		232.296		2321		2		0
421.716		186.76		2274		2		0
424.625		140.792		2303		2		0
428.643		117.074		2214		2		0
400.862		151.03		2340		2		0
380.111		187.712		2412		2		0
383.431		221.033		2382		2		0
386.588		231.337		2365		2		0
450.136		159.455		2304		2		0
459.417		197.33		2375		2		0
465.429		230.192		2329		2		0
465.227		231.124		2331		2		0
407.039		231.025		2333		2		0
400.137		283.4		2390		2		0
390.863		322.879		2528		2		0
397.505		337.246		2445		2		0
430.675		233.558		2316		2		0
424.855		283.184		2441		2		0
416.572		323.758		2511		2		0
423		336.694		2437		2		0
423.906		152.319		2309		2		0
389.068		242.716		2379		2		0
393.25		231.095		2379		2		0
464.993		243.085		2352		2		0
470.2		231.734		2313		2		0
Frame 10
418.877		232.31		2313		2		0
421.772		186.768		2273		2		0
424.718		140.81		2304		2		0
428.811		117.072		2213		2		0
400.992		150.984		2335		2		0
380.134		187.711		2407		2		0
383.479		221.036		2379		2		0
386.542		231.265		2369		2		0
450.203		159.475		2307		2		0
459.609		197.353		2375		2		0
466.302		230.175		2324		2		0
465.811		230.872		2328		2		0
407.081		231.016		2330		2		0
400.241		283.347		2392		2		0
390.695		322.884		2520		2		0
397.443		337.342		2450		2		0
430.733		233.602		2311		2		0
424.726		283.591		2442		2		0
416.576		323.764		2509		2		0
426.002		335.644		2454		2		0
423.988		152.333		2301		2		0
389.353		243.002		2379		2		0
394.272		231.178		2376		2		0
465.897		242.899		2348		2		0
470.334		232.825		2309		2		0
Frame 11
418.909		232.313		2308		2		0
421.801		186.753		2270		2		0
424.755		140.782		2299		2		0
428.893		117.066		2213		2		0
401.028		150.98		2334		2		0
380.17		187.638		2398		2		0
383.464		220.977		2375		2		0
386.403		231.194		2368		2		0
450.256		159.481		2311		2		0
459.718		197.38		2376		2		0
466.883		230.145		2332		2		0
466.371		231.324		2330		2		0
407.098		230.989		2327		2		0
400.174		283.249		2397		2		0
390.949		322.89		2524		2		0
396.82		337.465		2442		2		0
430.78		233.647		2309		2		0
424.682		283.67		2436		2		0
416.549		323.956		2505		2		0
425.179		338.385		2420		2		0
424.019		152.31		2299		2		0
389.174		243.119		2381		2		0
393.028		227.951		2386		2		0
466.358		242.91		2334		2		0
471.1		232.551		2303		2		0
Frame 12
418.903		232.324		2309		2		0
421.809		186.748		2268		2		0
424.768		140.772		2304		2		0
428.896		117.046		2211		2		0
401.016		150.998		2331		2		0
380.221		187.585		2399		2		0
383.432		220.961		2372		2		0
386.372		231.391		2361		2		0
450.257		159.479		2309		2		0
459.791		197.379		2378		2		0
467.082		230.148		2332		2		0
466.301		231.134		2338		2		0
407.093		230.988		2326		2		0
400.125		283.143		2404		2		0
391.272		322.889		2517		2		0
396.84		337.462		2446		2		0
430.768		233.67		2305		2		0
424.653		283.649		2435		2		0
416.544		323.95		2509		2		0
423.031		336.303		2443		2		0
424.03		152.303		2299		2		0
388.746		242.939		2369		2		0
394.299		231.597		2370		2		0
466.281		242.574		2338		2		0
468.153		235.345		2337		2		0
Frame 13
418.773		232.355		2308		2		0
421.775		186.725		2266		2		0
424.752		140.72		2300		2		0
428.81		117		2206		2		0
400.054		151.388		2326		2		0
380.206		187.587		2394		2		0
383.352		220.998		2368		2		0
386.023		230.685		2360		2		0
450.209		159.483		2314		2		0
459.79		197.374		2380		2		0
467.182		230.159		2335		2		0
466.044		231.071		2342		2		0
406.972		230.994		2328		2		0
400.229		282.773		2408		2		0
391.813		322.844		2519		2		0
402.256		337.891		2549		2		0
430.62		233.724		2302		2		0
424.63		283.639		2436		2		0
416.558		323.912		2510		2		0
424.037		336.404		2441		2		0
424.013		152.265		2297		2		0
388.163		242.113		2369		2		0
393.469		230.176		2375		2		0
465.749		242.624		2346		2		0
466.2		236.6		2366		2		0
Frame 14
418.752		232.39		2306		2		0
421.75		186.721		2264		2		0
424.694		140.7		2304		2		0
428.749		116.999		2211		2		0
399.471		151.646		2331		2		0
380.183		187.596		2394		2		0
383.304		221.025		2365		2		0
385.663		230.694		2356		2		0
450.157		159.445		2313		2		0
459.789		197.378		2379		2		0
467.248		230.176		2335		2		0
465.507		230.223		2334		2		0
406.945		231.04		2323		2		0
400.08		282.513		2411		2		0
391.555		322.644		2521		2		0
395.712		337.61		2456		2		0
430.601		233.747		2306		2		0
424.585		283.581		2433		2		0
416.594		323.941		2508		2		0
423.588		336.462		2441		2		0
423.973		152.25		2300		2		0
387.887		242.107		2370		2		0
392.587		228.021		2380		2		0
464.667		243.334		2352		2		0
465.599		236.201		2368		2		0
Frame 15
418.693		232.416		2301		2		0
421.68		186.688		2265		2		0
424.587		140.643		2301		2		0
428.527		116.945		2211		2		0
399.206		151.801		2325		2		0
380.266		187.609		2390		2		0
383.206		221.107		2359		2		0
385.596		231.517		2348		2		0
449.943		159.422		2311		2		0
459.786		197.399		2381		2		0
467.208		230.223		2333		2		0
464.888		230.678		2345		2		0
406.878		231.082		2322		2		0
399.945		282.229		2417		2		0
392.245		322.631		2513		2		0
395.827		337.366		2452		2		0
430.551		233.751		2299		2		0
424.386		282.671		2432		2		0
416.612		323.827		2506		2		0
426.973		336.001		2444		2		0
423.886		152.201		2299		2		0
387.746		243.189		2366		2		0
392.09		227.854		2382		2		0
464.667		242.813		2355		2		0
470.402		232.398		2326		2		0
Frame 16
418.606		232.486		2303		2		0
421.572		186.681		2264		2		0
424.45		140.611		2302		2		0
428.131		116.916		2218		2		0
398.572		152.059		2327		2		0
380.12		187.715		2384		2		0
383.105		221.232		2355		2		0
385.445		231.563		2342		2		0
449.771		159.384		2308		2		0
459.737		197.469		2383		2		0
466.925		230.43		2341		2		0
463.732		230.863		2344		2		0
406.772		231.161		2320		2		0
399.984		281.679		2423		2		0
391.685		322.451		2517		2		0
395.722		337.361		2461		2		0
430.476		233.81		2298		2		0
424.151		282.766		2426		2		0
416.598		323.864		2504		2		0
425.815		335.844		2452		2		0
423.765		152.172		2305		2		0
387.62		243.064		2361		2		0
391.997		228.319		2384		2		0
464.054		242.593		2354		2		0
468.247		232.416		2331		2		0
Frame 17
418.532		232.553		2305		2		0
421.443		186.669		2262		2		0
424.217		140.556		2305		2		0
427.727		116.969		2225		2		0
398.067		152.315		2322		2		0
379.962		187.968		2387		2		0
383.084		221.533		2351		2		0
385.366		232.119		2335		2		0
449.505		159.321		2311		2		0
459.53		197.618		2384		2		0
466.255		230.695		2335		2		0
462.97		231.172		2352		2		0
406.691		231.279		2321		2		0
399.909		281.587		2426		2		0
392.589		322.462		2513		2		0
396.016		337.502		2453		2		0
430.404		233.836		2297		2		0
424.008		282.776		2430		2		0
416.565		323.767		2504		2		0
423.898		336.423		2440		2		0
423.569		152.125		2299		2		0
387.433		243.94		2354		2		0
391.942		229.016		2377		2		0
462.899		242.799		2359		2		0
468.076		232.466		2327		2		0
Frame 18
418.43		232.616		2301		2		0
421.24		186.679		2259		2		0
423.787		140.564		2306		2		0
427.314		116.99		2229		2		0
397.531		152.549		2330		2		0
379.779		188.231		2384		2		0
383.076		221.801		2348		2		0
385.311		232.973		2337		2		0
449.076		159.408		2314		2		0
459.329		197.672		2382		2		0
465.453		230.906		2345		2		0
462.016		231.395		2360		2		0
406.607		231.368		2322		2		0
399.862		281.422		2429		2		0
391.805		322.237		2519		2		0
396.104		337.293		2446		2		0
430.28		233.873		2295		2		0
423.688		283.085		2437		2		0
416.604		323.996		2506		2		0
423.189		336.806		2450		2		0
423.207		152.123		2304		2		0
387.208		244.643		2356		2		0
389.989		234.457		2332		2		0
461.899		242.902		2361		2		0
466.841		232.212		2339		2		0
Frame 19
418.371		232.694		2300		2		0
421.031		186.705		2260		2		0
423.405		140.521		2301		2		0
426.897		117.023		2224		2		0
397.199		152.718		2327		2		0
379.671		188.337		2382		2		0
382.972		221.919		2348		2		0
385.326		233.43		2329		2		0
448.641		159.411		2317		2		0
458.94		197.673		2388		2		0
464.762		230.949		2349		2		0
460.873		231.891		2368		2		0
406.549		231.504		2320		2		0
399.859		281.268		2433		2		0
392.468		322.752		2515		2		0
396.047		337.267		2452		2		0
430.219		233.908		2295		2		0
423.584		283.17		2440		2		0
416.67		324.058		2505		2		0
423.235		336.871		2447		2		0
422.863		152.095		2301		2		0
387.814		244.82		2355		2		0
391.435		229.554		2371		2		0
461.332		243.334		2367		2		0
465.9		230.692		2333		2		0
Frame 20
418.282		232.844		2303		2		0
420.76		186.769		2255		2		0
422.874		140.528		2308		2		0
426.492		117.01		2219		2		0
396.814		152.906		2328		2		0
379.433		188.73		2380		2		0
383.136		222.306		2337		2		0
385.286		233.27		2322		2		0
448.01		159.603		2318		2		0
458.564		197.954		2388		2		0
463.522		231.354		2351		2		0
459.924		232.302		2370		2		0
406.458		231.685		2322		2		0
399.855		281.174		2438		2		0
392.67		322.807		2515		2		0
396.1		337.288		2453		2		0
430.131		234.022		2292		2		0
423.582		283.182		2440		2		0
416.671		324.054		2509		2		0
423.029		336.82		2440		2		0
422.397		152.112		2303		2		0
387.289		244.825		2347		2		0
391.397		230.429		2366		2		0
459.125		243.625		2367		2		0
465.111		233.674		2336		2		0
Frame 21
418.206		232.903		2305		2		0
420.541		186.765		2258		2		0
422.502		140.458		2310		2		0
426.269		116.995		2228		2		0
396.417		153.054		2328		2		0
379.304		188.972		2376		2		0
383.16		222.568		2336		2		0
385.204		233.524		2320		2		0
447.666		159.58		2316		2		0
458.299		197.998		2384		2		0
462.74		231.467		2354		2		0
459.243		232.139		2358		2		0
406.395		231.81		2321		2		0
399.913		280.986		2434		2		0
392.036		322.082		2521		2		0
396.245		336.871		2458		2		0
430.04		234.038		2297		2		0
423.207		283.223		2441		2		0
416.714		324.067		2506		2		0
423.341		336.787		2446		2		0
422.057		152.055		2305		2		0
387.746		244.919		2349		2		0
391.265		230.204		2366		2		0
458.664		243.166		2383		2		0
464.001		232.87		2345		2		0
Frame 22
418.067		232.989		2303		2		0
420.234		186.773		2256		2		0
422.033		140.399		2308		2		0
425.752		116.932		2231		2		0
396.171		153.176		2326		2		0
379.143		189.304		2373		2		0
383.161		222.926		2333		2		0
385.096		233.891		2322		2		0
447.331		159.538		2317		2		0
457.759		198.304		2392		2		0
461.907		231.83		2362		2		0
458.327		232.29		2366		2		0
406.261		231.963		2320		2		0
399.824		280.971		2440		2		0
392.773		322.021		2517		2		0
396.522		336.822		2453		2		0
429.889		234.067		2290		2		0
423.198		283.225		2443		2		0
416.722		324.069		2504		2		0
423.33		336.793		2447		2		0
421.622		152.009		2304		2		0
387.451		245.728		2353		2		0
389.986		235.422		2319		2		0
458.167		242.999		2376		2		0
463.167		233.251		2347		2		0
Frame 23
417.923		233.071		2300		2		0
419.973		186.805		2256		2		0
421.709		140.4		2312		2		0
425.392		116.91		2231		2		0
395.925		153.224		2327		2		0
379.06		189.375		2368		2		0
383.185		223.002		2329		2		0
384.892		233.877		2322		2		0
447.065		159.578		2319		2		0
457.434		198.159		2387		2		0
461.069		231.722		2355		2		0
457.701		232.421		2381		2		0
406.115		232.115		2313		2		0
399.768		281.02		2436		2		0
393.316		322.023		2515		2		0
396.512		336.952		2455		2		0
429.739		234.085		2291		2		0
422.995		283.156		2444		2		0
416.718		324.167		2501		2		0
423.478		336.894		2451		2		0
421.307		152.013		2305		2		0
387.632		245.183		2348		2		0
391.116		231.876		2359		2		0
456.553		243.555		2379		2		0
462.617		231.624		2353		2		0
Frame 24
417.778		233.114		2299		2		0
419.7		186.795		2256		2		0
421.328		140.362		2310		2		0
425.117		116.874		2228		2		0
395.734		153.294		2326		2		0
378.936		189.536		2372		2		0
383.185		223.179		2325		2		0
384.861		233.927		2321		2		0
446.781		159.626		2321		2		0
457.091		198.199		2393		2		0
460.667		231.753		2357		2		0
457.384		232.553		2370		2		0
406.002		232.201		2317		2		0
399.757		281.017		2437		2		0
392.463		321.855		2515		2		0
396.584		337.001		2454		2		0
429.547		234.074		2293		2		0
422.999		283.14		2447		2		0
416.751		324.248		2506		2		0
425.111		336.593		2444		2		0
420.949		151.978		2307		2		0
387.633		245.184		2347		2		0
390.936		231.618		2340		2		0
456.358		243.636		2378		2		0
456.501		235.5		2405		2		0
Frame 25
417.666		233.165		2303		2		0
419.479		186.805		2257		2		0
421.03		140.34		2309		2		0
424.865		116.899		2232		2		0
395.557		153.357		2326		2		0
378.905		189.637		2376		2		0
383.166		223.293		2321		2		0
384.762		233.882		2318		2		0
446.444		159.589		2323		2		0
456.819		198.387		2395		2		0
460.297		231.939		2353		2		0
457.182		232.181		2368		2		0
405.902		232.322		2317		2		0
399.633		281.034		2430		2		0
392.12		321.808		2515		2		0
396.6		336.94		2463		2		0
429.411		234.066		2294		2		0
423.015		283.132		2435		2		0
416.772		323.966		2508		2		0
424.806		336.432		2450		2		0
420.667		151.962		2307		2		0
387.874		245.626		2348		2		0
389.978		235.384		2314		2		0
456.164		243.833		2383		2		0
452.729		228.091		2374		2		0
Frame 26
417.56		233.237		2298		2		0
419.27		186.825		2256		2		0
420.727		140.33		2314		2		0
424.579		116.957		2232		2		0
395.303		153.477		2325		2		0
378.811		190.009		2369		2		0
383.22		223.696		2322		2		0
384.669		233.844		2319		2		0
446.054		159.632		2320		2		0
456.641		198.39		2398		2		0
459.817		231.949		2351		2		0
457.012		232.516		2361		2		0
405.782		232.469		2318		2		0
399.532		281.053		2434		2		0
391.964		321.678		2518		2		0
396.552		336.424		2458		2		0
429.322		234.077		2296		2		0
422.915		283.126		2442		2		0
416.353		323.733		2502		2		0
424.376		336.203		2441		2		0
420.388		151.957		2308		2		0
387.395		245.302		2346		2		0
390.29		234.616		2322		2		0
455.179		243.09		2381		2		0
452.158		228.816		2375		2		0
Frame 27
417.449		233.309		2305		2		0
419.121		186.853		2257		2		0
420.574		140.324		2317		2		0
424.364		116.986		2228		2		0
395.124		153.521		2331		2		0
378.47		190.689		2366		2		0
383.259		224.355		2323		2		0
384.661		234.16		2316		2		0
445.581		159.77		2319		2		0
456.455		198.344		2391		2		0
459.67		231.879		2368		2		0
457.146		232.945		2375		2		0
405.688		232.584		2318		2		0
399.455		281.107		2435		2		0
394.201		321.881		2505		2		0
396.662		336.517		2457		2		0
429.188		234.102		2293		2		0
422.86		283.134		2443		2		0
416.355		323.733		2505		2		0
423.944		336.206		2446		2		0
420.233		151.958		2308		2		0
387.554		245.668		2344		2		0
389.6		235.245		2319		2		0
455.213		243.785		2372		2		0
453.492		236.607		2375		2		0
Frame 28
417.396		233.347		2299		2		0
418.94		186.866		2255		2		0
420.222		140.31		2315		2		0
424.203		116.964		2232		2		0
395.037		153.549		2323		2		0
378.429		190.733		2363		2		0
383.191		224.409		2326		2		0
384.444		234.152		2315		2		0
445.463		159.729		2320		2		0
456.242		198.405		2395		2		0
459.616		231.904		2360		2		0
457.505		232.474		2367		2		0
405.643		232.649		2318		2		0
399.41		281.127		2436		2		0
394.086		322.217		2506		2		0
396.641		336.524		2457		2		0
429.132		234.113		2295		2		0
422.846		283.133		2443		2		0
416.35		323.582		2503		2		0
422.52		336.607		2440		2		0
419.926		151.95		2311		2		0
387.271		245.82		2339		2		0
388.879		236.155		2306		2		0
456.451		243.636		2383		2		0
452.838		230.43		2347		2		0
Frame 29
417.336		233.407		2301		2		0
418.686		186.894		2255		2		0
419.691		140.29		2315		2		0
423.915		116.944		2228		2		0
394.928		153.576		2328		2		0
378.424		190.822		2368		2		0
383.179		224.509		2325		2		0
384.431		234.173		2316		2		0
445.311		159.706		2320		2		0
456.084		198.341		2396		2		0
459.637		231.807		2352		2		0
457.951		232.584		2360		2		0
405.6		232.733		2318		2		0
399.341		281.171		2436		2		0
393.403		321.672		2512		2		0
396.643		336.543		2461		2		0
429.055		234.145		2292		2		0
422.807		283.158		2443		2		0
416.374		323.685		2506		2		0
422.589		336.189		2443		2		0
419.469		151.943		2311		2		0
386.843		245.693		2343		2		0
390.051		230.52		2363		2		0
456.329		243.166		2375		2		0
453.317		231.098		2376		2		0
Frame 30
417.295		233.447		2300		2		0
418.575		186.914		2260		2		0
419.539		140.293		2317		2		0
423.664		116.893		2233		2		0
394.778		153.605		2332		2		0
378.405		190.846		2364		2		0
383.16		224.532		2327		2		0
384.327		234.17		2318		2		0
444.961		159.736		2319		2		0
455.977		198.329		2394		2		0
459.674		231.779		2356		2		0
457.897		232.251		2365		2		0
405.568		232.804		2320		2		0
399.291		281.205		2436		2		0
393.363		322.014		2516		2		0
396.335		336.747		2455		2		0
429.002		234.159		2295		2		0
422.533		283.132		2442		2		0
416.488		323.766		2504		2		0
422.147		336.269		0		2		0
419.324		151.949		2313		2		0
387.109		245.557		2339		2		0
389.281		235.941		2319		2		0
456.46		243.495		2400		2		0
452.728		233.002		0		2		0
Frame 31
417.21		233.498		2301		2		0
418.383		186.923		2259		2		0
419.265		140.268		2316		2		0
423.467		116.837		2230		2		0
393.214		154.254		2329		2		0
378.331		191.059		2363		2		0
383.139		224.759		2324		2		0
384.177		234.173		2311		2		0
444.546		159.798		2318		2		0
455.954		198.313		2392		2		0
459.685		231.74		2351		2		0
457.951		232.651		2356		2		0
405.496		232.901		2315		2		0
399.234		281.244		2431		2		0
392.417		321.521		2513		2		0
396.439		336.668		2456		2		0
428.888		234.173		2293		2		0
422.543		283.156		2441		2		0
416.457		323.721		2499		2		0
423.537		336.373		2436		2		0
419.067		151.931		2307		2		0
386.697		245.801		2349		2		0
389.998		230.659		2355		2		0
456.449		243.543		2381		2		0
453.183		234.357		2338		2		0
Frame 32
417.193		233.504		2299		2		0
418.304		186.919		2256		2		0
419.144		140.264		2313		2		0
423.322		116.819		2229		2		0
392.627		154.477		2331		2		0
378.275		191.175		2369		2		0
383.14		224.877		2325		2		0
383.949		234.239		2325		2		0
444.344		159.74		2322		2		0
455.893		198.348		2393		2		0
459.726		231.768		2364		2		0
458.126		232.645		2359		2		0
405.485		232.907		2317		2		0
399.24		281.239		2435		2		0
392.194		321.438		2514		2		0
396.169		336.886		2460		2		0
428.863		234.173		2295		2		0
422.542		283.16		2449		2		0
416.461		323.729		2504		2		0
423.479		336.382		2440		2		0
418.954		151.925		2314		2		0
386.195		245.201		2350		2		0
389.917		232.088		2344		2		0
456.21		242.998		2374		2		0
453.6		231.101		2376		2		0
Frame 33
417.109		233.545		2302		2		0
418.178		186.923		2262		2		0
419.012		140.245		2317		2		0
423.049		116.809		2225		2		0
392.342		154.567		2334		2		0
378.238		191.187		2364		2		0
383.066		224.891		2330		2		0
383.883		234.279		2327		2		0
444.136		159.845		2324		2		0
455.781		198.41		2393		2		0
459.841		231.8		2361		2		0
458.199		232.445		2365		2		0
405.402		232.989		2320		2		0
399.2		281.276		2432		2		0
391.838		321.764		2519		2		0
397.864		336.667		2458		2		0
428.775		234.176		2297		2		0
422.184		283.118		2442		2		0
416.432		323.892		2501		2		0
424.026		336.573		2442		2		0
418.822		151.911		2314		2		0
386.088		245.184		2343		2		0
389.756		231.506		2356		2		0
456.447		242.998		2373		2		0
453.836		233.341		2337		2		0
Frame 34
417.051		233.587		2306		2		0
418.075		186.935		2257		2		0
418.879		140.226		2318		2		0
422.88		116.757		2236		2		0
392.171		154.584		2330		2		0
378.189		191.262		2365		2		0
382.996		224.966		2329		2		0
383.816		234.243		2320		2		0
444.004		159.876		2322		2		0
455.765		198.419		2393		2		0
459.861		231.798		2358		2		0
457.999		232.567		2365		2		0
405.353		233.051		2317		2		0
399.173		281.314		2433		2		0
392.828		322.004		2514		2		0
397.198		336.466		2454		2		0
428.708		234.193		2298		2		0
422.22		283.117		2441		2		0
416.399		323.85		2506		2		0
423.747		336.504		2461		2		0
418.696		151.901		2313		2		0
385.663		245.223		2358		2		0
389.882		233.114		2347		2		0
456.331		242.931		2374		2		0
454.008		229.549		2374		2		0
Frame 35
416.892		233.641		2304		2		0
417.917		186.929		2260		2		0
418.746		140.176		2316		2		0
422.696		116.735		2236		2		0
391.876		154.625		2331		2		0
378.139		191.328		2368		2		0
382.751		225.058		2329		2		0
383.75		235.458		2329		2		0
443.811		159.96		2317		2		0
455.63		198.401		2393		2		0
459.907		231.765		2357		2		0
457.724		232.622		2368		2		0
405.217		233.113		2319		2		0
399.114		281.363		2433		2		0
392.176		322.522		2516		2		0
396.99		336.696		2458		2		0
428.534		234.225		2299		2		0
421.981		283.12		2448		2		0
416.419		323.835		2506		2		0
423.522		336.494		2444		2		0
418.556		151.861		2313		2		0
386.249		246.25		2357		2		0
389.736		233.836		2342		2		0
456.506		243.283		2381		2		0
452.877		227.816		2352		2		0
Frame 36
416.833		233.671		2300		2		0
417.815		186.943		2261		2		0
418.619		140.178		2314		2		0
422.533		116.745		2226		2		0
391.536		154.646		2329		2		0
378.058		191.457		2367		2		0
382.725		225.181		2328		2		0
383.475		234.228		2324		2		0
443.554		160.062		2309		2		0
455.535		198.33		2388		2		0
459.887		231.662		2357		2		0
457.579		232.36		2360		2		0
405.152		233.166		2318		2		0
399.103		281.413		2430		2		0
391.794		322.04		2520		2		0
397.003		336.688		2454		2		0
428.48		234.233		2298		2		0
421.914		283.153		2444		2		0
416.399		323.869		2504		2		0
423.281		336.482		2440		2		0
418.434		151.866		2311		2		0
385.873		245.625		2357		2		0
389.07		230.425		2365		2		0
456.497		242.999		2375		2		0
452.647		228.575		2389		2		0
Frame 37
416.765		233.695		2306		2		0
417.73		186.953		2260		2		0
418.537		140.18		2311		2		0
422.307		116.709		2243		2		0
391.377		154.712		2333		2		0
377.998		191.527		2370		2		0
382.596		225.256		2332		2		0
383.196		234.336		2329		2		0
443.414		160.102		2321		2		0
455.417		198.355		2398		2		0
459.854		231.682		2357		2		0
457.53		232.489		2373		2		0
405.089		233.206		2318		2		0
399.099		281.446		2434		2		0
394.488		321.408		2509		2		0
396.497		336.85		2459		2		0
428.409		234.236		2299		2		0
421.911		283.172		2450		2		0
416.322		323.786		2508		2		0
424.493		336.076		2447		2		0
418.351		151.869		2309		2		0
386.345		245.818		2348		2		0
389.53		232.327		2360		2		0
456.442		243.332		2363		2		0
452.702		234.801		2351		2		0
Frame 38
416.626		233.685		2304		2		0
417.619		186.942		2262		2		0
418.47		140.17		2314		2		0
422.195		116.64		2241		2		0
391.238		154.734		2332		2		0
377.962		191.571		2374		2		0
382.341		225.328		2338		2		0
383.087		234.079		2331		2		0
443.243		160.121		2317		2		0
455.293		198.337		2396		2		0
459.762		231.659		2357		2		0
457.012		232.615		2371		2		0
404.985		233.178		2324		2		0
399.051		281.412		2431		2		0
394.51		321.496		2509		2		0
396.487		336.933		2461		2		0
428.228		234.241		2298		2		0
421.838		283.187		2449		2		0
416.378		323.802		2510		2		0
423.451		336.339		2441		2		0
418.273		151.859		2313		2		0
385.621		245.126		2359		2		0
389.263		231.956		2373		2		0
455.501		243.4		2372		2		0
452.334		232.078		2374		2		0
Frame 39
416.47		233.701		2306		2		0
417.469		186.935		2263		2		0
418.35		140.15		2315		2		0
422.074		116.652		2234		2		0
390.97		154.831		2333		2		0
377.939		191.601		2373		2		0
382.235		225.361		2336		2		0
383.315		235.381		2325		2		0
443.142		160.134		2316		2		0
455.138		198.401		2395		2		0
459.674		231.742		2354		2		0
456.749		231.775		2361		2		0
404.823		233.167		2322		2		0
399.05		281.393		2433		2		0
392.578		321.257		2514		2		0
396.448		336.91		2462		2		0
428.083		234.275		2294		2		0
421.838		283.215		2447		2		0
416.393		323.85		2508		2		0
423.194		336.258		2448		2		0
418.145		151.842		2311		2		0
385.714		245.43		2353		2		0
388.052		236.273		2340		2		0
456.043		243.314		2385		2		0
453.928		231.682		2369		2		0
Frame 40
416.367		233.698		2305		2		0
417.388		186.933		2266		2		0
418.287		140.145		2311		2		0
421.881		116.589		2234		2		0
390.787		154.93		2336		2		0
377.913		191.622		2372		2		0
382.109		225.389		2338		2		0
383.22		235.462		2331		2		0
442.99		160.144		2310		2		0
455.01		198.415		2398		2		0
459.306		231.785		2357		2		0
456.28		232.371		2375		2		0
404.742		233.148		2323		2		0
399.042		281.376		2433		2		0
392.231		321.364		2518		2		0
396.04		337.047		2450		2		0
427.954		234.286		2301		2		0
421.879		283.236		2447		2		0
416.289		323.803		2507		2		0
422.921		336.367		2433		2		0
418.079		151.838		2313		2		0
385.499		245.334		2358		2		0
387.576		235.894		2326		2		0
455.583		242.832		2378		2		0
451.566		232.122		2377		2		0
Frame 41
416.28		233.705		2302		2		0
417.299		186.919		2263		2		0
418.202		140.105		2319		2		0
421.731		116.538		2233		2		0
390.647		155.011		2329		2		0
377.904		191.649		2370		2		0
382.035		225.423		2340		2		0
383.229		235.344		2329		2		0
442.812		160.147		2312		2		0
454.731		198.444		2396		2		0
458.914		231.833		2355		2		0
456.05		232.22		2371		2		0
404.664		233.137		2321		2		0
398.99		281.375		2435		2		0
392.227		321.405		2510		2		0
396.07		337.07		2457		2		0
427.856		234.31		2300		2		0
421.87		283.279		2445		2		0
416.33		323.795		2507		2		0
423.025		336.349		2442		2		0
417.992		151.806		2315		2		0
385.142		245.286		2356		2		0
388.175		236.179		2338		2		0
455.398		242.998		2374		2		0
451.446		233.445		2364		2		0
Frame 42
416.127		233.706		2307		2		0
417.203		186.928		2262		2		0
418.162		140.12		2315		2		0
421.64		116.499		2233		2		0
390.421		155.059		2334		2		0
377.855		191.643		2371		2		0
381.909		225.416		2337		2		0
383.226		235.429		2336		2		0
442.769		160.182		2313		2		0
454.566		198.344		2390		2		0
458.747		231.747		2353		2		0
455.876		232.165		2370		2		0
404.538		233.122		2322		2		0
398.938		281.364		2438		2		0
392.568		321.653		2514		2		0
395.995		336.422		2465		2		0
427.678		234.322		2298		2		0
421.862		283.285		2450		2		0
416.318		323.794		2510		2		0
422.673		336.157		0		2		0
417.94		151.819		2312		2		0
385.599		245.348		2362		2		0
388.881		232.289		2355		2		0
454.994		243.142		2387		2		0
450.724		231.173		2355		2		0
Frame 43
416.079		233.704		2304		2		0
417.119		186.914		2263		2		0
418.05		140.088		2315		2		0
421.543		116.504		2230		2		0
390.228		155.151		2328		2		0
377.83		191.631		2369		2		0
381.814		225.407		2336		2		0
383.119		234.047		2329		2		0
442.656		160.185		2311		2		0
454.516		198.368		2396		2		0
458.483		231.791		2362		2		0
455.701		232.468		2380		2		0
404.486		233.12		2323		2		0
398.873		281.367		2436		2		0
392.392		321.784		2513		2		0
395.996		336.418		2458		2		0
427.636		234.317		2298		2		0
421.729		283.274		2441		2		0
416.295		323.662		2506		2		0
423.463		336.166		2449		2		0
417.834		151.793		2314		2		0
385.796		245.588		2362		2		0
388.864		230.926		2366		2		0
453.9		243.798		2388		2		0
450.769		230.221		0		2		0
Frame 44
415.941		233.734		2306		2		0
416.99		186.934		2265		2		0
417.942		140.099		2316		2		0
421.461		116.513		2238		2		0
390.143		155.159		2332		2		0
377.822		191.638		2371		2		0
381.74		225.42		2337		2		0
382.936		233.902		2336		2		0
442.598		160.168		2314		2		0
454.453		198.386		2391		2		0
458.177		231.828		2357		2		0
455.588		232.082		2372		2		0
404.344		233.176		2322		2		0
398.825		281.412		2439		2		0
392.049		321.551		2518		2		0
396.044		336.539		2457		2		0
427.505		234.321		2298		2		0
421.738		283.279		2446		2		0
416.955		324.563		2508		2		0
424.029		337.056		2442		2		0
417.72		151.806		2314		2		0
385.442		245.013		2360		2		0
388.498		231.104		2360		2		0
453.999		243.714		2387		2		0
450.501		237.5		2358		2		0
Frame 45
415.824		233.764		2307		2		0
416.91		186.957		2262		2		0
417.897		140.114		2315		2		0
421.355		116.494		2226		2		0
390.033		155.211		2333		2		0
377.805		191.689		2371		2		0
381.741		225.471		2335		2		0
382.876		233.947		2339		2		0
442.474		160.168		2312		2		0
454.335		198.337		2393		2		0
457.984		231.765		2355		2		0
455.544		232.249		2372		2		0
404.211		233.227		2318		2		0
398.775		281.466		2436		2		0
391.932		321.604		2518		2		0
396.056		336.621		2452		2		0
427.404		234.327		2299		2		0
421.724		283.289		2449		2		0
416.796		324.11		2508		2		0
423.847		336.703		2450		2		0
417.667		151.823		2314		2		0
385.442		245.001		2359		2		0
388.664		230.126		2370		2		0
454.247		243.625		2374		2		0
450.668		232.054		0		2		0
Frame 46
415.735		233.74		2304		2		0
416.803		186.941		2262		2		0
417.782		140.105		2315		2		0
421.226		116.465		2226		2		0
389.888		155.223		2333		2		0
377.802		191.712		2371		2		0
381.578		225.508		2334		2		0
383.073		235.198		2328		2		0
442.296		160.132		2318		2		0
454.224		198.355		2397		2		0
457.941		231.764		2354		2		0
455.564		232.306		2362		2		0
404.135		233.193		2321		2		0
398.713		281.445		2438		2		0
393.482		322.16		2513		2		0
396.03		336.665		2458		2		0
427.292		234.309		2303		2		0
421.755		283.268		2445		2		0
416.72		323.862		2506		2		0
423.882		336.508		2442		2		0
417.553		151.813		2311		2		0
385.198		245.4		2360		2		0
388.176		235.51		2343		2		0
455.178		243.301		2379		2		0
450.581		234.289		2363		2		0
Frame 47
415.358		233.765		2304		2		0
416.492		186.938		2259		2		0
417.548		140.08		2315		2		0
421.118		116.411		2230		2		0
389.737		155.265		2330		2		0
377.751		191.783		2365		2		0
381.339		225.599		2335		2		0
382.772		233.953		2329		2		0
441.993		160.075		2308		2		0
454.112		198.344		2393		2		0
457.792		231.756		2351		2		0
455.331		232.439		2361		2		0
403.748		233.232		2317		2		0
398.687		281.461		2429		2		0
392.977		321.95		2510		2		0
396.048		336.704		2457		2		0
426.937		234.314		2297		2		0
421.746		283.253		2443		2		0
416.732		323.879		2507		2		0
423.041		336.681		2442		2		0
417.299		151.793		2307		2		0
384.797		245.101		2361		2		0
388.588		230.81		2370		2		0
454.592		243.298		2364		2		0
455.687		237.994		2404		2		0
Frame 48
415.026		233.83		2303		2		0
416.234		186.931		2263		2		0
417.336		139.992		2308		2		0
420.938		116.393		2233		2		0
389.55		155.296		2327		2		0
377.638		191.925		2366		2		0
381.138		225.746		2334		2		0
382.625		233.705		2333		2		0
441.657		160.06		2319		2		0
453.59		198.454		2395		2		0
457.664		231.845		2354		2		0
455.271		231.568		2363		2		0
403.461		233.31		2317		2		0
398.532		281.625		2428		2		0
392.567		321.777		2515		2		0
395.974		336.681		2463		2		0
426.565		234.359		2295		2		0
421.716		283.322		2444		2		0
416.733		323.868		2511		2		0
423.495		336.404		2431		2		0
417.077		151.728		2309		2		0
384.999		245.572		2361		2		0
388.717		230.552		2366		2		0
454.65		243.301		2383		2		0
459.85		233.906		2352		2		0
Frame 49
414.656		233.856		2304		2		0
415.894		186.926		2265		2		0
417.035		139.934		2309		2		0
420.698		116.343		2232		2		0
389.268		155.434		2328		2		0
377.402		192.274		2359		2		0
381.13		226.077		2339		2		0
382.486		233.854		2329		2		0
441.256		160.091		2316		2		0
453.173		198.348		2390		2		0
457.469		231.801		2359		2		0
454.923		231.991		2365		2		0
403.058		233.362		2319		2		0
398.434		281.737		2427		2		0
392.473		321.825		2515		2		0
395.972		336.555		2463		2		0
426.228		234.356		2301		2		0
421.595		283.27		2444		2		0
416.718		323.857		2505		2		0
423.067		336.634		2444		2		0
416.766		151.685		2308		2		0
384.797		245.101		2352		2		0
388.723		231.712		2364		2		0
453.894		243.2		2383		2		0
460.201		232.204		2335		2		0
Frame 50
414.046		233.83		2301		2		0
415.407		186.884		2262		2		0
416.683		139.868		2310		2		0
420.239		116.321		2228		2		0
389.005		155.567		2326		2		0
377.171		192.543		2360		2		0
381.101		226.339		2339		2		0
382.539		233.957		2329		2		0
440.783		160.16		2310		2		0
452.783		198.405		2389		2		0
457.357		231.861		2349		2		0
454.246		232.251		2364		2		0
402.439		233.295		2320		2		0
398.255		281.738		2426		2		0
392.428		321.845		2512		2		0
396.034		336.487		2453		2		0
425.634		234.368		2301		2		0
421.417		283.312		2440		2		0
416.675		323.614		2508		2		0
422.911		336.281		2448		2		0
416.379		151.626		2308		2		0
384.554		245.668		2352		2		0
388.632		231.874		2366		2		0
452.748		243.75		2388		2		0
458.91		233.188		2351		2		0
Frame 51
413.749		233.818		2303		2		0
415.07		186.871		2261		2		0
416.331		139.853		2303		2		0
419.706		116.26		2225		2		0
388.741		155.744		2324		2		0
376.648		193.537		2356		2		0
381.005		227.315		2318		2		0
382.396		233.698		2327		2		0
440.113		160.272		2316		2		0
452.638		198.301		2390		2		0
457.129		231.776		2348		2		0
454.168		232.284		2363		2		0
402.162		233.308		2318		2		0
398.128		281.842		2418		2		0
392.176		321.57		2510		2		0
396.098		336.527		2460		2		0
425.314		234.322		2301		2		0
421.311		283.205		2440		2		0
416.535		323.328		2508		2		0
422.956		336.071		2408		2		0
416.028		151.611		2302		2		0
384.554		245.668		2354		2		0
390.312		233.687		2353		2		0
452.873		243.874		2381		2		0
458.912		234.275		2344		2		0
Frame 52
413.094		233.745		2303		2		0
414.445		186.869		2259		2		0
415.742		139.899		2296		2		0
419.124		116.248		2225		2		0
388.142		155.772		2322		2		0
376.209		194.43		2354		2		0
380.745		228.207		2318		2		0
382.376		233.728		2321		2		0
439.596		160.305		2313		2		0
452.189		198.296		2382		2		0
456.718		231.778		2344		2		0
453.476		232.739		2367		2		0
401.544		233.261		2317		2		0
397.946		281.946		2424		2		0
392.007		321.557		2509		2		0
396.174		336.723		2456		2		0
424.634		234.222		2298		2		0
421.213		282.899		2439		2		0
416.48		323.277		2505		2		0
423.007		335.987		2453		2		0
415.43		151.648		2304		2		0
384.499		245.802		2348		2		0
389.026		231.963		2359		2		0
452.385		243.768		2372		2		0
457.435		234.727		2351		2		0
Frame 53
412.474		233.793		2300		2		0
413.874		186.939		2261		2		0
415.222		139.961		2301		2		0
418.398		116.337		2228		2		0
388.032		155.786		2323		2		0
375.732		194.639		2357		2		0
380.215		228.432		2315		2		0
381.813		233.733		2327		2		0
439.511		160.296		2319		2		0
451.757		198.28		2386		2		0
456.056		231.772		2342		2		0
452.931		232.605		2362		2		0
400.969		233.24		2314		2		0
397.521		282.044		2421		2		0
391.858		321.013		2515		2		0
396.197		336.613		2460		2		0
423.966		234.343		2297		2		0
421.214		282.934		2435		2		0
416.67		323.244		2506		2		0
422.898		336.045		2456		2		0
414.897		151.714		2303		2		0
383.799		245.601		2353		2		0
388.1		230.776		2362		2		0
451.726		243.726		2377		2		0
458.285		231.858		2324		2		0
Frame 54
412.241		233.946		2305		2		0
413.5		187.081		2261		2		0
414.69		140.059		2304		2		0
417.618		116.405		2221		2		0
387.019		156.18		2323		2		0
375.008		195.058		2355		2		0
379.766		228.82		2320		2		0
380.461		232.344		2331		2		0
438.351		160.399		2312		2		0
451.038		197.963		2384		2		0
455.431		231.469		2351		2		0
452.269		232.518		2364		2		0
400.66		233.453		2315		2		0
396.996		282.415		2421		2		0
394.313		320.68		2499		2		0
395.926		336.888		2460		2		0
423.802		234.445		2298		2		0
421.151		282.935		2433		2		0
416.647		323.21		2511		2		0
422.839		336.03		0		2		0
414.405		151.827		2301		2		0
382.642		243.884		2337		2		0
385.604		234.303		2330		2		0
451.441		243.222		2376		2		0
457.558		233.121		2348		2		0
Frame 55
411.605		234.147		2298		2		0
412.833		187.29		2260		2		0
414.025		140.249		2301		2		0
416.664		116.518		2224		2		0
386.184		156.342		2323		2		0
374.275		195.781		2353		2		0
379.047		229.547		2314		2		0
381.294		231.907		2331		2		0
437.702		160.514		2307		2		0
450.055		198.124		2374		2		0
455.14		231.657		2344		2		0
451.77		232.356		2365		2		0
399.9		233.766		2314		2		0
396.951		282.609		2421		2		0
394.176		321.478		2500		2		0
396.69		336.927		2459		2		0
423.277		234.548		2294		2		0
421.125		282.855		2428		2		0
416.596		323.103		2512		2		0
422.778		336		2409		2		0
413.737		152.024		2300		2		0
382.37		244.001		2339		2		0
390.051		227.549		2342		2		0
450.774		243.444		2363		2		0
456.668		233.166		2344		2		0
Frame 56
411.159		234.232		2296		2		0
412.088		187.397		2255		2		0
412.928		140.4		2297		2		0
415.327		116.653		2223		2		0
385.345		156.463		2319		2		0
372.996		196.421		2351		2		0
378.435		230.135		2315		2		0
380.167		235.826		2323		2		0
437.085		160.353		2314		2		0
449.105		198.001		2380		2		0
452.342		231.781		2356		2		0
450.931		236.354		2382		2		0
399.395		233.919		2310		2		0
396.798		282.674		2418		2		0
394.272		321.29		2496		2		0
397.308		337.22		2447		2		0
422.903		234.553		2293		2		0
420.992		282.894		2433		2		0
416.39		323.081		2508		2		0
422.863		336.031		0		2		0
412.732		152.162		2296		2		0
382.499		245.501		2342		2		0
385.877		234.559		2342		2		0
449.398		244.199		2367		2		0
455.142		238.572		2335		2		0
Frame 57
410.464		234.426		2295		2		0
411.403		187.557		2257		2		0
412.305		140.513		2297		2		0
413.663		116.793		2220		2		0
384.5		156.41		2320		2		0
372.403		196.702		2354		2		0
378.09		230.374		2314		2		0
379.662		236.177		2320		2		0
436.112		160.365		2312		2		0
448.37		197.986		2382		2		0
451.473		231.674		2356		2		0
450.092		232.493		2355		2		0
398.569		234.186		2314		2		0
396.396		282.547		2414		2		0
392.158		321.209		2508		2		0
397.351		337.105		2455		2		0
422.339		234.677		2298		2		0
420.781		282.836		2431		2		0
416.109		322.879		2505		2		0
422.344		336.029		2451		2		0
412.09		152.288		2297		2		0
381.666		246.334		2347		2		0
385.937		234.117		2350		2		0
449.58		243.083		2367		2		0
445		237.247		2366		2		0
Frame 58
409.101		234.607		2295		2		0
410.217		187.741		2259		2		0
411.297		140.652		2295		2		0
412.202		116.831		2220		2		0
383.084		156.633		2316		2		0
370.938		197.218		2353		2		0
377.433		230.786		2319		2		0
378.965		236.2		2323		2		0
435.182		160.426		2310		2		0
447.335		197.662		2375		2		0
451.478		231.313		2344		2		0
449.195		232.232		2358		2		0
397.054		234.359		2307		2		0
395.994		282.649		2411		2		0
393.28		321.315		2505		2		0
396.771		337.159		2446		2		0
421.141		234.86		2297		2		0
420.578		282.882		2431		2		0
415.933		323.181		2513		2		0
422.519		336.128		2476		2		0
411.037		152.443		2299		2		0
381		245.501		2334		2		0
385.274		233.508		2346		2		0
447.745		243.625		2384		2		0
443.834		230.333		0		2		0
Frame 59
408.093		234.776		2294		2		0
410.103		187.754		2256		2		0
411.427		140.631		2300		2		0
410.541		116.964		2215		2		0
383.21		156.656		2316		2		0
369.616		197.501		2354		2		0
376.208		231.041		2331		2		0
378.159		236.577		2321		2		0
435.317		160.456		2321		2		0
446.073		197.589		2377		2		0
451.052		231.192		2339		2		0
448.17		232.179		2353		2		0
396.004		234.475		2307		2		0
393.615		273.993		2375		2		0
393.524		320.538		2501		2		0
396.837		337.029		2450		2		0
420.185		235.088		2296		2		0
420.145		282.908		2423		2		0
415.949		323.291		2514		2		0
422.42		336.175		2461		2		0
411.073		152.435		2301		2		0
380.5		246.501		2340		2		0
385.071		234.41		2340		2		0
447.498		243.124		2366		2		0
444.783		231.172		2361		2		0
Frame 60
407.07		234.985		2291		2		0
407.707		188.187		2254		2		0
408.081		141.212		2299		2		0
408.441		117.105		2220		2		0
379.579		157.779		2320		2		0
368.522		197.747		2354		2		0
375.234		231.285		2319		2		0
377.092		236.87		2324		2		0
432.917		160.947		2309		2		0
444.748		197.658		2374		2		0
449.929		231.226		2340		2		0
447.117		232.436		2360		2		0
394.951		234.728		2309		2		0
393.364		273.923		2365		2		0
393.777		320.098		2501		2		0
396.733		336.996		2460		2		0
419.227		235.244		2297		2		0
419.585		282.483		2424		2		0
415.915		323.348		2509		2		0
422.569		336.189		2444		2		0
408.02		152.97		2295		2		0
378.667		246.334		2344		2		0
383.936		235.219		2343		2		0
445.712		243.999		2379		2		0
443.509		234.295		2357		2		0
Frame 61
405.859		235.21		2290		2		0
406.202		188.371		2254		2		0
406.517		141.305		2296		2		0
406.534		117.128		2221		2		0
377.671		158.382		2314		2		0
366.821		198.34		2351		2		0
374.503		231.717		2323		2		0
376.018		237.266		2322		2		0
431.234		161.106		2309		2		0
443.179		197.606		2367		2		0
449.054		231.215		2333		2		0
445.855		232.495		2352		2		0
393.775		234.985		2306		2		0
392.476		284.065		2412		2		0
393.769		321.38		2502		2		0
396.254		336.963		2453		2		0
418.007		235.43		2296		2		0
419.118		282.576		2412		2		0
415.852		323.494		2507		2		0
423.804		335.947		2453		2		0
406.448		153.09		2289		2		0
377.667		246.334		2341		2		0
382.755		235.361		2341		2		0
444.282		244.143		2368		2		0
440.4		226.799		2377		2		0
Frame 62
404.47		235.39		2287		2		0
404.856		188.473		2255		2		0
405.259		141.34		2288		2		0
404.391		117.207		2216		2		0
376.564		158.729		2314		2		0
365.075		198.94		2351		2		0
373.455		232.176		2330		2		0
374.685		237.375		2325		2		0
431.384		161.055		2313		2		0
441.713		197.268		2367		2		0
447.711		230.864		2338		2		0
444.536		232.442		2346		2		0
392.513		235.159		2307		2		0
392.42		284.193		2402		2		0
393.822		321.221		2499		2		0
396.164		336.639		2460		2		0
416.495		235.614		2294		2		0
418.096		284.013		2420		2		0
415.812		323.508		2510		2		0
423.307		336.13		2444		2		0
405.164		153.142		2295		2		0
377.468		244.317		2332		2		0
381.293		233.176		2338		2		0
443.698		243.8		2367		2		0
439.534		233.269		2350		2		0
Frame 63
403.154		235.775		2290		2		0
402.423		188.752		2254		2		0
401.359		141.419		2291		2		0
402.598		117.299		2219		2		0
373.356		160.418		2316		2		0
363.338		199.561		2350		2		0
371.484		232.832		2321		2		0
373.137		238.325		2319		2		0
428.719		160.999		2311		2		0
439.774		197.25		2366		2		0
446.547		230.774		2327		2		0
443.095		232.455		2341		2		0
390.973		235.753		2306		2		0
391.665		284.27		2399		2		0
394		321.225		2497		2		0
396.068		336.703		2455		2		0
415.385		235.82		2298		2		0
417.464		284.419		2424		2		0
415.396		323.769		2502		2		0
423.905		335.86		2452		2		0
401.66		153.282		2288		2		0
374.667		247.334		2344		2		0
379.513		236.39		2346		2		0
442.497		244.334		2359		2		0
437.572		229.287		2358		2		0
Frame 64
401.474		236.204		2283		2		0
400.221		189.066		2252		2		0
398.959		141.678		2290		2		0
400.786		117.431		2213		2		0
371.957		161.133		2316		2		0
361.904		199.778		2352		2		0
369.72		233.127		2324		2		0
370.29		234.749		2332		2		0
426.815		160.824		2307		2		0
437.936		197.432		2363		2		0
444.85		230.985		2326		2		0
441.278		232.653		2345		2		0
389.353		236.254		2304		2		0
390.051		284.56		2398		2		0
393.97		321.211		2499		2		0
395.8		336.556		2459		2		0
413.654		236.163		2292		2		0
416.65		284.777		2419		2		0
415.246		323.966		2497		2		0
421.909		336.747		2433		2		0
399.274		153.548		2291		2		0
372.289		247.002		2341		2		0
377.273		231.612		2343		2		0
440.584		244.083		2350		2		0
435.667		229.332		2365		2		0
Frame 65
399.917		236.457		2284		2		0
398.352		189.345		2253		2		0
396.805		142.014		2293		2		0
398.974		117.679		2215		2		0
369.874		162.019		2316		2		0
360.43		200.184		2350		2		0
366.417		233.849		2315		2		0
369.986		239.497		2325		2		0
424.083		160.212		2309		2		0
436.286		197.761		2363		2		0
443.358		231.34		2319		2		0
439.826		233.357		2338		2		0
387.763		236.584		2301		2		0
389.513		284.866		2390		2		0
393.675		320.906		2493		2		0
395.839		336.588		2458		2		0
412.139		236.332		2289		2		0
416.006		285.09		2410		2		0
415.246		324.029		2499		2		0
421.975		336.814		2415		2		0
397.193		153.868		2291		2		0
372.5		249.834		2340		2		0
377.184		238.518		2338		2		0
438.751		244.624		2360		2		0
434.556		231.828		2358		2		0
Frame 66
397.578		236.65		2284		2		0
396.547		189.548		2256		2		0
395.487		142.268		2287		2		0
396.58		118.145		2213		2		0
367.791		162.468		2314		2		0
358.363		200.555		2351		2		0
365.954		233.97		2324		2		0
368.289		240.094		2320		2		0
423.217		160.11		2309		2		0
434.562		197.381		2353		2		0
441.038		231.071		2320		2		0
438.189		233.3		2337		2		0
385.389		236.747		2300		2		0
388.856		285.472		2388		2		0
393.294		321.373		2492		2		0
395.84		336.574		2458		2		0
409.847		236.549		2288		2		0
415		285.241		2409		2		0
415.003		323.985		2497		2		0
422.08		336.717		2442		2		0
395.76		154.108		2289		2		0
369.665		250.223		2360		2		0
375.58		239.679		2335		2		0
437.497		245		2352		2		0
432.6		231.497		2355		2		0
Frame 67
395.676		237.052		2281		2		0
393.393		190.111		2250		2		0
390.933		143.02		2287		2		0
393.597		118.951		2206		2		0
364.575		162.653		2313		2		0
356.539		200.882		2349		2		0
362.86		234.476		2318		2		0
366.002		240.317		2322		2		0
420.464		160.083		2301		2		0
432.287		197.921		2353		2		0
439.316		231.626		2316		2		0
436.263		233.256		2328		2		0
383.516		237.179		2302		2		0
387.85		286.174		2380		2		0
393.362		321.44		2493		2		0
395.908		336.712		2460		2		0
407.915		236.918		2279		2		0
414.326		285.694		2398		2		0
414.782		324.111		2497		2		0
421.114		337.023		2441		2		0
391.563		154.81		2285		2		0
367.833		251.001		2353		2		0
372.686		239.498		2341		2		0
436.279		244.429		2345		2		0
430.647		232.88		2338		2		0
Frame 68
393.84		237.637		2280		2		0
391.217		190.716		2254		2		0
388.665		143.568		2283		2		0
390.594		119.414		2206		2		0
361.955		163.078		2315		2		0
353.507		201.689		2354		2		0
361.413		235.019		2328		2		0
364.069		241.136		2321		2		0
417.349		162.11		2299		2		0
429.923		198.368		2351		2		0
437.845		231.969		2314		2		0
433.67		234.482		2340		2		0
381.677		237.815		2300		2		0
386.975		286.513		2368		2		0
392.186		322.141		2492		2		0
395.848		336.772		2461		2		0
406.084		237.452		2286		2		0
413.322		286.446		2396		2		0
414.645		324.256		2492		2		0
420.408		336.98		2437		2		0
389.298		155.38		2284		2		0
365.375		251.376		2353		2		0
371.116		240.381		2336		2		0
432.696		245.6		2355		2		0
427.857		229.286		2349		2		0
Frame 69
391.413		237.989		2278		2		0
388.097		191.353		2248		2		0
384.775		144.588		2288		2		0
387.183		120.336		2208		2		0
359.036		163.686		2313		2		0
351.114		202.17		2355		2		0
360.149		235.25		2337		2		0
361.992		241.509		2326		2		0
417.424		162.013		2294		2		0
427.788		198.96		2346		2		0
435.58		232.601		2308		2		0
431.683		234.654		2331		2		0
379.339		238.186		2293		2		0
386.045		286.658		2350		2		0
392.073		321.406		2486		2		0
396.045		336.847		2458		2		0
403.569		237.782		2281		2		0
412.438		286.799		2382		2		0
414.253		324.457		2489		2		0
419.737		338.018		0		2		0
385.609		156.295		2282		2		0
363.714		252.429		2351		2		0
369.48		241.482		2332		2		0
430.724		245.728		2354		2		0
426.267		231.205		2348		2		0
Frame 70
390.098		238.657		2277		2		0
385.841		192.23		2251		2		0
381.429		145.595		2284		2		0
384.092		121.748		2213		2		0
356.243		164.898		2314		2		0
348.219		202.922		2360		2		0
356.698		236.1		2329		2		0
359.746		242.94		2322		2		0
412.095		161.443		2296		2		0
424.986		199.27		2347		2		0
433.715		232.883		2303		2		0
429.111		234.998		2320		2		0
377.947		239.048		2293		2		0
385.054		287.66		2342		2		0
392.157		321.295		2486		2		0
397.325		337.393		2446		2		0
402.324		238.277		2279		2		0
411.109		287.881		2377		2		0
413.204		324.988		2489		2		0
418.621		338.475		0		2		0
382.545		157.281		2285		2		0
363.827		253.501		2360		2		0
367.082		241.165		2323		2		0
428.5		246.801		2344		2		0
423.6		230.101		2336		2		0
Frame 71
386.754		239.459		2277		2		0
382.738		192.968		2250		2		0
378.859		146.253		2280		2		0
380.225		123.238		2210		2		0
351.885		166.215		2314		2		0
345.167		204.19		2356		2		0
354.312		237.214		2336		2		0
356.881		243.394		2327		2		0
408.589		161.596		2290		2		0
421.548		199.901		2339		2		0
430.951		233.496		2301		2		0
426.534		235.738		2313		2		0
374.428		240.147		2295		2		0
384.202		288.594		2340		2		0
391.779		321.335		2486		2		0
397.077		337.382		2449		2		0
399.156		238.783		2278		2		0
410.324		287.964		2361		2		0
413.163		325.494		2485		2		0
418.713		338.524		2426		2		0
379.823		157.96		2285		2		0
361.547		254.113		2365		2		0
363.61		240.51		2327		2		0
426.198		247.1		2335		2		0
420.7		232.198		2305		2		0
Frame 72
384.671		239.948		2276		2		0
380.129		193.746		2246		2		0
375.61		147.4		2276		2		0
376.525		124.291		2208		2		0
348.349		167.44		2314		2		0
341.655		205.333		2357		2		0
351.589		238.135		2330		2		0
354.393		245.043		2325		2		0
407.061		161.947		2283		2		0
419.849		199.901		2330		2		0
427.573		233.805		2288		2		0
423.572		237.161		2307		2		0
372.738		240.773		2293		2		0
382.959		290.761		2337		2		0
391.785		321.483		2481		2		0
396.962		337.435		2456		2		0
396.632		239.088		2277		2		0
407.943		289.084		2377		2		0
413.115		325.546		2480		2		0
418.781		339.654		0		2		0
376.739		159.008		2281		2		0
359.792		255.9		2356		2		0
361.027		241.928		2323		2		0
422.897		248.801		2345		2		0
418.105		234.577		2339		2		0
Frame 73
380.793		241.443		2277		2		0
376.455		195.135		2249		2		0
372.252		148.604		2276		2		0
371.951		125.415		2208		2		0
344.654		168.772		2321		2		0
338.539		206.524		2360		2		0
344.839		240.041		2340		2		0
347.939		244.503		2336		2		0
397.857		164.624		2274		2		0
416.789		199.694		2324		2		0
424.43		233.737		2292		2		0
420.843		237.874		2307		2		0
368.803		242.642		2296		2		0
380.358		291.544		2327		2		0
391.782		321.495		2480		2		0
396.86		337.479		2449		2		0
392.888		240.231		2274		2		0
406.431		289.655		2362		2		0
412.559		325.461		2481		2		0
418.565		339.487		0		2		0
373.293		160.265		2284		2		0
351.551		256.223		2350		2		0
354.363		243.771		2349		2		0
420.58		248.835		2329		2		0
415.703		238.034		2311		2		0
Frame 74
376.54		242.606		2276		2		0
371.939		196.67		2245		2		0
367.414		150.581		2279		2		0
367.14		126.866		2200		2		0
340.06		170.667		2318		2		0
334.662		207.712		2364		2		0
342.525		240.951		2343		2		0
346.18		245.922		2335		2		0
391.706		164.285		2275		2		0
414.071		200.857		2315		2		0
419.947		235.267		2290		2		0
417.5		238.876		2295		2		0
364.735		244.09		2296		2		0
376.231		289.374		2319		2		0
391.786		321.649		2474		2		0
396.58		337.686		2450		2		0
388.443		241.097		2275		2		0
401.53		290.082		2375		2		0
410.844		319.386		2481		2		0
410.108		337.751		2583		2		0
368.539		162.126		2277		2		0
350.996		257.564		2349		2		0
352.495		242.238		2339		2		0
417.062		249.867		2317		2		0
412.2		237.637		2331		2		0
Frame 75
373.287		243.864		2278		2		0
368.24		198.146		2244		2		0
363.306		152.234		2278		2		0
362.233		128.401		2197		2		0
335.929		172.402		2319		2		0
331.11		209.581		2362		2		0
340.103		242.583		2338		2		0
343.063		247.208		2341		2		0
388.518		165.36		2273		2		0
411.189		200.407		2315		2		0
416.945		234.982		2286		2		0
413.957		239.682		2293		2		0
361.4		245.36		2301		2		0
369.143		286.561		2306		2		0
390.213		319.565		2465		2		0
395.907		337.94		2446		2		0
385.321		242.338		2275		2		0
400.808		290.466		2349		2		0
406.576		320.766		2496		2		0
410.139		337.767		2515		2		0
364.53		163.74		2289		2		0
347.443		258.902		2348		2		0
349.823		244.864		2335		2		0
413.642		250.765		2318		2		0
408.222		237.22		2332		2		0
Frame 76
368.726		246.008		2279		2		0
363.794		200.442		2246		2		0
358.965		154.608		2278		2		0
357.181		130.71		2194		2		0
330.938		174.888		2317		2		0
326.425		211.855		2365		2		0
333.606		245.18		2347		2		0
338.33		253.686		2334		2		0
386.028		167.214		2277		2		0
406.268		197.164		2317		2		0
412.237		231.744		2278		2		0
409.928		241.554		2292		2		0
357.045		247.501		2300		2		0
367.506		288.36		2301		2		0
388.797		321.334		2470		1		0
395.577		337.89		2450		2		0
380.539		244.492		2275		2		0
399.392		291.794		2339		2		0
405.474		321.52		2492		2		0
410.009		337.753		2506		2		0
360.163		166.102		2280		2		0
341.088		260.107		2344		2		0
342.898		252.203		2347		2		0
410.063		252.868		2300		2		0
404.267		241.064		2319		2		0
Frame 77
365.719		247.855		2278		2		0
359.96		202.527		2242		2		0
354.218		156.959		2272		2		0
350.846		134.032		2201		2		0
326.105		177.226		2317		2		0
322.705		214.574		2366		2		0
330.687		247.781		2345		2		0
333.082		250.241		2347		2		0
382.574		170.519		2270		2		0
400.171		209.656		2306		2		0
408.197		244.1		2269		2		0
405.274		249.065		2292		2		0
354.165		249.573		2301		2		0
365.97		290.066		2291		2		0
388.151		323.207		2470		2		0
397.542		337.589		2439		2		0
377.399		246.122		2271		2		0
389.701		293.23		2386		2		0
409.942		327.233		2482		2		0
410.086		339.102		2510		2		0
355.652		168.385		2283		2		0
336.933		262.178		2354		2		0
340.099		250.999		2338		2		0
404.286		257.429		2305		2		0
400.084		246.166		2306		2		0
Frame 78
361.397		250.413		2281		2		0
354.588		205.564		2243		2		0
347.845		160.515		2279		2		0
345.2		136.579		2193		2		0
320.498		180.339		2321		2		0
317.586		217.888		2369		2		0
326.191		250.976		2348		2		0
330.218		257.244		2341		2		0
378.04		174.135		2273		2		0
394.859		214.102		2307		2		0
405.756		248.133		2259		2		0
400.648		252.816		2279		2		0
350.013		251.965		2303		2		0
363.517		298.44		2293		2		0
381.513		323.06		2487		2		0
396.614		336.908		2446		2		0
372.928		248.837		2280		2		0
393.491		294.756		2337		2		0
408.311		322.148		2484		2		0
408.674		337.842		2514		2		0
349.523		171.808		2285		2		0
335.553		268.223		2366		2		0
336.313		254.518		2342		2		0
399.625		261.376		2305		2		0
395.903		250.188		2297		2		0
Frame 79
357.958		253.072		2281		2		0
349.94		208.761		2245		2		0
341.874		164.323		2279		2		0
337.857		141.157		2195		2		0
313.512		183.59		2320		2		0
312.806		221.535		2373		2		0
321.264		254.676		2350		2		0
325.523		257.613		2353		2		0
371.724		178.054		2268		2		0
392.471		214.623		2288		2		0
396.379		249.689		2265		2		0
396.064		254.099		2296		2		0
346.442		255.251		2303		2		0
356.277		298.993		2286		2		0
380.309		323.005		2470		2		0
395.549		336.406		2446		2		0
369.589		250.944		2280		2		0
390.838		296.663		2345		2		0
406.841		326.875		2487		2		0
407.351		339.126		2537		1		0
343.895		175.455		2279		2		0
331.64		269.237		2366		2		0
331.83		254.604		2347		2		0
397.697		262.001		2278		2		0
390.948		252.046		2294		2		0
Frame 80
352.952		257.826		2282		2		0
343.823		213.429		2245		2		0
334.864		168.719		2281		2		0
330.13		145.771		2195		2		0
307.415		187.56		2325		2		0
307.271		224.561		2371		2		0
312.794		258.19		2378		2		0
316.75		257.969		2347		2		0
364.685		182.812		2270		2		0
385.617		219.527		2289		2		0
392.556		254.559		2256		2		0
389.471		259.822		2270		2		0
342.328		259.468		2303		2		0
359.053		310.578		2290		2		0
381.823		333.82		2404		1		0
396.618		337.276		2431		2		0
363.687		256.139		2275		2		0
393.025		296.383		2306		2		0
408.939		328.228		2478		2		0
407.805		339.536		2515		1		0
337.055		179.956		2276		2		0
321.664		270.084		2355		2		0
319.341		254.053		2364		2		0
389.261		267.467		2296		2		0
384.18		258.314		2284		2		0
Frame 81
348.301		261.642		2280		2		0
337.177		217.914		2245		2		0
326.804		173.39		2286		2		0
322.578		150.239		2190		2		0
300.538		192.482		2323		2		0
300.88		230.304		2378		2		0
306.247		264.05		2411		2		0
314.136		270.81		2353		2		0
357.314		187.599		2269		2		0
379.25		223.029		2283		2		0
379.507		262.031		2266		2		0
378.699		271.804		2284		2		0
337.222		263.721		2307		2		0
359.636		313.49		2285		2		0
388.118		324.111		2463		2		0
390.089		338.012		2444		2		0
359.497		259.561		2277		2		0
391.784		296.555		2311		2		0
407.183		326.636		2466		2		0
407.202		340.23		2525		2		0
329.387		184.558		2277		2		0
317.327		277.334		2367		2		0
316.209		269.33		2349		2		0
378.4		285.667		2287		2		0
370.916		270.589		2281		2		0
Frame 82
340.835		267.254		2287		2		0
329.547		223.372		2249		2		0
318.314		179.285		2284		2		0
313.834		156.632		2189		2		0
292.809		198.442		2326		2		0
293.586		234.969		2378		2		0
303.138		267.814		2358		2		0
307.71		270.138		2366		2		0
348.884		193.121		2263		2		0
372.291		228.681		2275		2		0
377.607		264.029		2252		2		0
378.177		265.47		2253		1		0
329.993		269.541		2316		2		0
353.248		319.776		2277		1		0
393.298		332.585		2445		2		0
395.416		346.825		2336		2		0
351.808		264.94		2278		2		0
391.126		296.852		2361		2		0
406.568		327.172		2466		2		0
404.713		339.559		2497		2		0
321.117		190.339		2276		2		0
312.996		282.001		2363		2		0
310.123		266.381		2396		2		0
377.919		274.649		2287		2		0
373.86		263.07		2266		2		0
Frame 83
331.792		272.562		2306		2		0
320.669		229.51		2254		2		0
309.545		186.11		2295		2		0
304.75		163.477		2191		2		0
285.247		205.899		2322		2		0
286.679		240.44		2382		2		0
296.493		273.182		2385		2		0
303.185		280.495		2351		2		0
340.467		199.337		2264		2		0
365.78		232.022		2273		2		0
372.045		267.551		2247		2		0
372.498		269.093		2248		1		0
320.703		274.825		2328		2		0
344.082		323.212		2258		1		0
384.467		335.803		2444		1		0
386.472		350.179		2202		1		0
343.027		270.274		2291		2		0
378.685		300.726		2311		2		0
401.991		323.129		2456		2		0
404.555		339.024		2493		2		0
312.326		197.005		2277		2		0
306.621		286.573		2357		2		0
306.588		279.998		2358		2		0
372.731		278.202		2266		2		0
368.227		271.534		2263		2		0
Frame 84
329.953		277.585		2301		2		0
315.162		236.705		2255		2		0
300.757		194.489		2294		2		0
294.598		172.246		2204		2		0
277.531		214.043		2323		2		0
278.687		250.328		2386		2		0
293.006		281.54		2367		2		0
299.79		289.355		2356		2		0
330.384		206.163		2265		2		0
358.115		240.463		2263		2		0
364.345		277.665		2249		2		0
365.86		275.913		2241		1		0
319.031		280.65		2327		2		0
343.486		327.431		2261		1		0
383.955		339.777		2398		1		0
393.047		341.439		2404		2		0
341.033		274.576		2292		2		0
382.038		309.054		2317		2		0
405.364		326.266		2469		2		0
404.505		339.168		2525		2		0
304.36		205.075		2276		2		0
306.498		298.249		2378		2		0
305.931		288.736		2373		2		0
368.367		282.362		2272		2		0
361.123		275.302		2250		2		0
Frame 85
323.405		285.856		2309		2		0
307.234		244.964		2260		2		0
291.025		203.874		2303		2		0
283.761		182.348		2209		2		0
269.025		223.81		2324		2		0
273.824		266.168		2381		2		0
291.619		295.716		2370		2		0
298.15		302.688		2354		1		0
320.241		214.481		2263		2		0
349.841		249.126		2258		2		0
357.661		284.81		2253		2		0
358.975		286.534		2263		1		0
312.536		289.468		2338		2		0
345.175		337.84		2300		1		0
387.787		350.14		2224		1		0
392.886		342.709		2345		2		0
334.43		282.2		2299		2		0
371.914		308.136		2299		2		0
409.692		329.635		2464		2		0
402.901		340.969		2484		2		0
295.081		214.173		2277		2		0
307.749		315.751		2363		2		0
302.462		299.574		2362		2		0
362.013		292.909		2289		2		0
355		295		2290		2		0
Frame 86
319.814		293.332		2314		2		0
299.902		254.082		2269		2		0
279.952		214.728		2304		2		0
271.716		193.487		2209		2		0
258.57		235.295		2331		2		0
264.764		271.247		2382		2		0
282.842		300.638		2379		2		0
288.643		309.116		2357		1		0
308.677		224.065		2266		2		0
340.841		255.087		2255		2		0
350.883		290.459		2236		2		0
353.391		292.384		2256		1		0
309.832		297.661		2336		2		0
337.556		347.242		2263		1		0
380.783		358.985		2091		1		0
386.021		353.144		2148		1		0
329.94		288.95		2304		2		0
381.828		308.478		2335		2		0
412.22		331.076		2459		2		0
396.695		335.401		2408		2		0
284.944		224.581		2286		2		0
294.599		318.402		2355		2		0
295.389		308.387		2392		2		0
357.268		297.506		2283		2		0
349.466		300.867		2287		2		0
Frame 87
315.894		301.209		2313		2		0
292.15		264.084		2285		2		0
268.456		227.044		2315		2		0
258.972		206.97		2212		2		0
248.057		248.648		2333		2		0
256.803		286.878		2383		2		0
276.673		315.352		2395		1		0
282.266		322.561		2371		1		0
296.132		234.253		2277		2		0
330.521		259.673		2258		2		0
344.009		294.763		2222		2		0
346.585		297.099		2230		1		0
306.616		307.085		2334		2		0
339.164		361.491		2045		1		0
382.315		372.185		2027		1		0
387.646		366.901		2048		1		0
325.409		295.119		2302		2		0
366.273		310.679		2281		2		0
405.242		328.28		2441		2		0
395.272		340.859		2381		2		0
274.377		236.298		2294		2		0
289.2		330.601		2363		2		0
288.715		325.213		2349		2		0
351.328		301.642		2274		2		0
341.753		304.253		2277		2		0
Frame 88
313.563		310.083		2306		2		0
285.636		275.039		2305		2		0
258.033		240.425		2328		2		0
246.671		221.884		2229		2		0
240.911		264.241		2339		2		0
254.08		304.157		2393		2		0
267.118		335.741		2384		1		0
273.933		342.172		2283		1		0
285.513		245.444		2287		2		0
319.251		265.174		2268		2		0
334.98		298.784		2211		2		0
338.247		301.805		2209		1		0
304.982		316.823		2338		2		0
342.373		369.795		2017		1		0
385.409		379.838		1993		1		0
390.902		374.868		2013		1		0
322.193		303.312		2292		2		0
366.891		314.831		2267		2		0
408.849		326.448		2424		2		0
394.175		336.759		2497		1		0
264.906		249.037		2307		2		0
280.744		350.116		2171		1		0
280.212		344.955		2293		1		0
343.511		307.45		2266		2		0
336.659		304.626		2215		2		0
Frame 89
306.79		311.335		2315		2		0
276.537		282.727		2326		2		0
246.201		254.085		2341		2		0
233.053		236.286		2243		2		0
232.75		280.366		2339		2		0
243.191		312.008		2391		2		0
265.758		323.815		2541		2		0
272.013		321.097		2523		1		0
274.711		256.401		2312		2		0
306.808		272.782		2284		2		0
325.606		304.163		2211		2		0
329.729		305.598		2202		1		0
298.899		320.867		2349		2		0
318.174		368.08		2004		1		0
361.826		378.303		2005		1		0
366.205		373.392		2018		1		0
314.689		301.8		2319		2		0
366.973		315.056		2269		2		0
413.733		331.154		2386		2		0
422.794		341.228		0		2		0
253.797		261.247		2325		2		0
276.998		323		2477		2		0
267.081		322.483		2537		1		0
335.335		313.332		2236		2		0
327.937		306.568		2208		2		0
Frame 90
307.071		311.4		2328		2		0
270.921		289.67		2368		2		0
234.492		268.07		2356		2		0
221.089		253.037		2263		2		0
228.096		296.861		2341		2		0
237.825		326.181		2395		2		0
283.03		324.721		2383		2		0
286.241		324.202		2373		1		0
262.878		262.968		2348		2		0
294.256		277.603		2301		2		0
315.134		306.213		2206		2		0
317.174		304.017		2193		2		0
300.361		321.948		2336		2		0
309.382		367.325		1997		1		0
353.654		377.694		1989		1		0
357.697		372.748		2003		1		0
314.431		301.382		2196		2		0
366.904		314.778		2275		2		0
404.649		320.562		2342		2		0
419.344		327.545		2310		2		0
243.575		273.444		2346		2		0
293.384		327.77		2360		2		0
282.551		319.832		2391		2		0
325.819		312.637		2209		2		0
317.449		301.971		2201		2		0
Frame 91
305.598		310.842		2343		2		0
263.788		296.35		2411		2		0
223.838		282.646		2378		2		0
208.336		269.03		2283		2		0
219.377		309.806		2350		2		0
258.095		325.611		2355		2		0
304.57		330.135		2311		2		0
313.814		327.733		2306		2		0
249.458		274.16		2377		2		0
287.353		286.985		2280		2		0
301.192		299.185		2206		2		0
311.311		305.305		2201		2		0
300.648		321.833		2370		2		0
314.701		369.227		2003		1		0
358.562		379.396		1996		1		0
362.806		374.533		2007		1		0
308.585		299.443		2231		2		0
355.642		311.062		2282		2		0
397.554		312.865		2307		2		0
412.668		317.917		2254		2		0
233.767		286.038		2365		2		0
324.224		330.531		2258		2		0
315.746		320.498		2354		2		0
320.366		313.092		2201		2		0
306.664		304.752		2195		2		0
Frame 92
295.938		306.125		2250		2		0
254.859		299.324		2442		2		0
214.619		292.784		2417		2		0
196.679		285.464		2299		2		0
210.496		317.579		2369		2		0
249.871		325.845		2356		2		0
204.162		334.48		2330		1		0
186.426		336.689		2230		2		0
235.318		279.4		2402		2		0
269.319		287.259		2310		2		0
298.752		301.538		2213		2		0
303.113		303.958		2193		1		0
294.004		317.534		2394		2		0
344.564		315.879		2385		2		0
384.413		328.756		2719		1		0
392.4		321.925		2759		1		0
297.873		294.863		2347		2		0
347.922		305.558		2276		2		0
390.998		301.996		2268		2		0
405.811		303.364		2201		2		0
224.61		294.396		2387		2		0
182.284		341.421		2173		2		0
190.201		338.598		2220		2		0
312.114		309.223		2193		2		0
303.648		306.74		2186		2		0
Frame 93
288.955		304.156		2200		2		0
245.738		302.789		2435		2		0
203.706		301.658		2422		2		0
184.405		300.132		2309		2		0
199.461		326.425		2392		1		0
245.064		325.189		2377		2		0
199.574		334.135		2373		1		0
189.467		337.084		2355		1		0
223.929		285.369		2406		2		0
257.075		289.963		2309		2		0
286.077		302.704		2214		2		0
287.99		300.586		2207		2		0
287.958		315.357		2395		2		0
344.332		314.46		2407		1		0
384.169		327.414		2709		1		0
392.304		320.539		2822		1		0
290.016		293.158		2317		2		0
338.337		290.361		2256		2		0
382.101		287.586		2230		2		0
397.012		288.638		2205		2		0
214.14		301.93		2396		2		0
185.399		341.842		2262		1		0
193.278		339.002		2344		1		0
298.368		303.634		2202		2		0
289.487		303.552		2197		2		0
Frame 94
274.233		300.814		2198		2		0
234.52		302.204		2427		2		0
194.868		303.686		2428		2		0
175.007		304.698		2349		2		0
190.519		328.406		2444		1		0
236.092		326.513		2400		1		0
194.339		339.174		2362		1		0
197.301		345.627		2247		1		0
209.077		285.679		2411		2		0
246.901		290.026		2295		2		0
277.616		300.871		2201		2		0
279.864		301.591		2204		1		0
274.222		313.24		2418		2		0
315.788		313.358		2295		2		0
357.056		299.173		2534		2		0
370.87		297.102		0		2		0
274.243		288.467		2394		2		0
323.98		281.448		2241		2		0
374.24		267.764		2178		2		0
390.129		267.954		0		1		0
204.779		303.311		2409		2		0
193.32		350.785		2152		1		0
201.308		347.683		2223		1		0
285.668		306.335		2215		2		0
277.807		303.152		2195		2		0
Frame 95
265.64		300.883		2182		2		0
226.743		303.472		2426		2		0
187.664		306.146		2422		2		0
167.287		306.178		2370		2		0
183.238		330.82		2484		1		0
170.649		304.729		2393		2		0
160.997		341.418		2178		1		0
152.005		341.997		2184		1		0
201.5		284.407		2424		2		0
237.383		281.612		2316		2		0
260.821		300.411		2190		2		0
262.615		298.057		2186		2		0
266.333		313.041		2451		2		0
307.137		313.298		2313		2		0
349.868		295.27		2509		2		0
365.55		293.957		2515		2		0
264.957		288.875		2446		2		0
302.463		273.816		2230		2		0
348.692		260.824		2176		2		0
357.781		256.741		0		2		0
197.453		305.474		2416		2		0
151.5		343		2152		2		0
151		343		2152		2		0
270.62		303.689		2243		2		0
263.2		294.463		2198		2		0
Frame 96
263.536		302.26		0		2		0
225.176		303.631		2423		2		0
186.313		305.425		2437		2		0
165.947		306.255		2393		2		0
181.887		329.991		2496		1		0
169.3		303.978		2422		1		0
157.221		339.458		2205		1		0
145.301		338.198		2214		1		0
200.104		283.775		2427		1		0
233.244		280.816		2288		2		0
246.113		288.722		2209		2		0
252.922		292.309		2175		2		0
263.745		313.443		2463		2		0
303.736		311.016		2324		2		0
344.084		288.266		2512		2		0
363.163		287.212		2480		2		0
263.198		291.197		2244		2		0
296.424		263.374		2227		2		0
339.193		256.636		0		1		0
333.901		253.726		2181		1		0
196.079		304.965		2421		2		0
144.5		339		2201		2		0
144.249		339.145		2201		1		0
260.693		296.171		2238		2		0
251.308		294.215		2170		2		0
Frame 97
258.341		302.692		2457		2		0
220.334		303.607		2431		2		0
181.834		304.727		2454		2		0
161.48		306.063		2403		1		0
177.373		329.158		2496		1		0
164.681		303.25		2429		1		0
138.097		342.381		2167		2		0
124.98		343.159		2147		2		0
195.588		283.184		2444		1		0
230.638		278.852		2283		2		0
237.972		282.239		2224		1		0
244.775		284.836		2184		2		0
257.684		312.259		2484		2		0
298.187		306.115		2330		1		0
340.116		283.162		2512		2		0
359.313		282.998		2473		2		0
260.123		292.431		2475		2		0
274.363		260.368		2244		2		0
311.209		236.695		2154		2		0
319.08		231.564		2001		1		0
191.517		304.432		2437		2		0
117.123		350.373		2082		2		0
132.032		347.988		2114		2		0
252.459		287.904		2205		2		0
244.517		285.887		2182		2		0
Frame 98
258.16		302.057		2462		2		0
220.393		303.428		2447		2		0
181.994		304.748		2457		2		0
161.658		306.103		2417		1		0
177.537		329.169		2469		1		0
198.979		289.784		2477		2		0
180.227		297.424		2483		1		0
167.002		301.657		0		1		0
195.741		283.214		2444		1		0
217.699		270.494		2353		2		0
241.841		281.927		2197		2		0
246.428		279.304		2207		1		0
257.678		312.031		2419		2		0
297.668		305.591		2332		1		0
338.904		279.24		2496		2		0
357.172		278.198		0		2		0
259.006		291.415		2537		2		0
272.396		252.317		2242		2		0
311.433		222.404		2093		1		0
319.398		216.662		3707		1		0
191.65		304.413		2446		2		0
160.181		307.859		2403		1		0
174.987		305.612		2452		1		0
248.5		283		2198		2		0
241.571		281.428		2197		2		0
Frame 99
253.426		298.129		2480		2		0
213.942		299.733		2478		2		0
174.391		301.687		2512		2		0
154.209		303.042		2442		1		0
169.909		325.676		2417		1		0
194.227		290.376		2482		2		0
178.099		297.357		2491		1		0
164.845		301.576		0		1		0
182.708		279.84		2499		2		0
212.289		273.573		2346		2		0
238.063		275.816		2228		2		0
243.477		273.609		2238		1		0
254.116		307.921		2460		2		0
301.99		285.361		2462		2		0
342.289		275.201		2492		2		0
356.461		276.159		2423		2		0
252.686		288.471		2512		2		0
272.232		252.029		2267		1		0
312.069		222.104		0		1		0
319.961		216.421		0		1		0
184.316		301.198		2471		2		0
157.976		307.758		2416		1		0
172.766		305.519		2466		1		0
248.882		274.864		2257		2		0
239.833		278.167		2219		2		0
Frame 100
246.177		295.734		2502		2		0
209.716		298.698		2498		2		0
171.971		301.307		2528		2		0
152.438		304.185		2452		2		0
167.485		325.155		2422		1		0
190.611		288.974		2509		1		0
172.757		296.764		2520		1		0
159.487		300.919		3308		1		0
180.26		279.581		2516		1		0
207.463		270.629		2395		2		0
232.022		273.87		2271		2		0
239.99		270.701		2270		1		0
247.845		307.421		2475		2		0
297.003		284.154		2455		1		0
340.817		273.745		2481		2		0
355.025		274.624		2379		1		0
244.566		284.443		2498		2		0
257.256		249.596		2269		1		0
295.819		217.887		2189		1		0
303.047		212.059		0		1		0
181.507		300.68		2481		2		0
152.529		307.009		2435		1		0
167.216		304.808		2483		1		0
245.428		273.903		2294		2		0
238.095		277.287		2254		2		0
Frame 101
246.154		297.603		2503		2		0
208.498		299.238		2479		2		0
169.775		300.959		2535		2		0
150.351		304.594		2463		1		0
165.282		324.702		2422		1		0
188.687		289.137		2515		1		0
171.27		296.547		2527		1		0
157.992		300.684		3241		1		0
178.047		279.324		2534		1		0
207.175		270.644		2393		2		0
233.598		273.151		2287		2		0
239.703		269.359		2304		1		0
246.55		310.688		2424		2		0
288.011		287.605		2421		1		0
327.158		267.427		2499		2		0
341.147		268.561		2454		1		0
245.101		285.402		2523		2		0
259.061		250.453		2313		1		0
303.516		274.967		0		1		0
310.525		271.573		0		1		0
179.531		300.57		2488		2		0
151.019		306.752		2433		1		0
165.671		304.558		2487		1		0
245.014		269.327		2336		2		0
236.133		268.869		2305		2		0
Frame 102
245.507		297.892		2504		2		0
207.796		299.191		2488		2		0
169.431		300.675		2533		2		0
150.059		304.446		2465		1		0
164.966		324.529		2442		1		0
188.316		288.968		2532		1		0
170.848		296.368		2536		1		0
157.572		300.495		3250		1		0
177.725		279.194		2546		1		0
207.043		270.557		2421		1		0
233.483		273.083		2310		2		0
239.324		269.668		2346		1		0
244.987		309.753		2428		2		0
287.593		287.572		2411		1		0
327.84		268.448		2470		2		0
341.908		269.604		2439		1		0
244.895		285.941		2532		2		0
256.536		249.552		2331		1		0
305.914		272.487		0		1		0
317.258		267.057		2531		1		0
179.088		300.315		2502		2		0
150.582		306.548		2441		1		0
165.233		304.361		2497		1		0
244.501		262		2349		2		0
238.125		262.625		2336		2		0
Frame 103
241.797		297.042		2512		2		0
204.582		297.699		2506		2		0
167.349		298.37		2557		2		0
148.317		303.189		2477		2		0
162.874		322.205		2439		1		0
185.926		286.942		2561		1		0
168.375		294.084		2554		1		0
155.178		298.099		3315		1		0
175.552		277.36		2584		1		0
205.013		268.835		2449		1		0
229.835		279.216		2382		2		0
235.907		274.257		2349		1		0
242.397		308.651		2484		2		0
286.495		287.41		2418		1		0
327.84		268.662		2456		2		0
341.933		269.824		2427		1		0
241.315		285.467		2535		2		0
250.724		246.227		2308		1		0
293.182		280.175		2458		1		0
311.746		275.707		2464		2		0
176.653		298.209		2518		2		0
148.198		304.008		2465		1		0
162.704		301.872		2521		1		0
239.008		276.498		2367		2		0
233.71		272.409		2337		2		0
Frame 104
240.465		297.586		2520		2		0
203.569		298.056		2501		2		0
166.634		298.575		2568		2		0
147.553		303.455		2477		1		0
162.102		322.377		2469		1		0
193.105		297.165		2504		2		0
209.334		285.868		2617		1		0
200.313		286.8		2603		1		0
174.774		277.596		2595		1		0
205.847		268.984		2459		1		0
229.028		279.77		2358		2		0
236.863		274.286		2363		1		0
240.92		309.117		2499		2		0
284.667		287.972		2425		1		0
327.817		270.02		2445		2		0
342.019		271.212		2435		1		0
240.105		286.023		2547		2		0
249.891		246.896		2318		1		0
292.69		280.374		2468		1		0
311.28		275.962		2475		2		0
175.869		298.448		2529		2		0
194.402		292.681		2541		1		0
209.162		290.524		2575		1		0
239		273		2373		2		0
237.004		272.199		2366		2		0
Frame 105
234.737		297.462		2517		2		0
201.066		298.301		2506		2		0
166.01		298.899		2571		2		0
146.662		303.086		2484		2		0
161.465		322.671		2502		1		0
192.434		297.557		2507		2		0
208.95		286.07		2612		1		0
200.358		286.707		2606		1		0
174.133		277.937		2604		1		0
206.045		269.205		2462		1		0
228.868		279.545		2351		2		0
237.09		283.283		2526		1		0
235.566		307.302		2509		2		0
283.376		288.414		2423		1		0
327.552		271.477		2443		2		0
341.791		272.695		2421		1		0
233.367		287.628		2546		2		0
247.681		248.848		2325		1		0
297.868		265.77		0		1		0
299.269		277.459		0		2		0
174.901		298.771		2537		2		0
194.451		292.583		2547		1		0
209.165		290.516		2578		1		0
239.317		281.923		2524		1		0
237.237		281.117		2503		1		0
Frame 106
235.488		297.107		2524		2		0
200.986		298.185		2504		2		0
165.533		298.997		2575		2		0
146.321		302.984		2495		2		0
160.985		322.729		2521		1		0
192.196		297.945		2514		2		0
209.354		286.585		2614		1		0
201.268		287.105		2600		1		0
173.643		278.06		2604		1		0
206.097		269.318		2464		1		0
229.059		279.038		2358		2		0
237.328		282.551		2516		1		0
236.594		308.441		2505		2		0
270.798		311.359		2376		2		0
315.732		281.099		2435		2		0
333.888		275.829		2418		2		0
236.682		284.534		2528		2		0
247.923		250.133		2337		1		0
297.644		266.883		0		1		0
299.029		278.497		3730		2		0
174.498		298.796		2545		2		0
195.402		292.982		2568		1		0
209.857		290.745		2583		1		0
239.551		281.195		2530		1		0
237.369		280.714		2491		1		0
Frame 107
241.967		295.867		2544		2		0
202.078		297.899		2523		2		0
165.554		299.026		2570		2		0
146.269		302.665		2491		2		0
161.012		322.722		2545		1		0
194.226		299.37		2512		2		0
215.078		289.114		2593		1		0
208.664		290.028		2581		1		0
173.652		278.116		2616		1		0
206.452		269.409		2471		1		0
228.664		280.766		2357		2		0
236.674		284.875		2530		1		0
242.214		308.628		2500		2		0
276.278		312.103		2384		2		0
322.447		283.203		2425		2		0
340.649		276.769		2375		2		0
241.022		283.547		2532		2		0
249.624		248.226		2337		1		0
297.071		271.661		0		1		0
298.062		283.587		2447		2		0
174.639		298.773		2551		2		0
203.111		295.922		2553		1		0
217.548		293.769		2565		1		0
238.896		283.515		2524		1		0
236.82		282.717		2502		1		0
Frame 108
245.607		298.768		2526		2		0
204.259		298.763		2535		2		0
165.575		299.088		2563		2		0
146.228		302.443		2486		2		0
161.036		322.772		2551		1		0
194.454		300.146		2513		2		0
223.356		270.49		2403		2		0
236.213		261.259		2351		1		0
173.669		278.187		2617		1		0
206.618		269.502		2480		1		0
228.327		281.085		2369		2		0
236.168		285.282		2523		1		0
246.22		311.599		2441		2		0
294.01		301.191		2389		2		0
329.346		278.808		2462		2		0
347.983		281.743		2369		2		0
246.116		286.919		2565		2		0
250.954		247.13		2340		1		0
299.084		270.26		4634		1		0
299.891		282.238		0		2		0
174.839		298.891		2546		2		0
243.081		250.413		2357		2		0
242.2		269.736		2385		2		0
238.394		283.919		2521		1		0
236.314		283.122		2500		1		0
Frame 109
238.157		304.363		2509		2		0
202.823		300.596		2514		2		0
165.566		299.139		2560		2		0
146.21		302.412		2484		1		0
161.026		322.822		2551		1		0
194.426		300.201		2511		1		0
229.557		277.182		2363		2		0
240.676		270.279		2382		1		0
173.659		278.236		2619		1		0
202.677		271.128		2502		2		0
224.079		276.49		2368		2		0
228.592		277.017		2364		1		0
238.007		315.715		2454		2		0
287.509		306.804		2376		2		0
334.718		286.167		2419		2		0
352.76		287.787		2344		2		0
238.306		293.189		2549		2		0
249.001		256.276		2345		1		0
298.638		274.327		0		1		0
299.847		286.348		3548		2		0
174.774		299.159		2534		2		0
251.424		262.843		2362		2		0
245.244		274.506		2403		2		0
234.5		275.5		2383		2		0
229.089		271.915		2416		2		0
Frame 110
241.434		298.932		2536		2		0
203.191		300.222		2513		2		0
165.763		299.31		2560		2		0
146.399		302.344		2474		2		0
161.227		322.99		2552		1		0
196.261		302.972		2509		2		0
232.231		281.369		2376		2		0
243.576		274.261		2381		1		0
173.853		278.408		2627		1		0
202.814		271.167		2506		2		0
230.799		278.998		2371		2		0
236.588		278.241		2388		1		0
241.47		311.052		2500		2		0
293.211		307.951		2390		2		0
328.535		290.754		2477		2		0
347.23		291.701		2373		2		0
241.423		286.887		2512		2		0
263.271		263.476		2348		2		0
316.87		273.001		0		1		0
319.099		285.096		3660		2		0
175.019		299.295		2537		2		0
254.46		269.005		2361		2		0
246.744		279.252		2405		2		0
246.429		276.715		2392		2		0
234.504		274.593		2407		2		0
Frame 111
243.574		299.162		2536		2		0
204.897		299.865		2514		2		0
166.499		299.424		2555		2		0
147.09		302.162		2480		2		0
161.972		323.101		2548		1		0
197.88		305.041		2489		2		0
235.569		285.754		2406		2		0
246.976		279.206		2387		1		0
174.227		277.863		2630		2		0
204.623		271.48		2507		2		0
231.246		279.711		2373		2		0
237.53		280.499		2388		1		0
244.85		311.526		2502		2		0
297.3		309.333		2401		2		0
334.892		299.283		2432		2		0
352.106		297.766		2356		2		0
242.841		287.096		2493		2		0
264.922		264.926		2337		2		0
317.218		279.705		0		1		0
319.227		293.412		3450		2		0
176.025		299.417		2536		2		0
258.202		275.303		2367		2		0
250.065		284.078		2407		2		0
246.311		278.009		2379		2		0
242.132		275		2380		2		0
Frame 112
247.502		300.293		2542		2		0
206.613		299.736		2516		2		0
166.928		299.22		2548		2		0
147.587		301.901		2487		2		0
162.407		322.887		2550		1		0
199.749		308.164		2493		2		0
238.578		291.168		2407		1		0
251.019		284.46		2378		1		0
174.246		277.719		2628		1		0
209.802		273.753		2501		2		0
235.741		285.738		2374		2		0
240.99		284.941		2384		1		0
246.244		312.356		2503		2		0
298.608		313.677		2413		2		0
343.932		305.841		2424		2		0
357.713		306.497		2384		2		0
249.817		288.29		2435		2		0
276.489		270.075		2331		2		0
313.746		252.72		2297		2		0
320.908		251.302		2278		2		0
176.709		299.245		2537		2		0
261.86		282.288		2350		2		0
256.446		288.699		2388		2		0
246		282.5		2389		2		0
240.605		281.598		2395		2		0
Frame 113
248.267		301.682		2536		2		0
206.912		299.998		2507		2		0
166.91		299.131		2549		2		0
147.589		301.757		2486		1		0
162.181		322.812		2543		1		0
199.462		308.07		2485		1		0
238.262		291.043		2378		1		0
248.378		285.707		2395		1		0
174.173		277.667		2621		1		0
209.851		275.143		2508		2		0
238.477		288.93		2373		2		0
246.293		288.227		2395		2		0
246.72		313.679		2505		2		0
295.848		315.682		2423		2		0
346.236		311.553		2428		2		0
360.001		314.62		2372		2		0
250.206		289.496		2397		2		0
282.854		278.022		2324		2		0
326.676		259.906		2256		2		0
320.442		272.528		2339		2		0
176.733		299.222		2534		2		0
257.333		277.333		2369		2		0
253.989		291.253		2404		2		0
255.4		289.201		2368		2		0
247.319		286.997		2398		2		0
Frame 114
249.971		295.288		2400		2		0
210.504		299.042		2516		2		0
171.494		302.791		2536		2		0
151.982		305.286		2438		2		0
165.705		326.948		2501		1		0
203.181		310.003		2490		2		0
244.879		298.691		2408		2		0
257.436		293.667		2380		1		0
181.176		278.931		2591		2		0
213.744		274.893		2500		2		0
239.261		289.541		2384		2		0
244.329		292.056		2386		1		0
249.608		307.308		2521		2		0
299.573		316.379		2445		2		0
344.171		315.136		2453		2		0
360.453		320.812		2389		2		0
250.328		283.496		2441		2		0
286.421		286.093		2319		2		0
326.37		275.265		2310		2		0
337.334		275.444		2247		2		0
181.201		301.86		2513		2		0
269.102		295.904		2335		2		0
259.77		298.994		2400		2		0
255		292		2386		2		0
247.243		288.747		2419		2		0
Frame 115
251.414		297.324		2409		2		0
211.111		299.648		2513		2		0
171.575		302.885		2525		2		0
152.061		305.411		2436		2		0
165.844		327.124		2491		1		0
203.338		310.119		2481		1		0
246.336		302.398		2425		2		0
260.311		298.222		2378		1		0
182.068		283.443		2568		2		0
214.417		275.324		2507		2		0
236.512		294.338		2388		2		0
245.782		295.866		2392		1		0
251.059		308.488		2515		2		0
298.003		316.125		2446		2		0
337.593		314.826		2550		2		0
353.662		323.921		2427		2		0
251.771		286.453		2474		2		0
292.917		294.105		2319		2		0
333.584		286.062		2314		2		0
344.773		288.467		2240		2		0
181.321		301.979		2515		2		0
270.453		300.611		2324		2		0
263.158		306.914		2429		2		0
253.944		297.676		2415		2		0
249.123		289.75		2466		2		0
Frame 116
251.967		297.913		2433		2		0
211.839		299.998		2507		2		0
171.92		302.726		2521		2		0
152.419		305.393		2433		2		0
166.245		326.996		2498		1		0
203.772		310.103		2468		1		0
247.259		305.819		2421		2		0
262.543		301.901		2382		1		0
185.425		281.506		2566		2		0
214.719		276.802		2502		2		0
236.974		295.407		2392		2		0
245.654		300.067		2383		1		0
251.424		309.03		2455		2		0
298.955		316.679		2442		2		0
338.692		314.466		2553		2		0
352.147		316.051		2493		2		0
252.543		287.067		2501		2		0
295.835		303.907		2314		2		0
339.155		296.504		2324		2		0
350.908		301.844		2270		2		0
181.721		301.943		2512		2		0
272.23		301.523		2339		2		0
266.201		311.802		2420		2		0
252.803		302.122		2409		2		0
255.666		295.164		2427		2		0
Frame 117
255.514		306.159		2438		2		0
213.708		303.079		2486		2		0
172.52		302.709		2521		2		0
152.99		305.542		2435		2		0
166.893		327.045		2495		1		0
204.487		310.241		2459		1		0
248.068		305.918		2390		1		0
263.039		303.399		2394		1		0
186.705		281.743		2553		2		0
215.373		277.698		2503		2		0
237.249		300		2387		2		0
245.559		305.071		2379		1		0
253.786		316.993		2478		2		0
306.101		321.827		2408		1		0
345.648		318.433		2330		1		0
358.786		328.428		2370		2		0
257.213		295.502		2452		2		0
296.319		309.693		2319		2		0
343.877		309.502		2317		2		0
359.625		323.111		2230		2		0
182.559		302.387		2506		2		0
273.152		304.276		2359		2		0
264.041		313.577		2418		2		0
251.577		309.196		2405		2		0
244.37		301.365		2380		2		0
Frame 118
256.301		307.331		2440		2		0
214.859		304.558		2480		2		0
173.663		302.928		2514		2		0
154.074		305.799		2426		2		0
168.061		327.357		2501		1		0
205.889		310.799		2454		1		0
249.989		304.734		2480		2		0
263.936		302.744		2406		1		0
187.545		281.971		2539		2		0
216.525		279.709		2484		2		0
237.201		302.059		2379		2		0
243.474		308.84		2364		1		0
254.208		317.709		2455		2		0
306.5		321.969		2325		1		0
346.051		318.565		2318		1		0
360.296		325.134		2180		2		0
258.505		297.211		2443		2		0
304.495		315.542		2321		2		0
358.716		326.574		2226		2		0
362.114		341.848		2210		2		0
183.868		303.111		2499		2		0
275.154		302.115		2396		2		0
264.827		312.646		2400		2		0
249.219		312.82		2386		2		0
245.604		306.4		2373		2		0
Frame 119
257.93		307.609		2431		2		0
215.684		304.779		2478		2		0
174.267		302.742		2504		2		0
154.657		305.93		2443		2		0
168.66		327.22		2501		1		0
206.574		310.605		2456		1		0
250.77		304.513		2491		1		0
264.702		302.119		2407		1		0
190.224		283.821		2518		2		0
219.917		285.386		2448		2		0
239.7		311.317		2365		2		0
245.609		317.256		2368		1		0
256.622		317.915		2481		2		0
312.083		320.867		2316		1		0
364.774		326.813		2408		2		0
377.335		330.945		2341		2		0
259.336		297.447		2440		2		0
304.473		316.315		2323		2		0
346.82		319.273		2381		2		0
366.248		326.552		2401		2		0
184.514		303.087		2489		2		0
276.131		302.062		2402		2		0
266.865		311.24		2381		2		0
249.59		323.624		2410		2		0
249.073		315.405		2386		2		0
Frame 120
258.141		309.668		2425		2		0
216.258		305.805		2473		2		0
175.308		303.071		2490		2		0
155.581		306.592		2424		2		0
169.694		327.66		2497		1		0
207.786		310.96		2447		1		0
249.211		292.752		2487		2		0
260.369		289.434		2487		1		0
190.813		284.03		2500		2		0
220.285		285.571		2448		2		0
239.159		312.822		2361		2		0
243.061		320.348		2348		1		0
256.278		320.36		2479		2		0
310.152		324.988		2303		1		0
364.635		326.725		2412		2		0
377.425		330.862		2331		2		0
259.941		299.454		2425		2		0
304.12		318.242		2313		2		0
345.705		322.97		2344		2		0
348.199		337.334		2282		1		0
185.437		303.69		2481		2		0
271.121		289.617		2549		2		0
265.656		296.171		2432		2		0
248.392		325.38		2362		2		0
244.354		316.882		2354		2		0
Frame 121
258.085		309.729		2419		2		0
216.376		306.118		2463		2		0
175.619		303.478		2484		2		0
155.872		307.158		2421		2		0
169.97		327.92		2496		1		0
208.13		311.197		2434		1		0
249.447		292.698		2477		1		0
260.462		289.075		2480		1		0
190.929		284.191		2479		2		0
219.298		288.201		2419		2		0
237.969		319.1		2340		2		0
242.67		325.614		2330		1		0
256.019		320.392		2476		2		0
305.502		322.403		2292		1		0
360.501		327.14		2374		2		0
363.699		341.399		2184		2		0
259.96		299.512		2417		2		0
302.639		318.489		2298		2		0
345.658		323.286		2317		2		0
348.345		337.768		2274		1		0
185.729		304.113		2472		2		0
270.995		289.368		2526		2		0
265.636		296.053		2418		2		0
250.476		329.223		2366		2		0
244.635		321.779		2340		2		0
Frame 122
257.481		309.705		2410		2		0
216.169		306.441		2443		2		0
175.418		304.235		2473		2		0
155.524		308.046		2409		2		0
169.807		328.656		2490		1		0
208.139		311.871		2433		1		0
249.461		293.037		2472		1		0
260.568		289.47		2481		1		0
190.883		285.436		2462		2		0
221.1		289.577		2422		2		0
235.738		320.981		2330		2		0
239.381		326.718		2323		1		0
254.422		319.984		2472		2		0
299.035		319.411		2287		1		0
354.027		329.06		2256		2		0
357.329		343.447		2260		2		0
259.708		299.545		2410		2		0
302.486		318.729		2291		2		0
344.789		324.349		2294		2		0
361.417		335.498		2185		2		0
185.546		304.762		2463		2		0
270.659		289.99		2523		2		0
265.926		296.196		2421		2		0
248.909		330.197		2342		2		0
240.115		322.877		2338		2		0
Frame 123
257.101		309.586		2399		2		0
216.123		306.518		2380		2		0
175.505		304.354		2475		2		0
155.749		308.545		2410		2		0
169.875		328.659		2485		1		0
208.211		311.874		2427		1		0
249.519		293.016		2466		1		0
260.499		289.469		2485		1		0
190.869		285.441		2445		2		0
219.531		291.044		2402		2		0
232.248		323.508		2319		2		0
236.899		328.888		2309		1		0
254.154		319.926		2471		2		0
298.59		319.442		2277		1		0
353.612		330.709		2242		2		0
356.995		345.226		2237		2		0
259.542		299.415		2408		2		0
302.467		318.963		2279		2		0
347.907		324.153		2271		2		0
361.348		334.825		2163		2		0
185.604		304.878		2451		2		0
268.984		289.147		2525		2		0
267.151		296.235		2425		2		0
242.726		334.136		2314		2		0
237.773		330.871		2311		2		0
Frame 124
256.538		309.109		2384		2		0
215.756		306.755		2359		2		0
174.96		305.562		2463		2		0
154.834		309.623		2402		2		0
169.531		329.53		2477		1		0
208.054		312.682		2423		1		0
249.526		293.638		2462		1		0
260.195		290.418		2474		1		0
190.431		287.356		2430		2		0
220.01		293.34		2395		2		0
232.033		326.471		2305		2		0
236.957		330.876		2298		1		0
253.838		319.64		2467		2		0
298.17		319.371		2271		1		0
353.406		328.264		2228		2		0
357.304		342.735		2276		2		0
258.893		298.713		2414		2		0
302.624		319.306		2274		2		0
351.437		327.111		2238		2		0
363.211		336.706		2145		1		0
185.142		305.8		2440		2		0
268.999		290.498		2504		2		0
265.008		297.164		2415		2		0
245.836		334.666		2314		2		0
236.845		331.922		2295		2		0
Frame 125
256.235		309.237		2376		2		0
215.644		306.866		2345		2		0
174.967		305.536		2454		2		0
154.895		309.742		2408		2		0
169.673		329.327		2464		1		0
208.161		312.49		2418		1		0
249.584		293.463		2460		1		0
259.719		289.763		2481		1		0
190.377		287.29		2416		2		0
218.781		295.313		2381		2		0
230.373		328.811		2290		2		0
235.004		332.103		2287		1		0
253.62		320.12		2459		2		0
299.267		322.494		2259		1		0
354.826		329.408		2200		2		0
366.375		323.184		0		2		0
258.444		298.624		2410		2		0
303.206		320.516		2267		2		0
355.39		328.551		2199		2		0
364.391		340.05		2125		2		0
185.14		305.799		2429		2		0
267.497		290.162		2514		2		0
264.069		296.22		2420		2		0
243.802		334.799		2300		2		0
236.079		332.239		2285		2		0
Frame 126
255.04		308.951		2373		2		0
214.672		307.326		2334		2		0
173.906		306.544		2450		2		0
153.598		310.927		2391		2		0
168.964		330.107		2469		1		0
207.61		313.217		2414		1		0
249.226		294.068		2454		1		0
259.505		290.721		2470		1		0
188.523		289.824		2409		2		0
218.577		295.539		2381		2		0
229.416		329.482		2285		2		0
233.414		332.484		2288		1		0
252.52		320.085		2459		2		0
292.835		321.038		2272		1		0
348.005		324.529		2271		2		0
352.068		338.917		2197		2		0
257.373		298.023		2407		2		0
299.612		324.244		2257		2		0
355.646		331.022		2201		2		0
363.368		343.507		2092		2		0
184.108		306.702		2421		2		0
268.248		291.998		2529		2		0
265.041		297.1		2418		2		0
243.252		334.749		2309		2		0
235.086		332.825		2288		2		0
Frame 127
254.808		308.781		2368		2		0
214.627		307.316		2324		2		0
173.908		306.539		2438		2		0
153.64		311.013		2380		2		0
169.215		329.803		2444		1		0
207.809		312.93		2413		1		0
249.355		293.812		2448		1		0
259.539		290.772		2471		1		0
188.545		289.764		2399		2		0
217.401		295.998		2368		2		0
227.865		330.337		2265		2		0
232.772		332.75		2278		1		0
252.267		319.998		2437		2		0
292.605		320.768		2274		1		0
346.069		319.217		2436		2		0
365.592		325.26		2397		2		0
257.191		297.729		2410		2		0
301.085		326.3		2246		2		0
344.563		332.678		2233		2		0
357.02		340.325		2129		2		0
184.106		306.698		2414		2		0
266.744		291.725		2501		2		0
262.486		297.249		2406		2		0
241.252		334.749		2295		2		0
234.762		333.095		2276		2		0
Frame 128
254.73		308.807		2367		2		0
214.57		307.38		2321		2		0
173.909		306.544		2440		2		0
153.667		311.112		2390		2		0
169.574		329.425		2446		1		0
208.085		312.58		2399		1		0
249.521		293.513		2452		1		0
259.13		290.236		2474		1		0
188.417		289.893		2398		2		0
216.487		298.847		2351		2		0
228.909		332.56		2285		2		0
234.337		333.693		2279		1		0
252.086		320.089		2435		2		0
292.477		320.672		2283		1		0
344.952		316.578		2461		2		0
363.592		324.466		2408		2		0
257.178		297.724		2408		2		0
302.725		325.357		2257		2		0
345.599		330.126		2256		2		0
354.119		340.288		2196		2		0
184.103		306.709		2415		2		0
266.562		292.218		2500		2		0
261.502		296.242		2422		2		0
243.542		334.662		2334		2		0
234.666		333.958		2279		2		0
Frame 129
254.438		308.551		2365		2		0
214.484		307.353		2318		2		0
173.9		306.547		2440		2		0
153.696		311.288		2390		2		0
169.798		329.114		2442		1		0
208.249		312.29		2370		1		0
249.609		293.26		2448		1		0
259.202		290.36		2479		1		0
188.299		290.069		2394		2		0
219.743		305.344		2327		2		0
230.007		340.241		2309		1		0
233.581		352.32		2137		1		0
251.784		319.764		2409		2		0
303.386		313.962		2539		2		0
358.409		322.525		2412		2		0
371.337		327.648		2342		2		0
256.935		297.502		2412		2		0
301.207		326.522		2257		2		0
344.005		330.121		2261		2		0
353.761		339.796		2190		2		0
184.086		306.711		2415		2		0
266.981		292.698		2510		2		0
261.89		296.218		2424		2		0
243.08		353.09		2120		1		0
233.913		352.688		2137		1		0
Frame 130
253.376		308.719		2369		2		0
213.462		307.78		2317		2		0
173.163		307.006		2441		2		0
152.838		311.783		2395		2		0
169.572		329.214		2443		1		0
208.037		312.385		2360		1		0
249.424		293.341		2446		1		0
259.032		290.495		2479		1		0
187.374		290.83		2399		2		0
215.779		301.216		2336		2		0
228.12		335.087		2293		2		0
235.007		335		2280		1		0
250.624		319.877		2412		2		0
302.093		314.045		2491		2		0
348.876		315.839		2457		2		0
366.28		325.725		2364		2		0
256.032		297.691		2413		2		0
302.595		325.329		2264		2		0
345.553		331.489		2244		1		0
356.384		340.78		2152		2		0
183.271		307.186		2419		2		0
266.645		292.716		2512		2		0
261.735		296.416		2424		2		0
242.501		335		2306		2		0
234.502		335		2281		2		0
Frame 131
252.997		308.85		2370		2		0
213.131		307.931		2323		2		0
172.908		307.132		2441		2		0
152.549		311.897		2389		2		0
169.439		329.249		2446		1		0
207.909		312.418		2383		1		0
249.306		293.368		2438		1		0
258.972		290.578		2472		1		0
187.121		291.103		2401		2		0
215.959		300.968		2337		2		0
227.064		335.356		2300		2		0
234.506		335		2281		1		0
250.192		319.992		2400		2		0
301.666		314.119		2500		2		0
348.887		315.96		2459		2		0
366.192		325.925		2378		2		0
255.72		297.827		2409		2		0
302.518		325.287		2254		2		0
345.538		331.347		2246		2		0
349.654		347.23		2197		1		0
182.995		307.323		2421		2		0
266.979		293.369		2497		2		0
260.473		296.345		2419		2		0
242.501		335		2313		2		0
234.768		335		2281		2		0
Frame 132
252.852		308.781		2364		2		0
213.084		307.84		2324		2		0
173.008		306.942		2447		2		0
152.747		311.814		2390		2		0
169.718		328.882		2448		1		0
208.123		312.072		2349		1		0
249.436		293.066		2436		1		0
259.18		290.683		2472		1		0
187.153		291.054		2403		2		0
222.757		311.932		2322		2		0
225.256		349.071		2186		1		0
226.15		362.01		2037		1		0
250.111		319.975		2397		2		0
301.475		314.093		2506		2		0
351.234		317.43		2445		2		0
366.389		326.054		2382		2		0
255.469		297.662		2409		2		0
300.067		326.662		2256		2		0
342.8		329.778		2258		1		0
357.956		330.104		2386		2		0
183.044		307.168		2417		2		0
267.488		293.88		2518		2		0
260.45		296.184		2423		2		0
234.481		361.741		2048		1		0
226.633		362.101		2037		1		0
Frame 133
252.813		308.791		2362		2		0
213.082		307.82		2327		2		0
173.104		306.797		2448		2		0
152.89		311.717		2390		2		0
169.917		328.684		2450		1		0
208.29		311.884		2345		1		0
249.559		292.901		2442		1		0
259.272		290.755		2479		1		0
187.222		290.923		2401		2		0
218.097		304.362		2340		2		0
233.406		336.748		2283		2		0
238.672		347.848		2218		1		0
250.049		320.09		2414		2		0
301.179		314.054		0		2		0
350.293		316.949		2455		2		0
366.52		325.912		2376		2		0
255.437		297.645		2404		2		0
301.497		325.599		2254		2		0
357.43		335.386		2243		2		0
361.883		351.566		2100		1		0
183.101		307.066		2423		2		0
267.541		293.645		2515		2		0
260.925		296.238		2421		2		0
246.661		347.722		2217		1		0
239.183		347.89		2215		1		0
Frame 134
252.771		308.798		2365		2		0
213.079		307.795		2326		2		0
173.209		306.691		2449		2		0
153.041		311.63		2380		2		0
170.072		328.563		2444		1		0
208.42		311.772		2351		1		0
249.656		292.806		2446		1		0
259.375		290.746		2475		1		0
187.277		290.833		2401		2		0
222.026		311.391		2326		2		0
239.425		342.54		2283		1		0
245.331		353.074		2129		1		0
250.008		320.114		2415		2		0
301.398		314.175		2506		2		0
350.19		317.274		2447		2		0
366.411		325.869		2383		2		0
255.396		297.639		2408		2		0
301.601		325.45		2256		2		0
344.756		330.628		2248		2		0
358.914		330.691		2405		2		0
183.171		306.981		2423		2		0
267.488		293.482		2505		2		0
261.028		296.137		2420		2		0
253.203		352.898		2148		1		0
245.861		353.133		2129		1		0
Frame 135
252.768		308.804		2365		2		0
213.092		307.775		2331		2		0
173.28		306.608		2451		2		0
153.149		311.605		2385		2		0
170.165		328.485		2444		1		0
208.5		311.699		2359		1		0
249.716		292.742		2442		1		0
259.549		290.696		2474		1		0
187.373		290.799		2409		2		0
215.28		303.277		2331		2		0
234.66		332.693		2286		2		0
238.413		333.509		2323		1		0
250.009		320.145		2423		2		0
301.344		314.161		0		2		0
349.676		317.02		2455		2		0
366.275		325.756		2375		2		0
255.392		297.637		2413		2		0
301.707		325.331		2256		2		0
344.873		330.79		2249		1		0
359.167		330.86		2419		2		0
183.228		306.914		2427		2		0
267.482		293.091		2519		2		0
261.346		296.312		2423		2		0
242.752		334.243		2349		2		0
235.335		334.4		2285		2		0
Frame 136
252.745		308.777		2368		2		0
213.111		307.723		2329		2		0
173.338		306.559		2448		2		0
153.225		311.577		2380		2		0
170.233		328.438		2443		1		0
208.56		311.655		2368		1		0
249.764		292.704		2445		1		0
259.563		290.527		2477		1		0
187.434		290.689		2409		2		0
218.597		305.572		2336		2		0
235.631		336.772		2286		2		0
241.005		335		2335		1		0
250.005		320.139		2431		2		0
301.388		314.2		0		2		0
358.835		320.313		2417		2		0
369.844		328.361		2374		2		0
255.345		297.567		2409		2		0
301.723		325.144		2254		2		0
344.877		331.328		2241		2		0
358.709		330.365		2411		2		0
183.28		306.861		2427		2		0
267.32		292.813		2524		2		0
261.353		296.241		2427		2		0
243		335		2315		2		0
241.005		335		2335		1		0
