sit
Frame 0
270.888		241.797		2009		2		0
272.132		192.38		1971		2		0
273.203		142.722		1970		2		0
258.007		122.214		1882		2		0
248.391		163.448		2123		2		0
246.617		213.092		2089		1		0
237.408		247.77		2161		2		0
237.766		249.14		2171		2		0
295.112		163.918		1940		2		0
306.253		210.852		1944		2		0
310.951		253.367		1914		2		0
307.891		262.518		1899		2		0
260.685		240.845		2041		2		0
260.524		289.476		2107		2		0
260.242		341.326		2184		2		0
251.46		355.856		0		2		0
281.908		243.084		1973		2		0
285.055		292.431		2057		2		0
281.533		344.395		2169		2		0
273.464		359.156		2339		2		0
273.022		155.215		1989		2		0
238.503		259		2174		2		0
233.539		250.768		2159		2		0
303.996		270.334		1934		2		0
313.644		264.144		1940		2		0
Frame 1
270.948		241.926		2013		2		0
271.952		192.595		1978		2		0
272.566		142.954		1965		2		0
257.163		122.713		1893		2		0
248.69		163.868		2130		2		0
246.745		213.446		2099		1		0
239.061		248.076		2182		2		0
238.176		252.288		2201		2		0
295.004		163.931		1935		2		0
306.258		210.947		1936		2		0
311.034		253.536		1908		2		0
307.448		262.524		1888		2		0
260.792		241.03		2050		2		0
260.646		289.453		2110		2		0
260.238		341.367		2184		2		0
251.321		355.873		2311		2		0
281.924		243.274		1972		2		0
285.118		292.416		2055		2		0
281.509		344.393		2173		2		0
273.297		359.127		2336		2		0
272.492		155.459		1994		2		0
240.255		258.246		2215		2		0
235.092		254.731		2189		2		0
303.997		270.334		1918		2		0
313.168		264.751		1930		2		0
Frame 2
271.011		242.16		2011		2		0
271.75		192.842		1980		2		0
272.046		143.183		1980		2		0
256.338		123.186		1884		2		0
248.948		164.635		2132		2		0
246.861		214.183		2097		1		0
239.416		248.341		2199		2		0
238.925		251.949		2214		2		0
294.231		163.975		1930		2		0
306.089		210.663		1925		2		0
310.352		253.477		1894		2		0
307.027		262.561		1881		2		0
260.865		241.194		2054		2		0
260.715		289.134		2109		2		0
260.255		341.402		2188		2		0
250.967		355.791		2396		2		0
281.892		243.584		1969		2		0
285.128		292.508		2050		2		0
281.513		344.404		2168		2		0
272.911		359.019		2357		2		0
272.039		155.697		1989		2		0
240.338		257.887		2222		2		0
235.25		249.754		2205		2		0
303.397		270.3		1895		2		0
313.092		264.638		1919		2		0
Frame 3
270.98		242.27		2014		2		0
271.512		193.021		1976		2		0
271.637		143.324		1976		2		0
255.736		123.552		1892		2		0
249.081		164.918		2122		2		0
246.932		214.452		2093		1		0
240.52		247.503		2216		2		0
239.547		251.083		2235		2		0
293.728		163.969		1930		2		0
306.265		210.74		1917		2		0
309.526		253.681		1883		2		0
306.181		262.67		1865		2		0
260.845		241.334		2048		2		0
260.81		289.064		2108		2		0
260.295		341.448		2184		2		0
250.753		355.753		2392		2		0
281.747		243.737		1965		2		0
285.113		292.35		2047		2		0
281.477		344.429		2167		2		0
272.604		358.958		2360		2		0
271.653		155.851		1989		2		0
241.144		257.429		2236		2		0
236.799		249.136		2231		2		0
302.45		270.365		1885		2		0
312.54		264.77		1908		2		0
Frame 4
271.184		242.441		2002		2		0
271.412		193.16		1967		2		0
271.246		143.523		1970		2		0
255.28		123.838		1885		2		0
249.236		165.224		2115		2		0
249.31		210.153		2066		2		0
243.536		242.647		2186		1		0
240.594		247.4		2231		1		0
293.326		163.93		1925		2		0
306.302		210.752		1910		2		0
308.512		253.76		1871		2		0
305.078		262.803		1855		2		0
261.019		241.436		2042		2		0
260.917		288.947		2106		2		0
260.282		341.447		2189		2		0
250.535		355.681		2392		2		0
281.914		243.865		1961		2		0
285.19		292.248		2053		2		0
281.289		344.458		2170		2		0
272.191		358.92		2348		2		0
271.345		156.025		1991		2		0
240.201		252.5		2243		2		0
241.249		240.501		2226		2		0
299.413		270.714		1901		2		0
311.359		264.569		1896		2		0
Frame 5
271.236		242.498		2004		2		0
271.318		193.207		1972		2		0
271.005		143.549		1978		2		0
254.913		124.017		1892		2		0
249.336		165.475		2121		2		0
249.321		210.227		2066		2		0
243.496		242.733		2194		1		0
241.806		247.323		2242		1		0
292.95		163.867		1929		2		0
306.192		210.685		1904		2		0
307.47		253.66		1864		2		0
303.819		257.569		1854		2		0
261.097		241.501		2042		2		0
261.042		288.865		2109		2		0
260.29		341.523		2190		2		0
250.358		355.692		2376		2		0
281.893		243.823		1962		2		0
285.181		292.112		2051		2		0
280.878		344.669		2177		2		0
271.572		359.067		2341		2		0
271.136		156.056		1984		2		0
241.4		250.2		2250		2		0
242		242.5		2235		2		0
301.843		269.58		1863		2		0
310.522		261.348		1876		2		0
Frame 6
271.388		242.639		2001		2		0
271.188		193.322		1967		2		0
270.719		143.655		1969		2		0
254.62		124.1		1890		2		0
249.424		165.735		2113		2		0
249.392		210.403		2067		2		0
243.508		242.891		2152		1		0
241.638		244.519		0		1		0
292.628		163.833		1923		2		0
306.008		210.647		1899		2		0
306.749		253.618		1854		2		0
302.665		257.657		1844		2		0
261.271		241.649		2039		2		0
261.058		288.812		2104		2		0
260.399		341.531		2186		2		0
250.32		355.637		2392		2		0
281.952		243.831		1956		2		0
285.142		292.136		2048		2		0
280.907		344.697		2172		2		0
271.441		359.032		2349		2		0
270.885		156.156		1987		2		0
241.225		247.472		2254		1		0
241.835		239.601		2674		1		0
300.959		269.501		1858		2		0
296.22		252.557		1952		2		0
Frame 7
271.406		242.618		1997		2		0
271.037		193.35		1966		2		0
270.507		143.706		1972		2		0
254.391		124.136		1891		2		0
249.474		165.882		2113		1		0
249.417		210.698		2064		2		0
243.47		243.166		0		1		0
241.603		244.902		2661		1		0
292.391		163.78		1924		2		0
305.225		208.174		1903		2		0
305.516		251.348		1858		2		0
301.095		257.925		1837		2		0
261.312		241.708		2037		2		0
261.08		288.806		2108		2		0
260.436		341.532		2181		2		0
250.265		355.594		2397		2		0
281.928		243.611		1953		2		0
285.064		292.286		2045		2		0
280.964		344.712		2171		2		0
271.401		359.005		2338		2		0
270.679		156.197		1983		2		0
241.19		247.855		0		1		0
241.798		239.974		2667		1		0
299.053		269.211		1850		2		0
307.353		264.826		1870		2		0
Frame 8
271.314		242.616		1995		2		0
270.958		193.346		1971		2		0
270.478		143.705		1968		2		0
254.274		124.241		1888		2		0
249.585		165.968		2109		1		0
249.381		210.659		2062		2		0
243.434		243.113		0		1		0
241.559		244.904		2663		1		0
292.188		163.71		1923		2		0
305.045		208.683		1901		2		0
304.246		251.792		1852		2		0
299.885		257.985		1834		2		0
261.288		241.748		2034		2		0
261.106		288.784		2106		2		0
260.48		341.608		2183		2		0
250.216		355.624		2385		2		0
281.769		243.535		1954		2		0
285.045		292.458		2047		2		0
280.954		344.676		2175		2		0
271.291		358.918		2356		2		0
270.635		156.194		1992		2		0
241.147		247.858		2662		1		0
241.76		239.97		2665		1		0
296.805		269.152		1847		2		0
293.083		251.829		1944		2		0
Frame 9
271.15		242.588		1994		2		0
270.817		193.29		1968		2		0
270.405		143.628		1973		2		0
254.225		124.222		1894		2		0
249.674		165.999		2105		1		0
247.215		218.935		2060		2		0
241.256		251.3		2658		1		0
238.208		259.721		2657		1		0
292.102		163.706		1922		2		0
305.008		208.878		1900		2		0
303.029		251.869		1851		2		0
298.538		258.059		1829		2		0
261.123		241.781		2030		2		0
261.107		288.781		2107		2		0
260.599		341.77		2183		2		0
250.298		355.77		2382		2		0
281.629		243.442		1950		2		0
284.952		292.454		2047		2		0
280.886		344.702		2169		2		0
271.181		358.922		2350		2		0
270.538		156.117		1982		2		0
237.821		262.55		2656		1		0
238.407		254.824		2661		1		0
295.564		268.947		1840		2		0
294.051		256.117		1846		2		0
Frame 10
270.928		242.561		1996		2		0
270.727		193.238		1967		2		0
270.438		143.528		1966		2		0
254.212		124.176		1894		2		0
249.865		165.995		2095		1		0
247.151		218.946		2063		2		0
241.168		251.219		2651		1		0
238.122		259.639		2656		1		0
292.034		163.699		1924		2		0
304.519		209.162		1901		2		0
302.326		252.103		1853		2		0
297.284		258.178		1832		2		0
260.932		241.734		2030		2		0
261.081		288.773		2104		2		0
260.53		341.844		2180		2		0
250.199		355.83		2381		2		0
281.387		243.439		1951		2		0
284.747		292.036		2047		2		0
280.877		344.686		2168		2		0
271.142		358.889		2369		2		0
270.537		156.029		1980		2		0
237.736		262.468		2654		1		0
238.4		254.817		2662		1		0
294.692		268.411		1843		2		0
294.233		255.29		1844		2		0
Frame 11
270.468		242.361		1995		2		0
270.578		193.11		1973		2		0
270.448		143.441		1971		2		0
254.261		124		1891		2		0
249.706		165.717		2088		2		0
246.372		218.598		2058		1		0
240.374		250.669		2659		1		0
237.337		259.092		2659		1		0
292.01		163.708		1927		2		0
303.899		209.699		1905		2		0
301.6		252.596		1854		2		0
296.386		257.966		1831		2		0
260.403		241.518		2030		2		0
260.93		288.722		2101		2		0
260.531		341.86		2188		2		0
250.246		355.849		2386		2		0
280.987		243.252		1955		2		0
284.692		292.011		2046		2		0
281.014		344.459		2171		2		0
271.332		358.66		2376		2		0
270.516		155.937		1988		2		0
236.957		261.924		2659		1		0
237.84		254.416		2661		1		0
293.208		268.402		1842		2		0
293.395		255.189		1845		2		0
Frame 12
269.993		242.305		1995		2		0
270.426		193.013		1961		2		0
270.493		143.296		1971		2		0
254.398		123.649		1888		2		0
249.518		165.621		2077		2		0
245.995		218.398		2065		1		0
240.012		250.497		2658		1		0
236.976		258.926		2659		1		0
292.007		163.712		1929		2		0
303.479		209.98		1908		2		0
300.91		252.796		1855		2		0
295.9		257.969		1837		2		0
259.828		241.405		2028		2		0
260.717		288.635		2101		2		0
260.52		341.869		2179		2		0
250.31		355.877		2406		2		0
280.599		243.241		1957		2		0
284.656		292.009		2052		2		0
281.101		344.421		2168		2		0
271.504		358.64		2344		2		0
270.511		155.814		1981		2		0
236.599		261.761		2657		1		0
237.356		254.145		2663		1		0
292.355		268.252		1843		2		0
293.102		256.378		1842		2		0
Frame 13
269.547		242.277		1993		2		0
270.285		192.927		1963		2		0
270.554		143.123		1970		2		0
254.616		123.379		1887		2		0
249.172		165.277		2071		2		0
245.427		217.877		2057		1		0
239.469		250.011		2667		1		0
236.438		258.447		2655		1		0
292		163.714		1929		2		0
303.096		210.048		1909		2		0
300.52		252.808		1860		2		0
295.639		257.879		1841		2		0
259.233		241.203		2028		2		0
260.562		288.589		2100		2		0
260.431		341.922		2177		2		0
250.309		355.959		2406		2		0
280.196		243.353		1961		2		0
284.49		291.834		2050		2		0
281.217		344.361		2167		2		0
271.721		358.606		2359		2		0
270.515		155.678		1986		2		0
236.064		261.286		2659		1		0
236.637		253.549		2660		1		0
292.357		268.252		1849		2		0
292.097		255.817		1856		2		0
Frame 14
269.182		242.281		1992		2		0
270.185		192.853		1967		2		0
270.658		142.927		1962		2		0
254.891		123.012		1884		2		0
248.772		164.821		2080		2		0
248.206		203.773		2046		2		0
242.081		236.435		2067		1		0
239.028		245		2663		1		0
291.987		163.749		1930		2		0
302.758		210.205		1918		2		0
300.299		252.917		1865		2		0
295.925		257.861		1844		2		0
258.738		241.102		2022		2		0
260.44		288.667		2098		2		0
260.368		341.954		2185		2		0
250.365		356.03		2376		2		0
279.853		243.453		1971		2		0
284.415		291.741		2050		2		0
281.316		344.309		2167		2		0
271.953		358.589		2355		2		0
270.549		155.531		1987		2		0
238.636		247.932		2659		1		0
239.225		240.111		2661		1		0
292.159		268.211		1852		2		0
297.705		259.147		1842		2		0
Frame 15
268.733		242.167		1994		2		0
270.063		192.759		1963		2		0
270.749		142.817		1970		2		0
255.397		122.387		1880		2		0
247.753		163.194		2094		2		0
248.041		203.476		2039		2		0
241.963		236.304		2127		1		0
239.228		246.996		2177		1		0
292.059		163.811		1939		2		0
302.591		210.292		1921		2		0
300.399		253.073		1862		2		0
296.782		257.801		1849		2		0
258.212		240.835		2015		2		0
260.272		288.632		2094		2		0
260.231		341.944		2178		2		0
250.447		356.093		2399		2		0
279.404		243.456		1966		2		0
284.391		291.593		2046		2		0
281.417		344.061		2167		2		0
272.294		358.409		2359		2		0
270.581		155.437		1985		2		0
238.997		250.997		2181		2		0
238.5		245.999		0		2		0
293.496		268.409		1856		2		0
291.545		249.18		1955		2		0
Frame 16
268.101		241.988		1994		2		0
269.919		192.617		1959		2		0
270.966		142.583		1966		2		0
255.901		121.839		1877		2		0
247.212		162.51		2081		2		0
247.992		203.744		2038		2		0
241.906		236.613		2116		1		0
237.903		247.373		2161		2		0
292.662		163.951		1936		2		0
302.417		210.316		1925		2		0
300.666		253.085		1865		2		0
297.986		257.577		1853		2		0
257.464		240.582		2018		2		0
260.193		288.816		2095		2		0
260.111		341.981		2178		2		0
250.682		356.252		2386		2		0
278.885		243.354		1966		2		0
284.345		291.522		2049		2		0
281.401		344.03		2163		2		0
272.658		358.498		2331		2		0
270.677		155.246		1982		2		0
239.501		258.501		2172		2		0
235.287		249.712		2169		2		0
295.049		268.404		1861		2		0
292.164		250.575		1956		2		0
Frame 17
267.724		241.911		1992		2		0
269.826		192.547		1968		2		0
271.107		142.476		1973		2		0
256.409		121.387		1876		2		0
246.761		162.361		2089		2		0
247.866		203.245		2037		2		0
238.986		236.911		2145		2		0
236.625		249.077		2145		2		0
293.143		164.001		1943		2		0
302.553		210.411		1933		2		0
301.755		253.112		1873		2		0
299.343		257.355		1863		2		0
257.111		240.518		2016		2		0
260.036		288.957		2095		2		0
260.043		342.019		2183		2		0
250.927		356.396		2371		2		0
278.488		243.275		1969		2		0
284.313		291.457		2055		2		0
281.493		343.884		2168		2		0
273.085		358.452		2356		2		0
270.742		155.158		1982		2		0
237.999		259.223		2173		2		0
232.834		247.329		0		2		0
296.231		268.848		1867		2		0
305.707		261.294		1886		2		0
Frame 18
267.56		241.902		1996		2		0
269.764		192.514		1961		2		0
271.174		142.426		1969		2		0
257.179		120.9		1873		2		0
246.235		162.328		2079		2		0
242.031		214.865		2070		2		0
233.245		250.058		2132		2		0
234.422		256.263		2143		2		0
293.214		164.021		1949		2		0
302.731		210.264		1942		2		0
303.311		252.909		1881		2		0
301.053		261.821		1865		2		0
256.9		240.531		2016		2		0
259.94		289.665		2090		2		0
259.951		342.036		2174		2		0
251.104		356.503		0		2		0
278.331		243.246		1976		2		0
284.246		291.389		2055		2		0
281.582		343.758		2168		2		0
273.466		358.41		2354		2		0
270.773		155.113		1984		2		0
237.007		260.798		2158		2		0
231.765		255.832		2143		2		0
298.296		269.201		1876		2		0
306.3		264.003		1900		2		0
Frame 19
267.55		241.921		1997		2		0
269.759		192.518		1973		2		0
271.301		142.439		1971		2		0
257.811		120.502		1877		2		0
245.655		162.38		2085		2		0
241.643		205.451		2099		2		0
234.227		242.887		2122		2		0
232.265		249.614		2114		2		0
293.526		164.077		1957		2		0
302.926		210.2		1956		2		0
305.901		252.6		1894		2		0
302.858		261.898		1878		2		0
256.847		240.619		2020		2		0
259.568		289.862		2095		2		0
259.878		342.037		2182		2		0
251.487		356.643		0		2		0
278.468		243.134		1982		2		0
284.212		291.348		2062		2		0
281.599		343.687		2170		2		0
273.965		358.476		2349		2		0
270.863		155.111		1990		2		0
233.578		260.786		2129		2		0
227.843		248.257		2137		2		0
300.164		269.335		1892		2		0
307.899		264.804		1897		2		0
Frame 20
267.615		241.949		1996		2		0
269.799		192.519		1966		2		0
271.439		142.433		1974		2		0
258.448		120.178		1871		2		0
244.948		162.656		2081		2		0
239.009		206.383		2120		2		0
231.882		244.681		2100		2		0
229.991		250.103		2097		2		0
293.705		164.158		1957		2		0
303.022		209.89		1961		2		0
306.914		252.071		1898		2		0
304.872		261.547		1887		2		0
256.88		240.84		2014		2		0
259.327		289.998		2090		2		0
259.778		341.994		2180		2		0
251.844		356.732		0		2		0
278.799		243.05		1984		2		0
284.266		291.318		2063		2		0
281.782		343.553		2168		2		0
274.638		358.468		0		2		0
270.98		155.096		1988		2		0
232.378		261.75		2119		2		0
224.25		250.247		2131		2		0
301.815		269.273		1900		2		0
309.706		263.947		1901		2		0
Frame 21
267.778		242		1996		2		0
269.872		192.541		1978		2		0
271.538		142.46		1977		2		0
259.104		119.954		1869		2		0
244.501		162.74		2076		2		0
238.04		206.856		2115		2		0
230.641		245.377		2081		2		0
228.323		254.405		2090		2		0
293.985		164.153		1963		2		0
303.456		209.987		1974		2		0
307.901		252.189		1904		2		0
306.739		261.725		1898		2		0
256.955		240.987		2016		2		0
258.989		290.304		2090		2		0
259.61		342.065		2175		2		0
252.148		356.94		2229		2		0
279.222		242.977		1982		2		0
283.985		291.562		2066		2		0
281.831		343.554		2168		2		0
275.189		358.603		2178		2		0
271.079		155.112		1989		2		0
230.602		262.2		2095		2		0
223.334		251.765		2093		2		0
303.442		269.223		1913		2		0
311.88		262.833		1908		2		0
Frame 22
268.134		241.957		2003		2		0
270.038		192.554		1983		2		0
271.659		142.528		1981		2		0
259.661		119.757		1870		2		0
244.095		162.789		2073		2		0
237.18		207.504		2105		2		0
228.673		246.088		2066		2		0
227.534		249.801		2063		2		0
294.358		164.104		1974		2		0
303.655		209.598		1987		2		0
309.871		251.516		1924		2		0
309.075		256.509		1906		2		0
257.047		241.023		2023		2		0
258.767		290.373		2091		2		0
259.577		342.056		2178		2		0
252.746		357.097		2257		2		0
279.86		242.737		1992		2		0
283.994		291.662		2073		2		0
281.885		343.506		2169		2		0
275.901		358.721		2193		2		0
271.217		155.157		1991		2		0
228.703		261.802		2084		2		0
221.667		249.993		2080		2		0
307.262		267.843		1916		2		0
312.855		258.512		1908		2		0
Frame 23
268.679		241.852		2006		2		0
270.234		192.595		1981		2		0
271.692		142.698		1976		2		0
260.316		119.681		1866		2		0
243.709		162.986		2074		2		0
236.48		207.189		2097		2		0
227.178		245.688		2048		2		0
226.322		249.55		2046		2		0
294.738		164.057		1982		2		0
304.058		209.732		1996		2		0
311.191		251.402		1933		2		0
310.175		255.45		1923		2		0
257.245		241.041		2025		2		0
258.579		290.483		2088		2		0
259.451		342.044		2180		2		0
253.2		357.233		2190		2		0
280.594		242.486		1993		2		0
284.021		291.767		2074		2		0
281.931		343.406		2170		2		0
276.556		358.764		2175		2		0
271.293		155.285		1989		2		0
227.268		261.467		2062		2		0
221.266		250.6		2056		2		0
308.749		267.626		1931		2		0
315.144		257.853		1931		2		0
Frame 24
269.048		241.656		2012		2		0
270.419		192.61		1985		2		0
271.77		142.863		1982		2		0
261.008		119.611		1867		2		0
243.468		162.832		2071		2		0
235.944		207.018		2089		2		0
226.701		245.531		2034		2		0
225.894		249.071		2027		2		0
294.952		164.001		1987		2		0
304.334		209.922		2008		2		0
313.033		251.091		1949		2		0
310.627		260.423		1954		2		0
257.392		241.002		2029		2		0
258.519		290.482		2090		2		0
259.375		342.069		2177		2		0
253.703		357.398		2191		2		0
281.022		242.179		2003		2		0
284.081		291.684		2077		2		0
281.941		343.38		2166		2		0
277.167		358.874		2172		2		0
271.401		155.411		2001		2		0
226.463		261.309		2052		2		0
220.825		250.607		2045		2		0
307.664		268.334		1957		2		0
315.335		264.333		1966		2		0
Frame 25
269.264		241.298		2027		2		0
270.484		192.589		1993		2		0
271.737		143.11		1983		2		0
261.544		119.527		1867		2		0
243.194		162.552		2068		2		0
235.458		206.573		2084		2		0
226.631		245.194		2020		2		0
226.059		249.065		2025		2		0
295.306		163.833		2000		2		0
304.878		210.15		2020		2		0
314.101		250.952		1965		2		0
311.559		260.166		1975		2		0
257.529		240.833		2037		2		0
258.47		290.489		2091		2		0
259.307		342.126		2177		2		0
254.23		357.583		2183		2		0
281.214		241.719		2010		2		0
284.057		291.406		2083		2		0
281.88		343.399		2172		2		0
277.72		359.017		2167		2		0
271.397		155.587		2006		2		0
226.948		261.356		2035		2		0
221.204		249.7		2030		2		0
309.579		267.417		1969		2		0
316.68		260.555		1962		2		0
Frame 26
269.514		240.933		2031		2		0
270.657		192.583		1999		2		0
271.85		143.367		1985		2		0
262.065		119.526		1863		2		0
243.063		162.401		2069		2		0
235.199		206.327		2075		2		0
226.892		245.073		2007		2		0
226.738		248.89		2007		2		0
295.344		163.732		2011		2		0
304.913		210.281		2034		2		0
314.605		250.801		1982		2		0
312.216		259.744		1985		2		0
257.708		240.626		2044		2		0
258.352		290.524		2096		2		0
259.2		342.348		2182		2		0
254.509		357.905		2183		2		0
281.473		241.235		2022		2		0
283.928		291.075		2084		2		0
281.922		343.394		2175		2		0
278.165		359.099		2161		2		0
271.529		155.784		2004		2		0
227.057		260.836		2018		2		0
221.17		247.76		2019		2		0
309.584		267.417		1987		2		0
317.409		260.009		1981		2		0
Frame 27
269.554		240.376		2044		2		0
270.724		192.491		2008		2		0
271.933		143.615		1993		2		0
262.785		119.506		1866		2		0
242.881		162.19		2073		2		0
235.206		206.009		2072		2		0
227.314		244.766		2002		2		0
227.772		248.517		1996		2		0
295.645		163.394		2016		2		0
304.591		210.49		2047		2		0
315.011		250.594		1999		2		0
312.701		253.776		1995		2		0
257.751		240.172		2056		2		0
258.257		290.707		2093		2		0
259.14		342.478		2173		2		0
255.157		358.178		2170		2		0
281.501		240.619		2029		2		0
283.774		290.827		2087		2		0
282.333		343.596		2172		2		0
279.321		359.436		2156		2		0
271.615		155.955		2008		2		0
228.448		260.559		2012		2		0
222.332		248.92		2006		2		0
311.799		265.867		2007		2		0
318.063		255.375		2000		2		0
Frame 28
269.569		239.903		2053		2		0
270.756		192.472		2020		2		0
271.979		143.906		1995		2		0
263.344		119.613		1864		2		0
242.813		162.1		2077		2		0
235.345		205.437		2067		2		0
228.107		244.286		2000		2		0
228.775		248.879		1987		2		0
295.899		163.302		2025		2		0
303.943		210.352		2065		2		0
315.096		250.003		2017		2		0
312.735		253.082		2010		2		0
257.775		239.767		2063		2		0
258.076		290.959		2089		2		0
259.107		342.764		2175		2		0
255.608		358.581		2173		2		0
281.491		240.078		2043		2		0
283.726		290.691		2087		2		0
282.52		343.926		2171		2		0
280.011		359.876		2147		2		0
271.661		156.18		2020		2		0
229.65		260.414		2006		2		0
223.334		251.169		2014		2		0
311.831		265.668		2028		2		0
318.071		255.5		2018		2		0
Frame 29
269.579		239.502		2064		2		0
270.743		192.537		2028		2		0
271.958		144.301		2004		2		0
264.077		119.904		1865		2		0
242.804		162.077		2075		2		0
235.809		205.321		2066		2		0
229.035		244.116		1996		2		0
230.645		248.458		1985		2		0
295.979		163.422		2035		2		0
303.885		210.452		2077		2		0
315.335		249.738		2038		2		0
312.585		252.577		2028		2		0
257.788		239.28		2076		2		0
258.046		291		2090		2		0
259.045		343.072		2178		2		0
256.061		359.014		2169		2		0
281.494		239.758		2054		2		0
283.658		290.611		2091		2		0
282.711		344.93		2165		2		0
280.733		361.033		2149		2		0
271.644		156.507		2024		2		0
231.388		259.891		2003		2		0
225.572		248.747		2015		2		0
312		264.786		2032		2		0
318.3		253.797		2034		2		0
Frame 30
269.556		239.287		2082		2		0
270.764		192.713		2038		2		0
272.01		144.745		1997		2		0
264.644		120.219		1871		2		0
242.823		162.076		2079		2		0
236.296		205.571		2070		2		0
230.303		244.49		2004		2		0
232.736		248.025		1989		2		0
296.016		163.545		2048		2		0
303.529		210.449		2088		2		0
314.949		249.418		2049		2		0
312.375		252.327		2048		2		0
257.778		239.053		2092		2		0
258.01		291.236		2084		2		0
259.111		343.961		2174		2		0
256.655		360.053		2165		2		0
281.443		239.549		2071		2		0
283.468		290.737		2093		2		0
282.836		345.274		2170		2		0
281.398		361.493		2142		2		0
271.691		156.894		2029		2		0
233.789		259.788		1998		2		0
227.637		247.992		2024		2		0
311.583		264.834		2060		2		0
316.901		254.998		2045		2		0
Frame 31
269.622		238.979		2094		2		0
270.767		192.97		2054		2		0
271.983		145.322		2011		2		0
265.328		120.672		1872		2		0
242.789		162.009		2085		2		0
236.93		205.781		2076		2		0
233.703		245.164		1999		2		0
234.744		248.418		1992		2		0
296.014		163.764		2055		2		0
303.102		210.439		2098		2		0
314.927		249.047		2068		2		0
311.94		252.452		2063		2		0
257.929		238.739		2105		2		0
258.047		291.208		2084		2		0
259.108		344.07		2171		2		0
257.008		360.287		2159		2		0
281.388		239.243		2086		2		0
283.418		290.836		2090		2		0
282.988		345.965		2164		2		0
281.911		362.331		2140		2		0
271.671		157.412		2033		2		0
236.293		259.825		2006		2		0
229.438		250.44		2007		2		0
311.502		264.501		2070		2		0
316.814		254.874		2065		2		0
Frame 32
270.027		239.033		2116		2		0
270.979		193.559		2061		2		0
272.04		146.31		2015		2		0
266.041		121.48		1874		2		0
242.822		162.142		2086		2		0
237.31		205.936		2084		2		0
235.445		245.391		2007		2		0
237.043		248.356		1997		2		0
295.915		164.329		2061		2		0
303.02		210.755		2110		2		0
314.346		249.252		2082		2		0
311.451		253.106		2074		2		0
258.376		238.809		2118		2		0
258.12		291.295		2077		2		0
259.204		344.425		2168		2		0
257.491		360.763		2161		2		0
281.759		239.273		2103		2		0
283.375		290.947		2085		2		0
283.042		345.989		2160		2		0
282.35		362.459		2138		2		0
271.763		158.31		2041		2		0
238.858		259.716		2011		2		0
231.571		251.786		2033		2		0
311		264.846		2081		2		0
316.001		254.113		2073		2		0
Frame 33
270.522		239.275		2129		2		0
271.222		194.455		2081		2		0
272.058		147.769		2015		2		0
266.916		122.945		1880		2		0
242.966		162.614		2093		2		0
238.763		206.853		2092		2		0
236.599		245.774		2020		2		0
238.907		248.354		2007		2		0
295.902		165.422		2076		2		0
302.206		211.546		2126		2		0
314.189		249.542		2095		2		0
311.297		253.124		2091		2		0
258.743		239.086		2140		2		0
258.233		291.508		2080		2		0
259.279		344.735		2170		2		0
257.961		361.193		2156		2		0
282.387		239.466		2121		2		0
283.316		291.15		2079		2		0
283.11		346.131		2160		2		0
282.812		362.713		2139		2		0
271.835		159.633		2050		2		0
240.293		258.943		2010		2		0
233.999		250.986		2021		2		0
311.274		265.182		2097		2		0
316.001		254.592		2086		2		0
Frame 34
271.095		239.937		2146		2		0
271.594		195.851		2098		2		0
272.221		149.752		2027		2		0
267.755		125.298		1888		2		0
243.434		164.097		2102		2		0
239.607		207.771		2109		2		0
238.547		246.404		2036		2		0
241.33		249.931		2016		2		0
295.808		166.786		2087		2		0
301.485		212.923		2145		2		0
312.7		250.75		2107		2		0
310.89		254.288		2104		2		0
259.327		239.77		2155		2		0
258.26		291.741		2078		2		0
259.335		344.878		2166		2		0
258.148		361.46		2158		2		0
282.915		240.101		2140		2		0
283.118		291.745		2077		2		0
283.103		346.258		2159		2		0
282.928		362.965		2137		2		0
272.051		161.481		2063		2		0
243.725		260.89		2022		2		0
239.662		247.871		2027		2		0
310.501		266.334		2111		2		0
315.195		255.923		2103		2		0
Frame 35
271.393		241.169		2163		2		0
271.797		197.883		2108		2		0
272.29		152.587		2034		2		0
268.388		128.511		1901		2		0
243.794		166.366		2108		2		0
240.691		210.618		2116		2		0
239.865		248.697		2039		2		0
242.482		251.702		2025		2		0
295.767		168.543		2099		2		0
301.26		214.713		2156		2		0
312.874		252.27		2117		2		0
310.856		255.144		2113		2		0
259.747		241.094		2177		2		0
258.291		292.478		2075		2		0
259.474		345.244		2164		2		0
258.466		361.943		2154		2		0
283.091		241.25		2159		2		0
283.059		292.324		2073		2		0
283.087		346.808		2156		2		0
283.081		363.635		2133		2		0
272.158		164.116		2073		2		0
245.533		262.668		2043		2		0
240.807		252.728		2025		2		0
310.545		267.728		2116		2		0
314.706		258.481		2112		2		0
Frame 36
271.235		242.718		2179		2		0
271.642		198.594		2131		2		0
272.171		152.761		2007		2		0
268.652		130.739		1907		2		0
243.909		168.616		2116		2		0
241.436		215.278		2127		2		0
240.923		253.007		2052		2		0
243.289		253.553		2042		2		0
295.675		170.989		2108		2		0
301.326		217.451		2166		2		0
313.152		254.793		2127		2		0
311.039		256.316		2122		2		0
259.679		242.593		2200		2		0
258.057		294.662		2074		2		0
259.459		345.454		2162		2		0
258.54		362.415		2150		2		0
282.836		242.85		2182		2		0
282.95		292.684		2072		2		0
283.097		347.119		2152		2		0
283.166		364.212		2132		2		0
272.062		164.324		2079		2		0
245.721		263.947		2045		2		0
238.399		256.733		2067		2		0
310.999		268.714		2132		2		0
315.093		261.181		2117		2		0
Frame 37
270.853		244.732		2209		2		0
271.407		204.376		2146		2		0
272.167		161.002		2069		2		0
269.386		137.662		1928		2		0
244.116		172.098		2129		2		0
241.352		216.687		2141		2		0
243.325		255.366		2056		2		0
244.81		260.836		2052		2		0
295.735		174.683		2123		2		0
301.561		219.609		2181		2		0
313.643		256.68		2140		2		0
311.311		258.638		2133		2		0
259.385		244.494		2216		2		0
257.945		297.493		2073		2		0
259.481		345.807		2167		2		0
258.758		362.764		2150		2		0
282.343		244.979		2205		2		0
282.881		294.671		2070		2		0
283.042		347.567		2153		2		0
283.307		364.658		2129		2		0
271.971		172.086		2092		2		0
249.574		269.653		2098		2		0
248.249		267.75		2070		2		0
311.066		270.866		2133		2		0
314.935		264.202		2123		2		0
Frame 38
270.695		246.688		2233		2		0
271.358		205.056		2160		2		0
272.13		161.048		2044		2		0
269.261		140.004		1942		2		0
244.309		177.005		2142		2		0
241.347		222.312		2150		2		0
242.862		260.352		2070		2		0
245.507		266.687		2065		2		0
295.638		177.694		2136		2		0
301.666		221.382		2193		2		0
314.058		258.102		2149		2		0
311.291		262.3		2139		2		0
259.751		246.655		2239		2		0
257.717		299.009		2067		2		0
259.453		345.934		2167		2		0
258.73		363.532		2148		2		0
281.662		246.727		2228		2		0
282.487		297.589		2063		2		0
283.018		347.896		2154		2		0
283.235		365.632		2129		2		0
271.956		172.147		2103		2		0
250.925		274.929		2133		2		0
245.904		271.001		2102		2		0
309.94		273.85		2163		2		0
316.105		265.2		2143		2		0
Frame 39
270.497		248.76		2257		2		0
271.088		211.418		2180		2		0
271.791		170.459		2098		2		0
269.944		147.375		1971		2		0
244.961		181.524		2152		2		0
240.428		224.897		2167		2		0
242.048		263.21		2085		2		0
244.626		269.795		2089		2		0
295.138		182.697		2150		2		0
303.707		228.69		2197		2		0
314.924		265.491		2145		2		0
311.583		265.883		2144		2		0
259.193		248.871		2259		2		0
255.738		285.097		2110		2		0
259.289		348.218		2158		2		0
258.762		366.153		2140		2		0
281.822		248.669		2250		2		0
283.343		286.604		2092		2		0
282.957		348.121		2150		2		0
283.366		366.038		2123		2		0
271.607		181.042		2119		2		0
249.33		277.572		2137		2		0
242.486		271.057		2088		2		0
310.36		276.841		2163		2		0
316.279		268.999		2148		2		0
Frame 40
269.758		251.491		2288		2		0
270.778		213.92		2202		2		0
271.754		173.341		2093		2		0
269.853		150.729		1973		2		0
245.064		185.787		2165		2		0
240.052		228.889		2180		2		0
240.098		267.148		2106		2		0
243.203		272.918		2119		2		0
294.773		186.862		2168		2		0
303.811		230.685		2211		2		0
314.621		267.483		2157		2		0
312.133		269.774		2152		2		0
258.46		251.814		2284		2		0
255.836		284.925		2124		2		0
259.562		348.017		2163		2		0
259.217		366.061		2139		2		0
281.046		251.162		2273		2		0
283.323		286.613		2100		2		0
282.895		348.838		2152		2		0
283.456		366.922		2121		2		0
271.503		183.829		2134		2		0
246.952		280.445		2132		2		0
239.541		273.457		2106		2		0
311.094		280.842		2165		2		0
315.764		275.283		2144		2		0
Frame 41
269.09		255.901		2306		2		0
270.184		219.625		2218		2		0
271.435		179.613		2128		2		0
269.991		157.87		2004		2		0
245.077		192.891		2186		2		0
239.16		233.089		2196		2		0
238.504		271.018		2124		2		0
241.388		277.173		2144		2		0
294.398		192.381		2187		2		0
304.127		234.218		2225		2		0
314.574		270.84		2167		2		0
312.578		277.1		2177		2		0
258.166		256.177		2303		2		0
255.157		287.212		2118		2		0
259.541		347.202		2165		2		0
259.412		365.205		2140		2		0
279.984		255.639		2295		2		0
283.217		288.31		2106		2		0
282.916		348.903		2155		2		0
283.692		367.037		2122		2		0
271.111		189.977		2154		2		0
244.114		284.766		2168		2		0
235.501		277.525		2131		2		0
311.708		285.717		2174		2		0
316.823		276.599		2157		2		0
Frame 42
268.648		258.787		2329		2		0
270.06		223.08		2253		2		0
271.6		184.328		2146		2		0
270.044		162.652		2032		2		0
244.915		195.621		2204		2		0
238.728		238.739		2209		2		0
235.903		276.392		2147		2		0
237.71		281.272		2153		2		0
293.921		197.834		2210		2		0
303.826		238.22		2248		2		0
315.69		273.803		2181		2		0
313.698		276.699		2174		2		0
257.935		258.824		2325		2		0
254.537		288.815		2122		2		0
259.492		347.785		2168		2		0
259.712		365.92		2137		2		0
279.36		258.762		2317		2		0
283.285		289.856		2110		2		0
282.916		349.143		2156		2		0
284.032		367.407		2126		2		0
271.197		194.344		2172		2		0
240.339		289.363		2201		2		0
233.976		281.564		2146		2		0
312.993		287.786		2182		2		0
318		278.925		2180		2		0
Frame 43
268.643		261.414		2349		2		0
269.786		227.406		2276		2		0
271.002		190.309		2171		2		0
270.075		168.459		2074		2		0
244.87		200.565		2223		2		0
237.079		242.964		2227		2		0
233.383		280.656		2167		2		0
234.109		285.354		2169		2		0
293.531		201.887		2236		2		0
304.599		241.716		2262		2		0
315.45		277.754		2194		2		0
314.039		281.977		2188		2		0
257.853		261.398		2350		2		0
253.763		290.571		2123		2		0
259.339		348.497		2169		2		0
259.478		366.607		2137		1		0
279.429		261.434		2334		2		0
283.412		290.422		2116		2		0
282.923		349.421		2157		2		0
283.967		367.649		2124		2		0
270.689		199.901		2199		2		0
235.679		293.446		2188		2		0
227.91		285.732		2196		2		0
313.092		292.301		2188		2		0
318.579		282.56		2190		2		0
Frame 44
267.442		266.153		2380		2		0
269.261		231.914		2301		2		0
271.171		194.842		2204		2		0
269.76		174.136		2101		2		0
244.935		206.235		2253		2		0
236.45		243.723		2250		2		0
230.557		281.12		2200		2		0
231.052		285.338		2192		2		0
292.834		208.234		2271		2		0
304.066		244.488		2286		2		0
316.023		279.769		2213		2		0
315.088		283.191		2199		2		0
256.551		266.059		2347		2		0
253.048		291.494		2124		2		0
259.074		348.93		2165		2		0
259.336		367.036		2136		1		0
278.322		266.197		2345		2		0
283.984		291.024		2118		2		0
282.999		349.458		2155		2		0
284.181		367.669		2126		2		0
270.681		204.405		2227		2		0
231.998		297.377		2216		2		0
225.585		283.994		2221		2		0
314.805		294.002		2205		2		0
319.215		286.712		2193		2		0
Frame 45
267.95		268.517		2394		2		0
269.183		235.225		2337		2		0
270.274		199.218		2252		2		0
269.431		179.432		2144		2		0
245.08		210.524		2290		2		0
234.614		247.97		2270		2		0
228.181		284.907		2226		2		0
228.334		292.853		2219		2		0
291.563		212.403		2312		2		0
303.956		248.607		2314		2		0
316.174		283.381		2229		2		0
315.412		289.963		2231		2		0
257.128		268.678		2384		2		0
251.391		291.694		2136		2		0
258.646		349.236		2167		2		0
259.292		367.046		2141		1		0
278.762		268.394		2373		2		0
284.447		291.699		2127		2		0
283.158		349.752		2165		2		0
284.775		367.667		2128		2		0
269.989		208.575		2267		2		0
230.228		300.445		2244		2		0
227.356		295.572		2225		2		0
314.578		298.084		2221		2		0
319.112		289.722		2211		2		0
Frame 46
267.348		272.408		2425		2		0
268.353		238.62		2361		2		0
269.34		202.866		2283		2		0
268.935		182.893		2167		2		0
244.695		213.257		2325		2		0
233.925		250.615		2292		2		0
226.104		287.112		2241		2		0
225.755		295.466		2234		2		0
290.763		215.507		2349		2		0
303.296		250.064		2342		2		0
315.447		284.72		2254		2		0
315.697		288.845		2238		2		0
256.717		272.32		2369		2		0
250.839		291.693		2138		2		0
258.555		349.274		2166		2		0
259.377		366.847		2135		1		0
277.958		272.495		2381		2		0
284.753		292.251		2127		2		0
283.373		350.03		2156		2		0
285.199		367.713		2129		2		0
269.111		211.932		2310		2		0
226.432		302.572		2255		2		0
220.562		293.567		2263		2		0
316.26		298.935		2228		2		0
319.832		290.437		2231		2		0
Frame 47
267.991		274.019		2437		2		0
268.424		240.279		2399		2		0
268.644		204.691		2326		2		0
268.426		185.101		2214		2		0
244.61		215.031		2363		2		0
233.266		251.738		2320		2		0
225.676		287.924		2258		2		0
223.852		293.525		2249		2		0
289.724		216.922		2382		2		0
302.016		251.405		2369		2		0
316.211		284.391		2272		2		0
315.565		288.889		2260		2		0
257.493		274.216		2359		2		0
250.963		291.653		2135		2		0
258.273		349.607		2162		2		0
259.026		366.986		2133		2		0
278.483		273.855		2374		2		0
284.932		292.525		2131		2		0
283.517		350.402		2151		2		0
285.308		367.884		2122		2		0
268.6		213.806		2352		2		0
223.777		304.001		2279		2		0
222.576		294.231		2249		2		0
316.842		299.155		2243		2		0
319.5		291.494		2247		2		0
Frame 48
268.297		273.981		2454		2		0
268.4		239.702		2429		2		0
268.156		203.608		2371		2		0
268.25		184.122		2250		2		0
244.704		214.389		2397		2		0
234.104		249.147		2361		2		0
225.772		283.975		2298		2		0
223.376		291.208		2274		2		0
289.069		215.016		2417		2		0
300.706		250.452		2407		2		0
315.049		282.607		2308		2		0
314.51		287.172		2298		2		0
257.816		274.23		2351		2		0
251.695		291.671		2141		2		0
258.128		349.738		2160		2		0
258.912		366.829		2131		2		0
278.766		273.756		2372		2		0
284.927		292.086		2139		2		0
283.625		350.418		2156		2		0
285.479		367.599		2128		2		0
268.242		212.817		2383		2		0
222.333		301.89		2289		2		0
221.934		291.45		2279		2		0
315.908		297.636		2279		2		0
318.185		288.677		2285		2		0
Frame 49
268.487		273.135		2459		2		0
268.41		238.091		2437		2		0
268.111		201.69		2401		2		0
268.159		181.749		2288		2		0
244.807		212.728		2422		2		0
234.343		247.887		2391		2		0
225.055		282.261		2313		2		0
224.175		286.755		2297		2		0
288.834		213.093		2438		2		0
299.555		249.394		2425		2		0
313.654		281.877		2336		2		0
312.002		280.587		2341		2		0
257.987		273.486		2366		2		0
252.646		290.619		2146		2		0
257.99		350.064		2147		2		0
258.453		367.05		2122		2		0
278.973		272.792		2375		2		0
284.541		291.795		2143		2		0
283.638		350.418		2157		2		0
285.187		367.468		2123		2		0
268.194		210.909		2393		2		0
222.889		296.779		2301		2		0
220.196		286.332		2316		2		0
315.215		291.557		2338		2		0
313.638		271.91		2345		2		0
Frame 50
269.252		271.868		2463		2		0
268.596		236.267		2452		2		0
267.465		199.446		2418		2		0
268.136		180.576		2320		2		0
244.726		210.737		2444		2		0
235.598		243.495		2428		2		0
228.134		277.333		2346		2		0
226.16		281.098		2329		2		0
288.384		210.863		2454		2		0
298.509		247.68		2451		2		0
312.868		279.487		2365		2		0
310.721		278.368		2370		2		0
258.781		272.293		2363		2		0
252.778		290.604		2148		2		0
257.869		350.279		2149		2		0
258.259		367.059		2117		2		0
279.718		271.444		2374		2		0
284.259		291.618		2147		2		0
283.651		350.409		2154		2		0
285.15		367.22		2125		2		0
267.792		208.762		2421		2		0
224.399		291.067		2322		2		0
221.645		283.344		2345		2		0
313.994		289.43		2376		2		0
314.14		281.274		2358		2		0
Frame 51
269.86		270.973		2463		2		0
268.878		235.234		2475		2		0
267.6		198.667		2442		2		0
268.276		179.832		2364		2		0
245.009		210.152		2477		2		0
236.414		242.758		2459		2		0
228.453		276.006		2366		2		0
227.233		279.445		2352		2		0
288.395		210.975		2481		2		0
297.592		246.012		2476		2		0
311.476		277.828		2394		2		0
310.102		277.789		2393		2		0
259.324		271.473		2388		2		0
252.803		290.498		2153		2		0
257.725		350.461		2148		2		0
257.748		367.2		2116		2		0
280.387		270.477		2377		2		0
284.104		291.415		2148		2		0
283.675		350.463		2156		2		0
284.818		367.218		2125		2		0
267.94		207.891		2447		2		0
225.635		289.909		2349		2		0
223.842		281.836		2359		2		0
313.569		289.144		2381		2		0
312.5		269.5		2407		2		0
Frame 52
271.086		270.986		2459		2		0
269.735		235.103		2479		2		0
268.091		198.635		2464		2		0
268.344		180.039		2377		2		0
245.304		210.274		2500		2		0
237.335		242.838		2484		2		0
229.104		274.925		2397		2		0
227.152		281.228		2367		2		0
288.488		211.588		2504		2		0
296.944		245.283		2502		2		0
311.216		276.468		2414		2		0
310.121		277.228		2407		2		0
260.53		271.612		2401		2		0
252.976		290.434		2148		2		0
257.597		350.586		2150		2		0
257.768		367.06		2118		2		0
281.636		270.363		2381		2		0
284.071		291.404		2149		2		0
283.693		350.631		2155		2		0
285.007		367.12		2124		2		0
268.552		207.795		2464		2		0
226.333		290.667		2362		2		0
224.127		280.739		2383		2		0
313.862		288.521		2398		2		0
313.334		269.333		2429		2		0
Frame 53
271.614		271.379		2452		2		0
270.012		235.651		2498		2		0
267.931		199.562		2500		2		0
268.466		180.88		2399		2		0
245.718		210.895		2523		2		0
237.848		244.527		2498		2		0
229.858		276.848		2416		2		0
227.366		282.361		2382		2		0
288.364		212.795		2532		2		0
297.453		246.548		2511		2		0
311.661		277.226		2417		2		0
310.212		277.288		2419		2		0
261.073		272.049		2395		2		0
252.977		290.322		2154		2		0
257.361		350.673		2145		2		0
257.653		367.005		2110		2		0
282.143		270.715		2379		2		0
284.011		291.31		2145		2		0
283.724		350.71		2155		2		0
285.181		367.056		2122		2		0
268.485		208.623		2501		2		0
226.332		291.667		2384		2		0
225		282.995		2394		2		0
313.964		288.556		2409		2		0
313.334		269.331		2432		2		0
Frame 54
271.626		271.761		2453		2		0
269.859		236.203		2516		2		0
267.895		200.545		2526		2		0
268.732		181.659		2441		2		0
245.922		211.489		2549		2		0
238.622		245.77		2519		2		0
230.639		277.483		2410		2		0
227.168		282.871		2386		2		0
288.111		213.394		2559		2		0
296.957		246.51		2528		2		0
311.321		276.834		2421		2		0
310.471		278.1		2413		2		0
261.104		272.374		2397		2		0
253.024		290.27		2153		2		0
256.499		350.343		2145		2		0
256.53		366.47		2117		2		0
282.123		271.161		2364		2		0
283.945		291.175		2150		2		0
283.745		350.805		2156		2		0
284.994		366.949		2119		2		0
268.383		209.44		2530		2		0
226.319		292.55		2388		2		0
224.626		282.615		2405		2		0
314.127		288.943		2399		2		0
314.925		282.49		2399		2		0
Frame 55
271.524		272.149		2433		2		0
269.714		236.681		2532		2		0
267.935		201.365		2558		2		0
268.853		182.472		2466		2		0
245.971		211.553		2572		2		0
238.914		244.976		2534		2		0
231.107		276.264		2411		2		0
227.3		281.745		2384		2		0
288.062		214.115		2581		2		0
297.166		247.546		2531		2		0
311.443		277.306		2414		2		0
310.459		278.168		2414		2		0
261.074		272.672		2392		2		0
253.12		289.56		2153		2		0
255.915		350.541		2138		2		0
256.807		366.579		2113		2		0
281.934		271.646		2364		2		0
283.82		291.079		2144		2		0
283.83		351.368		2146		2		0
285.976		367.434		2116		2		0
268.369		210.157		2556		2		0
226.02		290.731		2385		2		0
224.509		282.228		2391		2		0
313.998		289.429		2399		2		0
313.501		271.002		2424		2		0
Frame 56
271.437		272.36		2431		2		0
269.485		236.911		2547		2		0
267.544		201.912		2582		2		0
269.229		183.3		2500		2		0
246.144		212.404		2596		2		0
239.104		244.482		2550		2		0
231.58		275.198		2413		2		0
229.579		277.638		2400		2		0
287.986		214.422		2601		2		0
297.617		248.4		2534		2		0
311.756		277.991		2414		2		0
310.109		277.137		2414		2		0
261.008		272.838		2388		2		0
253.121		289.559		2156		2		0
255.406		350.925		2139		2		0
254.892		366.948		2108		2		0
281.826		271.903		2359		2		0
283.688		290.937		2151		2		0
283.884		351.845		2143		2		0
284.658		367.9		2106		2		0
268.023		210.581		2580		2		0
225.666		287.999		2380		2		0
225.144		278.853		2404		2		0
313.887		287.89		2396		2		0
313.491		277.124		2407		2		0
Frame 57
271.424		272.57		2426		2		0
269.524		237.321		2556		2		0
267.773		202.918		2603		2		0
269.093		184.236		2517		2		0
246.392		212.536		2618		2		0
239.117		244.584		2562		2		0
232.008		274.978		2417		2		0
230.021		276.967		2402		2		0
287.81		215.273		2626		2		0
297.822		248.904		2544		2		0
311.717		277.97		2409		2		0
309.694		276.894		2417		2		0
261.011		272.986		2390		2		0
253.132		289.569		2152		2		0
255.11		351.586		2128		2		0
255.493		367.668		2100		2		0
281.78		272.202		2343		2		0
283.545		290.755		2152		2		0
283.987		352.688		2133		2		0
285.681		368.814		2101		2		0
268.197		211.4		2604		2		0
226.332		287.666		2374		2		0
226.222		277.885		2410		2		0
313.125		288.125		2375		2		0
313.485		278.547		2403		2		0
Frame 58
271.416		272.727		2428		2		0
269.54		237.499		2567		2		0
267.822		203.515		2628		2		0
269.04		185.168		2556		2		0
246.669		212.591		2643		2		0
239.741		244.404		2575		2		0
232.219		273.856		2432		2		0
229.047		278.248		2390		2		0
287.783		215.695		2646		2		0
297.57		249.152		2551		2		0
311.525		277.152		2410		2		0
311.444		282.37		2404		2		0
261.032		273.115		2373		2		0
253.13		289.644		2150		2		0
254.641		352.201		2121		2		0
255.631		368.374		2094		2		0
281.746		272.393		2341		2		0
283.375		290.68		2150		2		0
283.996		353.382		2123		2		0
286.317		369.616		2096		2		0
268.239		211.858		2623		2		0
226.599		285.801		2386		2		0
225.493		279.489		2406		2		0
312.48		289.266		2384		2		0
312.5		290.5		2398		2		0
Frame 59
271.713		272.737		2418		2		0
269.842		237.47		2566		2		0
267.789		203.913		2659		2		0
269.158		185.85		2564		2		0
247.411		212.738		2657		2		0
241.461		246.003		2588		2		0
231.932		274.133		2423		2		0
228.981		278.667		2401		2		0
287.756		215.909		2665		2		0
297.436		249.53		2554		2		0
311.474		277.086		2409		2		0
310.189		280.915		2404		2		0
261.418		273.11		2367		2		0
253.107		289.585		2161		2		0
254.286		352.548		2122		2		0
254.627		368.915		2092		2		0
281.979		272.405		2338		2		0
283.21		290.764		2150		2		0
283.976		353.521		2125		2		0
285.66		369.941		2085		2		0
268.319		212.112		2644		2		0
226.749		285		2403		2		0
225.8		281.398		2419		2		0
312.584		288.383		2387		2		0
312.5		289.616		2398		2		0
Frame 60
272.511		272.459		2407		2		0
270.21		237.265		2582		2		0
267.806		204.122		2672		2		0
269.199		186.093		2586		2		0
247.531		212.978		2674		2		0
241.067		246.851		2600		2		0
231.708		275.599		2424		2		0
228.277		279.994		2403		2		0
287.805		215.991		2681		2		0
297.068		249.926		2563		2		0
311.611		276.236		2423		2		0
310.09		280.396		2411		2		0
262.236		272.852		2392		2		0
253.131		289.597		2164		2		0
254.078		352.687		2122		2		0
254.674		369.285		2087		2		0
282.753		272.096		2341		2		0
283.106		290.899		2157		2		0
284.018		353.87		2122		2		0
285.954		370.54		2078		2		0
268.438		212.183		2661		2		0
226.599		286.801		2411		2		0
225.497		284.156		2432		2		0
312.5		287.004		2392		2		0
311.331		286.663		2386		2		0
Frame 61
273.023		271.997		2407		2		0
270.407		236.87		2595		2		0
267.758		203.919		2679		2		0
269.185		186.091		2598		2		0
247.509		213.014		2676		2		0
241.066		247.788		2606		2		0
231.915		275.898		2424		2		0
228.254		280.183		2398		2		0
287.843		215.739		2683		2		0
297.288		251.748		2562		2		0
312.913		276.436		0		2		0
310.327		280.691		2413		2		0
262.704		272.438		2390		2		0
253.002		289.781		2157		2		0
253.907		353.157		2115		2		0
254.58		369.915		2085		2		0
283.306		271.565		2343		2		0
283.056		290.988		2160		2		0
284.134		353.817		2123		2		0
286.15		370.617		2077		2		0
268.438		211.931		2671		2		0
226.615		286.383		2413		2		0
225.6		283.62		2427		2		0
312.444		286.34		2400		2		0
306.663		279.994		2420		2		0
Frame 62
273.306		271.451		2407		2		0
270.577		236.394		2596		2		0
267.877		203.618		2691		2		0
269.056		185.811		2603		2		0
247.698		212.634		2684		2		0
251.559		244.575		2551		2		0
232.52		270.929		2475		2		0
229.185		277.766		2411		2		0
287.89		215.623		2684		2		0
297.289		251.861		2566		2		0
313.13		276.731		0		2		0
310.34		280.268		2424		2		0
263.011		271.793		2407		2		0
252.945		289.906		2165		2		0
253.815		353.218		2117		2		0
254.293		370.075		2081		2		0
283.553		271.102		2348		2		0
283.015		291.121		2149		2		0
284.195		353.843		2117		2		0
286.019		370.742		2080		2		0
268.558		211.591		2674		2		0
226.427		285.001		2425		2		0
226.428		278.473		2423		2		0
312.278		287.211		2410		2		0
306.718		279.96		2422		2		0
Frame 63
273.323		271.242		2413		2		0
270.525		236.064		2593		2		0
267.792		203.299		2689		2		0
268.929		185.142		2607		2		0
247.711		212.619		2686		2		0
251.537		244.612		2556		1		0
232.47		271.07		2464		2		0
229.402		277.231		2415		2		0
287.874		215.624		2689		2		0
297.182		251.971		2571		2		0
313.851		276.24		0		2		0
310.444		280.325		2426		2		0
263.007		271.582		2418		2		0
252.862		289.736		2163		2		0
253.804		353.397		2115		2		0
254.249		370.293		2083		2		0
283.586		270.895		2359		2		0
282.98		291.166		2151		2		0
284.207		353.844		2122		2		0
285.997		370.773		2078		2		0
268.474		211.272		2669		2		0
226.586		284.96		2424		2		0
225.999		277.729		0		2		0
312.2		286.203		2401		2		0
305.999		278.75		2440		2		0
Frame 64
273.185		271.116		2404		2		0
270.434		235.89		2589		2		0
267.782		203.062		2681		2		0
268.909		184.849		2610		2		0
247.707		212.622		2675		2		0
252.49		244.444		2551		2		0
232.783		270.421		2469		2		0
229.455		277.159		2409		2		0
287.884		215.619		2681		2		0
297.205		252.047		2564		2		0
314.148		276.129		0		2		0
310.702		280.577		2429		2		0
262.815		271.426		2405		2		0
252.803		289.816		2162		2		0
253.816		353.652		2117		2		0
254.269		370.565		2082		2		0
283.489		270.798		2356		2		0
282.978		291.179		2153		2		0
284.23		354.061		2116		2		0
286.029		371.015		2075		2		0
268.441		211.06		2667		2		0
226.713		285.859		2417		2		0
227.249		277.498		2411		2		0
312.488		287.024		2406		2		0
306.928		279.539		2424		2		0
Frame 65
273.17		271.053		2411		2		0
270.386		235.723		2592		2		0
267.692		202.679		2673		2		0
268.881		184.605		2609		2		0
247.65		212.713		2671		2		0
247.307		246.414		2603		2		0
231.882		273.617		2442		2		0
230.743		276.443		2410		2		0
287.848		215.609		2673		2		0
297.129		251.582		2564		2		0
313.468		276.179		0		2		0
310.66		280.628		2426		2		0
262.774		271.393		2403		2		0
252.702		289.721		2157		2		0
253.802		353.953		2113		2		0
254.233		370.877		2085		2		0
283.513		270.689		2353		2		0
282.983		291.236		2148		2		0
284.219		354.188		2119		2		0
285.998		371.142		2075		2		0
268.36		210.742		2662		2		0
226.665		286.501		2414		2		0
228.539		277.761		2409		2		0
312.444		286.784		2388		2		0
306.825		279.501		2423		2		0
Frame 66
272.506		271.019		2422		2		0
270.111		235.597		2585		2		0
267.6		202.426		2668		2		0
268.804		184.356		2608		2		0
247.581		212.785		2664		2		0
241.383		245.427		2610		2		0
233.236		273.102		2443		2		0
231.316		276.495		2414		2		0
287.827		215.546		2672		2		0
296.964		251.064		2565		2		0
312.434		276.093		2431		2		0
310.319		280.725		2421		2		0
261.956		271.32		2386		2		0
252.635		289.691		2157		2		0
253.721		354.272		2115		2		0
254.124		371.171		2078		2		0
282.967		270.695		2359		2		0
282.981		291.3		2148		2		0
284.248		354.199		2117		2		0
286.006		371.12		2075		2		0
268.228		210.539		2664		2		0
226.555		285.781		2405		2		0
229.43		277.282		2406		2		0
312.375		287.63		2388		2		0
304.5		278.499		2435		2		0
Frame 67
271.368		271.024		2430		2		0
269.604		235.446		2576		2		0
267.48		202.207		2667		2		0
268.703		184.172		2609		2		0
247.535		212.862		2666		2		0
246.908		246.014		2622		2		0
226.229		270.866		3713		2		0
227.126		278.52		2407		2		0
287.772		215.447		2671		2		0
296.924		250.746		2564		2		0
311.975		275.861		2446		2		0
310.172		280.533		2413		2		0
260.749		271.241		2381		2		0
252.525		289.656		2150		2		0
253.636		354.656		2110		2		0
253.969		371.577		2082		2		0
281.886		270.798		2361		2		0
283.034		291.613		2141		2		0
284.262		354.36		2111		2		0
285.955		371.297		2074		2		0
268.033		210.335		2655		2		0
225.197		283.601		2420		2		0
228.739		275.895		2442		2		0
312.429		288.289		2398		2		0
305.762		279.19		2423		2		0
Frame 68
271.331		271.036		2425		2		0
269.522		235.423		2591		2		0
267.413		202.093		2664		2		0
268.637		183.98		2616		2		0
247.489		212.898		2661		2		0
246.833		243.442		2627		2		0
234.279		271.714		2465		2		0
231.588		276.644		2415		2		0
287.706		215.458		2668		2		0
296.816		250.549		2563		2		0
311.554		275.705		0		2		0
309.736		280.367		2409		2		0
260.712		271.251		2385		2		0
252.449		289.652		2156		2		0
253.597		354.806		2107		2		0
253.852		371.715		2079		2		0
281.854		270.814		2363		2		0
283.109		291.581		2143		2		0
284.282		354.419		2119		2		0
285.902		371.34		2074		2		0
267.953		210.247		2650		2		0
226.571		286.286		2404		2		0
230.25		279.412		2396		2		0
312.201		288.402		2401		2		0
305.824		279.941		2428		2		0
Frame 69
271.302		271.041		2439		2		0
269.484		235.418		2590		2		0
267.404		202.075		2662		2		0
268.548		183.982		2623		2		0
247.46		212.923		2667		2		0
251.62		241.255		2567		2		0
235.218		269.552		2475		2		0
231.479		276.249		2423		2		0
287.7		215.434		2671		2		0
296.774		250.433		2566		2		0
311.488		275.623		0		2		0
309.69		280.387		2412		2		0
260.689		271.256		2383		2		0
252.356		289.552		2152		2		0
253.628		354.85		2111		2		0
253.876		371.77		2081		2		0
281.822		270.818		2367		2		0
283.167		291.461		2144		2		0
284.341		354.357		2117		2		0
285.956		371.276		2078		2		0
267.934		210.232		2656		2		0
226.374		286.125		2402		2		0
230.002		279.894		2401		2		0
312.211		288.365		2404		2		0
307.384		282.575		2413		2		0
Frame 70
271.273		271.062		2441		2		0
269.426		235.432		2578		2		0
267.371		202.079		2664		2		0
268.385		184.021		2602		2		0
247.426		212.964		2662		2		0
245.292		243.142		2641		2		0
234.273		272.061		2461		2		0
231.565		276.385		2421		2		0
287.622		215.405		2674		2		0
296.745		250.421		2566		2		0
310.61		276.366		2424		2		0
309.632		280.599		2408		2		0
260.654		271.287		2383		2		0
252.286		289.492		2155		2		0
253.607		354.92		2111		2		0
253.792		371.845		2078		2		0
281.802		270.832		2360		2		0
283.238		291.287		2141		2		0
284.362		354.392		2115		2		0
285.916		371.313		2072		2		0
267.892		210.237		2662		2		0
226.599		286.8		2410		2		0
229.8		280.262		2396		2		0
312.496		287.509		2402		2		0
312.501		288.499		2408		2		0
Frame 71
271.255		271.098		2437		2		0
269.352		235.522		2585		2		0
267.279		202.23		2665		2		0
268.227		184.054		2610		2		0
247.396		213.003		2665		2		0
251.782		241.248		2564		2		0
235.204		269.526		2479		2		0
231.505		276.117		2420		2		0
287.602		215.385		2674		2		0
296.647		250.846		2568		2		0
310.914		276.359		2420		2		0
309.343		280.429		2402		2		0
260.646		271.333		2384		2		0
252.227		289.433		2151		2		0
253.604		354.922		2110		2		0
253.787		371.844		2079		2		0
281.773		270.869		2371		2		0
283.289		291.226		2143		2		0
284.395		354.403		2115		2		0
285.949		371.325		2073		2		0
267.802		210.368		2671		2		0
226.666		286.166		2407		2		0
228.667		282.333		2393		2		0
312.334		287.171		2402		2		0
312.5		288.267		2409		2		0
Frame 72
271.243		271.109		2431		2		0
269.307		235.549		2591		2		0
267.223		202.287		2668		2		0
268.092		184.113		2609		2		0
247.371		213.033		2667		2		0
251.795		241.265		2564		2		0
235.16		269.517		2476		2		0
231.589		276.067		2420		2		0
287.578		215.356		2675		2		0
296.626		251.046		2565		2		0
311.064		276.417		2418		2		0
309.174		280.045		2405		2		0
260.635		271.349		2385		2		0
252.21		289.435		2153		2		0
253.604		354.944		2106		2		0
253.8		371.876		2081		2		0
281.761		270.875		2370		2		0
283.32		291.221		2145		2		0
284.423		354.425		2116		2		0
285.991		371.358		2081		2		0
267.747		210.414		2668		2		0
226.374		286.125		2408		2		0
239.624		273.376		2448		2		0
312		287.504		2400		2		0
309.315		284.976		2395		2		0
Frame 73
271.234		271.114		2432		2		0
269.23		235.594		2587		2		0
267.062		202.432		2667		2		0
267.932		184.192		2604		2		0
247.186		213.062		2671		2		0
252.198		241.213		2563		2		0
235.113		269.062		2479		2		0
231.487		276.195		2415		2		0
287.561		215.32		2677		2		0
296.605		251.204		2566		2		0
311.16		276.421		0		2		0
309.243		279.974		2410		2		0
260.634		271.353		2377		2		0
252.185		289.437		2153		2		0
253.604		354.966		2110		2		0
253.781		371.92		2079		2		0
281.743		270.88		2364		2		0
283.346		291.212		2143		2		0
284.446		354.428		2115		2		0
285.995		371.379		2076		2		0
267.607		210.526		2665		2		0
226.283		286.427		2407		2		0
230.001		278.494		2402		2		0
312.141		288.182		2415		2		0
312		289		2416		2		0
Frame 74
271.229		271.122		2431		2		0
269.188		235.619		2590		2		0
266.995		202.484		2679		2		0
267.832		184.243		2605		2		0
247.183		213.074		2671		2		0
252.294		241.199		2561		1		0
235.082		269.124		2476		2		0
231.515		275.96		2439		2		0
287.52		215.279		2673		2		0
296.632		251.418		2566		2		0
311.295		276.503		0		2		0
309.313		280.218		2407		2		0
260.631		271.37		2383		2		0
252.173		289.423		2151		2		0
253.601		354.997		2109		2		0
253.778		371.96		2081		2		0
281.739		270.882		2365		2		0
283.375		291.183		2138		2		0
284.461		354.456		2116		2		0
286.009		371.417		2076		2		0
267.544		210.57		2666		2		0
226.374		286.125		2403		2		0
230.031		278.587		2402		2		0
312.008		287.995		2405		2		0
311.896		288.367		2405		2		0
Frame 75
271.224		271.137		2440		2		0
269.142		235.646		2582		2		0
266.928		202.517		2669		2		0
267.729		184.312		2600		2		0
247.182		213.084		2665		2		0
252.37		241.186		2564		1		0
238.424		269.206		2502		2		0
231.739		276.423		2421		2		0
287.518		215.28		2675		2		0
296.553		251.513		2569		2		0
311.329		276.515		2439		2		0
309.537		280.342		2411		2		0
260.629		271.385		2381		2		0
252.173		289.449		2157		2		0
253.588		354.995		2111		2		0
253.765		371.962		2080		2		0
281.733		270.897		2366		2		0
283.388		291.174		2143		2		0
284.496		354.395		2117		2		0
286.046		371.358		2080		2		0
267.48		210.602		2670		2		0
226.366		286.47		2413		2		0
230.2		279.997		2399		2		0
312		288.001		2406		2		0
311.996		282.972		2399		2		0
Frame 76
271.222		271.144		2431		2		0
269.113		235.668		2593		2		0
266.889		202.551		2673		2		0
267.709		184.332		2605		2		0
247.18		213.113		2667		2		0
245.267		243.048		2644		2		0
235.471		271.855		2465		2		0
231.829		276.483		2417		2		0
287.514		215.264		2677		2		0
296.478		251.322		2566		2		0
310.868		276.87		2425		2		0
309.696		280.552		2404		2		0
260.63		271.393		2377		2		0
252.171		289.448		2150		2		0
253.592		355.006		2106		2		0
253.778		371.973		2083		2		0
281.727		270.904		2362		2		0
283.401		291.16		2141		2		0
284.509		354.377		2119		2		0
286.069		371.34		2077		2		0
267.442		210.632		2664		2		0
226.666		286.501		2411		2		0
231.578		278.735		2400		2		0
312.333		287.169		2403		2		0
312.5		288.001		2409		2		0
Frame 77
271.162		271.181		2427		2		0
269.054		235.708		2583		2		0
266.869		202.577		2662		2		0
267.673		184.342		2606		2		0
247.175		213.131		2669		2		0
246.127		243.029		2636		2		0
235.224		271.364		2466		2		0
231.762		276.42		2420		2		0
287.509		215.246		2674		2		0
296.506		251.481		2568		2		0
310.997		276.905		2434		2		0
309.632		280.629		2405		2		0
260.583		271.425		2386		2		0
252.152		289.417		2151		2		0
253.568		355.052		2105		2		0
253.751		372.016		2075		2		0
281.653		270.951		2362		2		0
283.413		291.114		2143		2		0
284.515		354.363		2114		2		0
286.072		371.323		2079		2		0
267.413		210.662		2660		2		0
226.571		286.287		2410		2		0
230.341		279.463		2399		2		0
312.041		287.964		2408		2		0
311.662		283.977		2398		2		0
Frame 78
271.112		271.256		2435		2		0
269.029		235.781		2601		2		0
266.888		202.654		2668		2		0
267.672		184.364		2598		2		0
247.176		213.153		2664		2		0
246.405		243.121		2635		1		0
235.039		271.247		2470		2		0
231.677		276.531		2420		2		0
287.497		215.269		2676		2		0
296.542		251.617		2563		2		0
311.095		276.961		0		2		0
309.572		280.519		2408		2		0
260.546		271.485		2377		2		0
252.129		289.382		2146		2		0
253.497		355.094		2106		2		0
253.669		372.066		2079		2		0
281.593		271.039		2344		2		0
283.42		291.075		2142		2		0
284.516		354.265		2116		2		0
286.066		371.223		2074		2		0
267.42		210.735		2658		2		0
226.666		287.167		2412		2		0
230.364		280.448		2398		2		0
312		288.001		2411		2		0
312		288.5		2411		2		0
Frame 79
270.973		271.381		2448		2		0
268.965		235.873		2583		2		0
266.885		202.702		2666		2		0
267.677		184.384		2599		2		0
247.176		213.175		2667		2		0
245.295		242.936		2640		2		0
234.876		271.712		2464		2		0
231.948		276.211		2415		2		0
287.503		215.276		2672		2		0
296.524		251.622		2563		2		0
311.669		276.238		0		2		0
309.629		280.628		2404		2		0
260.431		271.596		2386		2		0
252.177		289.381		2150		2		0
253.479		355.2		2108		2		0
253.652		372.154		2079		2		0
281.438		271.179		2352		2		0
283.43		291.04		2143		2		0
284.517		354.27		2118		2		0
286.071		371.207		2074		2		0
267.407		210.789		2667		2		0
226.571		286.287		2412		2		0
231.585		279.81		2400		2		0
312.333		287.17		2403		2		0
312		288.5		2411		2		0
Frame 80
270.907		271.408		2450		2		0
268.93		235.913		2590		2		0
266.888		202.73		2667		2		0
267.686		184.398		2598		2		0
247.174		213.179		2671		2		0
251.745		245.337		2553		2		0
233.122		271.951		2473		2		0
231.453		276.164		2418		2		0
287.5		215.294		2679		2		0
296.533		251.691		2570		2		0
311.713		276.205		0		2		0
309.508		280.49		2413		2		0
260.385		271.611		2379		2		0
252.177		289.378		2156		2		0
253.478		355.199		2107		2		0
253.653		372.143		2085		2		0
281.353		271.217		2354		2		0
283.436		291.044		2146		2		0
284.53		354.283		2114		2		0
286.087		371.211		2074		2		0
267.402		210.821		2658		2		0
226.599		286.8		2412		2		0
230.332		278.636		2403		2		0
312		288.001		2409		2		0
310.232		285.478		2389		2		0
Frame 81
270.871		271.432		2447		2		0
268.909		235.928		2584		2		0
266.889		202.734		2670		2		0
267.717		184.427		2601		2		0
247.171		213.193		2671		2		0
246.63		243.016		2634		2		0
234.173		271.362		2463		2		0
230.122		278.292		2402		2		0
287.514		215.305		2678		2		0
296.556		251.756		2567		2		0
311.691		276.234		3594		2		0
309.582		280.53		2409		2		0
260.337		271.636		2383		2		0
252.183		289.389		2155		2		0
253.475		355.177		2105		2		0
253.655		372.124		2078		2		0
281.326		271.241		2350		2		0
283.439		291.008		2145		2		0
284.538		354.269		2119		2		0
286.1		371.193		2081		2		0
267.399		210.827		2666		2		0
226.599		286.8		2410		2		0
230.529		279.605		2403		2		0
312.25		287.751		2397		2		0
312.667		287.333		2397		2		0
Frame 82
270.849		271.5		2452		2		0
268.89		235.996		2591		2		0
266.892		202.787		2674		2		0
267.735		184.441		2599		2		0
247.177		213.208		2669		2		0
243.947		243.97		2628		2		0
234.681		270.399		2474		2		0
231.151		277.213		2407		2		0
287.543		215.323		2677		2		0
296.552		251.756		2567		2		0
311.663		276.234		0		2		0
309.659		280.59		2404		2		0
260.317		271.711		2376		2		0
252.17		289.372		2151		2		0
253.491		355.176		2106		2		0
253.688		372.12		2080		2		0
281.307		271.302		2356		2		0
283.449		290.989		2149		2		0
284.542		354.278		2116		2		0
286.121		371.198		2075		2		0
267.396		210.885		2667		2		0
227		287		2404		2		0
230.75		282.249		2391		2		0
312.333		287.169		2401		2		0
312		288.5		2408		2		0
Frame 83
270.547		271.677		2442		2		0
268.8		236.092		2576		2		0
266.903		202.824		2667		2		0
267.752		184.455		2597		2		0
247.143		213.229		2669		2		0
245.815		243.085		2639		2		0
234.039		271.606		2465		2		0
231.667		276.396		2422		2		0
287.543		215.326		2675		2		0
296.592		251.839		2565		2		0
311.924		276.022		3576		2		0
309.465		280.533		2404		2		0
260.034		271.839		2376		2		0
252.165		289.383		2155		2		0
253.494		355.196		2109		2		0
253.681		372.111		2076		2		0
280.995		271.528		2353		2		0
283.455		290.979		2146		2		0
284.542		354.278		2114		2		0
286.113		371.169		2075		2		0
267.392		210.928		2665		2		0
226.666		286.501		2409		2		0
230.4		281.798		2392		2		0
312.201		287.402		2399		2		0
309.648		284.646		2394		2		0
Frame 84
270.497		271.68		2455		2		0
268.771		236.12		2580		2		0
266.937		202.875		2677		2		0
267.771		184.452		2598		2		0
247.149		213.231		2671		2		0
245.82		243.082		2645		2		0
233.931		271.619		2470		2		0
229.842		278.836		2411		2		0
287.539		215.326		2679		2		0
296.526		252.154		2568		2		0
312.417		275.9		3583		2		0
309.582		280.531		2409		2		0
259.978		271.842		2379		2		0
252.162		289.384		2154		2		0
253.569		354.873		2112		2		0
253.763		371.78		2081		2		0
280.953		271.532		2355		2		0
283.459		290.982		2149		2		0
284.545		354.271		2117		2		0
286.119		371.166		2075		2		0
267.406		210.974		2675		2		0
226.599		286.8		2411		2		0
230.496		281.245		2399		2		0
312.333		287.17		2400		2		0
304.999		278.285		2431		2		0
Frame 85
270.469		271.691		2445		2		0
268.742		236.129		2581		2		0
266.93		202.876		2671		2		0
267.79		184.465		2606		2		0
247.148		213.233		2669		2		0
245.817		243.076		2642		2		0
234.094		271.637		2468		2		0
231.793		276.1		2421		2		0
287.565		215.337		2680		2		0
296.544		252.209		2563		2		0
312.142		276.051		3546		2		0
309.688		280.721		2406		2		0
259.949		271.846		2368		2		0
252.163		289.379		2150		2		0
253.547		354.948		2111		2		0
253.751		371.853		2083		2		0
280.928		271.547		2354		2		0
283.471		290.957		2146		2		0
284.548		354.303		2112		2		0
286.134		371.197		2075		2		0
267.393		210.978		2660		2		0
226.571		286.286		2409		2		0
230.465		280.715		2397		2		0
312		288.5		2405		2		0
309.647		284.978		2398		2		0
Frame 86
270.436		271.717		2441		2		0
268.718		236.162		2579		2		0
266.928		202.907		2668		2		0
267.831		184.481		2599		2		0
247.145		213.232		2666		2		0
245.822		243.052		2639		2		0
234.066		271.602		2463		2		0
231.512		276.487		2418		2		0
287.571		215.345		2676		2		0
296.525		251.8		2565		2		0
311.022		277.044		2417		2		0
309.793		280.592		2406		2		0
259.923		271.863		2367		2		0
252.178		289.383		2150		2		0
253.546		354.974		2105		2		0
253.752		371.878		2081		2		0
280.889		271.585		2352		2		0
283.484		290.947		2146		2		0
284.553		354.32		2114		2		0
286.142		371.213		2075		2		0
267.385		211.01		2670		2		0
226.599		286.799		2406		2		0
229.993		279.912		2401		2		0
312.2		287.402		2397		2		0
309.443		285.184		2393		2		0
