EndUpSit
Frame 0
245.287		222.243		1610		2		1
244.498		152.286		1591		2		1
243.484		82.8602		1656		2		1
245.556		45.3158		1549		2		1
204.558		107.795		1667		2		1
192.652		162.312		1693		2		1
190.791		210.753		1620		2		1
192.902		229.691		1582		2		1
282.617		111.297		1683		2		1
294.874		173.091		1749		2		1
302.287		222.174		1719		2		1
299.569		234.567		1711		2		1
227.473		221.934		1628		2		1
218.188		297.766		1724		2		1
223.3		349.298		1820		2		1
221.813		379.98		1823		2		1
263.031		222.495		1632		2		1
273.93		315.848		1687		2		1
281.232		388.965		1778		2		1
269.365		411.648		1802		2		1
243.746		100.162		1650		2		1
195.054		245.734		1578		2		1
182.036		229.535		1625		2		1
298.228		254.234		1722		2		1
289.28		230.767		1711		2		1
Frame 1
245.277		222.239		1618		2		1
244.462		152.27		1590		2		1
243.44		82.8442		1657		2		1
245.547		45.3272		1546		2		1
204.511		107.8		1669		2		1
192.5		162.551		1689		2		1
189.937		211.753		1628		2		1
191.644		230.417		1597		2		1
282.573		111.296		1684		2		1
294.815		173.073		1749		2		1
302.272		222.134		1724		2		1
299.574		234.54		1711		2		1
227.465		221.932		1627		2		1
218.18		297.762		1719		2		1
223.212		349.315		1824		2		1
221.764		379.996		1847		2		1
263.019		222.491		1636		2		1
273.912		315.848		1697		2		1
281.26		388.923		1795		2		1
267.504		411.868		1792		2		1
243.703		100.145		1646		2		1
193.791		247.519		1590		2		1
181.477		234.601		1628		2		1
298.088		254.093		1725		2		1
289.776		231.62		1708		2		1
Frame 2
245.268		222.241		1613		2		1
244.438		152.266		1590		2		1
243.416		82.8367		1655		2		1
245.545		45.3499		1544		2		1
204.471		107.813		1661		2		1
192.324		162.879		1691		2		1
189.233		212.598		1634		2		1
190.971		231.003		1612		2		1
282.556		111.328		1686		2		1
294.777		173.075		1751		2		1
302.251		222.119		1721		2		1
299.497		234.657		1710		2		1
227.461		221.933		1630		2		1
218.16		297.718		1716		2		1
223.196		349.392		1818		2		1
221.825		380.086		1846		2		1
262.999		222.498		1628		2		1
273.9		315.853		1694		2		1
281.286		389.2		1786		2		1
268.942		411.767		1794		2		1
243.678		100.138		1649		2		1
192.06		248.98		1610		2		1
179.333		229.49		1653		2		1
297.93		254.268		1726		2		1
289.777		231.92		1715		2		1
Frame 3
245.239		222.242		1611		2		1
244.389		152.259		1593		2		1
243.365		82.8286		1657		2		1
245.56		45.3851		1545		2		1
204.459		107.806		1667		2		1
192.156		163.121		1691		2		1
188.201		213.437		1642		2		1
190.181		231.732		1631		2		1
282.526		111.379		1684		2		1
294.73		173.051		1749		2		1
302.236		222.065		1724		2		1
299.407		234.466		1712		2		1
227.443		221.929		1624		2		1
218.157		297.705		1720		2		1
223.196		349.502		1822		2		1
221.977		380.196		1831		2		1
262.954		222.511		1633		2		1
273.891		315.879		1697		2		1
281.29		389.25		1794		2		1
269.479		411.754		1800		2		1
243.627		100.131		1650		2		1
189.855		250.036		1632		2		1
178.243		229.967		1678		2		1
297.815		254.093		1731		2		1
289.448		231.14		1721		2		1
Frame 4
245.176		222.244		1610		2		1
244.342		152.259		1593		2		1
243.346		82.8264		1654		2		1
245.578		45.4185		1549		2		1
204.433		107.794		1664		2		1
191.982		163.39		1684		2		1
187.47		215.403		1653		2		1
188.398		232.368		1647		2		1
282.489		111.407		1687		2		1
294.679		173.044		1754		2		1
302.159		222.035		1725		2		1
299.356		234.383		1712		2		1
227.396		221.929		1625		2		1
218.156		297.709		1714		2		1
223.167		349.464		1817		2		1
221.982		380.153		1859		2		1
262.867		222.523		1632		2		1
273.898		315.873		1698		2		1
281.297		389.253		1788		2		1
270.307		411.883		1794		2		1
243.601		100.129		1652		2		1
187.325		250.385		1646		2		1
176.535		230.542		1715		2		1
297.996		254.002		1731		2		1
289.714		231.498		1710		2		1
Frame 5
245.151		222.241		1606		2		1
244.306		152.253		1594		2		1
243.313		82.8242		1653		2		1
245.573		45.4195		1544		2		1
204.382		107.815		1665		2		1
191.853		163.545		1685		2		1
186.298		216.92		1665		2		1
186.811		233.074		1662		2		1
282.459		111.383		1693		2		1
294.646		173.007		1754		2		1
302.109		221.985		1721		2		1
299.333		234.389		1715		2		1
227.372		221.926		1629		2		1
218.146		297.608		1706		2		1
223.17		349.451		1814		2		1
221.981		380.134		1845		2		1
262.84		222.523		1637		2		1
273.895		315.918		1692		2		1
281.301		389.251		1787		2		1
267.087		412.118		1774		2		1
243.566		100.126		1646		2		1
186.01		250.336		1659		2		1
175.515		230.387		1712		2		1
297.814		254.093		1731		2		1
289.407		231.114		1708		2		1
Frame 6
245.145		222.226		1609		2		1
244.28		152.238		1591		2		1
243.275		82.8141		1655		2		1
245.578		45.4122		1541		2		1
204.372		107.813		1666		2		1
191.743		163.802		1686		2		1
184.847		217.578		1670		2		1
184.965		232.893		1679		2		1
282.433		111.363		1688		2		1
294.612		172.98		1753		2		1
302.043		221.941		1720		2		1
299.311		234.284		1717		2		1
227.366		221.916		1627		2		1
218.146		297.614		1709		2		1
223.177		349.388		1819		2		1
222.051		380.076		1844		2		1
262.83		222.506		1637		2		1
273.888		315.922		1697		2		1
281.343		389.279		1784		2		1
268.037		411.94		1801		2		1
243.531		100.115		1646		2		1
184.405		250.601		1680		2		1
174.91		230.615		1701		2		1
297.998		254.001		1734		2		1
289.632		231.658		1707		2		1
Frame 7
245.142		222.213		1615		2		1
244.26		152.228		1591		2		1
243.242		82.8128		1656		2		1
245.572		45.4213		1545		2		1
204.348		107.813		1661		2		1
191.5		164.248		1694		2		1
183.927		218.145		1682		2		1
183.403		233.476		1687		2		1
282.408		111.328		1693		2		1
294.583		172.941		1751		2		1
301.971		221.891		1726		2		1
299.477		234.406		1717		2		1
227.363		221.907		1625		2		1
218.117		297.424		1712		2		1
223.177		349.388		1820		2		1
222.285		380.074		1843		2		1
262.824		222.493		1629		2		1
273.881		315.939		1694		2		1
281.435		389.361		1787		2		1
269.011		411.904		1806		2		1
243.5		100.111		1645		2		1
183.975		250.5		1691		2		1
174.236		230.833		1728		2		1
298.425		253.144		1729		2		1
289.456		230.567		1715		2		1
Frame 8
245.144		222.2		1612		2		1
244.235		152.215		1587		2		1
243.183		82.8024		1653		2		1
245.57		45.4087		1544		2		1
204.326		107.813		1666		2		1
191.367		164.587		1699		2		1
183.285		217.946		1695		2		1
182.369		233.157		1701		2		1
282.385		111.325		1693		2		1
294.553		172.878		1752		2		1
301.918		221.817		1728		2		1
299.339		234.127		1715		2		1
227.363		221.897		1630		2		1
218.08		297.157		1713		2		1
223.238		349.252		1823		2		1
222.255		379.924		1845		2		1
262.826		222.48		1636		2		1
273.875		315.939		1696		2		1
281.453		389.285		1812		2		1
271.882		411.651		1797		2		1
243.451		100.1		1641		2		1
183.721		250.502		1700		2		1
173.608		231.575		0		2		1
298.535		253.232		1731		2		1
289.766		231.506		1709		2		1
Frame 9
245.15		222.2		1606		2		1
244.234		152.215		1587		2		1
243.168		82.8008		1655		2		1
245.569		45.4098		1547		2		1
204.313		107.816		1668		2		1
191.178		165.258		1699		2		1
182.827		217.855		1699		2		1
181.984		233.017		1703		2		1
282.373		111.318		1686		2		1
294.544		172.872		1749		2		1
301.881		221.817		1724		2		1
299.415		234.265		1719		2		1
227.368		221.898		1624		2		1
218.076		296.985		1711		2		1
223.243		349.279		1817		2		1
222.256		379.967		1840		2		1
262.836		222.481		1629		2		1
273.882		315.91		1696		2		1
281.512		389.224		1776		2		1
273.129		411.973		1805		2		1
243.44		100.099		1644		2		1
183.283		250.294		1705		2		1
173.501		230.337		1770		2		1
297.997		254.002		1738		2		1
289.607		231.234		1706		2		1
Frame 10
245.153		222.194		1609		2		1
244.219		152.204		1594		2		1
243.125		82.7808		1654		2		1
245.558		45.4066		1547		2		1
204.279		107.83		1671		2		1
191.126		165.431		1706		2		1
182.649		218.06		1703		2		1
181.717		233.173		1710		2		1
282.358		111.301		1687		2		1
294.527		172.852		1750		2		1
301.871		221.796		1725		2		1
299.522		234.297		1720		2		1
227.371		221.893		1625		2		1
218.097		297.044		1712		2		1
223.234		349.296		1816		2		1
222.25		379.988		1846		2		1
262.836		222.476		1633		2		1
273.878		315.9		1695		2		1
281.523		389.142		1794		2		1
273.887		411.79		1802		2		1
243.405		100.082		1646		2		1
183.658		250.363		1714		2		1
173.562		235.19		1740		2		1
298.871		253.316		1736		2		1
289.66		231.179		1713		2		1
Frame 11
245.149		222.192		1614		2		1
244.197		152.199		1593		2		1
243.089		82.7707		1656		2		1
245.526		45.4127		1546		2		1
204.226		107.868		1671		2		1
191.068		165.814		1704		2		1
182.626		218.237		1714		2		1
182.2		232.921		1711		2		1
282.343		111.291		1687		2		1
294.514		172.828		1746		2		1
301.859		221.777		1728		2		1
299.514		234.304		1721		2		1
227.368		221.892		1631		2		1
218.099		297.051		1717		2		1
223.24		349.287		1822		2		1
222.247		379.977		1836		2		1
262.829		222.476		1629		2		1
273.881		315.928		1695		2		1
281.512		389.108		1823		2		1
274.047		411.75		1811		2		1
243.373		100.074		1643		2		1
183.847		250.393		1713		2		1
173.75		233.869		1758		2		1
298.309		253.984		1736		2		1
289.741		232.142		1709		2		1
Frame 12
245.142		222.181		1611		2		1
244.178		152.189		1588		2		1
243.064		82.7629		1654		2		1
245.517		45.4178		1547		2		1
204.169		107.887		1660		2		1
191.093		166.015		1700		2		1
182.655		218.308		1709		2		1
182.364		232.947		1713		2		1
282.327		111.277		1682		2		1
294.504		172.81		1752		2		1
301.855		221.762		1728		2		1
299.615		234.554		1719		2		1
227.36		221.881		1627		2		1
218.084		296.918		1713		2		1
223.255		349.263		1813		2		1
222.278		379.958		1856		2		1
262.822		222.467		1637		2		1
273.876		315.921		1692		2		1
281.437		389.129		1814		2		1
274.347		411.916		1800		2		1
243.349		100.066		1644		2		1
183.808		250.371		1715		2		1
174.21		233.539		1746		2		1
298.243		254.196		1733		2		1
289.879		234.187		1704		2		1
Frame 13
245.136		222.181		1612		2		1
244.171		152.188		1593		2		1
243.059		82.7603		1654		2		1
245.479		45.418		1549		2		1
204.15		107.923		1671		2		1
191.15		166.083		1704		2		1
182.885		218.452		1706		2		1
182.805		232.919		1710		2		1
282.303		111.265		1681		2		1
294.502		172.805		1743		2		1
301.861		221.761		1722		2		1
299.607		234.841		1719		2		1
227.349		221.882		1628		2		1
218.086		296.951		1711		2		1
223.26		349.326		1823		2		1
222.277		380.026		1822		2		1
262.82		222.467		1629		2		1
273.877		315.925		1693		2		1
281.443		389.131		1790		2		1
274.375		411.922		1803		2		1
243.343		100.063		1646		2		1
184.511		250.395		1712		2		1
174.295		232.825		1767		2		1
298.228		254.233		1732		2		1
289.659		231.93		1714		2		1
Frame 14
245.093		222.178		1613		2		1
244.129		152.191		1589		2		1
243.03		82.7685		1655		2		1
245.435		45.4318		1554		2		1
204.128		107.934		1671		2		1
191.213		166.135		1708		2		1
183.211		218.587		1700		2		1
183.767		232.99		1703		2		1
282.272		111.229		1684		2		1
294.505		172.797		1749		2		1
301.861		221.758		1716		2		1
299.621		234.874		1717		2		1
227.29		221.869		1627		2		1
218.099		297.002		1711		2		1
223.258		349.317		1813		2		1
222.313		380.02		1844		2		1
262.789		222.47		1629		2		1
273.87		315.93		1693		2		1
281.444		389.115		1793		2		1
273.686		411.892		1799		2		1
243.311		100.071		1647		2		1
185.105		250.16		1703		2		1
175.455		231.57		1737		2		1
298.425		254.144		1731		2		1
289.799		232.168		1707		2		1
Frame 15
245.036		222.174		1620		2		1
244.105		152.188		1589		2		1
243.027		82.7664		1656		2		1
245.397		45.4155		1554		2		1
204.095		107.959		1675		2		1
191.284		166.153		1702		2		1
183.807		218.681		1700		2		1
184.629		232.812		1698		2		1
282.22		111.2		1682		2		1
294.523		172.808		1744		2		1
301.871		221.788		1717		2		1
299.582		234.561		1714		2		1
227.23		221.864		1623		2		1
218.103		297.025		1719		2		1
223.277		349.308		1817		2		1
222.325		380.011		1857		2		1
262.735		222.469		1632		2		1
273.868		315.942		1695		2		1
281.358		388.978		1774		2		1
273.512		411.908		1803		2		1
243.305		100.068		1644		2		1
185.981		250.295		1694		2		1
175.385		230.843		0		2		1
298.122		254.189		1727		2		1
289.152		229.633		1716		2		1
Frame 16
244.963		222.179		1609		2		1
244.063		152.195		1589		2		1
243.007		82.768		1652		2		1
245.3		45.4012		1549		2		1
204.051		108.004		1667		2		1
191.355		166.088		1705		2		1
184.636		218.628		1695		2		1
185.879		232.732		1686		2		1
282.161		111.187		1684		2		1
294.546		172.809		1738		2		1
301.929		221.803		1714		2		1
299.826		234.578		1711		2		1
227.136		221.873		1629		2		1
218.106		297.047		1712		2		1
223.345		349.14		1822		2		1
222.349		379.831		1835		2		1
262.681		222.473		1633		2		1
273.867		315.956		1695		2		1
281.373		388.947		1813		2		1
264.145		412.179		1789		2		1
243.28		100.072		1646		2		1
186.733		250.282		1689		2		1
176		234.496		1721		2		1
298.262		254.203		1726		2		1
289.298		229.18		1715		2		1
Frame 17
244.898		222.187		1610		2		1
244.029		152.206		1599		2		1
242.998		82.771		1653		2		1
245.228		45.3762		1554		2		1
204.01		108.021		1676		2		1
191.517		165.931		1704		2		1
185.339		218.753		1690		2		1
186.39		232.506		1680		2		1
282.121		111.169		1684		2		1
294.571		172.819		1745		2		1
302.004		221.825		1713		2		1
299.682		234.559		1710		2		1
227.074		221.876		1628		2		1
218.109		297.116		1716		2		1
223.338		349.078		1819		2		1
221.852		379.758		1834		2		1
262.622		222.484		1639		2		1
273.862		315.977		1688		2		1
281.336		388.976		1793		2		1
275.97		412.201		1799		2		1
243.267		100.077		1654		2		1
187.392		250.324		1673		2		1
176.357		230.429		0		2		1
298.264		254.201		1724		2		1
289.318		230.397		1713		2		1
Frame 18
244.859		222.171		1604		2		1
244.004		152.206		1588		2		1
242.973		82.7685		1651		2		1
245.143		45.3526		1553		2		1
203.978		108.043		1668		2		1
191.642		165.809		1704		2		1
186.176		218.545		1684		2		1
187.952		232.691		1671		2		1
282.094		111.141		1680		2		1
294.593		172.843		1740		2		1
302.045		221.866		1710		2		1
299.63		234.459		1709		2		1
227.038		221.86		1630		2		1
218.108		297.115		1714		2		1
223.326		349.099		1815		2		1
221.808		379.781		1839		2		1
262.585		222.471		1635		2		1
273.863		315.946		1686		2		1
281.334		388.949		1791		2		1
275.741		412.114		1803		2		1
243.245		100.076		1645		2		1
188.528		250.231		1670		2		1
177.043		230.294		1700		2		1
298.424		254.145		1720		2		1
289.474		230.93		1712		2		1
Frame 19
244.785		222.176		1614		2		1
243.971		152.223		1593		2		1
242.957		82.7862		1652		2		1
245.066		45.3606		1550		2		1
203.909		108.08		1670		2		1
191.744		165.71		1703		2		1
186.893		218.217		1675		2		1
188.55		232.525		1659		2		1
282.067		111.128		1681		2		1
294.639		172.891		1737		2		1
302.072		221.946		1710		2		1
299.731		234.392		1704		2		1
226.965		221.868		1635		2		1
218.099		297.115		1716		2		1
223.308		349.114		1819		2		1
221.801		379.796		1846		2		1
262.518		222.475		1638		2		1
273.861		315.926		1689		2		1
281.31		389.05		1813		2		1
275.627		412.187		1806		2		1
243.226		100.093		1650		2		1
189.487		250.139		1666		2		1
177.408		231.22		1718		2		1
298.426		254.144		1718		2		1
289.156		230.273		1711		2		1
Frame 20
244.72		222.176		1622		2		1
243.941		152.24		1596		2		1
242.943		82.7947		1651		2		1
244.961		45.3318		1538		2		1
203.896		108.113		1665		2		1
191.761		165.701		1708		2		1
187.407		217.852		1676		2		1
189.028		232.527		1654		2		1
281.97		111.082		1676		2		1
294.682		172.823		1737		2		1
302.05		221.908		1706		2		1
299.776		234.274		1706		2		1
226.918		221.862		1637		2		1
218.099		297.109		1718		2		1
223.323		349.064		1822		2		1
221.821		379.744		1831		2		1
262.445		222.483		1640		2		1
273.863		315.909		1691		2		1
281.222		389.043		1812		2		1
274.37		411.798		1813		2		1
243.212		100.102		1652		2		1
188.995		249.259		1646		2		1
177.427		235.427		1703		2		1
298.425		254.145		1714		2		1
289.034		229.888		1718		2		1
Frame 21
244.671		222.175		1616		2		1
243.908		152.267		1593		2		1
242.907		82.8422		1653		2		1
244.881		45.3306		1543		2		1
203.866		108.15		1671		2		1
191.773		165.646		1704		2		1
187.446		216.67		1661		2		1
189.273		232.277		1645		2		1
281.958		111.085		1677		2		1
294.683		172.824		1739		2		1
302.067		221.909		1708		2		1
299.948		234.271		1700		2		1
226.866		221.855		1637		2		1
218.117		297.137		1710		2		1
223.337		349.042		1825		2		1
221.834		379.731		1836		2		1
262.405		222.485		1641		2		1
273.857		315.886		1693		2		1
281.2		389.044		1801		2		1
274.419		411.827		1811		2		1
243.178		100.143		1644		2		1
189.338		249.447		1648		2		1
176.882		227.232		0		2		1
298.261		254.202		1716		2		1
288.599		227.482		1722		2		1
Frame 22
244.613		222.159		1620		2		1
243.89		152.29		1596		2		1
242.91		82.8507		1649		2		1
244.807		45.3		1538		2		1
203.853		108.157		1673		2		1
191.778		165.64		1708		2		1
187.125		216.042		1664		2		1
189.019		232.305		1642		2		1
281.937		111.073		1677		2		1
294.699		172.796		1744		2		1
302.066		221.895		1710		2		1
300.084		234.239		1699		2		1
226.833		221.835		1643		2		1
218.143		297.183		1720		2		1
223.418		348.686		1822		2		1
221.618		379.368		1848		2		1
262.321		222.477		1654		2		1
273.847		315.898		1692		2		1
281.224		389.338		1793		2		1
274.346		412.106		1797		2		1
243.177		100.151		1645		2		1
189.337		249.25		1643		2		1
177.291		229.826		1714		2		1
298.87		254.316		1718		2		1
288.87		228.556		1720		2		1
Frame 23
244.57		222.116		1626		2		1
243.866		152.322		1599		2		1
242.893		82.8842		1646		2		1
244.693		45.3029		1533		2		1
203.843		108.16		1668		2		1
191.75		165.661		1705		2		1
187.086		216.03		1657		2		1
188.343		232.003		1637		2		1
281.901		111.073		1677		2		1
294.718		172.761		1741		2		1
302.056		221.872		1713		2		1
300.197		234.294		1701		2		1
226.815		221.779		1644		2		1
218.156		297.139		1717		2		1
223.439		348.669		1832		2		1
221.62		379.355		1835		2		1
262.262		222.45		1647		2		1
273.826		315.842		1695		2		1
281.195		389.296		1789		2		1
273.893		411.897		1798		2		1
243.162		100.181		1650		2		1
188.458		249.29		1636		2		1
180.733		230.28		1661		2		1
298.994		254.296		1722		2		1
288.896		229.2		1716		2		1
Frame 24
244.583		222.083		1627		2		1
243.849		152.367		1605		2		1
242.856		82.9293		1644		2		1
244.637		45.1867		1528		2		1
203.817		108.166		1670		2		1
191.701		165.766		1712		2		1
186.611		216.066		1654		2		1
187.06		233.176		1632		2		1
281.911		111.074		1673		2		1
294.716		172.763		1734		2		1
302.144		221.863		1712		2		1
300.471		234.378		1699		2		1
226.869		221.754		1647		2		1
218.151		297.061		1717		2		1
223.453		348.716		1813		2		1
221.524		379.418		1840		2		1
262.231		222.411		1654		2		1
273.816		315.798		1694		2		1
281.195		389.248		1763		2		1
274.136		411.971		1804		2		1
243.134		100.231		1645		2		1
187.701		249.432		1633		2		1
180.065		229.796		1653		2		1
299.663		254.067		1711		2		1
288.808		229.744		1723		2		1
Frame 25
244.592		222.085		1632		2		1
243.847		152.418		1601		2		1
242.881		83.0291		1639		2		1
244.643		45.1055		1519		2		1
203.771		108.149		1659		2		1
191.626		165.767		1701		2		1
186.327		216.036		1652		2		1
185.014		233.56		1629		2		1
281.931		111.095		1673		2		1
294.748		172.727		1736		2		1
302.402		221.804		1705		2		1
301.109		234.447		1696		2		1
226.917		221.75		1650		2		1
218.208		297.183		1722		2		1
223.492		348.836		1832		2		1
221.518		379.572		1844		2		1
262.201		222.42		1658		2		1
273.805		315.772		1695		2		1
281.147		389.212		1791		2		1
274.09		411.945		1803		2		1
243.14		100.37		1640		2		1
186.762		249.352		1625		2		1
175.751		230.453		0		2		1
300.735		254.001		1705		2		1
289.559		228.597		1733		2		1
Frame 26
244.556		221.993		1640		2		1
243.822		152.482		1603		2		1
242.822		83.0417		1637		2		1
244.709		45.0412		1517		2		1
203.766		108.12		1661		2		1
191.533		165.785		1701		2		1
185.659		215.996		1658		2		1
183.801		233.644		1633		2		1
281.93		111.107		1672		2		1
294.771		172.706		1745		2		1
302.569		221.763		1712		2		1
301.828		234.631		1703		2		1
226.88		221.641		1659		2		1
218.328		297.011		1728		2		1
223.532		348.876		1821		2		1
221.586		379.636		1838		2		1
262.152		222.352		1662		2		1
273.743		315.666		1696		2		1
281.151		389.223		1800		2		1
274.27		412.027		1805		2		1
243.091		100.429		1644		2		1
185.858		249.464		1628		2		1
177.852		230.038		1663		2		1
301.12		254.19		1710		2		1
289.43		230.991		1736		2		1
Frame 27
244.62		221.83		1651		2		1
243.83		152.612		1615		2		1
242.863		83.1856		1629		2		1
244.778		45.0262		1513		2		1
203.733		108.071		1650		2		1
191.424		165.766		1705		2		1
184.572		215.85		1660		2		1
182.704		233.779		1639		2		1
281.937		111.104		1664		2		1
294.807		172.685		1743		2		1
303.057		221.675		1713		2		1
303.148		234.645		1700		2		1
227.012		221.47		1664		2		1
218.467		296.676		1737		2		1
223.502		348.989		1828		2		1
221.632		379.763		1852		2		1
262.136		222.198		1677		2		1
273.753		315.618		1701		2		1
281.142		389.203		1782		2		1
274.403		412.065		1806		2		1
243.115		100.596		1639		2		1
185.697		250.231		1640		2		1
175.285		241.431		1686		2		1
302.375		253.939		1706		2		1
290.446		238.325		1735		2		1
Frame 28
244.667		221.785		1662		2		1
243.811		152.839		1611		2		1
242.761		83.4886		1621		2		1
244.899		45.0376		1506		2		1
203.794		107.949		1655		2		1
190.814		166.264		1707		2		1
183.623		216.356		1659		2		1
181.715		234.36		1635		2		1
281.958		111.182		1670		2		1
294.882		172.63		1742		2		1
303.571		221.541		1719		2		1
304.308		234.488		1705		2		1
227.1		221.369		1679		2		1
218.529		295.783		1726		2		1
223.49		348.958		1834		2		1
221.849		379.741		1835		2		1
262.137		222.208		1685		2		1
273.77		315.414		1700		2		1
281.289		389.638		1798		2		1
274.291		412.427		1807		2		1
243.041		100.951		1637		2		1
184.148		250.28		1641		2		1
173.562		234.809		1681		2		1
302.998		254.001		1717		2		1
290.801		240.399		1732		2		1
Frame 29
244.696		221.788		1667		2		1
243.793		153.194		1618		2		1
242.693		83.8848		1614		2		1
245.133		45.3852		1488		2		1
203.819		108.028		1644		2		1
190.592		166.367		1702		2		1
182.399		216.358		1662		2		1
180.527		234.449		1640		2		1
282.015		111.281		1664		2		1
295.007		172.544		1738		2		1
304.571		221.293		1722		2		1
305.172		234.458		1708		2		1
227.18		221.325		1688		2		1
218.59		295.088		1737		2		1
223.543		348.824		1836		2		1
221.785		379.65		1853		2		1
262.1		222.26		1697		2		1
273.799		315.122		1709		2		1
281.238		389.997		1791		2		1
274.215		412.795		1804		2		1
242.985		101.418		1632		2		1
182.513		250.475		1637		2		1
172.333		234.855		1678		2		1
303.829		254.338		1721		2		1
297.349		233.014		1738		2		1
Frame 30
244.848		221.754		1688		2		1
243.835		153.768		1624		2		1
242.747		84.6512		1604		2		1
245.312		45.5446		1479		2		1
203.973		108.122		1637		2		1
189.834		167.011		1704		2		1
181.132		217.023		1662		2		1
179.314		234.991		1647		2		1
282.189		111.564		1657		2		1
295.208		172.459		1746		2		1
305.348		221.09		1720		2		1
306.03		234.732		1717		2		1
227.349		221.272		1690		2		1
218.638		294.426		1737		2		1
223.55		348.77		1832		2		1
221.848		379.62		1850		2		1
262.237		222.243		1711		2		1
273.902		315.097		1720		2		1
281.278		390.036		1809		2		1
274.201		412.813		1805		2		1
243.033		102.215		1623		2		1
181.466		251.374		1646		2		1
171.101		237.597		1670		2		1
304.949		254.302		1725		2		1
298.111		231.769		1754		2		1
Frame 31
245.082		221.928		1696		2		1
243.922		154.652		1620		2		1
242.77		85.8565		1588		2		1
245.296		46.6597		1462		2		1
204.085		108.769		1633		2		1
188.977		167.658		1709		2		1
179.364		217.58		1664		2		1
178.001		234.958		1648		2		1
282.325		112.104		1652		2		1
295.671		172.465		1748		2		1
306.083		221.036		1718		2		1
307.07		235.356		1719		2		1
227.627		221.449		1698		2		1
218.608		293.316		1736		2		1
223.594		348.712		1828		2		1
221.863		379.573		1861		2		1
262.432		222.413		1724		2		1
274.001		314.975		1709		2		1
281.308		390.087		1782		2		1
273.893		412.741		1804		2		1
243.082		103.48		1622		2		1
179.923		252.375		1643		2		1
169.834		232.989		0		2		1
306.391		254.175		1722		2		1
299.259		234.275		1737		2		1
Frame 32
245.466		222.316		1712		2		1
244.102		156.244		1624		2		1
242.806		87.6487		1580		2		1
245.382		48.3269		1454		2		1
204.147		110.104		1623		2		1
187.846		168.855		1708		2		1
177.772		218.788		1660		2		1
176.375		236.714		1647		2		1
282.546		112.86		1646		2		1
296.453		172.895		1758		2		1
307.388		221.345		1731		2		1
308.088		236.219		1721		2		1
228.038		221.897		1721		2		1
218.493		293.844		1740		2		1
223.598		348.469		1831		2		1
221.987		379.361		1825		2		1
262.784		222.738		1735		2		1
274.114		314.815		1726		2		1
281.422		390.186		1784		2		1
273.864		412.783		1815		2		1
243.156		105.258		1613		2		1
178.46		254.261		1650		2		1
168.401		234.938		1690		2		1
307.318		255.413		1731		2		1
300.323		235.051		1743		2		1
Frame 33
245.79		223.077		1729		2		1
244.325		158.379		1635		2		1
242.893		90.1315		1574		2		1
245.421		50.3685		1440		2		1
204.237		111.97		1620		2		1
186.761		170.601		1705		2		1
176.434		220.652		1660		2		1
174.808		238.594		1651		2		1
282.852		114.137		1639		2		1
297.456		173.793		1752		2		1
308.663		222.178		1731		2		1
309.177		238.103		1722		2		1
228.455		222.702		1724		2		1
218.148		294.71		1744		2		1
223.445		347.998		1827		2		1
222.933		371.93		1849		1		1
263.029		223.458		1758		2		1
274.276		314.608		1724		2		1
281.442		390.206		1792		2		1
273.788		412.769		1801		2		1
243.276		107.701		1607		2		1
176.481		256.316		1650		2		1
166.376		237.8		1700		2		1
308.601		257.102		1734		2		1
300.867		236.526		0		2		1
Frame 34
246.265		224.234		1744		2		1
244.71		161.1		1637		2		1
243.172		93.2537		1558		2		1
245.36		53.5829		1432		2		1
204.358		114.743		1614		2		1
184.888		173.373		1701		2		1
174.506		223.657		1655		2		1
173.177		241.338		1650		2		1
283.104		117.084		1633		2		1
298.996		175.727		1759		2		1
309.953		224.189		1731		2		1
310.625		240.226		1722		2		1
229.045		223.875		1743		2		1
217.726		295.925		1734		2		1
223.466		347.971		1836		2		1
222.792		372.237		1847		1		1
263.387		224.597		1771		2		1
274.532		314.31		1739		2		1
281.475		390.196		1806		2		1
260.612		413.269		1772		1		1
243.575		110.783		1600		2		1
175.579		259.965		1657		2		1
164.751		243.091		1680		2		1
309.727		259.23		1739		2		1
302.954		236.845		0		2		1
Frame 35
246.465		225.645		1758		2		1
244.744		164.546		1639		2		1
242.78		98.1865		1554		2		1
245.335		58.4844		1418		2		1
204.221		118.845		1605		2		1
183.257		176.227		1701		2		1
172.764		226.787		1649		2		1
170.934		244.638		1644		2		1
283.157		121.007		1628		2		1
300.772		178.661		1746		2		1
311.845		227.199		1728		2		1
312.012		243.067		1721		2		1
229.271		225.363		1746		2		1
217.291		297.528		1738		2		1
223.81		351.415		1828		2		1
222.43		382.437		1842		2		1
263.578		225.938		1788		2		1
274.767		314.091		1742		2		1
281.478		390.165		1791		2		1
260.623		413.243		1764		1		1
243.317		115.461		1592		2		1
172.748		262.881		1643		2		1
162.072		243.285		1679		2		1
311.053		262.337		1738		2		1
304.104		242.298		1744		2		1
Frame 36
246.587		227.706		1778		2		1
244.946		168.711		1653		2		1
243.051		102.839		1528		2		1
245.145		62.9425		1414		2		1
204.553		122.632		1604		2		1
181.499		179.534		1699		2		1
170.734		230.269		1654		2		1
168.791		249.463		1641		2		1
283.299		124.808		1627		2		1
302.744		182.106		1753		2		1
313.352		230.776		1732		2		1
313.817		246.354		1725		2		1
229.461		227.389		1774		2		1
216.751		299.532		1739		2		1
223.465		353.813		1834		2		1
222.679		379.092		1851		2		1
263.649		228.03		1806		2		1
275.238		313.77		1731		2		1
281.5		390.164		1790		2		1
260.659		413.251		1782		1		1
243.557		120.067		1596		2		1
170.621		267.002		1641		2		1
160.045		250.122		1663		2		1
312.939		265.65		1744		2		1
305.74		243.689		1767		2		1
Frame 37
246.878		229.907		1784		2		1
245.019		171.037		1646		2		1
242.837		105.245		1473		2		1
244.999		71.5289		1412		2		1
204.817		129.406		1604		2		1
178.757		186.617		1690		2		1
168.01		237.896		1637		2		1
166.41		256.329		1627		2		1
283.177		131.219		1619		2		1
304.621		186.253		1740		2		1
315.063		235.158		1724		2		1
315.34		251.707		1715		2		1
229.783		229.726		1782		2		1
215.915		301.723		1732		2		1
223.082		356.154		1834		2		1
222.174		381.958		1843		2		1
263.91		230.102		1814		2		1
275.45		313.605		1729		2		1
281.903		391.125		1805		2		1
260.712		413.308		1768		1		1
243.444		122.633		1597		2		1
169.601		272.501		1639		2		1
157.6		255.74		1666		2		1
314.785		270.503		1734		2		1
307.556		247.957		1757		2		1
Frame 38
247.412		233.503		1785		2		1
245.317		176.673		1656		2		1
242.849		110.729		1459		2		1
244.709		77.9245		1406		2		1
204.868		135.816		1605		2		1
177.084		191.495		1693		2		1
166.089		242.992		1634		2		1
164.259		258.835		1620		2		1
282.939		135.77		1616		2		1
306.302		190.575		1739		2		1
316.439		239.678		1727		2		1
317.201		257.804		1713		2		1
230.336		233.691		1802		2		1
214.688		305.277		1731		2		1
222.966		349.892		1829		2		1
222.784		380.868		1858		2		1
264.412		233.346		1819		2		1
275.904		313.809		1732		2		1
281.957		391.094		1782		2		1
260.653		413.411		1780		1		1
243.516		128.271		1601		2		1
165.892		278.035		1624		2		1
155.581		259.307		1661		2		1
317.06		275.59		1736		2		1
309.592		262.381		1735		2		1
Frame 39
247.655		222.58		1799		2		1
245.468		177.496		1651		2		1
242.689		118.78		1452		2		1
244.383		87.1146		1406		2		1
205.239		142.9		1602		2		1
176.078		197.222		1690		2		1
164.047		248.857		1617		2		1
162.221		266.532		1608		2		1
283.106		142.609		1617		2		1
307.533		195.263		1731		2		1
318.78		244.325		1719		2		1
319.388		263.216		1705		2		1
231.737		222.586		1793		2		1
217.154		292.914		1744		2		1
222.9		349.799		1823		2		1
222.188		377.186		1832		2		1
263.542		222.58		1827		2		1
276.146		313.093		1726		2		1
282.234		391.738		1792		2		1
260.038		413.29		1770		1		1
243.457		133.699		1589		2		1
164.141		285.127		1614		2		1
152.801		263.918		0		2		1
319.269		281.669		1726		2		1
310.761		263.338		1744		2		1
Frame 40
247.237		241.185		1835		2		1
245.71		190.146		1675		2		1
243.602		126.694		1448		2		1
244.167		96.6613		1409		2		1
205.757		149.702		1609		2		1
175.792		204.773		1679		2		1
163.421		256.764		1615		2		1
160.518		272.679		1597		2		1
282.675		151.082		1620		2		1
308.99		203.311		1732		2		1
321.188		255.199		1701		2		1
321.505		269.929		1700		2		1
230.963		241.414		1820		2		1
200.392		304.283		0		2		1
221.722		348.278		1825		2		1
218.012		378.995		1843		2		1
263.425		240.97		1852		2		1
283.19		307.776		1713		2		1
285.673		388.606		1797		2		1
287.624		417.21		1725		1		1
244.325		145.105		1608		2		1
161.165		291.701		1588		2		1
151.313		270.726		1636		2		1
321.378		288.816		1715		2		1
313.19		269.912		1728		2		1
Frame 41
248.697		226.789		1817		2		1
246.094		187.311		1662		2		1
242.857		135.35		1453		2		1
244.021		105.953		1407		2		1
206.656		156.37		1612		2		1
175.877		209.303		1671		2		1
161.816		261.263		1602		2		1
158.868		282.067		1582		2		1
282.382		156.209		1614		2		1
310.071		205.971		1714		2		1
322.221		257.186		1696		2		1
323.891		277.481		1686		2		1
232.322		226.733		1814		2		1
215.63		297.289		1735		2		1
222.076		353.432		1832		2		1
221.307		381.235		1838		2		1
265.048		226.854		1851		2		1
279.163		313.69		1713		2		1
282.55		390.737		1787		2		1
259.356		410.874		1800		2		1
243.949		148.298		1593		2		1
160.322		300.724		1583		2		1
149.242		282.711		1596		2		1
324.961		296.051		1705		2		1
315.107		279.607		1716		2		1
Frame 42
248.811		227.574		1800		2		1
246.318		190.056		1654		2		1
243.273		144.3		1454		2		1
243.957		115.841		1418		2		1
207.508		164.34		1622		2		1
176.103		218.303		1671		2		1
160.284		271.392		1590		2		1
157.715		291.439		1560		2		1
281.911		164.326		1628		2		1
312.095		214.528		1705		2		1
325.992		267.651		1681		2		1
326.618		286.47		1667		2		1
232.475		227.534		1801		2		1
215.386		298.504		1736		2		1
221.114		355.217		1832		2		1
220.259		383.25		1837		2		1
265.128		227.625		1848		2		1
279.139		313.694		1717		2		1
283.037		391.725		1789		2		1
258.846		410.393		1800		2		1
244.19		157.747		1602		2		1
158.442		308.754		1563		2		1
147.822		291.643		1591		2		1
327.849		304.614		1683		2		1
318.15		287.039		1695		2		1
Frame 43
248.835		229.4		1791		2		1
246.29		195.715		1663		2		1
242.995		153.018		1467		2		1
243.944		126.006		1427		2		1
207.801		172.558		1626		2		1
177.027		222.388		1662		2		1
159.768		280.723		1575		2		1
156.796		299.814		1544		2		1
281.447		172.278		1628		2		1
312.755		219.346		1697		2		1
328.848		279.005		1649		2		1
329.399		295.667		1645		2		1
232.525		229.473		1811		2		1
214.906		300.856		1733		2		1
220.507		357.652		1816		2		1
219.743		385.844		1844		2		1
265.125		229.339		1850		2		1
279.207		312.526		1715		2		1
282.741		390.209		1784		2		1
259.197		409.803		1811		2		1
243.949		164.207		1602		2		1
158.518		318.728		1557		2		1
146.086		301.213		1572		2		1
331.303		312.626		1656		2		1
321.202		301.103		1672		2		1
Frame 44
247.187		231.15		1783		2		1
245.366		200.85		1672		2		1
242.814		163.098		1481		2		1
244.23		136.167		1436		2		1
208.275		181.445		1633		2		1
176.972		233.928		1651		2		1
159.832		287.503		1561		2		1
156.023		308.76		1528		2		1
280.354		179.828		1637		2		1
313.976		228.269		1686		2		1
331.142		286.088		1622		2		1
332.563		304.446		1619		2		1
231.657		231.216		1823		2		1
214.319		302.468		1735		2		1
219.647		359.683		1803		2		1
219.258		387.996		1840		2		1
262.626		231.096		1794		2		1
278.708		309.603		1723		2		1
282.01		386.865		1795		2		1
260.021		408.376		1826		2		1
243.484		173.842		1586		2		1
157.164		327.301		1532		2		1
145.551		308.334		1552		2		1
335.389		322.539		1640		2		1
322.865		306.348		1653		2		1
Frame 45
246.646		233.294		1783		2		1
244.608		207.113		1689		2		1
242.047		173.597		1499		2		1
244.428		148.422		1454		2		1
208.818		188.739		1644		2		1
177.523		239.129		1650		2		1
157.271		305.331		1539		2		1
155.119		319.156		1505		2		1
279.457		190.935		1654		2		1
314.735		233.563		1678		2		1
334.268		296.703		1589		2		1
335.523		314.143		1590		2		1
231.197		233.241		1806		2		1
213.139		301.477		1736		2		1
219.325		358.616		1807		2		1
218.243		386.939		1835		2		1
262.047		233.347		1792		2		1
280.814		306.588		1714		2		1
282.724		385.128		1796		2		1
260.73		406.445		1841		2		1
242.779		182.544		1569		2		1
157.121		337.619		1504		2		1
144.411		321.868		1529		2		1
337.922		331.908		1607		2		1
325.957		317.416		1623		2		1
Frame 46
246.83		240.815		1796		2		1
245.536		215.413		1704		2		1
243.76		182.419		1508		2		1
244.654		157.636		1468		2		1
210.258		196.746		1655		2		1
178.621		249.335		1625		2		1
157.72		309.298		1508		2		1
154.4		327.008		1483		2		1
279.451		199.258		1661		2		1
316.048		242.347		1661		2		1
335.466		302.495		1563		2		1
338.058		322.981		1558		2		1
231.551		239.704		1814		2		1
212.228		302.37		1740		2		1
217.474		359.006		1798		2		1
216.244		387.271		1866		2		1
262.075		241.599		1820		2		1
281.566		307.457		1719		2		1
282.527		385.651		1799		2		1
260.308		406.733		1830		2		1
244.311		191.816		1561		2		1
155.175		346.467		1475		2		1
143.291		325.668		1507		2		1
341.408		340.635		1575		2		1
328.374		326.909		1590		2		1
Frame 47
239.312		243.698		1789		2		1
241.979		221.236		1719		2		1
244.567		193.594		1528		2		1
245.251		169.686		1488		2		1
210.871		207.21		1665		2		1
178.977		257.419		1613		2		1
157.695		318.337		1491		2		1
153.593		335.372		1455		2		1
279.255		207.982		1669		2		1
316.988		246.761		1649		2		1
336.998		308.018		1529		2		1
340.389		330.13		1524		2		1
225.46		242.85		1850		2		1
210.647		304.009		1742		2		1
217.119		360.085		1801		1		1
216.328		388.265		1852		2		1
253.46		244.337		1793		2		1
280.965		305.583		1721		2		1
281.559		383.418		1794		2		1
260.444		405.859		1856		2		1
243.764		201.184		1582		2		1
154.261		354.892		1442		2		1
142.076		338.615		1471		2		1
344.356		348.542		1541		2		1
335.26		340.696		0		2		1
Frame 48
240.538		249.937		1798		2		1
242.943		230.072		1738		2		1
245.878		203.821		1552		2		1
246.201		180.068		1512		2		1
211.686		215.436		1677		2		1
179.486		265.238		1600		2		1
158.016		319.847		1475		2		1
152.932		343.236		1424		2		1
279.36		214.345		1680		2		1
319.033		256.971		1622		2		1
340.238		318.58		1487		2		1
343.028		338.727		1482		2		1
226.243		249.557		1865		2		1
209.447		307.642		1749		2		1
216.842		363.008		1804		1		1
213.825		394.278		1863		2		1
254.772		250.507		1807		2		1
282.885		307.579		1734		2		1
281.899		385.336		1792		2		1
259.782		406.626		1849		2		1
245.069		211.063		1603		2		1
153.986		364.496		1411		2		1
140.747		346.925		1454		2		1
346.818		356.836		1498		2		1
332.813		343.047		1523		2		1
Frame 49
244.55		252.844		1794		2		1
245.28		235.132		1759		2		1
246.484		213.737		1581		2		1
246.339		190.378		1533		2		1
212.019		223.977		1685		2		1
180.91		268.099		1599		2		1
159.678		321.508		1458		2		1
153.196		345.459		1403		2		1
278.395		222.083		1695		2		1
317.987		258.331		1610		2		1
340.931		320.98		1453		2		1
345.4		344.897		1442		2		1
230.647		253.268		1820		2		1
209.873		322.321		1767		2		1
217.76		396.292		1827		2		1
235.346		413.854		1794		1		1
258.315		252.487		1805		2		1
284.239		309.894		1754		2		1
281.064		387.387		1787		2		1
258.561		408.044		1839		2		1
246.217		219.604		1608		2		1
149.709		365.307		1369		2		1
140.469		352.51		1406		2		1
350.408		363.814		1449		2		1
333.979		346.969		1482		2		1
Frame 50
243.345		286.797		2051		2		1
245.039		260.334		1821		2		1
247.1		228.015		1630		2		1
246.959		201.158		1564		2		1
213.175		233.904		1702		2		1
179.626		283.185		1568		2		1
155.778		336.738		1413		2		1
152.164		358.02		1354		2		1
278.209		231.212		1720		2		1
317.051		260.503		1600		2		1
343.168		328.323		1420		2		1
347.278		349.517		1398		2		1
229.781		286.271		2006		2		1
214.816		334.946		1830		1		1
217.827		396.722		1788		2		1
215.196		420.425		1755		1		1
256.892		287.336		2061		2		1
286.55		313.34		1761		2		1
282.703		391.845		1800		2		1
257.97		409.558		1828		2		1
246.544		236.75		1762		2		1
153.597		379.397		1334		2		1
139.253		360.643		1372		2		1
353.28		368.757		1400		2		1
334.999		351.614		1452		2		1
Frame 51
250.49		297.219		2093		2		1
249.474		269.652		1857		2		1
248.169		235.9		1654		2		1
247.8		209.35		1591		2		1
213.815		239.267		1714		2		1
180.518		283.81		1574		2		1
157.52		339.074		1388		2		1
152.606		361.412		1326		2		1
278.906		234.048		1724		2		1
317.253		261.685		1590		2		1
343.034		332.541		1385		2		1
348.265		349.978		1355		2		1
236.83		297.24		2054		2		1
212.989		350.736		1824		1		1
222.856		421.272		1735		1		1
9999		9999		9999		1		1
264.172		297.213		2028		2		1
290.745		308.765		1783		2		1
283.211		388.984		1782		2		1
259.396		408.055		1838		2		1
248.506		245.072		1785		2		1
153.08		383.701		1302		2		1
139.45		365.281		1339		2		1
354.656		368.632		1340		2		1
341.77		360.029		1374		2		1
Frame 52
252.377		299.851		2093		2		1
250.548		274.641		1878		2		1
247.543		245.347		1705		2		1
248.69		218.737		1623		2		1
215.322		249.272		1733		2		1
185.533		284.912		1590		2		1
160.108		340.059		1375		2		1
155.481		363.377		1302		2		1
278.462		245.873		1754		2		1
313.998		263.621		1589		2		1
342.767		330.646		1348		2		1
349.894		348.862		1309		2		1
237.547		300.095		2068		2		1
224.491		345.794		2324		1		1
215.783		418.761		1775		1		1
9999		9999		9999		1		1
267.713		299.902		2039		2		1
288.988		339.806		1813		2		1
283.493		399.92		1794		2		1
256.06		411.957		1796		2		1
248.412		253.475		1821		2		1
155.287		384.749		1277		2		1
143.238		371.722		1308		2		1
358.777		368.999		1299		2		1
337.724		352.222		1353		2		1
Frame 53
248.641		306.488		2110		2		1
248.635		280.945		1914		2		1
248.428		249.569		1713		2		1
249.024		226.86		1660		2		1
215.751		252.647		1759		2		1
186.066		286.834		1612		2		1
166.854		343.499		1378		2		1
161.492		365.126		1305		2		1
277.765		249.884		1781		2		1
314.027		269.94		1555		2		1
345.586		331.893		1306		2		1
348.424		340.344		1279		2		1
234.937		306.785		2075		2		1
208.446		350.687		1837		1		1
224.79		419.381		1746		1		1
9999		9999		9999		1		1
262.299		306.205		2081		2		1
292.928		335.984		1824		1		1
283.96		395.662		1805		2		1
286.441		419.547		1721		1		1
248.599		257.934		1818		2		1
162.306		387.086		1269		2		1
149.507		364.769		1297		2		1
359.441		361.117		1251		2		1
335.975		344.935		1331		2		1
Frame 54
252.167		317.803		2152		2		1
248.649		290.944		1997		2		1
244.479		259.107		1795		2		1
248.894		233.798		1702		2		1
218.662		258.381		1800		2		1
189.35		291.526		1618		2		1
175.195		340.362		1405		2		1
170.659		367.994		1324		2		1
276.741		256.262		1819		2		1
308.198		268.862		1595		2		1
336.988		312.931		1362		2		1
345.716		332.732		1278		2		1
238.151		317.273		2130		2		1
210.339		360.977		1855		1		1
217.897		395.296		1833		2		1
207.056		416.517		1762		1		1
266.215		318.347		2101		2		1
297.604		348.746		1809		1		1
279.662		410		1818		2		1
297.151		417.587		1741		1		1
245.593		267.604		1899		2		1
172.56		388.016		1295		2		1
159.752		379.12		1333		2		1
354.214		350.006		1246		2		1
332.299		338.437		1329		2		1
Frame 55
247.723		295.676		2034		2		1
252.35		277.973		1926		2		1
257.996		256.373		1821		2		1
248.531		240.968		1748		2		1
218.703		257.89		1841		2		1
198.104		300.378		1642		2		1
182.294		363.655		1370		2		1
180.494		368.838		1357		2		1
289.829		253.59		1807		1		1
317.483		271.28		1594		2		1
336.321		313.005		1374		2		1
343.773		328.489		1307		2		1
233.395		296.449		2066		2		1
209.393		365.843		1842		1		1
217.62		397.33		1811		1		1
206.001		415.099		1731		1		1
261.939		294.923		2050		2		1
290.621		351.897		1829		1		1
275.091		413.977		1786		1		1
270.947		416.231		1767		1		1
256.471		262.207		1856		2		1
181.183		391.183		1311		2		1
170.168		382.497		1404		2		1
352.795		343.603		1274		2		1
332.824		337.483		1349		2		1
Frame 56
254.343		335.679		2222		2		1
251.226		304.696		2121		2		1
247.705		269.627		1891		2		1
248.757		245.712		1804		2		1
217.638		262.726		1896		2		1
200.403		297.123		1699		2		1
190.691		349.151		1465		2		1
189.625		369.948		1402		2		1
278.294		266.959		1902		1		1
313.277		268.84		1681		2		1
334.472		315.096		1416		2		1
340.391		325.922		1368		2		1
241.532		335.54		2218		2		1
217.189		378.608		1845		1		1
9999		9999		9999		1		1
9999		9999		9999		1		1
267.168		335.824		2190		2		1
297.57		374.295		1795		1		1
288.663		415.812		1713		1		1
295.04		416.246		1691		1		1
248.628		278.813		1985		2		1
192.255		390.924		1379		2		1
204.469		370.705		1451		2		1
350.612		341.189		1330		2		1
328.782		334.337		1434		2		1
Frame 57
245.538		333.889		2204		2		1
246.647		305.623		2123		2		1
247.911		273.519		1958		2		1
248.449		249.725		1869		2		1
220.207		268.718		1947		2		1
204.594		299.148		1753		2		1
196.395		348.736		1519		2		1
195.957		370.463		1451		2		1
277.578		270.94		1981		1		1
303.588		276.979		1727		2		1
331.547		315.87		1484		2		1
335.805		324.219		1444		2		1
233.015		333.172		2180		2		1
212.516		374.306		1518		1		1
205.391		421.814		1712		1		1
189.221		405.014		1796		2		1
258.066		334.614		2199		2		1
283.647		364.323		1868		1		1
274.393		404.788		1765		1		1
279.884		404.664		1748		1		1
247.579		281.94		2038		2		1
198.735		389.452		1420		2		1
211.372		373.616		1499		2		1
346.448		340.305		1389		2		1
326.522		334.986		1485		2		1
Frame 58
244.17		337.656		2230		2		1
245.152		307.293		2143		2		1
244.594		275.012		2031		2		1
247.881		252.029		1941		2		1
220.279		271.63		2026		2		1
210.18		303.174		1821		2		1
202.352		355.544		1541		2		1
200.406		366.529		1505		2		1
273.475		272.496		2065		1		1
300.606		278.592		1843		2		1
327.065		313.917		1589		2		1
332.157		323.177		1529		2		1
227.685		338.436		2183		2		1
212.524		384.213		1790		1		1
9999		9999		9999		1		1
9999		9999		9999		1		1
259.022		337.915		2210		2		1
277.785		370.433		2062		1		1
268.455		410.201		1800		1		1
273.527		410.359		1749		1		1
244.467		283.657		2097		2		1
203.656		385.089		1461		2		1
215.397		368.995		1547		2		1
342.49		338.902		1465		2		1
322.847		333.526		1576		2		1
Frame 59
254.754		342.854		2246		2		1
249.885		310.701		2186		2		1
244.713		276.445		2089		2		1
247.624		255.079		2019		2		1
221.393		278.032		2088		2		1
204.845		304.538		1886		2		1
202.127		355.344		1581		2		1
202.212		362.872		1553		2		1
273.433		271.828		2125		2		1
304.374		285.634		1892		2		1
329.204		318.031		1645		2		1
331.595		324.296		1611		2		1
238.01		345.299		2226		2		1
217.871		387.311		1795		1		1
201.435		411.062		1684		2		1
184.202		414.224		1657		1		1
271.325		340.442		2161		2		1
289.408		354.963		1879		1		1
280.708		394.022		1712		1		1
286.347		393.356		1703		1		1
246.036		285.208		2159		2		1
205.302		377.64		1504		2		1
217.571		361.206		1588		2		1
341.749		341.414		1536		2		1
323.676		334.097		1639		2		1
Frame 60
254.766		348.809		2245		2		1
249.736		313.56		2247		2		1
244.577		277.358		2156		2		1
246.789		257.228		2074		2		1
222.2		280.706		2184		2		1
205.296		311.349		1936		2		1
201.09		350.867		1671		2		1
200.223		358.392		1619		2		1
273.127		273.987		2202		2		1
314.174		287.857		1975		2		1
329.479		318.424		1743		2		1
334.613		327.854		1667		2		1
237.552		350.782		2243		2		1
215.513		390.74		1741		1		1
198.445		414.859		1675		1		1
180.368		415.176		1721		1		1
271.934		347.015		2190		2		1
289.651		357.029		1890		1		1
280.96		396.111		1721		1		1
286.608		395.551		1695		1		1
245.868		286.585		2244		2		1
200.689		372.253		1578		2		1
215.313		354.835		1661		2		1
340.172		339		1572		2		1
324.854		334.871		1714		2		1
Frame 61
247.826		350.128		2299		2		1
246.636		312.685		2278		2		1
243.939		274.869		2243		2		1
244.555		256.645		2123		2		1
219.24		279.291		2212		2		1
203.405		314.017		1989		2		1
200.168		352.219		1778		2		1
199.058		361.076		1727		2		1
273.166		271.049		2256		2		1
309.093		297.669		2039		2		1
332.399		321.065		1851		2		1
336.768		327.006		1737		2		1
231.295		351.284		2270		2		1
201.411		396.768		1781		1		1
182.121		421.084		1680		1		1
166.795		421.788		1716		1		1
264.18		349.088		2271		2		1
289.508		354.674		1889		1		1
280.872		393.466		1908		1		1
286.48		392.777		1735		1		1
244.458		284.365		2297		2		1
200.215		371.899		1670		2		1
203.647		363.981		1690		2		1
344.648		334.571		1692		2		1
326.286		334.567		1770		2		1
Frame 62
248.839		343.964		2316		2		1
245.973		307.115		2298		2		1
243.184		271.432		2316		2		1
242.898		249.897		2157		2		1
214.646		281.621		2216		2		1
201.394		315.107		2016		2		1
193.845		354.478		1831		2		1
196.712		364.531		1805		2		1
271.862		266.923		2287		2		1
302.401		288.841		2141		2		1
332.09		319.704		1924		2		1
341.129		331.193		1846		2		1
233.254		345.754		2296		2		1
214.501		383.688		1756		1		1
197.1		406.514		1619		1		1
177.479		398.239		1842		1		1
264.326		341.949		2262		2		1
289.565		329.026		1982		2		1
276.101		388.374		1952		1		1
285.11		365.833		0		1		1
243.821		280.289		2328		2		1
201.11		384.556		1736		2		1
206.158		364.481		1835		2		1
350.918		338.123		1771		2		1
329.844		337.101		1849		2		1
Frame 63
249.067		340.471		2329		2		1
245.436		303.016		2329		2		1
241.41		264.817		2305		2		1
243.095		244.993		2186		2		1
214.42		281.294		2206		2		1
201.12		314.415		2022		2		1
186.37		348.332		1805		2		1
188.502		349.065		0		2		1
271.416		264.921		2313		2		1
302.638		288.168		2156		2		1
331.572		313.45		1954		2		1
342.582		323.783		1904		2		1
233.882		341.013		2317		2		1
204.994		338.133		1952		2		1
207.28		390.39		1638		2		1
204.271		413.987		1745		1		1
264.357		339.7		2256		2		1
288.879		329.403		1973		2		1
275.33		388.925		1941		1		1
288.987		413.201		1743		1		1
242.469		274.435		2353		2		1
177.328		359		1746		2		1
196.758		361.52		1852		2		1
356.5		330.333		1857		2		1
338.602		336.993		1888		2		1
Frame 64
248.676		338.787		2353		2		1
246.392		300.502		2348		2		1
244.299		261.924		2303		2		1
244.424		242.336		2213		2		1
214.353		280.221		2218		2		1
195.078		312.197		1998		2		1
173.91		324.547		0		2		1
177.157		334.238		1728		2		1
271.559		263.98		2341		2		1
301.675		285.167		2167		2		1
331.098		305.762		1966		2		1
339.817		309.81		1926		2		1
233.705		339.208		2308		2		1
205.423		338.809		1936		2		1
207.793		391.271		1574		1		1
198.274		410.928		1773		2		1
263.824		338.41		2250		2		1
288.061		329.139		1978		2		1
277.202		399.809		1864		2		1
289.81		414.755		1713		1		1
244.783		271.586		2376		2		1
175		337		1698		2		1
182.575		333.281		1733		2		1
356.8		311.699		1809		2		1
338.27		317.662		1864		2		1
Frame 65
248.583		338.609		2363		2		1
250.026		297.441		2388		2		1
252.802		256.219		2310		2		1
246.209		241.87		2239		2		1
222.912		266.31		2332		2		1
201.4		279.574		2136		2		1
186.43		299.843		1872		2		1
181.736		304.969		1803		2		1
271.902		264.357		2359		2		1
300.394		282.46		2185		2		1
328.36		295.453		1964		2		1
338.336		296.463		1932		2		1
233.149		338.716		2297		2		1
210.124		335.296		1950		2		1
213.196		386.309		1569		1		1
203.347		404.076		1825		1		1
264.314		338.623		2266		2		1
286		328.704		1980		2		1
276.481		399.537		0		1		1
290.762		415.103		1732		1		1
252.265		266.321		2389		2		1
172.289		311.142		1736		2		1
194.383		308.763		1806		2		1
354.123		294.499		1814		2		1
334.442		301.681		1869		2		1
Frame 66
247.185		338.541		2352		2		1
250.171		297.306		2403		2		1
254.107		256.556		2330		2		1
247.735		242.006		2262		2		1
224.341		266.462		2353		2		1
203.454		276.09		2124		2		1
189.253		288.078		1826		2		1
183.879		286.217		1810		2		1
272.175		265.218		2380		2		1
300.619		281.6		2197		2		1
328.225		285.903		1938		2		1
334.855		284.326		1871		2		1
230.794		337.802		2246		2		1
211.255		334.743		1960		2		1
214.507		385.615		0		1		1
204.339		403.558		1834		1		1
263.419		339.129		2284		2		1
283.389		329.229		1997		2		1
274.076		399.879		1615		1		1
290.441		414.004		1739		1		1
253.078		266.541		2406		2		1
173.499		289.498		1762		2		1
190.131		289.121		1824		2		1
346.058		277.611		1839		2		1
328.664		290.799		1871		2		1
Frame 67
246.903		338.5		2352		2		1
250.323		297.077		2420		2		1
254.481		256.515		2348		2		1
248.898		242.136		2288		2		1
225.556		266.256		2367		2		1
205.119		275.128		2147		2		1
190.057		274.682		1848		2		1
181.908		274.457		1803		2		1
272.826		264.761		2406		2		1
303.167		277.149		2165		2		1
323.303		276.952		1947		2		1
330.457		275.349		1881		2		1
230.512		337.671		2252		2		1
213.075		330.756		2000		2		1
216.554		380.349		1569		1		1
206.235		398.663		1860		1		1
263.222		339.268		2283		2		1
281.929		329.752		1995		2		1
272.567		400.571		1576		1		1
290.051		414.014		1740		1		1
253.428		266.48		2422		2		1
173.135		272.799		1776		2		1
191.231		275.309		1848		2		1
337.95		266.21		1847		2		1
322.367		282.461		1865		2		1
Frame 68
246.855		338.412		2361		2		1
249.55		297.289		2412		2		1
250.673		258.577		2371		2		1
249.702		241.095		2314		2		1
226.509		265.254		2389		2		1
205.271		273.049		2156		2		1
190.984		272.779		1880		2		1
185.474		267.862		1827		2		1
273.258		263.266		2416		2		1
301.237		277.062		2192		2		1
320.527		273.67		1909		2		1
325.399		270.954		1894		2		1
230.452		337.474		2240		2		1
213.807		330.297		1981		2		1
217.402		379.8		1546		1		1
207.079		398.095		1851		1		1
263.196		339.243		2273		2		1
281.567		329.692		1969		1		1
272.19		400.561		1619		1		1
289.933		413.95		1752		1		1
250.609		267.935		2424		2		1
179.444		263.556		1764		2		1
197.415		267.749		1845		2		1
330.404		260.466		1873		2		1
315.165		276.835		1881		2		1
Frame 69
247.004		337.991		2350		2		1
249.107		296.6		2417		2		1
249.826		256.866		2388		2		1
250.291		237.36		2339		2		1
226.959		264.078		2409		2		1
203.467		265.434		1906		2		1
193.316		269.692		1900		2		1
188.443		265.552		1855		2		1
273.401		262.392		2435		2		1
303.268		274.271		2197		2		1
319.091		277.341		1955		2		1
321.228		269.441		1920		2		1
230.607		337.208		2016		2		1
216.718		328.649		1991		2		1
220.767		377.705		1542		1		1
210.37		395.989		1852		1		1
263.39		338.648		2247		2		1
281.465		329.458		1960		1		1
272.074		400.423		1698		1		1
290.019		413.702		1745		1		1
249.757		266.572		2435		2		1
184.377		261.5		1828		2		1
200.779		266.335		1854		2		1
324.833		258.584		1880		2		1
311.09		275.366		1894		2		1
Frame 70
247.432		336.647		2343		2		1
248.978		294.806		2411		2		1
249.774		254.297		2421		2		1
250.502		235.409		2359		2		1
227.154		262.259		2428		2		1
205.183		265.307		0		2		1
193.52		269.496		1921		2		1
189.792		264.79		1875		2		1
274.406		260.568		2442		2		1
302.706		273.736		2214		2		1
318.844		277.576		1978		2		1
319.153		269		1931		2		1
231.097		335.999		2008		2		1
219.089		328.44		1987		2		1
223.526		377.458		1588		1		1
213.012		395.745		1559		1		1
263.793		337.249		2062		2		1
281.36		328.233		1969		1		1
271.953		399.282		1655		1		1
290.154		412.394		1750		1		1
249.617		264.22		2437		2		1
184.402		260.4		1817		2		1
201.298		265.9		1885		2		1
322.858		257.857		1881		2		1
308.89		274.334		1903		2		1
Frame 71
249.839		339.637		2348		2		1
249.767		294.146		2419		2		1
250.054		251.203		2447		2		1
250.722		232.809		2385		2		1
227.372		261.654		2433		2		1
205.4		266.631		2215		2		1
193.303		269.365		1938		2		1
189.001		264.767		1892		2		1
274.71		259.911		2453		2		1
301.834		273.632		2220		2		1
318.575		276.725		1982		2		1
318.788		269.523		1931		2		1
236.492		340.318		2055		2		1
246.767		335.544		2340		2		1
244.613		413.782		1653		1		1
9999		9999		9999		1		1
263.51		338.75		2007		2		1
281.617		327.622		2025		1		1
272.226		398.673		1607		1		1
290.568		411.654		1756		1		1
249.982		261.837		2450		2		1
184.193		260.202		1853		2		1
200.499		266		1888		2		1
321.702		259.25		1893		2		1
308.113		275.67		1909		2		1
Frame 72
248.397		333.246		2337		2		1
249.808		292.001		2423		2		1
250.57		250.673		2483		2		1
250.985		231.55		2405		2		1
227.413		261.098		2444		2		1
205.102		270.037		2213		2		1
189.264		272.911		2012		2		1
186.917		266.503		1914		2		1
274.985		259.8		2453		2		1
299.966		275.765		2222		2		1
318.365		277.028		1987		2		1
318.712		271.942		1940		2		1
231.915		331.866		2014		2		1
225.27		330.961		1991		2		1
222.838		408.776		1520		1		1
9999		9999		9999		1		1
265.105		334.657		2010		2		1
271.82		332.818		1977		2		1
261.309		406.798		1767		1		1
279.884		420.733		1708		1		1
250.339		261.014		2457		2		1
182.336		262.332		1858		2		1
195.616		267.926		1942		2		1
322.943		262.001		1901		2		1
307.819		277.183		1921		2		1
Frame 73
249.361		335.615		2336		2		1
249.952		291.774		2416		2		1
250.644		250.156		2502		2		1
251.159		230.765		2410		2		1
227.444		261.194		2444		2		1
202.224		279.846		2205		2		1
189.545		271.847		1956		2		1
186.698		269.96		1927		2		1
275.335		260.079		2470		2		1
299.184		276.323		2230		2		1
313.185		275.381		1947		2		1
318.279		275.289		1949		2		1
232.687		333.507		2016		2		1
227.325		330.813		2006		2		1
224.99		405.944		1509		1		1
9999		9999		9999		1		1
266.385		337.954		2002		2		1
275.744		365.036		1806		2		1
9999		9999		9999		1		1
9999		9999		9999		1		1
250.435		260.553		2467		2		1
180.25		266.251		1858		2		1
197.568		270.429		1928		2		1
323.464		265.692		1904		2		1
307.113		279.667		1923		2		1
Frame 74
250.083		337.202		2318		2		1
250.26		291.695		2416		2		1
250.739		249.944		2501		2		1
251.244		230.012		2416		2		1
227.331		261.376		2459		2		1
202.613		278.351		2218		2		1
190.678		279.436		1994		2		1
186.243		275.217		1964		2		1
275.515		260.743		2459		2		1
296.937		280.071		2246		2		1
312.461		277.626		1951		2		1
316.584		280.067		1965		2		1
234.027		337.926		2011		2		1
227.499		331.303		2012		2		1
225.17		406.44		1632		1		1
9999		9999		9999		1		1
266.471		337.99		2001		2		1
275.747		364.423		1839		1		1
9999		9999		9999		1		1
9999		9999		9999		1		1
250.536		260.347		2480		2		1
181.002		271.833		1890		2		1
195.248		275.252		1962		2		1
321.89		271.112		1911		2		1
305.125		283.877		1927		2		1
Frame 75
250.608		337.711		2314		2		1
250.499		291.805		2415		2		1
250.718		249.906		2501		2		1
251.1		229.679		2424		2		1
227.12		261.424		2464		2		1
204.968		282.113		2267		2		1
184.424		286.219		2053		2		1
186.421		281.361		1957		2		1
275.51		261.123		2465		2		1
296.69		280.927		2253		1		1
310.693		284.012		1955		2		1
313.945		285.471		1960		2		1
234.378		338.225		2003		2		1
228.554		332.727		2013		2		1
226.25		407.725		1672		1		1
9999		9999		9999		1		1
266.764		338.081		1995		2		1
276.056		366.431		1843		1		1
9999		9999		9999		1		1
9999		9999		9999		1		1
250.552		260.305		2471		2		1
181.498		278.002		1891		2		1
195.372		281.253		1972		2		1
320.146		277.287		1907		2		1
303.287		289.001		1934		2		1
Frame 76
252.546		341.595		2308		2		1
250.828		292.395		2404		2		1
250.669		249.748		2497		2		1
250.965		229.277		2414		2		1
226.911		261.596		2459		2		1
204.818		283.454		2275		2		1
190.296		288.702		1975		2		1
186.896		288.949		1960		2		1
275.57		261.349		2460		2		1
296.094		282.086		2252		1		1
309.034		289.338		1942		2		1
311.196		291.733		1956		2		1
238.641		341.552		2017		2		1
229.419		334.671		2012		2		1
227.139		409.593		1666		1		1
9999		9999		9999		1		1
266.562		341.44		1991		2		1
271.864		350.936		1936		2		1
9999		9999		9999		1		1
9999		9999		9999		1		1
250.563		260.23		2466		2		1
181.1		286.899		1896		2		1
194.623		288.378		1990		2		1
315.43		285		0		2		1
301.378		294.879		1951		2		1
Frame 77
252.478		340.855		2296		2		1
251.022		292.608		2395		2		1
250.604		249.544		2491		2		1
250.733		228.932		2412		2		1
226.889		261.572		2456		2		1
205.082		284.537		2305		2		1
192.376		292.464		2057		2		1
187.334		296.425		1942		2		1
275.566		261.429		2463		2		1
296.022		284.149		2244		2		1
306.569		293.15		1939		2		1
308.819		297.91		1947		2		1
238.792		340.485		2028		2		1
231.808		348.427		1965		2		1
229.627		423.915		0		1		1
9999		9999		9999		1		1
266.438		341.028		1996		2		1
271.944		349.47		1945		2		1
261.646		422.35		1685		1		1
9999		9999		9999		1		1
250.562		260.126		2456		2		1
179.816		298.456		1890		2		1
197.499		295.5		1965		2		1
311		292		0		2		1
299.577		301.504		1958		2		1
Frame 78
251.393		334.132		2312		2		1
250.82		291.351		2396		2		1
250.318		249.212		2478		2		1
250.443		228.633		2406		2		1
226.278		261.668		2459		2		1
205.502		286.674		2301		2		1
193.31		298.718		2089		2		1
188.087		303.781		1896		2		1
275.516		261.769		2441		2		1
294.066		285.412		2264		2		1
311.78		304.434		1943		2		1
306.39		302.568		1926		2		1
235.021		333.823		2063		2		1
221.42		371.006		1857		2		1
9999		9999		9999		1		1
9999		9999		9999		1		1
267.633		335.33		2007		2		1
280.663		362.245		1877		2		1
9999		9999		9999		1		1
9999		9999		9999		1		1
250.378		259.64		2453		2		1
181.717		307.57		1887		2		1
198.191		302.5		1976		2		1
309.555		298.889		1906		2		1
305.54		299.225		1919		2		1
Frame 79
249.094		342.522		2302		2		1
250.262		292.556		2385		2		1
250.121		249.09		2467		2		1
249.883		228.267		2389		2		1
225.489		262.162		2436		2		1
205.843		289.132		2296		2		1
191.298		306.474		1955		2		1
188.831		310.169		1897		2		1
275.44		262.66		2421		2		1
294.461		286.268		2253		2		1
302.081		302.493		2011		2		1
304.221		306.876		1911		2		1
235.009		342.143		2007		2		1
229.262		363.716		1894		2		1
9999		9999		9999		1		1
9999		9999		9999		1		1
263.412		342.913		1995		2		1
271.965		350.185		1941		2		1
261.569		423.755		1737		1		1
9999		9999		9999		1		1
250.161		259.763		2443		2		1
184		315.124		1875		2		1
198.66		309.219		1990		2		1
310.002		304.461		1865		2		1
295.999		311.157		1963		2		1
Frame 80
250.361		335.775		2300		2		1
249.988		291.909		2381		2		1
249.504		249.244		2452		2		1
249.484		228.205		2381		2		1
225.016		262.562		2438		2		1
206.124		291.011		2296		2		1
194.948		309.884		2071		2		1
189.4		315.568		1936		2		1
275.169		262.992		2418		2		1
293.849		287.488		2262		2		1
306.349		312.099		1913		2		1
302.217		310.561		1881		2		1
233.746		335.223		2027		2		1
220.971		370.595		1853		2		1
9999		9999		9999		1		1
9999		9999		9999		1		1
266.918		336.301		1994		2		1
281.44		362.06		1893		2		1
9999		9999		9999		1		1
9999		9999		9999		1		1
249.632		259.662		2435		2		1
185.498		322.166		1879		2		1
191.906		315.488		1907		2		1
306.856		309.429		1869		2		1
294.265		315.464		1950		2		1
Frame 81
249.654		343.518		2305		2		1
249.55		293.751		2378		2		1
249.087		249.758		2437		2		1
248.993		228.488		2366		2		1
224.277		263.448		2425		2		1
206.269		293.175		2287		2		1
192.447		314.861		2050		2		1
190.073		321.106		1923		2		1
275.129		263.448		2403		2		1
293.655		289.267		2250		2		1
304.975		311.64		1964		2		1
300.837		313.713		1904		2		1
235.714		343.206		2007		2		1
233.838		370.024		1880		2		1
9999		9999		9999		1		1
9999		9999		9999		1		1
263.933		343.627		2000		2		1
272.983		352.594		1927		2		1
9999		9999		9999		1		1
9999		9999		9999		1		1
249.228		260.447		2420		2		1
187.11		328.388		1866		2		1
200.798		319.692		1989		2		1
307.713		313.643		1849		2		1
293.4		319.251		1941		2		1
Frame 82
250.197		342.981		2294		2		1
249.477		294.299		2373		2		1
248.512		250.301		2423		2		1
248.668		228.924		2353		2		1
223.878		263.681		2421		2		1
206.165		298.272		2268		2		1
191.699		318.292		2044		2		1
190.883		327.226		1905		2		1
274.765		263.975		2395		2		1
293.036		290.895		2239		2		1
305.803		312.071		1983		2		1
299.609		316.439		1940		2		1
236.202		343.133		1999		2		1
221.823		374.159		1836		2		1
9999		9999		9999		1		1
9999		9999		9999		1		1
264.048		342.396		1984		2		1
280.788		361.095		1871		2		1
9999		9999		9999		1		1
9999		9999		9999		1		1
248.842		261.043		2423		2		1
188.152		333.922		1872		2		1
203.333		325.666		1959		2		1
305.292		318.53		1835		2		1
292.479		322.686		1937		2		1
Frame 83
249.944		336.557		2295		2		1
249.205		293.467		2360		2		1
248.344		250.643		2417		2		1
248.552		229.337		2340		2		1
223.609		263.823		2408		2		1
206.389		298.28		2283		2		1
192.113		320.979		2058		2		1
190.965		330.833		1927		2		1
274.707		264.442		2385		2		1
292.946		291.799		2242		2		1
301.167		316.307		1979		2		1
298.51		318.866		1973		2		1
233.171		336.123		2017		2		1
221.905		373.931		1864		2		1
9999		9999		9999		1		1
9999		9999		9999		1		1
266.775		337.005		1987		2		1
280.713		361.172		1873		2		1
9999		9999		9999		1		1
9999		9999		9999		1		1
248.601		261.196		2407		2		1
188.352		337.942		1881		2		1
201.995		328.762		1985		2		1
303.952		323.001		1839		2		1
292.438		326.576		1929		2		1
Frame 84
248.707		345.668		2294		2		1
248.807		295.887		2350		2		1
248.368		251.21		2399		2		1
248.489		229.888		2325		2		1
222.994		265.068		2396		2		1
206.394		298.48		2275		2		1
194.596		323.53		2040		2		1
191.045		333.485		1919		2		1
274.966		265.005		2380		2		1
292.743		293.141		2223		2		1
302.217		317.208		1974		2		1
298.384		322.592		1966		2		1
234.79		345.028		1984		2		1
227.535		344.431		1944		2		1
225.275		420.429		1613		1		1
9999		9999		9999		1		1
262.836		346.324		1987		2		1
271.942		350.469		1932		2		1
9999		9999		9999		1		1
9999		9999		9999		1		1
248.511		262.129		2385		2		1
187.747		341.651		1879		2		1
202.073		331.839		1976		2		1
303.869		327.062		1825		2		1
291.229		329.137		1923		2		1
Frame 85
250.249		337.722		2291		2		1
249.127		295.071		2344		2		1
248.571		251.785		2394		2		1
248.459		230.236		2311		2		1
222.983		264.932		2390		2		1
206.397		299.13		2274		2		1
194.363		324.102		2048		2		1
190.768		335.961		1929		2		1
274.897		265.236		2368		2		1
292.446		293.83		2224		2		1
299.992		322.693		1968		2		1
298.432		325.255		1954		2		1
233.263		337.316		2012		2		1
221.501		374.418		1842		2		1
9999		9999		9999		1		1
9999		9999		9999		1		1
267.32		338.142		1983		2		1
281.902		364.563		1865		2		1
9999		9999		9999		1		1
9999		9999		9999		1		1
248.708		262.365		2386		2		1
188.318		344.038		1877		2		1
201.797		334.39		1971		2		1
304.642		331.071		1803		2		1
290.835		332.11		1916		2		1
Frame 86
248.305		346.566		2293		2		1
248.879		296.601		2343		2		1
248.65		252.097		2391		2		1
248.47		230.534		2306		2		1
222.704		265.648		2390		2		1
205.82		300.032		2261		2		1
194.59		326.124		2045		2		1
190.798		338.93		1934		2		1
275.061		265.612		2367		2		1
292.453		294.625		2223		2		1
300.027		323.705		1967		2		1
298.724		328.172		1941		2		1
234.358		345.78		1993		2		1
229.201		345.691		1956		2		1
226.962		421.829		1609		1		1
9999		9999		9999		1		1
262.532		347.374		1965		2		1
283.191		403.581		1685		2		1
9999		9999		9999		1		1
9999		9999		9999		1		1
248.724		262.906		2386		2		1
187.903		347.86		1880		2		1
202.14		337.421		1969		2		1
304.666		335.133		1799		2		1
290.552		334.499		1921		2		1
Frame 87
251.368		339.501		2275		2		1
249.467		295.759		2338		2		1
248.693		252.316		2382		2		1
248.567		230.71		2295		2		1
222.766		265.542		2376		2		1
205.874		300.191		2253		2		1
194.593		326.58		2055		2		1
191.401		340.415		1926		2		1
275.087		265.773		2354		2		1
292.51		295.088		2225		2		1
299.535		321.867		1976		2		1
298.918		330.707		1942		2		1
233.763		338.187		1995		2		1
220.219		373.254		1828		2		1
9999		9999		9999		1		1
9999		9999		9999		1		1
269.269		340.849		1952		2		1
280.721		365.597		1855		2		1
9999		9999		9999		1		1
9999		9999		9999		1		1
248.855		262.971		2383		2		1
188.78		349.568		1879		2		1
202.465		339.392		1965		2		1
303.815		338.409		1820		2		1
290.502		336.999		1914		2		1
Frame 88
249.646		346.949		2305		2		1
249.372		296.891		2340		2		1
248.724		252.434		2377		2		1
248.671		230.959		2292		2		1
222.7		265.826		2379		2		1
206.551		300.836		2258		2		1
194.713		327.618		2050		2		1
191.883		342.012		1914		2		1
275.422		266.136		2356		2		1
292.423		295.911		2221		2		1
299.805		322.828		1988		2		1
299.292		332.822		1943		2		1
235.82		346.088		1991		2		1
230.18		362.588		1911		2		1
9999		9999		9999		1		1
9999		9999		9999		1		1
263.745		347.833		1958		2		1
270.292		380.418		1796		1		1
9999		9999		9999		1		1
9999		9999		9999		1		1
248.869		263.234		2380		2		1
189.452		351.41		1878		2		1
202.617		340.801		1967		2		1
303.775		340.944		1827		2		1
290.834		339.054		1907		2		1
Frame 89
250.166		346.242		2293		2		1
249.493		297.269		2338		2		1
248.735		252.603		2378		2		1
248.902		231.151		2285		2		1
222.705		265.823		2391		2		1
206.469		300.884		2254		2		1
195.438		331.049		2021		2		1
192.468		342.8		1928		2		1
275.544		266.289		2363		2		1
292.293		296.473		2216		2		1
299.971		323.729		1996		2		1
299.398		334.91		1920		2		1
236.349		345.567		2000		2		1
221.196		372.873		1835		2		1
9999		9999		9999		1		1
9999		9999		9999		1		1
264.24		346.91		1966		2		1
282.33		362.766		1865		2		1
9999		9999		9999		1		1
9999		9999		9999		1		1
248.9		263.43		2382		2		1
189.831		353.001		1873		2		1
203.293		341.87		1967		2		1
304.389		343.833		1820		2		1
290.413		341.467		1914		2		1
Frame 90
251.236		340.363		2270		2		1
249.81		296.517		2341		2		1
248.83		252.749		2379		2		1
249.114		231.365		2289		2		1
222.732		265.804		2375		2		1
206.478		300.96		2254		2		1
195.973		330.64		2037		2		1
193.096		343.367		1921		2		1
275.594		266.439		2363		2		1
292.022		297.054		2221		2		1
300.048		324.968		2003		2		1
299.491		336.861		1926		2		1
233.841		338.65		2000		2		1
221.131		372.838		1842		2		1
9999		9999		9999		1		1
9999		9999		9999		1		1
268.942		342.119		1960		2		1
281.814		362.418		1866		2		1
9999		9999		9999		1		1
9999		9999		9999		1		1
249.035		263.489		2375		2		1
191.457		353.158		1878		2		1
203.533		342.992		1968		2		1
304.061		346.25		1810		2		1
290.716		342.712		1924		2		1
Frame 91
249.257		347.421		2304		2		1
249.745		297.566		2348		2		1
249.064		252.871		2378		2		1
249.335		231.437		2290		2		1
222.81		265.976		2373		2		1
206.953		301.256		2252		2		1
196.79		329.795		2043		2		1
193.711		343.897		1931		2		1
275.85		266.635		2362		2		1
291.811		297.783		2226		2		1
300.246		325.975		2001		2		1
299		338.568		1916		2		1
235.398		346.307		1991		2		1
231.197		358.871		1935		2		1
9999		9999		9999		1		1
9999		9999		9999		1		1
263.38		348.562		1956		2		1
276.276		372.552		1813		1		1
9999		9999		9999		1		1
9999		9999		9999		1		1
249.209		263.714		2365		2		1
191.845		353.457		1878		2		1
204.151		343.638		1961		2		1
302.797		348.066		0		2		1
289.86		345.569		1913		2		1
Frame 92
250.759		338.585		2282		2		1
250.031		296.562		2347		2		1
249.299		252.908		2385		2		1
249.677		231.49		2302		2		1
223.135		265.658		2375		2		1
206.995		301.237		2250		2		1
196.926		330.254		2035		2		1
194.241		344.078		1921		2		1
276.013		266.751		2361		2		1
292.09		301.003		2195		2		1
300.687		331.231		1976		2		1
298.893		341.863		1904		2		1
233.967		338.008		1986		2		1
221.28		371.435		1851		2		1
9999		9999		9999		1		1
9999		9999		9999		1		1
267.62		339.177		1972		2		1
280.418		360.227		1876		2		1
9999		9999		9999		1		1
9999		9999		9999		1		1
249.422		263.639		2381		2		1
192.034		354.262		1882		2		1
204.225		343.9		1962		2		1
302.436		349.626		1846		2		1
289.081		347.624		1920		2		1
Frame 93
249.175		345.732		2305		2		1
250.01		297.373		2344		2		1
249.593		252.87		2391		2		1
249.969		231.432		2305		2		1
223.276		265.725		2381		2		1
207.596		301.372		2252		2		1
197.092		330.713		2038		2		1
194.768		344.522		1925		2		1
276.395		266.84		2370		2		1
292.033		300.927		2212		2		1
300.166		330.68		1980		2		1
299.091		341.663		1909		2		1
235.641		345.531		1995		2		1
231.755		364.69		1899		2		1
9999		9999		9999		1		1
9999		9999		9999		1		1
262.775		345.939		1979		2		1
272.35		349.203		1929		2		1
261.937		423.067		1510		1		1
9999		9999		9999		1		1
249.646		263.698		2390		2		1
192.748		354.222		1888		2		1
205.096		344.56		1964		2		1
302.692		350.615		1847		2		1
289.306		348.205		1915		2		1
Frame 94
250.455		341.008		2276		2		1
250.336		296.661		2348		2		1
249.949		252.852		2393		2		1
250.543		231.385		2307		2		1
223.623		265.501		2383		2		1
207.471		301.439		2248		2		1
197.358		330.869		2036		2		1
195.036		344.534		1926		2		1
276.631		267.025		2366		2		1
291.997		301.048		2226		2		1
299.615		331.359		1986		2		1
299.228		342.876		1910		2		1
233.32		337.717		1999		2		1
222.556		368.988		1858		2		1
9999		9999		9999		1		1
9999		9999		9999		1		1
267.995		344.387		1954		2		1
280.671		361.279		1866		2		1
9999		9999		9999		1		1
9999		9999		9999		1		1
249.935		263.607		2390		2		1
193.33		354.03		1883		2		1
205.402		345.795		1956		2		1
302.946		351.279		1850		2		1
289.273		349.035		1921		2		1
Frame 95
249.474		346.573		2296		2		1
250.354		297.159		2347		2		1
250.283		252.741		2397		2		1
251.061		231.228		2308		2		1
223.868		265.591		2389		2		1
208.373		301.057		2249		2		1
197.655		331.254		2028		2		1
195.327		344.478		1924		2		1
276.642		266.898		2379		2		1
291.88		300.694		2238		2		1
299.406		330.696		1986		2		1
298.903		342.642		1917		2		1
235.553		345.361		1981		2		1
232.05		359.914		1916		2		1
9999		9999		9999		1		1
9999		9999		9999		1		1
263.682		347.815		1959		2		1
278.286		354.579		1895		1		1
9999		9999		9999		1		1
9999		9999		9999		1		1
250.195		263.617		2382		2		1
193.419		354.693		1893		2		1
205.645		345.198		1959		2		1
302.131		352.2		1858		2		1
285		355.487		1946		2		1
Frame 96
250.1		345.831		2291		2		1
250.752		297.393		2343		2		1
250.694		252.717		2399		2		1
251.537		231.127		2320		2		1
223.901		265.539		2386		2		1
208.155		300.962		2246		2		1
197.901		331.316		2027		2		1
195.559		344.294		1926		2		1
277.244		267.147		2378		2		1
291.55		300.166		2231		2		1
299.274		330.489		1998		2		1
298.895		342.611		1922		2		1
236.1		344.88		1990		2		1
222.195		371.713		1851		2		1
9999		9999		9999		1		1
9999		9999		9999		1		1
264.353		346.747		1970		2		1
280.454		358.186		1891		2		1
9999		9999		9999		1		1
9999		9999		9999		1		1
250.652		263.654		2389		2		1
194.292		354.484		1890		2		1
198.649		343.287		1920		2		1
302.207		352.31		1853		2		1
288.249		351.197		1933		2		1
Frame 97
250.364		345.487		2300		2		1
251.017		297.38		2353		2		1
251.176		252.535		2410		2		1
252.132		230.969		2322		2		1
224.599		265.031		2385		2		1
208.314		300.634		2253		2		1
198.021		331.366		2029		2		1
196.086		344.073		1921		2		1
277.522		267.255		2379		2		1
291.272		299.446		2237		2		1
299.393		330.878		1998		2		1
299.134		342.904		1925		2		1
236.409		344.505		1991		2		1
222.138		371.627		1845		2		1
9999		9999		9999		1		1
9999		9999		9999		1		1
264.567		346.462		1975		2		1
280.702		358.749		1886		2		1
9999		9999		9999		1		1
9999		9999		9999		1		1
251.101		263.524		2388		2		1
194.883		353.718		1892		2		1
205.578		344.507		1963		2		1
302.311		353.749		1860		2		1
289.365		349.581		1941		2		1
Frame 98
250.73		344.454		2291		2		1
251.241		297.233		2362		2		1
251.405		252.443		2412		2		1
252.508		230.782		2329		2		1
225.001		264.733		2385		2		1
208.369		300.408		2245		2		1
198.19		331.523		2023		2		1
196.842		343.612		1924		2		1
277.736		267.321		2388		2		1
291.368		299.904		2247		2		1
299.626		331.132		2002		2		1
299.441		343.823		1919		2		1
236.75		344.209		1988		2		1
222.15		371.58		1852		2		1
9999		9999		9999		1		1
9999		9999		9999		1		1
264.43		344.191		1973		2		1
280.288		358.925		1887		2		1
9999		9999		9999		1		1
9999		9999		9999		1		1
251.351		263.432		2399		2		1
196.028		353.327		1885		2		1
206.276		344.31		1959		2		1
302.697		354.6		1856		2		1
285.25		354.998		1932		2		1
Frame 99
250.766		338.006		2287		2		1
251.399		295.62		2362		2		1
251.692		252.354		2416		2		1
252.918		230.649		2338		2		1
225.204		264.587		2393		2		1
208.572		300.216		2241		2		1
198.646		331.24		2024		2		1
197.463		342.914		1932		2		1
277.925		267.318		2388		2		1
291.34		299.684		2245		2		1
299.644		331.41		2005		2		1
299.728		343.533		1930		2		1
233.957		337.063		1994		2		1
222.341		371.034		1847		2		1
9999		9999		9999		1		1
9999		9999		9999		1		1
267.594		338.963		1987		2		1
281.154		361.02		1878		2		1
9999		9999		9999		1		1
9999		9999		9999		1		1
251.548		263.164		2410		2		1
196.835		352.583		1898		2		1
206.743		342.536		1973		2		1
302.779		354.754		1868		2		1
289.958		349.379		1951		2		1
Frame 100
249.573		344.982		2295		2		1
251.272		296.149		2361		2		1
251.87		252.198		2423		2		1
253.203		230.424		2338		2		1
225.336		264.729		2399		2		1
209.78		299.426		2255		2		1
199.116		331.374		2005		2		1
198.204		342.187		1927		2		1
278.289		267.4		2396		2		1
291.598		300.088		2247		2		1
299.761		332.041		2009		2		1
299.957		344.711		1926		2		1
235.996		344.455		1981		2		1
223.958		372.621		1840		1		1
9999		9999		9999		1		1
9999		9999		9999		1		1
263.212		345.517		1983		2		1
273.241		350.971		1923		2		1
9999		9999		9999		1		1
9999		9999		9999		1		1
251.672		263.098		2407		2		1
198.269		352.005		1895		2		1
207.857		343.127		1965		2		1
302.017		354.9		1871		2		1
289.74		349.933		1956		2		1
Frame 101
250.704		337.446		2286		2		1
251.475		295.082		2365		2		1
252.189		252.039		2425		2		1
253.451		230.338		2341		2		1
225.932		264.3		2396		2		1
209.763		299.486		2244		2		1
199.199		339.071		1935		2		1
197.476		346.065		1913		1		1
278.416		267.461		2400		2		1
291.646		300.118		2252		2		1
299.828		332.859		2011		2		1
299.866		344.786		1928		2		1
233.894		336.47		1999		2		1
223.55		371.679		1852		2		1
9999		9999		9999		1		1
9999		9999		9999		1		1
267.522		338.435		1977		2		1
278.977		356.073		1889		2		1
9999		9999		9999		1		1
9999		9999		9999		1		1
251.946		262.738		2411		2		1
199.599		352.202		1901		2		1
202.001		342.344		1911		2		1
302.303		355.255		1869		2		1
289.957		349.367		1960		2		1
Frame 102
250.363		344.605		2298		2		1
251.55		295.717		2365		2		1
252.384		251.903		2427		2		1
253.647		230.135		2343		2		1
226.04		264.504		2397		2		1
210.887		296.998		2263		2		1
201.109		325.616		2047		2		1
199.602		340.996		1927		2		1
278.693		267.327		2405		2		1
291.966		300.376		2259		2		1
299.865		333.019		2009		2		1
299.863		345.314		1931		2		1
236.763		344.25		1984		2		1
232.624		359.713		1912		2		1
9999		9999		9999		1		1
9999		9999		9999		1		1
263.985		344.966		1988		2		1
273.426		350.971		1921		2		1
9999		9999		9999		1		1
9999		9999		9999		1		1
252.129		262.707		2407		2		1
199.871		350.23		1907		2		1
204.502		339.875		1937		2		1
302.332		354.987		1876		2		1
289.938		350.681		1972		2		1
Frame 103
250.397		344.04		2291		2		1
251.67		296.072		2362		2		1
252.546		251.861		2430		2		1
253.815		230.031		2343		2		1
226.325		264.256		2400		2		1
211.074		296.517		2274		2		1
201.166		325.146		2044		2		1
199.858		339.645		1932		2		1
278.709		267.394		2402		2		1
291.979		299.88		2251		2		1
299.92		333.143		2011		2		1
300.095		344.352		1927		2		1
236.873		343.754		1994		2		1
221.862		370.568		1858		2		1
9999		9999		9999		1		1
9999		9999		9999		1		1
263.906		344.331		1983		2		1
282.224		360.889		1883		2		1
9999		9999		9999		1		1
9999		9999		9999		1		1
252.316		262.712		2420		2		1
200.475		349.231		1905		2		1
209.557		340.535		1968		2		1
302.101		354.692		1879		2		1
289.896		349.673		1970		2		1
Frame 104
250.864		337.106		2288		2		1
251.808		294.644		2370		2		1
252.651		251.772		2431		2		1
254.03		229.955		2348		2		1
226.559		264.17		2406		2		1
211.125		296.222		2270		2		1
200.414		327.191		2035		2		1
200.15		339.377		1926		2		1
278.777		267.322		2405		2		1
292.014		299.999		2256		2		1
300.099		342.017		1941		2		1
299.904		351.953		1887		2		1
233.967		336.26		1995		2		1
221.923		370.529		1842		2		1
9999		9999		9999		1		1
9999		9999		9999		1		1
267.74		337.962		1981		2		1
281.861		361.547		1872		2		1
9999		9999		9999		1		1
9999		9999		9999		1		1
252.403		262.493		2420		2		1
200.506		348.792		1905		2		1
209.57		340.466		1968		2		1
287.226		370.562		1880		2		1
289.118		352.989		0		2		1
Frame 105
250.238		345.773		2289		2		1
251.83		295.352		2372		2		1
252.81		251.659		2430		2		1
254.131		229.872		2349		2		1
226.613		264.34		2401		2		1
210.792		296.283		2275		2		1
201.906		324.232		2045		2		1
200.368		338.814		1931		2		1
278.892		267.304		2398		2		1
292.497		299.861		2249		2		1
301.79		333.865		2009		2		1
300.356		344.502		1928		2		1
236.275		344.279		1992		2		1
228.061		357.926		1898		2		1
9999		9999		9999		1		1
9999		9999		9999		1		1
264.471		347.302		1974		2		1
282.773		401.581		1694		2		1
9999		9999		9999		1		1
9999		9999		9999		1		1
252.489		262.478		2410		2		1
200.732		348.426		1901		2		1
205.868		336.825		1947		2		1
302.468		355.414		1877		2		1
291.075		347.505		1961		2		1
Frame 106
250.945		343.137		2297		2		1
251.943		295.766		2370		2		1
252.878		251.593		2431		2		1
254.223		229.833		2358		2		1
226.86		264.021		2415		2		1
210.784		296.187		2272		2		1
200.198		327.109		2021		2		1
200.339		338.72		1929		2		1
278.909		267.288		2406		2		1
292.282		299.551		2255		2		1
300.166		340.925		1954		2		1
300.561		350.599		1896		2		1
237.022		343.332		1997		2		1
223.09		370.798		1850		2		1
9999		9999		9999		1		1
9999		9999		9999		1		1
264.376		343.53		1983		2		1
279.923		359		1880		2		1
289.449		421.539		1481		1		1
310.791		417.296		1739		1		1
252.596		262.448		2414		2		1
201.065		348.192		1901		2		1
206.05		336.393		1976		2		1
287.803		370.608		1872		2		1
288.889		352.476		2220		2		1
Frame 107
250.741		336.973		2292		2		1
252.016		294.357		2368		2		1
252.967		251.538		2436		2		1
254.265		229.798		2349		2		1
227.005		263.964		2409		2		1
210.784		296.132		2269		2		1
200.198		327.11		2026		2		1
200.285		338.77		1933		2		1
278.949		267.292		2413		2		1
292.938		299.176		2256		2		1
301.061		334.325		2008		2		1
300.663		342.635		1939		2		1
233.939		335.966		2001		2		1
222.461		370.215		1842		2		1
9999		9999		9999		1		1
9999		9999		9999		1		1
267.537		337.993		1988		2		1
281.625		360.655		1879		2		1
9999		9999		9999		1		1
311.587		417.084		1744		1		1
252.673		262.277		2420		2		1
201.014		347.669		1897		2		1
203.125		338.059		1914		2		1
302.749		355.563		1887		2		1
291.501		348.488		1967		2		1
Frame 108
250.84		340.276		2293		2		1
252.108		294.363		2372		2		1
253.039		251.476		2438		2		1
254.328		229.771		2363		2		1
226.98		264.124		2409		2		1
210.406		296.584		2272		2		1
201.758		324.889		2043		2		1
200.54		338.985		1932		2		1
279.087		267.165		2403		2		1
293.106		299.798		2261		2		1
301.434		333.938		2015		2		1
300.949		343.988		1938		2		1
234.201		337.354		2007		2		1
232.72		361.529		1909		2		1
9999		9999		9999		1		1
9999		9999		9999		1		1
267.491		343.302		1971		2		1
273.435		350.44		1932		2		1
282.1		411.577		1640		1		1
300.409		402.717		1810		1		1
252.724		262.206		2416		2		1
201.038		347.541		1904		2		1
204.975		336.704		1942		2		1
302.811		356.125		1892		2		1
291.921		348.351		1969		2		1
Frame 109
250.755		345.322		2292		2		1
252.114		295.28		2374		2		1
253.089		251.422		2436		2		1
254.37		229.736		2359		2		1
226.999		264.256		2414		2		1
210.386		296.542		2264		2		1
201.919		324.54		2048		2		1
200.398		339.157		1922		2		1
279.14		267.158		2400		2		1
293.127		299.932		2263		2		1
301.485		333.944		2021		2		1
301.08		345.016		1931		2		1
236.844		343.87		1995		2		1
232.72		361.267		1911		2		1
9999		9999		9999		1		1
9999		9999		9999		1		1
264.938		346.808		1972		2		1
273.061		350.115		1918		2		1
281.601		410.663		1634		1		1
300.388		402.839		1817		1		1
252.762		262.208		2414		2		1
200.896		348.43		1912		2		1
209.436		338.858		1981		2		1
303.733		356.6		1881		2		1
292		349.077		1975		2		1
Frame 110
250.79		341.032		2289		2		1
252.074		295.012		2376		2		1
253.087		251.403		2433		2		1
254.412		229.703		2360		2		1
227.051		264.186		2407		2		1
210.503		296.311		2277		2		1
201.8		324.37		2051		2		1
200.558		338.982		1932		2		1
279.147		267.157		2403		2		1
293.06		300.001		2251		2		1
301.513		334.006		2015		2		1
301.052		345.686		1936		2		1
233.548		335.973		2000		2		1
221.048		368.354		1859		2		1
9999		9999		9999		1		1
9999		9999		9999		1		1
268.578		346.26		1965		2		1
280.861		360.131		1879		2		1
9999		9999		9999		1		1
310.69		416.484		1740		1		1
252.765		262.176		2421		2		1
200.993		348.241		1912		2		1
209.475		338.695		1975		2		1
303.206		356.98		1887		2		1
291.415		350.657		1970		2		1
Frame 111
250.417		345.272		2301		2		1
252.087		295.602		2368		2		1
253.172		251.391		2431		2		1
254.442		229.671		2356		2		1
227.044		264.241		2411		2		1
210.858		296.7		2269		2		1
201.513		331.54		1988		2		1
200.895		339.605		1931		2		1
279.22		267.131		2402		2		1
293.142		300.218		2244		2		1
301.611		334.047		2014		2		1
301.025		346.065		1934		2		1
236.556		343.715		1994		2		1
229.564		358.013		1912		2		1
9999		9999		9999		1		1
9999		9999		9999		1		1
264.56		346.866		1967		2		1
273.282		351.604		1920		2		1
281.864		412.415		1636		1		1
300.703		404.64		1804		1		1
252.841		262.209		2419		2		1
201.55		348.136		1908		2		1
203.75		337.007		1935		2		1
303.237		357.049		1888		2		1
291.666		350.253		1969		2		1
Frame 112
250.994		337.756		2292		2		1
252.092		294.858		2380		2		1
253.172		251.391		2434		2		1
254.465		229.651		2354		2		1
227.107		264.192		2408		2		1
210.858		296.725		2276		2		1
201.03		328.534		2028		2		1
201.064		339.98		1932		2		1
279.214		267.169		2405		2		1
293.049		299.843		2249		2		1
301.592		334.169		2016		2		1
300.899		345.486		1941		2		1
234.27		336.671		2009		2		1
220.622		368.131		1876		2		1
9999		9999		9999		1		1
9999		9999		9999		1		1
267.73		338.804		1982		2		1
281.233		361.358		1864		2		1
9999		9999		9999		1		1
311.142		417.907		1740		1		1
252.845		262.158		2415		2		1
201.725		348.756		1906		2		1
203.878		337.152		1938		2		1
302.753		357.719		1896		2		1
291.85		349.762		1977		2		1
Frame 113
250.801		341.065		2284		2		1
252.14		294.875		2366		2		1
253.196		251.396		2435		2		1
254.467		229.652		2357		2		1
227.09		264.291		2407		2		1
211.138		297.017		2273		2		1
201.498		329.286		2018		2		1
201.334		340.148		1926		2		1
279.236		267.143		2401		2		1
293.061		299.893		2259		2		1
301.621		334.201		2016		2		1
300.915		346.161		1937		2		1
234.321		337.553		2005		2		1
231.187		371.209		1850		2		1
9999		9999		9999		1		1
9999		9999		9999		1		1
267.429		344.839		1976		2		1
281.456		400.711		1709		2		1
9999		9999		9999		1		1
9999		9999		9999		1		1
252.89		262.141		2419		2		1
202.039		349.07		1906		2		1
210.399		341.694		1970		2		1
302.429		358.394		1902		2		1
291.654		350.836		1977		2		1
Frame 114
251.066		345.752		2294		2		1
252.238		295.777		2371		2		1
253.221		251.396		2435		2		1
254.468		229.652		2358		2		1
227.085		264.404		2409		2		1
211.338		297.376		2259		2		1
201.62		329.728		2025		2		1
201.447		340.647		1939		2		1
279.281		267.183		2407		2		1
293.004		299.75		2257		2		1
301.644		334.203		2021		2		1
300.887		346.228		1942		2		1
237.077		344.204		1997		2		1
231.218		358.331		1912		2		1
9999		9999		9999		1		1
9999		9999		9999		1		1
265.324		347.335		1968		2		1
281.41		400.767		1693		2		1
9999		9999		9999		1		1
9999		9999		9999		1		1
252.928		262.178		2418		2		1
201.618		349.811		1915		2		1
204.885		340.397		1922		2		1
302.44		358.812		1898		2		1
291.685		351.08		1972		2		1
Frame 115
250.921		341.418		2290		2		1
252.195		295.469		2376		2		1
253.22		251.409		2434		2		1
254.472		229.658		2353		2		1
227.148		264.296		2412		2		1
211.17		297.618		2276		2		1
201.628		328.874		2028		2		1
201.483		340.908		1940		2		1
279.247		267.232		2409		2		1
292.962		299.56		2258		2		1
301.539		334.349		2020		2		1
300.764		346.185		1943		2		1
233.766		336.525		1994		2		1
220.89		369.24		1863		2		1
9999		9999		9999		1		1
9999		9999		9999		1		1
268.578		346.462		1952		2		1
277.282		358.036		1874		2		1
286.693		421.873		1492		1		1
306.522		414.133		1755		1		1
252.929		262.176		2415		2		1
202.163		349.944		1914		2		1
206.58		339.927		1953		2		1
301.906		359.345		1904		2		1
291.814		351.423		1972		2		1
