back
Frame 0
284.063		205.207		1862		2		2
283.937		141.896		1823		2		2
283.96		76.7477		1823		2		2
283.247		43.5779		1733		2		2
248.992		104.534		1869		2		2
244.093		157.493		1927		1		2
245.268		205.981		1910		1		2
249.915		221.381		1915		1		2
316.132		104.509		1855		2		2
324.927		160.248		1918		1		2
325.471		210.649		1905		1		2
320.628		224.751		1906		1		2
269.199		205.553		1883		2		2
266.137		280.074		2010		2		2
265.216		345.652		2112		2		2
263.47		370.597		2045		1		2
299.076		204.863		1876		2		2
302.359		277.681		1993		2		2
304.953		340.558		2101		2		2
295.458		359.093		2206		2		2
283.945		93.2031		1833		2		2
251.985		238.505		1919		2		2
242.357		227.212		1938		2		2
318.238		242.234		1900		2		2
329.11		231.331		1926		2		2
Frame 1
284.073		205.216		1865		2		2
283.959		141.899		1821		2		2
283.986		76.7422		1823		2		2
283.238		43.5687		1731		2		2
249.082		104.525		1867		2		2
244.1		157.497		1924		1		2
245.274		205.964		1915		1		2
249.814		221.487		1912		1		2
316.176		104.511		1856		2		2
324.938		160.229		1922		1		2
325.476		210.644		1909		1		2
320.564		224.911		1906		1		2
269.204		205.56		1879		2		2
266.11		280.021		2009		2		2
265.371		345.662		2113		2		2
243.833		342.498		2276		2		2
299.094		204.873		1872		2		2
302.393		277.596		1998		2		2
304.945		340.5		2098		2		2
294.816		358.179		2207		2		2
283.971		93.1996		1831		2		2
252.509		238.485		1914		2		2
241.26		221.777		1939		2		2
318.132		242.336		1908		2		2
329.784		227.069		1949		2		2
Frame 2
284.075		205.216		1867		2		2
283.972		141.891		1820		2		2
284.026		76.7231		1819		2		2
283.247		43.5367		1735		2		2
249.125		104.512		1864		2		2
244.105		157.499		1921		1		2
245.278		205.947		1916		1		2
249.857		221.395		1910		1		2
316.321		104.491		1854		2		2
324.943		160.227		1925		1		2
325.474		210.645		1902		1		2
320.611		224.901		1903		1		2
269.205		205.561		1879		2		2
266.119		280.02		2010		2		2
265.509		345.691		2114		2		2
263.808		370.656		2050		1		2
299.096		204.873		1871		2		2
302.386		277.603		1995		2		2
304.917		340.465		2104		2		2
294.79		358.164		2213		2		2
284.004		93.1819		1834		2		2
252.287		238.437		1920		2		2
241.701		223.915		0		2		2
318.401		242.325		1905		2		2
328.5		230.491		1912		2		2
Frame 3
284.061		205.214		1863		2		2
283.969		141.882		1828		2		2
284.027		76.7067		1825		2		2
283.29		43.5402		1736		2		2
249.126		104.513		1869		2		2
244.113		157.488		1922		1		2
245.292		205.95		1910		1		2
249.855		221.517		1911		1		2
316.353		104.512		1852		2		2
324.942		160.221		1922		1		2
325.474		210.684		1905		1		2
320.606		224.985		1908		1		2
269.188		205.554		1881		2		2
266.175		280.022		2007		2		2
265.628		345.662		2104		2		2
244.071		342.518		2273		2		2
299.083		204.875		1873		2		2
302.388		277.591		2001		2		2
304.939		340.376		2100		2		2
294.607		357.86		2182		2		2
284.004		93.1673		1832		2		2
252.408		238.488		1915		2		2
242.849		228.896		1931		2		2
318.401		242.325		1902		2		2
329.907		226.996		0		2		2
Frame 4
284.068		205.214		1864		2		2
283.978		141.879		1822		2		2
284.034		76.7005		1821		2		2
283.314		43.5414		1735		2		2
249.16		104.515		1867		2		2
244.116		157.489		1920		1		2
245.311		205.954		1912		1		2
249.88		221.595		1912		1		2
316.372		104.503		1853		2		2
324.952		160.224		1918		1		2
325.488		210.706		1912		1		2
320.542		225.078		1903		1		2
269.191		205.556		1881		2		2
266.171		280.015		2005		2		2
265.715		345.653		2115		2		2
244.045		342.668		2271		2		2
299.095		204.874		1871		2		2
302.388		277.59		1997		2		2
305.161		340.021		2109		2		2
294.731		357.572		2186		2		2
284.012		93.1616		1834		2		2
252.472		238.59		1911		2		2
242.18		225.896		1945		2		2
318.257		242.432		1904		2		2
328.235		229.522		1911		2		2
Frame 5
284.077		205.22		1865		2		2
283.988		141.881		1822		2		2
284.041		76.6936		1823		2		2
283.323		43.5331		1728		2		2
249.188		104.535		1867		2		2
244.116		157.487		1920		1		2
245.303		205.937		1907		1		2
249.863		221.451		1916		1		2
316.377		104.515		1853		2		2
324.955		160.23		1924		1		2
325.486		210.686		1907		1		2
320.534		224.861		1905		1		2
269.198		205.561		1881		2		2
266.168		279.971		2004		2		2
265.746		345.683		2127		2		2
244.147		342.563		2271		2		2
299.107		204.881		1874		2		2
302.39		277.586		2005		2		2
305.267		339.891		2097		2		2
294.608		356.935		2158		2		2
284.021		93.1573		1832		2		2
252.335		238.487		1912		2		2
242.713		228.241		1925		2		2
318.528		242.374		1901		2		2
330.295		224.415		4334		2		2
Frame 6
284.076		205.22		1864		2		2
283.995		141.881		1823		2		2
284.063		76.6985		1821		2		2
283.326		43.5335		1732		2		2
249.209		104.53		1865		2		2
244.122		157.498		1922		1		2
245.321		205.878		1910		1		2
249.877		221.575		1909		1		2
316.398		104.502		1854		2		2
324.957		160.227		1923		1		2
325.482		210.693		1906		1		2
320.519		224.967		1901		1		2
269.197		205.558		1879		2		2
266.144		280.062		2007		2		2
265.804		345.709		2110		2		2
244.378		342.313		2271		2		2
299.106		204.881		1878		2		2
302.36		277.704		1999		2		2
305.202		339.909		2115		2		2
294.503		356.955		2159		2		2
284.039		93.1603		1829		2		2
252.243		238.519		1911		2		2
242.736		229.206		1931		2		2
318.4		242.325		1902		2		2
328.6		234.797		1902		2		2
Frame 7
284.077		205.219		1865		2		2
283.996		141.88		1822		2		2
284.063		76.6985		1820		2		2
283.345		43.5246		1733		2		2
249.258		104.517		1867		2		2
244.128		157.456		1924		1		2
245.317		205.87		1914		1		2
249.868		221.427		1913		1		2
316.421		104.501		1853		2		2
324.955		160.237		1921		1		2
325.481		210.692		1904		1		2
320.489		224.906		1902		1		2
269.198		205.557		1877		2		2
266.126		279.966		2003		2		2
265.844		345.721		2110		2		2
264.169		370.716		2047		1		2
299.107		204.88		1874		2		2
302.648		277.313		1999		2		2
305.176		339.829		2107		2		2
294.548		356.978		2156		2		2
284.039		93.1601		1829		2		2
252.257		238.337		1919		2		2
242.654		228.074		1934		2		2
318.318		242.195		1901		2		2
328.055		230.152		1913		2		2
Frame 8
284.078		205.219		1867		2		2
284.005		141.888		1822		2		2
284.085		76.7266		1824		2		2
283.377		43.5331		1732		2		2
249.271		104.513		1869		2		2
244.135		157.471		1927		1		2
245.32		205.862		1910		1		2
249.846		221.522		1913		1		2
316.454		104.472		1850		2		2
324.958		160.238		1921		1		2
325.484		210.692		1910		1		2
320.52		225.051		1899		1		2
269.199		205.554		1884		2		2
266.132		279.938		1997		2		2
263.437		344.887		2117		2		2
241.658		341.979		2287		2		2
299.107		204.881		1877		2		2
302.722		277.058		1997		2		2
305.111		339.836		2114		2		2
294.402		356.796		2167		2		2
284.058		93.1816		1834		2		2
252.29		238.438		1913		2		2
242.533		227.827		1939		2		2
318.306		242.375		1904		2		2
330.219		225.006		4340		2		2
Frame 9
284.083		205.218		1864		2		2
284.01		141.889		1816		2		2
284.085		76.7299		1822		2		2
283.403		43.5516		1735		2		2
249.318		104.512		1866		2		2
244.152		157.443		1920		1		2
245.313		205.857		1908		1		2
249.797		221.765		1911		1		2
316.469		104.455		1853		2		2
324.956		160.234		1920		1		2
325.482		210.693		1905		1		2
320.453		225.095		1903		1		2
269.203		205.552		1881		2		2
266.16		279.879		2000		2		2
264.786		345.379		2110		2		2
263.062		370.243		2058		1		2
299.114		204.881		1878		2		2
302.676		277.122		1996		2		2
305.091		339.819		2103		2		2
294.229		356.421		2162		2		2
284.06		93.1839		1835		2		2
251.989		238.534		1919		2		2
240.794		219.964		1930		2		2
318.433		242.427		1908		2		2
329.248		224.563		0		2		2
Frame 10
284.083		205.22		1869		2		2
284.02		141.886		1818		2		2
284.113		76.7137		1824		2		2
283.42		43.5531		1730		2		2
249.368		104.478		1868		2		2
244.155		157.445		1926		1		2
245.315		205.769		1906		1		2
249.926		221.648		1911		1		2
316.486		104.459		1850		2		2
324.959		160.246		1924		1		2
325.483		210.682		1910		1		2
320.437		224.878		1905		1		2
269.202		205.552		1881		2		2
266.154		279.875		2003		2		2
263.593		345.164		2116		2		2
242.351		341.489		2285		2		2
299.114		204.889		1872		2		2
302.691		277.085		1995		2		2
305.067		339.824		2108		2		2
294.184		356.417		2153		2		2
284.083		93.1719		1834		2		2
252.226		238.624		1911		2		2
241.915		223.687		0		2		2
318.008		242.282		1904		2		2
327.623		230.319		1899		2		2
Frame 11
284.091		205.229		1862		2		2
284.033		141.886		1818		2		2
284.125		76.7066		1821		2		2
283.434		43.55		1730		2		2
249.413		104.475		1864		2		2
244.159		157.435		1918		1		2
245.309		205.756		1911		1		2
249.842		221.516		1910		1		2
316.553		104.488		1852		2		2
324.962		160.246		1922		1		2
325.473		210.763		1899		1		2
320.464		225.069		1903		1		2
269.208		205.554		1879		2		2
266.19		279.874		2005		2		2
264.833		345.435		2112		2		2
263.128		370.307		2051		1		2
299.125		204.904		1874		2		2
302.678		277.097		1997		2		2
304.955		339.323		2107		2		2
294.579		356.158		2155		2		2
284.096		93.1662		1831		2		2
252.157		238.503		1917		2		2
241.428		224.209		0		2		2
318.304		242.374		1899		2		2
328.5		228.335		1921		2		2
Frame 12
284.11		205.243		1867		2		2
284.054		141.909		1818		2		2
284.14		76.7389		1821		2		2
283.455		43.537		1728		2		2
249.46		104.465		1866		2		2
244.157		157.423		1924		1		2
245.306		205.746		1914		1		2
249.881		221.472		1915		1		2
316.618		104.495		1851		2		2
324.959		160.243		1919		1		2
325.486		210.736		1906		1		2
320.141		226.714		1903		1		2
269.225		205.565		1880		2		2
266.198		279.869		2004		2		2
265.163		345.505		2119		2		2
263.493		370.415		2056		1		2
299.147		204.923		1875		2		2
302.652		277.15		1998		2		2
304.871		339.561		2100		2		2
294.396		356.313		2155		2		2
284.113		93.1962		1828		2		2
252.383		238.432		1914		2		2
241.372		222.432		0		2		2
317.447		243.44		1910		2		2
328.251		233.914		1905		2		2
Frame 13
284.123		205.246		1862		2		2
284.065		141.904		1821		2		2
284.146		76.728		1819		2		2
283.491		43.5456		1730		2		2
249.481		104.451		1868		2		2
244.158		157.423		1923		1		2
245.308		205.729		1906		1		2
249.802		221.71		1908		1		2
316.654		104.489		1849		2		2
324.958		160.24		1916		1		2
325.486		210.749		1905		1		2
320.313		226.052		1901		1		2
269.236		205.566		1880		2		2
266.239		279.892		2003		2		2
263.958		345.163		2113		2		2
262.234		369.933		2051		1		2
299.161		204.927		1872		2		2
302.642		277.186		1993		2		2
304.825		339.246		2102		2		2
294.676		356.45		2167		2		2
284.121		93.1863		1835		2		2
252.47		238.59		1909		2		2
241.432		223.229		0		2		2
318.419		242.684		1901		2		2
328.95		228.646		1915		2		2
Frame 14
284.121		205.247		1865		2		2
284.077		141.914		1816		2		2
284.188		76.7417		1822		2		2
283.518		43.5443		1731		2		2
249.502		104.439		1865		2		2
244.169		157.399		1919		1		2
245.307		205.717		1909		1		2
249.82		221.524		1911		1		2
316.677		104.496		1850		2		2
324.961		160.235		1922		1		2
325.485		210.766		1906		1		2
320.364		225.845		1902		1		2
269.235		205.566		1879		2		2
266.248		279.907		2004		2		2
264.876		345.363		2108		2		2
263.209		370.239		2056		1		2
299.159		204.93		1869		2		2
302.632		277.209		2001		2		2
304.762		339.384		2099		2		2
294.567		356.602		2157		2		2
284.154		93.2001		1832		2		2
252.289		238.437		1914		2		2
242.399		226.673		1942		2		2
318.257		242.703		1900		2		2
328.287		234.568		1902		2		2
Frame 15
284.121		205.242		1863		2		2
284.081		141.903		1815		2		2
284.194		76.725		1822		2		2
283.549		43.5327		1733		2		2
249.528		104.446		1869		2		2
244.173		157.4		1920		1		2
245.305		205.74		1913		1		2
249.885		221.511		1912		1		2
316.711		104.487		1851		2		2
324.959		160.235		1917		1		2
325.483		210.763		1905		1		2
320.394		225.917		1906		1		2
269.231		205.554		1882		2		2
266.262		279.874		2000		2		2
265.226		345.473		2114		2		2
263.586		370.388		2053		1		2
299.16		204.929		1871		2		2
302.623		277.211		1999		2		2
304.769		339.411		2095		2		2
294.545		356.603		2160		2		2
284.16		93.1848		1835		2		2
252.489		238.468		1916		2		2
241.632		222.55		1950		2		2
318.357		242.612		1905		2		2
329.332		228.223		0		2		2
Frame 16
284.127		205.248		1867		2		2
284.097		141.903		1819		2		2
284.217		76.712		1819		2		2
283.559		43.5274		1733		2		2
249.532		104.446		1864		2		2
244.173		157.4		1922		1		2
245.302		205.72		1909		1		2
249.81		221.627		1910		1		2
316.728		104.487		1849		2		2
324.961		160.231		1924		1		2
325.472		210.754		1906		1		2
320.393		225.689		1901		1		2
269.236		205.557		1879		2		2
266.276		279.894		2003		2		2
265.977		341.522		2094		2		2
244.134		338.451		2299		2		2
299.167		204.94		1875		2		2
302.596		277.266		1999		2		2
304.827		339.432		2100		2		2
294.472		356.504		2155		2		2
284.182		93.1755		1833		2		2
252.289		238.47		1918		2		2
241.763		223.892		0		2		2
317.915		242.686		1898		2		2
328.653		230.502		1915		2		2
Frame 17
284.132		205.247		1864		2		2
284.109		141.903		1822		2		2
284.233		76.7111		1822		2		2
283.587		43.5335		1731		2		2
249.554		104.433		1869		2		2
244.179		157.404		1922		1		2
245.302		205.697		1913		1		2
249.798		221.612		1910		1		2
316.737		104.484		1849		2		2
324.964		160.237		1922		1		2
325.483		210.751		1903		1		2
320.329		225.748		1904		1		2
269.24		205.556		1885		2		2
266.287		279.888		2001		2		2
266.301		345.931		2113		2		2
264.725		370.99		2056		1		2
299.175		204.938		1875		2		2
302.656		277.093		1998		2		2
304.845		339.437		2094		2		2
305.792		364.31		2067		2		2
284.198		93.175		1835		2		2
251.95		238.488		1916		2		2
241.67		224.012		5615		2		2
317.675		243.059		1909		2		2
329.054		229.176		1959		2		2
Frame 18
284.139		205.246		1866		2		2
284.114		141.904		1817		2		2
284.235		76.7129		1822		2		2
283.601		43.5184		1733		2		2
249.555		104.438		1867		2		2
244.177		157.392		1926		1		2
245.3		205.983		1912		1		2
249.783		221.528		1915		1		2
316.765		104.489		1850		2		2
324.965		160.229		1921		1		2
325.465		210.778		1905		1		2
320.426		225.405		1905		1		2
269.246		205.557		1883		2		2
266.305		279.919		2004		2		2
263.426		345.038		2117		2		2
261.686		369.75		2064		1		2
299.185		204.933		1876		2		2
302.615		277.205		1999		2		2
304.845		339.467		2103		2		2
305.794		364.338		2066		2		2
284.2		93.1767		1830		2		2
252.335		238.487		1917		2		2
240.889		220.829		1948		2		2
317.965		242.394		1904		2		2
328.251		235.123		1897		2		2
Frame 19
284.141		205.247		1867		2		2
284.12		141.905		1821		2		2
284.24		76.7143		1819		2		2
283.587		43.4737		1727		2		2
249.552		104.434		1866		2		2
244.181		157.366		1923		1		2
245.299		205.981		1914		1		2
249.843		221.524		1913		1		2
316.788		104.457		1851		2		2
324.97		160.24		1925		1		2
325.467		210.782		1908		1		2
320.392		225.229		1904		1		2
269.251		205.556		1883		2		2
266.303		279.898		2003		2		2
264.819		345.398		2124		2		2
263.154		370.296		2054		1		2
299.186		204.935		1871		2		2
302.61		277.208		2001		2		2
304.826		339.607		2101		2		2
305.77		364.478		2065		2		2
284.205		93.178		1832		2		2
252.47		238.59		1911		2		2
242.599		228.73		1938		2		2
317.963		242.394		1900		2		2
327.608		231.293		1897		2		2
Frame 20
284.142		205.247		1864		2		2
284.134		141.916		1816		2		2
284.27		76.7333		1820		2		2
283.601		43.4974		1727		2		2
249.575		104.419		1869		2		2
244.186		157.354		1918		1		2
245.297		205.964		1912		1		2
249.856		221.329		1908		1		2
316.809		104.452		1852		2		2
324.98		160.215		1921		1		2
325.47		210.775		1906		1		2
320.567		225.336		1900		1		2
269.253		205.558		1875		2		2
266.283		279.883		2001		2		2
265.233		345.847		2113		2		2
263.6		370.83		2054		1		2
299.186		204.934		1875		2		2
302.577		277.222		1992		2		2
304.73		339.82		2102		2		2
305.676		364.718		2061		2		2
284.232		93.1957		1832		2		2
252.334		238.487		1914		2		2
241.05		221.348		1948		2		2
318.216		242.461		1902		2		2
329.748		227.164		0		2		2
Frame 21
284.146		205.25		1868		2		2
284.158		141.927		1818		2		2
284.319		76.7443		1819		2		2
283.603		43.5144		1729		2		2
249.577		104.417		1871		2		2
244.19		157.354		1921		1		2
245.297		205.96		1917		1		2
249.915		221.31		1912		1		2
316.827		104.451		1850		2		2
324.986		160.208		1923		1		2
325.47		210.774		1907		1		2
320.505		225.327		1902		1		2
269.257		205.561		1882		2		2
266.204		279.852		2002		2		2
265.339		345.807		2119		2		2
263.709		370.803		2060		1		2
299.189		204.937		1870		2		2
302.59		277.474		1998		2		2
304.822		339.705		2103		2		2
305.771		364.6		2063		2		2
284.275		93.2078		1830		2		2
252.213		238.391		1914		2		2
241.663		224.061		0		2		2
318.166		242.543		1905		2		2
328.018		229.676		1920		2		2
Frame 22
284.144		205.242		1870		2		2
284.162		141.924		1819		2		2
284.336		76.7383		1820		2		2
283.605		43.5029		1731		2		2
249.575		104.403		1868		2		2
244.19		157.354		1925		1		2
245.292		205.963		1912		1		2
249.909		221.498		1913		1		2
316.832		104.447		1847		2		2
325.002		160.163		1924		1		2
325.528		210.458		1904		1		2
320.593		225.243		1906		1		2
269.259		205.546		1883		2		2
266.116		279.791		1994		2		2
265.423		345.784		2115		2		2
263.786		370.782		2051		1		2
299.184		204.932		1882		2		2
302.579		277.484		1997		2		2
304.817		339.705		2102		2		2
305.753		364.598		2068		2		2
284.288		93.2033		1829		2		2
252.289		238.437		1911		2		2
241.544		223.645		0		2		2
317.703		242.482		1901		2		2
328.251		234.243		1899		2		2
Frame 23
284.151		205.24		1865		2		2
284.165		141.924		1823		2		2
284.338		76.734		1820		2		2
283.593		43.4758		1732		2		2
249.572		104.404		1867		2		2
244.191		157.357		1924		1		2
245.303		205.952		1915		1		2
249.869		221.377		1911		1		2
316.828		104.446		1847		2		2
325.02		160.142		1918		1		2
325.543		210.447		1906		1		2
320.662		225.217		1902		1		2
269.274		205.55		1883		2		2
266.069		279.73		2005		2		2
263.968		345.13		2114		2		2
242.528		341.81		2286		2		2
299.188		204.929		1872		2		2
302.592		277.473		1991		2		2
304.811		339.786		2101		2		2
305.736		364.682		2060		2		2
284.291		93.2008		1830		2		2
252.122		238.47		1912		2		2
241.514		221.845		1946		2		2
317.966		242.263		1902		2		2
329.834		226.4		1948		2		2
Frame 24
284.168		205.22		1874		2		2
284.067		142.068		1822		2		2
283.788		77.4937		1823		2		2
283.559		43.4591		1730		2		2
249.563		104.389		1870		2		2
244.184		157.334		1927		1		2
245.318		206.005		1916		1		2
249.714		221.518		1914		1		2
316.832		104.449		1849		2		2
325.048		160.119		1923		1		2
325.559		210.452		1909		1		2
320.879		225.069		1907		1		2
269.291		205.531		1892		2		2
266.026		279.62		2005		2		2
264.376		346.024		2108		2		2
262.645		371.03		2046		1		2
299.206		204.909		1877		2		2
302.784		277.313		1995		2		2
304.862		339.803		2104		2		2
305.775		364.695		2064		2		2
283.892		93.7554		1833		2		2
251.71		238.505		1920		2		2
240.701		220.901		1945		2		2
317.735		242.276		1904		2		2
328.208		231.282		1909		2		2
Frame 25
284.206		205.168		1875		2		2
284.083		142.055		1821		2		2
283.839		77.4305		1819		2		2
283.509		43.4657		1729		2		2
249.542		104.376		1871		2		2
244.183		157.487		1926		1		2
245.299		206.063		1916		1		2
249.611		221.529		1913		1		2
316.836		104.438		1846		2		2
325.124		160.043		1925		1		2
325.616		210.486		1906		1		2
320.99		224.861		1909		1		2
269.342		205.458		1888		2		2
266.064		279.328		2006		2		2
264.724		345.934		2113		2		2
262.98		370.941		2056		1		2
299.235		204.871		1883		2		2
302.826		277.335		1990		2		2
304.854		339.756		2101		2		2
305.73		364.649		2072		2		2
283.926		93.7179		1830		2		2
251.697		238.387		1916		2		2
241.2		222.774		1947		2		2
318.664		241.59		1906		2		2
328.923		229.551		1907		2		2
Frame 26
284.337		205.112		1876		2		2
284.14		142.046		1824		2		2
283.911		77.3808		1822		2		2
283.423		43.4898		1726		2		2
249.499		104.334		1875		2		2
244.222		157.577		1930		1		2
245.293		206.148		1916		1		2
249.259		221.613		1915		1		2
316.785		104.39		1848		2		2
325.275		160.057		1922		1		2
325.959		209.916		1906		1		2
321.66		224.238		1909		1		2
269.496		205.421		1894		2		2
266.146		278.992		2000		2		2
264.969		345.88		2116		2		2
263.13		370.887		2050		1		2
299.348		204.802		1882		2		2
302.971		277.584		1987		2		2
304.611		340.418		2100		2		2
295.114		360.619		2213		2		2
283.984		93.6896		1828		2		2
251.687		238.488		1916		2		2
241.075		225.34		1939		2		2
318.878		241.394		1900		2		2
329.352		231.136		1898		2		2
Frame 27
284.58		204.938		1879		2		2
284.271		142.01		1827		2		2
284.028		77.3278		1820		2		2
283.351		43.4102		1726		2		2
249.552		104.259		1876		2		2
244.375		157.796		1934		1		2
245.307		206.333		1919		1		2
248.658		222.096		1921		1		2
316.745		104.329		1848		2		2
325.644		159.896		1923		1		2
326.224		209.902		1908		1		2
322.195		223.895		1904		1		2
269.771		205.272		1896		2		2
266.255		278.681		2001		2		2
265.308		345.769		2113		2		2
263.366		370.77		2051		1		2
299.564		204.608		1890		2		2
303.067		277.711		1981		2		2
304.626		340.398		2096		2		2
294.981		360.373		2220		2		2
284.089		93.6529		1834		2		2
250.922		238.902		1920		2		2
240.174		223.865		0		2		2
319.686		241.038		1913		2		2
331.052		227.331		1933		2		2
Frame 28
284.958		204.781		1881		2		2
284.422		142.002		1827		2		2
284.108		77.3114		1821		2		2
283.287		43.4183		1725		2		2
249.575		104.264		1880		2		2
244.61		157.939		1935		1		2
245.284		206.519		1929		1		2
247.759		222.891		1920		1		2
316.786		104.12		1844		2		2
326.299		159.605		1922		1		2
326.619		209.739		1910		1		2
322.762		223.604		1909		1		2
270.204		205.162		1901		2		2
266.441		278.326		2000		2		2
265.58		345.696		2114		2		2
244.406		341.923		2285		2		2
299.903		204.409		1887		2		2
303.206		277.892		1985		2		2
304.649		340.647		2104		2		2
294.671		360.202		2221		2		2
284.168		93.647		1832		2		2
250.664		239.15		1923		2		2
240.47		224.05		1950		2		2
319.477		241.056		1910		2		2
331.998		226.722		1913		2		2
Frame 29
285.208		204.67		1880		2		2
284.568		142.019		1833		2		2
284.253		77.301		1818		2		2
283.135		43.433		1723		2		2
249.589		104.273		1885		2		2
244.895		158.317		1941		1		2
245.295		208.134		1928		1		2
246.52		223.826		1920		1		2
316.785		104.037		1843		2		2
326.941		159.504		1921		1		2
329.006		205.851		1908		1		2
324.366		222.607		1904		1		2
270.503		205.047		1901		2		2
266.54		278.214		2002		2		2
265.724		345.733		2116		2		2
244.54		341.963		2283		2		2
300.109		204.303		1887		2		2
303.368		278.1		1981		2		2
304.568		340.642		2098		2		2
294.833		360.365		2217		2		2
284.29		93.6542		1833		2		2
250.048		239.147		1933		2		2
239.453		228.726		1955		2		2
321.314		240.195		1908		2		2
332.38		228.757		1905		2		2
Frame 30
285.523		204.478		1889		2		2
284.805		142.029		1836		2		2
284.426		77.3162		1821		2		2
283.084		43.5316		1721		2		2
249.788		104.18		1892		2		2
245.38		158.786		1950		1		2
245.26		208.763		1935		1		2
245.954		223.92		1927		1		2
316.917		103.963		1840		2		2
327.711		159.292		1925		1		2
329.508		205.523		1905		1		2
325.21		222.358		1905		1		2
270.937		204.808		1910		2		2
266.652		278.049		2004		2		2
265.923		345.716		2108		2		2
244.628		342.004		2269		2		2
300.322		204.152		1893		2		2
303.512		278.01		1985		2		2
304.777		340.489		2088		2		2
294.874		359.569		2217		2		2
284.457		93.6766		1835		2		2
249.601		239.09		1931		2		2
239.431		225.417		1960		2		2
322.17		240.129		1913		2		2
333.875		228.242		1902		2		2
Frame 31
285.956		204.331		1891		2		2
285.138		142.079		1840		2		2
284.74		77.3536		1817		2		2
283.042		43.5347		1714		2		2
250.028		104.103		1892		2		2
245.801		159.129		1956		1		2
245.244		209.143		1944		1		2
245.551		224.328		1927		1		2
317.032		103.898		1841		2		2
328.764		159.181		1926		2		2
330.334		205.302		1905		2		2
326.647		221.915		1906		2		2
271.483		204.666		1910		2		2
266.855		277.908		1999		2		2
265.994		345.698		2116		2		2
244.661		342.037		2273		2		2
300.651		204.002		1895		2		2
303.634		277.908		1979		2		2
304.755		340.502		2092		2		2
294.983		359.533		2221		2		2
284.749		93.7297		1832		2		2
249.038		239.251		1936		2		2
239.107		226.34		1949		2		2
323.946		239.518		1904		2		2
332.844		225.912		1894		2		2
Frame 32
286.478		204.344		1887		2		2
285.647		142.215		1837		2		2
285.228		77.4684		1813		2		2
283.04		43.5987		1710		2		2
250.27		104.128		1897		2		2
246.112		159.54		1964		1		2
245.135		208.579		1946		1		2
245.229		223.812		1930		1		2
317.278		103.847		1834		2		2
330.003		159.066		1915		2		2
331.548		205.458		1900		2		2
328.216		221.805		1902		2		2
272.082		204.694		1910		2		2
266.939		277.87		1991		2		2
266.06		345.899		2110		2		2
244.696		342.176		2270		2		2
301.1		203.999		1894		2		2
303.669		278.108		1981		2		2
304.633		340.808		2082		2		2
295.475		360.411		2209		2		2
285.244		93.8664		1829		2		2
248.68		239.077		1940		2		2
238.378		224.155		1962		2		2
325.673		239.436		1899		2		2
334.033		229.654		1885		2		2
Frame 33
287.189		204.222		1899		2		2
286.157		142.354		1847		2		2
285.448		77.5826		1816		2		2
283.036		43.8091		1710		2		2
250.895		103.993		1901		2		2
246.726		160.041		1975		1		2
245.012		207.67		1957		1		2
245.111		223.978		1944		1		2
317.415		103.799		1834		2		2
331.011		159.111		1920		2		2
332.991		206.148		1909		2		2
331.002		222.914		1898		2		2
272.906		204.59		1923		2		2
267.21		277.873		2000		2		2
266.092		345.934		2118		2		2
244.698		342.221		2275		2		2
301.712		203.86		1902		2		2
303.808		278.065		1984		2		2
304.568		340.764		2098		2		2
303.077		365.777		2097		2		2
285.528		94.0012		1831		2		2
249.058		239.053		1938		2		2
237.899		224.919		0		2		2
326.276		240.002		1910		2		2
337.368		229.295		1896		2		2
Frame 34
287.586		204.197		1899		2		2
286.574		142.578		1847		2		2
285.963		77.9196		1810		2		2
283.091		44.0965		1703		2		2
251.285		104.021		1899		2		2
247.323		160.57		1976		1		2
245.255		208.458		1964		1		2
245.127		223.771		1947		1		2
317.652		103.795		1824		2		2
332.245		159.127		1914		2		2
334.296		206.439		1899		2		2
333.106		223.545		1893		2		2
273.4		204.573		1929		2		2
267.412		277.91		1998		2		2
266.133		345.927		2106		2		2
244.747		342.146		2271		2		2
302.021		203.824		1900		2		2
303.929		278.18		1975		2		2
304.635		340.628		2082		2		2
302.825		365.747		2080		2		2
286.007		94.3128		1835		2		2
247.944		238.094		1958		2		2
238.403		225.419		1973		2		2
327.615		240.059		1906		2		2
335.929		231.25		1884		2		2
Frame 35
288.202		204.104		1904		2		2
287.297		142.867		1849		2		2
286.902		78.3887		1808		2		2
283.356		44.6033		1694		2		2
251.943		103.909		1910		2		2
247.875		161.196		1993		1		2
245.226		206.562		1978		1		2
244.918		223.324		1964		1		2
317.783		103.75		1822		2		2
333.224		159.225		1919		2		2
335.287		206.776		1900		2		2
334.804		224.368		1891		2		2
274.067		204.468		1934		2		2
267.692		278.058		2002		2		2
266.197		345.961		2104		2		2
244.769		342.178		2272		2		2
302.594		203.739		1903		2		2
304.376		278.105		1977		2		2
304.497		340.647		2087		2		2
302.324		365.813		2071		2		2
286.891		94.76		1833		2		2
248.272		238.039		1951		2		2
238.437		225.852		1998		2		2
329.009		240.225		1911		2		2
338.287		231.381		1884		2		2
Frame 36
288.66		204.036		1911		2		2
287.878		143.238		1862		2		2
287.774		79.0059		1806		2		2
283.729		45.3717		1685		2		2
252.694		103.916		1902		2		2
248.331		161.674		2002		1		2
245.452		205.289		1994		1		2
244.695		222.36		1976		1		2
317.94		103.811		1820		2		2
334.312		159.366		1920		2		2
336.275		207.143		1906		2		2
335.779		224.459		1895		2		2
274.589		204.336		1947		2		2
267.978		278.089		2001		2		2
266.322		344.929		2105		2		2
244.972		341.973		2285		2		2
302.982		203.738		1916		2		2
304.831		278.012		1965		2		2
304.538		340.559		2085		2		2
301.987		365.77		2092		2		2
287.672		95.3263		1830		2		2
247.269		237.211		1977		2		2
238.399		224.177		2000		2		2
329.444		240.378		1907		2		2
338.91		231.819		1884		2		2
Frame 37
288.854		204.149		1918		2		2
288.427		143.982		1859		2		2
288.767		80.3906		1805		2		2
283.961		46.0718		1679		2		2
253.642		104.262		1908		2		2
248.894		161.76		2010		1		2
246.044		205.198		2009		1		2
244.8		222.101		1993		1		2
318.153		104.016		1820		2		2
335.455		159.643		1925		2		2
337.101		207.923		1907		2		2
336.279		225.138		1895		2		2
274.865		204.393		1962		2		2
268.501		279.87		2004		2		2
266.31		344.278		2103		2		2
245.047		341.833		2283		2		2
303.097		203.904		1920		2		2
305.378		277.899		1959		2		2
303.07		337.178		2070		2		2
303.519		361.744		2073		2		2
288.565		96.5651		1825		2		2
246.463		236.397		1993		2		2
238.561		224.981		2012		2		2
330.255		240.439		1908		2		2
342.624		232.876		1899		2		2
Frame 38
289.232		204.363		1931		2		2
288.93		144.813		1874		2		2
289.361		81.5947		1798		2		2
284.01		47.2785		1664		2		2
254.439		104.592		1907		2		2
249.572		162.385		2024		1		2
246.201		205.494		2026		1		2
244.725		221.531		2012		1		2
318.414		104.752		1815		2		2
336.365		159.834		1927		2		2
337.756		208.646		1912		2		2
336.945		225.169		1899		2		2
275.238		204.594		1977		2		2
268.627		280.693		2001		2		2
266.744		344.755		2107		2		2
244.989		342.305		2274		2		2
303.487		204.13		1924		2		2
306.057		277.705		1953		2		2
303.794		339.125		2064		2		2
303.209		363.493		2074		2		2
289.159		97.7054		1826		2		2
246.288		235.604		2005		2		2
238.128		224.605		2033		2		2
330.898		240.39		1911		2		2
343.33		229.119		1913		2		2
Frame 39
289.663		204.617		1951		2		2
289.445		146.154		1878		2		2
289.88		83.9259		1785		2		2
284.182		49.4944		1654		2		2
255.171		104.837		1906		2		2
249.836		162.657		2034		1		2
246.317		205.394		2045		1		2
244.838		220.964		2035		1		2
318.559		105.596		1808		2		2
337.778		160.836		1924		2		2
338.577		209.509		1920		2		2
337.177		225.828		1905		2		2
275.671		204.755		1997		2		2
268.664		281.086		1999		2		2
267.104		345.073		2094		2		2
245.074		342.415		2272		2		2
303.928		204.472		1938		2		2
306.853		277.217		1951		2		2
303.647		343.52		2063		2		2
304.35		368.654		2078		1		2
289.711		99.8097		1829		2		2
246.399		235.349		2025		2		2
237.93		223.269		0		2		2
331.79		240.784		1917		2		2
342.952		231.101		1907		2		2
Frame 40
289.806		204.913		1963		2		2
289.464		146.15		1874		2		2
289.744		81.8684		1726		2		2
284.43		51.0553		1639		2		2
255.568		105.01		1906		2		2
250.315		163.505		2044		1		2
246.178		205.874		2065		1		2
244.585		220.661		2050		1		2
318.459		107.75		1812		2		2
338.597		161.583		1925		2		2
339.116		209.957		1914		2		2
337.35		226.993		1911		2		2
275.879		204.875		2010		2		2
268.699		280.668		1986		2		2
267.242		344.451		2083		2		2
245.13		342.273		2272		2		2
304.015		204.945		1950		2		2
307.223		278.194		1944		2		2
304.655		343.814		2087		2		2
300.278		369.796		2101		1		2
289.695		98.8052		1826		2		2
246.268		234.383		2042		2		2
238.156		222.143		2086		2		2
330.396		242.224		1927		2		2
342.607		234.482		1906		2		2
Frame 41
290.02		205.627		1976		2		2
289.558		146.456		1879		2		2
289.753		81.8781		1708		2		2
284.882		53.5944		1630		2		2
256.679		106.436		1903		2		2
250.481		164.358		2057		1		2
245.695		206.294		2079		1		2
244.519		218.296		2073		1		2
318.533		110.266		1808		2		2
339.413		163.16		1926		2		2
339.89		211.767		1921		2		2
337.717		228.444		1916		2		2
276.036		205.512		2023		2		2
268.448		278.821		1987		2		2
267.396		344.823		2082		2		2
245.237		342.358		2267		2		2
304.292		205.742		1974		2		2
307.285		278.509		1942		2		2
305.068		343.724		2090		2		2
300.237		369.919		2108		1		2
289.739		98.9172		1829		2		2
245.226		233.477		2076		2		2
237.832		222.827		2130		2		2
331.065		244.223		1934		2		2
343.4		236.734		1913		2		2
Frame 42
290.063		206.274		1990		2		2
289.728		149.274		1884		2		2
289.706		88.5645		1714		2		2
285.069		58.0533		1610		2		2
257.293		107.858		1907		2		2
250.659		164.569		2079		1		2
244.798		205.961		2096		1		2
243.866		218.222		2093		1		2
318.419		113.776		1815		2		2
340.16		164.853		1916		2		2
340.532		213.819		1927		2		2
338.293		230.867		1921		2		2
275.997		206.002		2042		2		2
268.159		278.305		1985		2		2
267.523		345.117		2095		2		2
245.387		342.295		2270		2		2
304.428		206.539		1990		2		2
307.361		278.547		1940		2		2
305.204		343.342		2087		2		2
299.997		370.169		2121		1		2
289.749		104.65		1827		2		2
244.942		233.477		2094		2		2
237.273		219.63		2136		2		2
331.917		246.32		1936		2		2
344.652		235.38		1930		2		2
Frame 43
289.986		207.906		2005		2		2
288.184		155.407		1902		2		2
285.803		96.0052		1715		2		2
285.557		62.7663		1593		2		2
257.994		111.69		1908		2		2
249.921		166.259		2094		1		2
243.595		207.247		2116		1		2
242.524		218.913		2112		1		2
318.106		118.746		1822		2		2
341.232		168.385		1917		2		2
341.215		215.667		1929		2		2
338.995		233.808		1924		2		2
275.824		207.242		2058		2		2
267.926		277.926		1991		2		2
267.999		345.323		2092		2		2
245.245		342.619		2268		2		2
304.464		208.617		1992		2		2
307.387		278.6		1934		2		2
305.513		343.246		2077		2		2
300.197		370.571		2099		1		2
286.491		111.719		1836		2		2
243.24		233.54		2111		2		2
235.891		219.993		0		2		2
333.185		249.306		1939		2		2
345.279		239.154		1930		2		2
Frame 44
289.287		209.479		2031		2		2
288.737		156.219		1920		2		2
288.093		95.9443		1697		2		2
285.624		68.9692		1577		2		2
258.06		115.506		1910		2		2
248.438		167.92		2110		2		2
241.861		208.376		2136		2		2
240.428		222.202		2126		2		2
317.647		122.834		1830		2		2
342.01		174.229		1934		2		2
342.202		219.316		1934		2		2
339.368		238.256		1924		2		2
275.115		208.599		2071		2		2
267.443		278.766		1998		2		2
268.439		345.549		2109		2		2
245.447		342.593		2271		2		2
303.75		210.391		2019		2		2
307.405		278.614		1937		2		2
305.583		343.195		2089		2		2
300.501		370.749		2109		1		2
288.017		111.969		1823		2		2
241.178		234.998		2139		2		2
234.715		219.187		0		2		2
333.293		253.466		1946		2		2
346.202		243.642		1939		2		2
Frame 45
294.269		200.347		2073		2		2
292.507		156.321		1910		2		2
289.385		98.8524		1682		2		2
285.716		75.0776		1565		2		2
257.56		122.064		1919		2		2
245.694		171.411		2123		2		2
239.918		211.685		2155		2		2
238.368		223.012		2145		2		2
316.868		127.244		1835		2		2
342.482		177.881		1936		2		2
342.814		223.624		1936		2		2
340.336		242.515		1930		2		2
280.296		199.621		2097		2		2
267.244		278.118		1999		2		2
270.034		344.098		2159		2		2
245.523		342.403		2273		2		2
308.532		201.088		2070		2		2
307.582		280.08		1938		2		2
305.592		343.199		2069		2		2
300.983		372.201		2100		1		2
289.605		114.241		1774		2		2
239.606		236.761		2153		2		2
231.777		226.327		2175		2		2
334.545		257.579		1942		2		2
346.691		248.652		1928		2		2
Frame 46
294.49		201.114		2100		2		2
293.031		158.35		1919		2		2
292.054		107.259		1692		2		2
285.957		82.912		1591		2		2
257.575		129.023		1930		2		2
243.285		174.822		2136		2		2
237.132		214.723		2162		2		2
235.933		225.442		2160		2		2
316.849		133.848		1854		2		2
343.546		185.322		1949		2		2
344.113		230.061		1944		2		2
341.503		247.639		1926		2		2
280.521		200.201		2112		2		2
267.174		278.057		1998		2		2
269.385		344.906		2137		2		2
245.243		342.633		2273		2		2
308.763		202.039		2087		2		2
307.617		280.161		1938		2		2
305.626		343.157		2067		2		2
294.615		355.708		2183		2		2
292.105		120.961		1835		2		2
236.842		239.617		2167		2		2
229.616		226.455		2201		2		2
336.275		261.709		1943		2		2
348.378		251.922		1933		2		2
Frame 47
294.252		201.046		2096		2		2
293.271		161.85		1911		2		2
292.289		112.895		1668		2		2
285.523		91.6735		1571		2		2
256.85		134.24		1934		2		2
239.919		179.228		2142		2		2
234.797		218.966		2174		2		2
232.898		232.607		2164		2		2
316.26		137.891		1858		2		2
343.544		187.674		1951		2		2
344.929		235.132		1941		2		2
342.551		253.212		1923		2		2
280.248		200.293		2111		2		2
266.883		277.201		1993		2		2
268.815		345.162		2105		2		2
245.377		342.112		2270		2		2
308.54		201.79		2122		2		2
307.759		281.091		1939		2		2
305.106		343.429		2066		2		2
301.657		372.914		2110		1		2
292.499		126.314		1837		2		2
232.991		244.082		2185		2		2
227.222		230.216		2198		2		2
337.716		267.594		1943		2		2
349.706		257.959		1926		2		2
Frame 48
293.775		199.428		2076		2		2
292.203		165.138		1945		2		2
289.297		124.281		1690		2		2
284.08		101.128		1580		2		2
254.958		142.412		1951		2		2
238.388		182.734		2150		2		2
231.203		221.969		2180		2		2
230.078		234.766		2177		2		2
315.288		145.452		1871		2		2
343.697		191.568		1954		2		2
346.222		242.787		1929		2		2
344.028		257.853		1916		2		2
279.404		198.631		2093		2		2
267.093		272.61		1996		2		2
268.709		345.305		2110		2		2
245.397		342.119		2269		2		2
308.391		200.237		2118		2		2
308.109		276.908		1947		2		2
307.161		343.444		2088		2		2
309.154		368.885		2038		2		2
290.041		135.733		1826		2		2
230.422		247.951		2190		2		2
223.638		235.816		2214		2		2
339.167		272.68		1934		2		2
352.223		260.256		1940		2		2
Frame 49
292.722		201.158		2096		2		2
289.855		173.122		1966		2		2
286.352		136.024		1726		2		2
282.431		111.925		1616		2		2
254.289		149.094		1959		2		2
236.62		185.664		2136		2		2
229.293		224.644		2192		2		2
227.113		241.104		2182		2		2
314.589		152.433		1889		2		2
343.815		197.745		1963		2		2
347.277		246.374		1933		2		2
345.191		264.372		1914		2		2
278.979		200.162		2114		2		2
266.861		271.33		1996		2		2
266.287		347.656		2090		2		2
245.555		342.416		2272		2		2
306.629		202.164		2156		2		2
308.9		276.492		1949		2		2
306.256		328.677		2031		2		2
296.252		347.858		2157		2		2
287.323		146.346		1839		2		2
227.343		253.799		2197		2		2
221		238.749		2230		2		2
340.74		278.735		1926		2		2
353.377		267.423		1929		2		2
Frame 50
291.918		201.174		2078		2		2
289.039		174.852		1941		2		2
285.081		141.278		1705		2		2
282.358		122.911		1600		2		2
252.573		157.856		1973		2		2
233.951		191.51		2143		2		2
227.25		231.125		2197		2		2
225.051		246.215		2197		2		2
314.415		161.224		1908		2		2
343.639		201.171		1972		2		2
348.663		251.36		1931		2		2
346.606		269.807		1911		2		2
278.271		200.32		2117		2		2
265.53		267.447		2001		2		2
265.94		347.583		2094		2		2
245.433		342.378		2271		2		2
305.781		202.044		2146		2		2
311.215		270.448		1957		2		2
304.61		346.54		2039		2		2
283.754		336.498		2270		2		2
286.19		150.481		1781		2		2
225.829		259.833		2217		2		2
218.454		245.82		2226		2		2
341.732		284.53		1920		2		2
354.788		272.88		1915		2		2
Frame 51
290.72		207.096		2112		2		2
289.052		182.702		1975		2		2
286.865		150.601		1730		2		2
281.449		129.926		1649		2		2
252.401		164.223		1986		2		2
232.163		197.57		2158		2		2
226.424		236.001		2213		2		2
223.944		252.4		2210		2		2
313.937		167.662		1922		2		2
343.669		206.362		1981		2		2
348.963		260.877		1923		2		2
347.852		276.45		1903		2		2
276.951		206.401		2137		2		2
264.914		269.186		1992		2		2
266.169		346.999		2091		2		2
252.977		345.607		2251		2		2
304.702		207.802		2142		2		2
311.234		271.583		1969		2		2
304.277		346.698		2042		2		2
283.223		336.556		2280		2		2
287.492		159.625		1851		2		2
224.093		265.904		2230		2		2
217.588		252.175		2250		2		2
343.665		290.484		1914		2		2
356.692		280.141		1913		2		2
Frame 52
291.497		206.784		2075		2		2
289.169		184.136		1984		2		2
285.585		157.21		1735		2		2
280.008		139.521		1651		2		2
251.426		171.343		2004		2		2
232.005		201.189		2165		2		2
225.25		243.416		2225		2		2
223.815		258.994		2229		2		2
312.85		174.21		1937		2		2
343.803		212.983		1980		2		2
348.446		266.257		1929		2		2
349.486		281.582		1895		2		2
277.553		206.04		2132		2		2
264.939		267.797		2003		2		2
266.359		346.669		2079		2		2
245.76		341.794		2283		2		2
305.689		207.524		2116		2		2
311.973		271.177		1979		2		2
304.299		346.766		2038		2		2
286.888		343.955		2245		2		2
286.723		164.284		1808		2		2
224.675		270.706		2249		2		2
217.471		259.824		2261		2		2
345.669		296.111		1905		2		2
358.251		285.306		1911		2		2
Frame 53
291.68		207.14		2091		2		2
288.497		189.15		2003		2		2
284.155		166.574		1763		2		2
278.961		147.506		1670		2		2
251.269		180.352		2024		2		2
230.587		214.099		2206		2		2
225.542		251.691		2250		2		2
224.997		265.639		2251		2		2
311.667		181.267		1964		2		2
343.876		218.323		1973		2		2
345.956		276.284		1949		2		2
350.393		288.356		1889		2		2
277.414		206.777		2117		2		2
265.368		265.771		2026		2		2
264.947		347.566		2096		2		2
245.522		342.183		2274		2		2
306.209		207.468		2088		2		2
313.985		268.873		2004		2		2
305.306		347.216		2037		2		2
292.373		351.625		2253		2		2
285.342		172.97		1837		2		2
226.14		276.759		2279		2		2
218.388		263.613		2291		2		2
348.619		301.667		1898		2		2
358.379		291.293		1889		2		2
Frame 54
291.963		210.371		2086		2		2
287.928		194.643		2012		2		2
282.53		174.478		1780		2		2
278.055		157.416		1711		2		2
251.042		187.601		2049		2		2
231.079		219.231		2219		2		2
227.832		255.719		2270		2		2
227.204		270.652		2276		2		2
311.837		186.203		1976		2		2
343.133		220.247		1996		2		2
347.015		276.69		1927		2		2
350.541		291.308		1885		2		2
277.569		210.481		2139		2		2
265.818		265.509		2030		2		2
264.586		347.549		2086		2		2
245.645		342.239		2273		2		2
306.593		210.288		2092		2		2
316.678		269.159		2010		2		2
305.385		347.256		2072		2		2
293.027		353.241		2257		2		2
284.064		179.913		1846		2		2
229.249		281.997		2307		2		2
220.939		274.254		2305		2		2
350.997		306.434		1885		2		2
333.082		289.407		1982		2		2
Frame 55
288.722		213.998		2101		2		2
285.737		199.468		2030		2		2
281.614		180.494		1802		2		2
277.291		163.283		1738		2		2
249.961		192.998		2064		2		2
232.585		225.617		2242		2		2
229.28		261.718		2305		2		2
230.466		275.966		2313		2		2
309.015		195.182		2018		2		2
342.39		223.833		2008		2		2
352.115		278.625		1908		2		2
352.258		293.847		1883		2		2
273.938		213.183		2134		2		2
265.266		268.078		2014		2		2
264.309		347.401		2090		2		2
245.207		343.007		2264		2		2
303.805		214.833		2093		2		2
324.371		265.541		2035		2		2
307.616		342.88		2066		2		2
298.063		351.2		2138		2		2
282.76		185.833		1864		2		2
233.804		287.733		2341		2		2
224.353		277.234		2350		2		2
351.566		310.246		1874		2		2
336.671		287.704		1987		2		2
Frame 56
289.714		227.352		2158		2		2
285.05		210.644		2071		2		2
279.067		189.161		1862		2		2
275.798		172.344		1756		2		2
251.058		201.716		2094		2		2
233.376		231.262		2270		2		2
232.643		266.306		2331		2		2
234.255		280.447		2353		2		2
308.877		199.372		2038		2		2
342.305		227.526		2016		2		2
353.282		281.098		1901		2		2
354.652		300.019		1861		2		2
275.1		227.151		2163		2		2
264.728		267.081		2028		2		2
263.639		346.943		2085		2		2
245.568		342.569		2276		2		2
304.545		227.562		2195		2		2
323.305		285.062		2000		2		2
294.73		343.941		2239		2		2
308.809		356.065		2063		2		2
280.716		195.09		1903		2		2
239.338		291.8		2398		2		2
228.732		282.813		2371		2		2
353.711		313.512		1860		2		2
338.502		288.874		2002		2		2
Frame 57
289.188		235.796		2220		2		2
284.267		217.614		2108		2		2
278.133		193.94		1877		2		2
275.198		177.836		1794		2		2
252.452		208.526		2123		2		2
235.194		238.571		2293		2		2
234.568		273.343		2376		2		2
238.41		285.4		2396		2		2
308.11		204.157		2067		2		2
342.454		230.536		2034		2		2
354.177		283.09		1900		2		2
356.111		302.111		1858		2		2
274.617		235.798		2190		2		2
265.859		268.227		2026		2		2
262.669		345.532		2082		2		2
245.105		342.885		2272		2		2
303.959		235.803		2306		2		2
328.091		264.568		2086		2		2
310.335		344.756		2061		2		2
311.295		375.103		1999		1		2
279.822		200.353		1928		2		2
244.001		295.125		2443		2		2
234.048		289.241		2423		2		2
355.02		316.252		1858		2		2
347.793		309.1		1889		2		2
Frame 58
292.606		254.872		2347		2		2
286.306		230.374		2169		2		2
278.489		199.761		1923		2		2
273.401		183.783		1816		2		2
251.973		214.653		2154		2		2
236.185		239.391		2306		2		2
238.055		272.092		2398		2		2
241.028		284.343		2425		2		2
307.26		210.996		2108		2		2
341.958		235.826		2045		2		2
355.903		286.265		1897		2		2
357.226		303.421		1855		2		2
279.143		255.204		2316		2		2
268.272		275.038		1988		2		2
263.043		348.198		2094		2		2
244.653		343.428		2266		2		2
306.267		254.545		2291		2		2
330.844		263.838		2132		2		2
311.937		341.656		2063		2		2
312.576		372.11		2067		2		2
280.622		208.224		2024		2		2
245.053		295.896		2447		2		2
238.456		293.644		2483		2		2
356.356		317.461		1856		2		2
348.775		306.854		1897		2		2
Frame 59
291.292		255.686		2373		2		2
286.651		231.859		2192		2		2
281.289		202.669		1961		2		2
274.58		187.886		1868		2		2
251.266		219.266		2188		2		2
237.922		249.965		2367		2		2
246.389		292.936		2472		2		2
248.949		305.077		2783		2		2
305.894		212.27		2131		2		2
340.597		237.72		2063		2		2
356.138		286.423		1888		2		2
357.945		304.226		1855		2		2
278.471		256.906		2325		2		2
268.967		278.012		2003		2		2
264.625		351.65		2097		2		2
246.311		343.955		2266		2		2
304.085		254.345		2352		2		2
331.931		276.12		2085		2		2
310.782		346.096		2075		2		2
312.071		376.551		1985		1		2
282.635		210.524		2100		2		2
249.779		317.368		2557		2		2
243.491		319.664		2547		2		2
357.506		318.281		1854		2		2
349.272		309.705		1886		2		2
Frame 60
289.952		259.56		2408		2		2
283.879		237.213		2228		2		2
276.412		209.693		2015		2		2
273.23		192.89		1912		2		2
250.996		225.31		2232		2		2
240.038		255.704		2408		2		2
246.086		287.695		2496		2		2
249.151		294.973		2509		2		2
302.994		218.091		2176		2		2
338.255		238.486		2096		2		2
356.431		286.371		1901		2		2
358.35		303.879		1859		2		2
277.786		261.411		2288		2		2
269.926		278.173		2024		2		2
262.94		352.398		2118		2		2
244.968		343.469		2265		2		2
302.105		257.72		2398		2		2
331.998		278.125		2122		2		2
310.33		347.623		2071		2		2
312.375		378.057		2016		1		2
278.436		217.157		2076		2		2
251.996		304.715		2521		2		2
245.75		299.877		2561		2		2
358.387		317.267		1851		2		2
350.209		311.508		1885		2		2
Frame 61
290.506		261.553		2445		2		2
284.026		239.768		2263		2		2
276.078		213.005		2065		2		2
271.458		197.209		1984		2		2
251.585		230.386		2271		2		2
241.409		256.8		2429		2		2
248.074		289.268		2537		2		2
251.031		297.72		2544		2		2
302.369		221.767		2217		2		2
337.826		238.162		2128		2		2
356.74		285.464		1911		2		2
358.329		303.298		1855		2		2
278.601		263.868		2224		2		2
270.962		280.363		2060		2		2
261.034		353.345		2119		2		2
246.891		342.738		2274		2		2
302.4		259.274		2452		2		2
333.167		281.102		2170		2		2
308.227		351.467		2076		2		2
319.03		374.528		1998		2		2
278.225		220.24		2120		2		2
254.5		311.998		2624		2		2
246.286		297.002		2593		2		2
357.81		317.124		1850		2		2
350.108		310.439		1887		2		2
Frame 62
275.044		284.394		2091		2		2
276.173		252.723		2353		2		2
277.538		215.033		2121		2		2
269.674		201.305		1990		2		2
251.317		235.17		2334		2		2
239.293		260.245		2496		2		2
250.084		289.152		2552		2		2
251.435		297.489		2571		1		2
301.078		230.185		2292		2		2
336.317		239.108		2165		2		2
355.99		284.843		1930		2		2
357.824		301.46		1865		2		2
262.304		287.459		2118		2		2
269.576		301.759		2088		2		2
257.984		355.438		2202		2		2
257.366		384.316		1958		1		2
287.651		281.374		2614		2		2
333.191		282.485		2224		2		2
308.584		352.822		2087		2		2
319.671		375.35		1981		2		2
277.17		225.118		2175		2		2
252.424		309.996		2603		2		2
244.999		293.201		2624		2		2
357.912		313.571		1866		2		2
349.827		309.504		1899		2		2
Frame 63
274.58		288.565		2117		2		2
275.447		256.693		2380		2		2
276.478		219.434		2188		2		2
268.951		205.598		2100		2		2
252.243		239.003		2385		2		2
247.256		272.799		2542		2		2
252.482		303.401		2610		1		2
253.327		310.318		2624		1		2
299.643		234.323		2347		2		2
336.204		241.039		2207		2		2
354.754		283.677		1950		2		2
357.13		296.867		1888		2		2
262.241		291.79		2178		2		2
269.575		301.976		2119		2		2
258.656		357.306		2182		2		2
258.36		385.853		1946		1		2
286.796		285.385		2615		2		2
333.254		284.269		2278		2		2
315.146		351.933		2076		2		2
317.514		381.642		2046		1		2
276.202		229.332		2241		2		2
249.723		315.206		2661		2		2
248.504		310.696		2724		2		2
357.809		310.625		1868		2		2
348.669		300.789		1942		2		2
Frame 64
273.434		297.827		2145		2		2
274.82		262.02		2248		2		2
276.406		221.562		2259		2		2
267.76		209.049		2181		2		2
251.271		244.996		2448		2		2
249.577		277.664		2580		2		2
254.309		307.805		2627		1		2
252.907		313.566		2670		1		2
297.76		235.468		2401		2		2
334.135		243.129		2244		2		2
352.281		271.557		2016		2		2
355.297		291.88		1908		2		2
261.706		300.056		0		2		2
270.418		303.644		2144		2		2
264.285		365.616		2065		2		2
263.35		394.882		1970		1		2
285.048		295.631		2923		2		2
333.808		294.631		2302		2		2
316.419		351.756		2094		2		2
324.973		375.263		1995		2		2
275.987		232.167		2293		2		2
252.81		318.62		2661		2		2
248.564		311.06		2710		2		2
354.885		304.143		1889		2		2
348.6		295.624		1944		2		2
Frame 65
275.433		301.002		2165		2		2
275.63		264.646		2272		2		2
275.814		224.278		2333		2		2
267.256		212.193		2259		2		2
252.654		249.729		2529		2		2
250.445		280.974		2630		2		2
230.214		313.928		2742		2		2
226.449		318.932		2690		1		2
296.814		236.755		2469		2		2
331.023		242.55		2315		2		2
350.279		270.683		2020		2		2
351.911		282.491		1959		2		2
263.542		303.246		2231		2		2
268.848		333.622		2117		2		2
259.543		370.969		2124		1		2
272.584		349.906		2098		2		2
287.182		298.702		2698		2		2
321.668		330.771		2196		2		2
316.452		351.839		2102		2		2
325.214		375.195		1988		1		2
275.763		234.778		2359		2		2
224.334		322.332		2662		2		2
227.668		315.221		2717		2		2
353.375		295.124		1915		2		2
344.609		289.736		1984		2		2
Frame 66
275.348		306.579		2191		2		2
272.612		272.197		2308		2		2
269.708		235.654		2484		2		2
267.584		218.45		2369		2		2
252.042		249.851		2589		2		2
250.973		285.098		2688		2		2
225.085		317.515		2693		1		2
220.499		329		2675		2		2
296.915		240.141		2548		2		2
328.633		243.781		2400		2		2
343.934		267.304		2076		2		2
346.825		273.294		1999		2		2
263.573		307.583		2253		2		2
268.926		333.534		2135		2		2
259.542		370.91		2102		1		2
272.589		349.839		2107		1		2
287.143		305.584		2716		2		2
322.09		331.267		2222		2		2
316.828		352.048		2112		2		2
326.04		374.295		1997		2		2
270.451		245.004		2543		2		2
220		329		2666		2		2
219.134		329.651		2671		1		2
349.067		283.399		1970		2		2
338.393		281.188		2043		2		2
Frame 67
274.414		309.458		2222		2		2
274.715		274.254		2341		2		2
275.336		236.865		2520		2		2
271.181		219.842		2461		2		2
254.383		250.276		2665		2		2
248.621		284.677		2746		2		2
226.168		323.258		2634		2		2
223.837		327.007		2589		2		2
297.945		243.386		2629		2		2
328.666		247.019		2478		2		2
337.146		262.478		2079		2		2
340.493		265.955		2074		2		2
262.62		309.651		0		2		2
262.617		329.304		2199		2		2
252.869		365.87		2187		1		2
271.147		367.482		2062		2		2
286.245		309.445		2719		2		2
328.23		316.649		2353		2		2
309.579		364.405		2062		2		2
333.713		366.052		2006		2		2
275.177		246.338		2605		2		2
220		330		2645		2		2
221.327		327.007		2638		2		2
340.88		270.235		2058		2		2
333.998		270.451		2074		2		2
Frame 68
273.541		312.475		2235		2		2
274.893		276.257		2398		2		2
276.47		239.116		2647		2		2
274.426		221.53		2559		2		2
256.171		249.721		2741		2		2
248.419		280.739		2776		2		2
243.749		315.717		2672		2		2
250.853		314.992		2697		1		2
299.807		244.136		2726		2		2
328.418		255.21		0		2		2
336.237		271.203		0		2		2
335.824		255.82		2177		2		2
261.808		312.299		2692		2		2
262.604		329.574		2208		2		2
266.955		360.062		2070		2		2
267.755		377.106		1942		2		2
285.31		312.574		2550		2		2
330.964		307.139		2446		2		2
324.989		349.781		2150		2		2
327.795		374.608		2004		1		2
276.073		248.42		2697		2		2
245.501		321		2499		2		2
238.751		317.306		2626		2		2
334.046		256.428		2173		2		2
329.499		257.669		2185		2		2
Frame 69
273.651		312.482		2256		2		2
276.111		274.401		2430		2		2
278.053		237.314		2744		2		2
277.213		220.89		2647		2		2
257.807		248.533		2837		2		2
249.07		281.421		2834		2		2
243.777		315.696		2675		2		2
252.949		314.954		2673		1		2
300.376		242.463		2817		2		2
323.81		260.489		2666		2		2
333.446		264.584		2499		2		2
332.897		253.769		2326		2		2
262.058		312.289		0		2		2
267.306		333.406		2171		2		2
267.108		361.799		2052		2		2
269.153		377.505		1910		2		2
285.323		312.607		2564		2		2
330.805		305.586		2449		2		2
324.828		347.904		2187		1		2
327.886		372.169		2003		2		2
277.57		246.493		2788		2		2
244.5		320		2503		2		2
238.89		316.488		2643		2		2
333		250.353		2308		2		2
326.837		252.505		2377		2		2
Frame 70
273.836		310.592		2272		2		2
277.569		270.992		2804		2		2
280.949		235.239		2856		2		2
280.375		218.668		2750		2		2
259.963		244.139		2919		2		2
249.655		278.276		2838		2		2
257.557		311.297		2636		2		2
258.156		314.474		2615		1		2
302.135		239.32		2925		2		2
317.627		264.122		2792		2		2
329.743		262.152		2621		2		2
328.326		250.961		2475		2		2
262.686		309.983		0		2		2
267.318		333.377		2166		2		2
266.066		362.96		2029		2		2
269.403		378.195		1902		2		2
285.116		311.102		0		2		2
331.531		295.233		2485		2		2
322.626		350.998		2141		2		2
330.872		366.929		1997		2		2
280.119		243.987		2888		2		2
261		315		2593		2		2
255.003		318.198		2631		1		2
329.551		245.699		2444		2		2
322.247		247.507		2530		2		2
Frame 71
278.4		302.716		2296		2		2
280.185		266.346		2850		2		2
281.828		233.187		2964		2		2
282.003		216.752		2852		2		2
260.838		242.668		2982		2		2
251.925		271.697		2891		2		2
257.218		306.655		2634		2		2
256.756		309.954		2638		2		2
302.653		239.675		3022		2		2
314.774		266.059		2904		2		2
324.341		256.246		2674		2		2
325.903		248.511		2599		2		2
267.922		302.497		2346		2		2
267.284		333.325		2172		2		2
265.256		362.242		2021		2		2
269.073		375.964		1905		2		2
288.867		302.943		2721		2		2
327.749		294.692		2467		2		2
321.738		350.934		2128		2		2
338.056		364.126		1997		2		2
281.429		241.201		2970		2		2
254.359		316.316		2671		2		2
252.779		314.887		2711		2		2
326.868		243.607		2579		2		2
320.284		244.575		2661		2		2
Frame 72
277.842		302.161		2313		2		2
280.117		264.964		2896		2		2
283.022		232.411		3035		2		2
282.966		214.593		2957		2		2
261.669		242.095		3032		2		2
252.38		269.691		2909		2		2
265.552		288.548		2704		2		2
284.125		284.677		2390		2		2
303.575		241.993		3115		2		2
322.671		266.755		2936		2		2
324.495		244.29		2683		2		2
324.355		241.619		2675		1		2
267.612		301.272		2381		2		2
268.055		339.897		2162		2		2
265.413		367.732		1959		1		2
268.461		373.346		1899		2		2
287.868		302.699		2417		2		2
323.602		303.117		2422		2		2
317.604		361.263		2067		1		2
339.033		362.715		2015		2		2
282.322		240.129		3044		2		2
285.067		290.795		2369		2		2
286.402		300.397		2373		2		2
324.714		240.141		2679		2		2
320.749		239.5		2704		2		2
Frame 73
276.917		299.488		2356		2		2
280.708		264.15		2938		2		2
284.073		232.958		3118		2		2
284.266		215.578		3065		2		2
263.745		243.736		3113		2		2
251.7		266.225		2943		2		2
251.815		282.605		2732		2		2
258.299		289.779		2614		2		2
304.304		245.77		3184		2		2
318.478		268.872		3056		2		2
323.163		244.202		2840		2		2
323.03		240.106		2784		2		2
267.656		297.903		0		2		2
268.415		338.697		2172		2		2
265.783		366.705		1947		1		2
267.715		371.427		1896		2		2
286.103		301.065		2396		2		2
323.601		303.125		2421		2		2
317.597		361.326		2085		1		2
347.768		359.15		2030		2		2
283.267		240.409		3123		2		2
259.376		293.251		2612		2		2
267.435		288.933		2738		2		2
320.998		234.833		0		2		2
318.455		237.645		2811		2		2
Frame 74
279.446		297.621		2378		2		2
281.936		264.542		2988		2		2
284.135		235.533		3215		2		2
285.939		217.494		3174		2		2
265.929		245.456		3167		2		2
253.613		264		2979		2		2
252.293		277.736		2644		2		2
256.388		279.348		2632		1		2
304.974		250.145		3249		2		2
320.548		270.044		3132		2		2
323.425		246.205		2972		2		2
322.442		238.195		2938		2		2
271.026		295.277		2429		2		2
268.436		338.393		2185		2		2
265.811		366.421		1921		1		2
267.049		367.874		1908		2		2
287.782		299.946		2451		2		2
323.563		301.779		2448		2		2
317.602		359.414		2094		1		2
346.794		357.788		2030		2		2
283.609		242.447		3203		2		2
259.666		280.667		2620		2		2
260.75		280.5		2616		2		2
320.998		230.5		2882		2		2
317.755		236.278		2968		2		2
Frame 75
280.748		297.036		2422		2		2
282.6		264.554		3038		2		2
283.289		237.384		3293		2		2
285.689		221.117		3299		2		2
266.156		247.086		3247		2		2
255.146		262.186		2670		1		2
257.899		264.77		2667		2		2
273.024		279.456		2670		1		2
303.366		254.283		3314		2		2
323.786		261.997		3119		2		2
318.137		231.039		3055		2		2
320.388		228.221		3016		1		2
272.61		294.136		2450		2		2
260.519		337.03		2183		2		2
257.606		364.611		1994		1		2
266.694		364.498		1932		2		2
290.619		299.398		2808		2		2
321.282		313.486		2357		2		2
314.738		374.283		2125		1		2
342.275		358.836		2065		2		2
283.161		243.797		3291		2		2
274.5		283.5		2584		2		2
273.249		279.624		2670		2		2
318.498		225		0		2		2
316.598		227.707		3053		2		2
Frame 76
283.624		297.341		2446		2		2
284.04		266.943		3100		2		2
283.988		241.23		3375		2		2
285.858		225.649		3382		2		2
271.635		252.736		3284		2		2
257.758		270.696		3447		1		2
253.073		255.609		2803		2		2
255.046		251.037		2749		2		2
302.264		257.375		3368		2		2
325.499		254.945		3175		2		2
317.252		228.837		3182		2		2
319.679		227.962		3160		2		2
275.378		295.579		2443		2		2
263.423		335.663		2203		2		2
260.622		363.334		1983		1		2
268.267		360.737		1940		2		2
292.133		299.297		2812		2		2
327.092		326.831		2249		2		2
320.905		393.156		1970		1		2
338.735		364.171		2165		1		2
283.999		247.276		3370		2		2
258.187		249.279		2735		2		2
261.001		250.399		2747		2		2
319.197		222.798		3159		2		2
315.363		229.09		3191		2		2
Frame 77
278.643		296.6		2465		2		2
282.32		267.854		3087		2		2
284.974		244.743		3430		2		2
284.805		231.388		3475		2		2
269.411		254.305		3313		2		2
255.101		252.975		2995		2		2
258.467		236.972		2848		2		2
258.137		235.982		2849		2		2
302.066		260.414		3429		2		2
325.372		252.012		3264		2		2
315.204		227.165		3339		2		2
317.064		225.924		3303		2		2
272.815		294.662		2489		2		2
263.278		336.108		2210		2		2
260.476		363.737		2022		1		2
268.416		358.209		1980		2		2
285.13		298.963		2502		2		2
327.147		326.964		2266		2		2
320.968		393.296		2006		1		2
338.797		364.614		2167		1		2
284.26		250.171		3433		2		2
260.5		233.5		2840		2		2
262.599		236.604		2855		2		2
316.993		221.199		3308		2		2
313.764		226.941		3333		2		2
Frame 78
273.262		290.001		2511		2		2
278.211		266.182		3104		2		2
282.208		246.982		3530		2		2
286.465		234.73		3572		2		2
271.591		253.241		3427		2		2
256.328		252.037		3139		1		2
256.381		229.72		3037		2		2
258.807		226.767		3002		2		2
298.807		262.28		3416		1		2
324.668		252.806		3362		2		2
314.716		229.997		3485		2		2
314.555		227.415		3468		2		2
267.659		286.737		2728		2		2
262.736		335.429		2212		2		2
259.924		362.904		2029		1		2
268.054		356.738		1993		2		2
278.996		293.342		2496		2		2
325.45		325.962		2304		2		2
319.088		391.518		1987		1		2
333.99		362.116		2170		2		2
281.282		251.425		3513		2		2
259.772		223.538		3007		2		2
262.767		226.78		3007		2		2
312.499		223.25		3471		2		2
311.833		229.416		3478		2		2
Frame 79
265.214		294.982		0		2		2
274.833		269.816		2954		2		2
282.395		248.977		3587		2		2
285.339		238.983		3647		2		2
231.355		270.937		3609		2		2
243.404		256.256		3869		2		2
256.709		227.959		3197		2		2
258.613		223.777		3211		1		2
307.342		264.919		3483		2		2
328.156		254.491		0		1		2
313.186		234.505		3613		2		2
311.925		231.952		3625		2		2
259.341		294.946		2973		2		2
262.702		337.839		2211		1		2
259.926		365.029		2052		1		2
266.633		357.194		2008		2		2
271.275		295.022		2500		2		2
325.662		338.477		2185		2		2
318.846		408.671		1880		1		2
337.827		382.213		2060		1		2
280.836		253.618		3475		2		2
261.724		217.776		3181		2		2
262.597		223.874		3196		2		2
308.499		229.001		3637		2		2
310.305		234.919		3609		2		2
Frame 80
270.95		293.818		2514		2		2
265.58		276.566		2906		2		2
261.056		262.039		3407		2		2
271.842		253.957		3454		2		2
235.775		271.575		3540		2		2
254.964		251.237		3305		1		2
260.076		220.305		3371		2		2
259.07		218.819		3360		1		2
282.738		258.553		3246		2		2
307.611		265.528		3482		2		2
309.556		249.898		4547		2		2
315.621		250.987		3585		2		2
266.433		295.234		2554		2		2
256.584		346.054		2132		2		2
253.413		374.745		2113		1		2
267.369		354.923		1997		2		2
275.507		292.392		2520		2		2
308.818		345.059		2185		2		2
299.384		415.204		1718		1		2
321.321		388.946		2022		1		2
262.119		265.451		3412		2		2
260.499		215.499		3372		2		2
262.584		219.001		3364		2		2
310		243		3663		2		2
310		243		3663		2		2
Frame 81
271.449		294.441		2526		2		2
266.006		277.161		2891		2		2
261.564		262.879		3439		2		2
272.418		255.692		3385		2		2
236.305		280.9		3266		2		2
250.784		247.333		3371		1		2
256.828		227.144		3517		1		2
257.11		224.328		3542		2		2
283.191		259.421		3208		1		2
298.203		276.726		2970		2		2
306.703		264.162		3516		2		2
300.018		266.308		3423		2		2
266.716		296.376		2561		2		2
256.037		345.594		2146		2		2
252.856		374.136		2168		1		2
266.794		353.873		2023		2		2
276.298		292.726		2530		2		2
310.226		338.99		2317		1		2
301.372		406.335		1881		1		2
324.045		381.88		2059		1		2
262.602		266.215		3467		2		2
259.501		219.501		3531		2		2
260.275		225.629		3554		2		2
297.6		265.999		3370		2		2
Frame 82
264.539		301.925		2570		2		2
255.734		283.538		3130		2		2
248.627		268.708		3532		2		2
259.537		261.343		3439		1		2
229.189		283.425		3316		2		2
239.051		258.412		3838		1		2
252.361		242.775		3509		2		2
255.25		234.749		3627		2		2
269.069		265.491		3067		1		2
285.808		274.465		2929		2		2
309.515		266.682		3509		2		2
308.559		262.77		3551		1		2
260.61		305.09		2739		2		2
235.577		347.864		2266		1		2
231.781		374.52		2179		1		2
247.547		363.94		2181		1		2
268.555		298.689		2556		2		2
309.769		340.984		2311		1		2
300.728		409.254		1821		1		2
320.464		382.953		2055		1		2
250.272		272.14		3448		2		2
259		230.003		0		2		2
259.226		232.658		3699		2		2
310.776		260.443		3573		2		2
304.437		262.66		3554		2		2
Frame 83
268.494		308.216		2475		2		2
256.337		284.342		3115		2		2
248.199		267.619		3559		2		2
251.337		255.732		3452		2		2
228.974		282.09		3348		1		2
238.719		257.395		3921		1		2
252.38		244.69		3605		2		2
255.46		240.818		3778		2		2
268.393		264.418		3123		1		2
284.478		273.297		2940		1		2
307.507		266.252		3542		2		2
263.198		312.045		2464		2		2
235.158		344.868		2273		1		2
231.408		370.961		2182		1		2
246.469		362.327		2197		1		2
273.88		304.323		2515		2		2
310.55		338.895		2316		1		2
301.897		405.136		1892		1		2
316.181		374.386		2130		1		2
250.219		271.798		3468		2		2
257.601		240.801		3809		2		2
257.667		241.666		3810		2		2
302.888		265.885		3490		1		2
Frame 84
266.175		308.312		2501		2		2
253.998		285.477		3092		2		2
244.18		268.619		3554		2		2
249.057		256.499		3485		2		2
224.728		283.141		3360		1		2
250.513		261.084		3491		2		2
249.913		273.571		3378		2		2
253.382		270.178		3510		1		2
264.278		265.434		0		1		2
279.93		274.384		2911		1		2
301.69		267.315		3409		2		2
324.03		263.903		3592		2		2
258.575		310.708		2673		2		2
260.374		347.849		2141		2		2
257.367		376.626		2102		1		2
270.104		351.698		2045		2		2
272.001		305.64		2523		2		2
304.496		340.549		2309		1		2
294.908		407.027		1865		1		2
319.357		384.474		2033		1		2
246.263		272.591		3408		2		2
255.546		269.708		3549		1		2
255.614		270.552		3525		1		2
330.75		265.503		3615		2		2
317.983		259		3734		2		2
Frame 85
263.9		309.298		2532		2		2
252.247		286.112		3079		2		2
243.336		268.544		3552		2		2
247.944		257.023		3520		2		2
230.987		278.193		3390		2		2
254.497		261.388		3542		1		2
240.605		269.062		3547		2		2
234.782		267.135		3628		1		2
263.482		265.346		0		1		2
290.161		273.808		3002		2		2
311.486		268.049		3567		1		2
324.184		267.589		3606		2		2
257.359		311.777		2662		2		2
260.566		346.161		2152		2		2
257.589		374.673		2107		1		2
271.525		351.669		2049		2		2
270.43		306.421		2516		2		2
303.423		340.807		2310		1		2
293.612		407.697		1873		1		2
317.332		384.098		2048		1		2
245.391		272.568		3396		2		2
233		265		3669		2		2
234		264		3663		2		2
331		269		3657		2		2
323.367		263.726		3654		2		2
Frame 86
311.36		343.048		2294		2		2
305.161		324.845		2429		2		2
299.889		309.368		2643		2		2
306.8		294.935		2798		1		2
287.462		324.896		2437		1		2
277.348		297.999		2585		1		2
261.84		283.805		3102		2		2
256.859		280.352		3185		1		2
307.014		296.598		2771		2		2
333.573		312.635		2446		1		2
309.934		288.261		2806		2		2
301.959		280.034		2944		1		2
308.41		344.545		2304		2		2
9999		9999		9999		1		2
9999		9999		9999		1		2
9999		9999		9999		1		2
314.357		341.527		2251		2		2
9999		9999		9999		1		2
9999		9999		9999		1		2
9999		9999		9999		1		2
301.131		313.014		2574		2		2
257.799		275.199		3316		2		2
259.333		279.293		3224		2		2
312.174		281.894		2923		1		2
301.04		274.263		0		1		2
Frame 87
277.63		308.524		2520		2		2
267.396		288.759		2761		2		2
259.213		272.959		0		2		2
264.052		261.259		3403		1		2
241.374		276.795		3300		2		2
250.469		257.952		3820		1		2
230.148		268.93		3617		1		2
226.43		268.994		3687		2		2
266.627		264.464		3229		1		2
281.451		272.419		3021		2		2
262.209		254.541		3988		1		2
255.703		248.503		4143		1		2
273.755		310.09		2478		2		2
289.799		358.146		2210		1		2
287.941		389.081		2017		1		2
280.031		356.591		2055		2		2
281.547		306.942		2555		2		2
333.261		353.381		2142		1		2
9999		9999		9999		1		2
339.307		395.085		1972		1		2
261.101		276.604		0		2		2
220.4		271.798		3734		2		2
229.501		263.499		3749		2		2
264.169		250.289		4098		1		2
255.429		244.32		0		1		2
Frame 88
294.383		296.529		2885		2		2
288.849		275.92		3001		2		2
284.383		259.289		3321		2		2
289.648		247.211		0		1		2
232.25		275.599		3413		2		2
241.576		257.284		0		1		2
222.008		268.025		3734		1		2
219.355		270.112		3745		2		2
278.343		260.161		3252		2		2
294.81		278.622		2982		2		2
318.519		292.63		2672		2		2
324.598		294.391		2624		2		2
290.407		298.681		2881		2		2
272.892		339.169		2192		2		2
270.49		367.1		2114		1		2
283.339		355.233		2051		2		2
298.386		294.364		2869		2		2
329.392		301.754		2564		2		2
324.574		356.225		2158		1		2
338.149		346.224		2190		2		2
285.417		263.138		3244		2		2
216		269.499		3777		2		2
217.5		268		3794		2		2
333.377		301.624		2576		2		2
329.274		290.347		2646		2		2
Frame 89
275.641		301.743		2559		2		2
267.734		281.729		2880		2		2
261.387		265.671		3346		2		2
266.293		253.786		0		1		2
232.425		275.497		3417		2		2
251.124		255.38		3896		1		2
227.249		265.717		3766		2		2
223.685		266.705		3739		2		2
255.124		266.624		3556		1		2
280.411		276.65		2962		2		2
306.994		284.941		2863		2		2
311.608		295.382		2751		2		2
271.107		304.273		2536		2		2
238.534		347.609		2275		1		2
234.704		375.373		2147		1		2
260.257		364.877		2142		2		2
280.205		299.199		2583		2		2
299.022		309.421		2640		1		2
290.048		364.24		2197		1		2
315.692		354.965		2168		2		2
262.854		269.38		3184		2		2
220		270		3740		2		2
227.667		260.666		3870		2		2
319.479		299.043		2606		2		2
316.56		286.409		2767		2		2
Frame 90
284.496		296.493		2888		2		2
280.037		274.947		2990		2		2
276.437		257.547		3318		2		2
281.593		245.448		3717		1		2
233.124		278.048		3334		2		2
251.437		257.845		3909		1		2
227.165		268.243		3713		1		2
223.681		268.172		3757		2		2
244.325		276.31		3299		2		2
272.545		279.941		2870		2		2
300.252		285.609		2869		2		2
327.086		307.49		2509		2		2
281.066		297.563		2639		2		2
260.911		336.547		2291		1		2
257.985		364.389		2187		1		2
283.797		355.046		2009		2		2
287.954		295.415		2918		2		2
304.601		323.543		2439		2		2
295.712		384.251		2030		1		2
323.214		369.652		2153		1		2
277.271		261.575		3248		2		2
220		270		3758		2		2
227.198		264.294		3811		2		2
332.287		314.571		2427		2		2
332.935		303.32		2553		2		2
Frame 91
289.654		295.867		2904		2		2
286.861		275.277		2989		2		2
284.582		258.465		3322		2		2
289.843		246.392		0		1		2
234.501		275.594		3410		2		2
251.101		254.422		3888		1		2
228.996		279.165		3380		1		2
221.623		287.423		3347		2		2
252.556		277.196		3262		1		2
277.157		283.523		2859		2		2
305.051		287.706		2825		2		2
326.955		307.416		2506		2		2
287.159		295.517		2906		2		2
273.213		337.783		2223		1		2
270.831		365.614		2055		1		2
289.347		353.641		1990		2		2
291.567		296.106		2897		2		2
304.368		323.513		2438		2		2
295.447		384.208		2056		1		2
318.372		362.527		2178		1		2
285.112		262.372		3258		2		2
217.76		289.302		3499		1		2
225.348		283.057		3329		1		2
332.502		314.199		2428		2		2
333.025		303.345		2543		2		2
Frame 92
289.822		296.163		2892		2		2
286.897		275.313		2985		2		2
284.591		258.455		3315		2		2
289.851		246.383		0		1		2
234.128		276.765		3396		2		2
251.211		254.445		3907		1		2
229.114		279.207		3391		1		2
221.743		287.472		3335		2		2
252.568		277.185		3262		1		2
277.159		283.44		2877		2		2
301.492		293.487		2815		2		2
325.934		308.01		2495		2		2
287.007		296.186		2897		2		2
261.337		341.762		2233		2		2
258.477		369.332		2148		1		2
279.182		359.128		2005		2		2
292.174		296.277		2888		2		2
308.043		332.097		2355		1		2
273.64		346.813		2133		2		2
297.213		325.965		2414		1		2
285.118		262.37		3256		2		2
217.88		289.351		3483		1		2
225.366		283.064		3337		1		2
332.376		314.624		2430		2		2
331.457		303.835		2550		2		2
Frame 93
284.266		297.611		2882		2		2
279.739		276.057		2953		2		2
276.079		258.629		3300		2		2
281.27		246.448		3715		1		2
236.219		276.442		3358		2		2
258.76		254.997		3990		1		2
245.335		276.163		3292		2		2
240.826		283.276		3182		2		2
243.713		277.549		3280		1		2
270.065		287.202		2757		2		2
294.228		296.686		2880		2		2
325.103		308.6		2484		2		2
282.106		297.53		2684		2		2
248.11		343.46		2286		1		2
244.631		371.51		2161		1		2
270.328		361.861		2045		2		2
286.451		297.694		2894		2		2
297.851		336.919		2307		2		2
263.829		350.829		2137		2		2
288.747		331.065		2347		1		2
276.926		262.665		3191		2		2
236.864		285.189		3162		1		2
244.309		278.912		3248		1		2
331.885		313.705		2432		2		2
330.941		304.608		2521		2		2
Frame 94
287.032		304.487		2761		2		2
285.589		283.585		2933		2		2
284.402		266.383		3185		2		2
289.897		253.869		0		1		2
231.83		278.857		3380		2		2
249.862		261.308		0		1		2
235.303		282.72		3211		1		2
225.719		281.713		3347		2		2
250.932		286.021		3091		1		2
278.828		293.058		2657		2		2
304.159		302.435		2802		2		2
325.725		307.948		2509		2		2
284.508		303.703		2776		2		2
259.269		359.72		2187		1		2
256.112		389.824		2014		1		2
277.6		364.684		2018		2		2
289.583		305.28		2739		2		2
310.969		352.041		2261		1		2
276.027		369.083		2121		1		2
301.962		347.771		2287		1		2
284.679		270.391		3055		2		2
220.332		282.665		3414		2		2
220.5		280.998		3455		2		2
331.938		314.131		2428		2		2
334.371		301.867		2580		2		2
Frame 95
291.081		296.512		2884		2		2
287.444		275.031		2974		2		2
284.507		257.674		3334		2		2
289.748		245.634		0		1		2
233.872		275.617		3419		2		2
258.936		255.078		3963		1		2
245.683		276.246		3287		2		2
241.242		283.342		3163		2		2
252.595		276.333		3304		1		2
274.848		286.75		2767		2		2
297.451		296.626		2849		2		2
326.004		308.081		2475		2		2
287.507		296.731		2881		2		2
261.152		340.473		2237		1		2
258.294		367.9		2140		1		2
276.945		359.916		1988		2		2
294.67		296.293		2870		2		2
296.454		331.683		2346		2		2
261.99		345.094		2182		1		2
286.654		325.736		2423		1		2
285.187		261.693		3261		2		2
235.948		284.228		3174		1		2
235.993		282.626		3203		1		2
332.446		314.443		2423		2		2
330.986		304.236		2523		2		2
Frame 96
291.048		296.737		2882		2		2
287.464		275.159		2990		2		2
284.559		257.757		3337		2		2
289.801		245.718		0		1		2
232.266		279.125		3341		2		2
250.177		261.562		0		1		2
236.038		283.107		3186		1		2
227.298		281.305		3364		1		2
252.645		276.418		3292		1		2
275.424		285.673		2800		2		2
297.781		296.015		2856		2		2
325.547		308.407		2488		2		2
287.396		297.166		2890		2		2
267.115		341.338		2197		2		2
264.506		368.857		2063		1		2
279.833		359.727		2008		2		2
294.681		296.386		2865		2		2
296.53		331.811		2353		1		2
262.07		345.239		2179		1		2
286.736		325.875		2430		1		2
285.231		261.784		3264		2		2
222		280		3429		2		2
229.323		277.118		3400		1		2
332.357		313.824		2429		2		2
331.145		304.225		2533		2		2
Frame 97
290.565		296.581		2890		2		2
287.39		275.166		2988		2		2
284.566		257.816		3336		2		2
289.81		245.772		4945		1		2
235.046		275.161		3421		2		2
254.157		257.967		3925		1		2
238.56		278.405		3285		1		2
228.856		279.192		3389		2		2
252.641		276.483		3297		1		2
275.192		285.83		2798		2		2
297.716		296.134		2849		2		2
325.81		308.412		2488		2		2
287.077		296.695		2902		2		2
267.191		341.354		2188		1		2
264.584		368.886		2075		1		2
279.871		359.748		1994		2		2
293.94		296.407		2878		2		2
305.72		332.734		2355		2		2
272.704		346.149		2129		1		2
293.189		324.395		2424		1		2
285.218		261.819		3265		2		2
224.541		281.76		3372		2		2
223.599		279.398		3446		2		2
332.736		313.866		2427		2		2
331.332		304.425		2529		2		2
Frame 98
290.429		296.537		2882		2		2
287.34		275.185		2990		2		2
284.56		257.865		3341		2		2
289.805		245.821		0		1		2
234.917		275.225		3432		2		2
254.05		258.051		0		1		2
236.246		275.568		3404		1		2
230.43		280.06		3362		2		2
252.63		276.536		3300		1		2
274.794		287.624		2752		1		2
297.492		297.153		2845		2		2
326.028		308.431		2498		2		2
287.033		296.588		2885		2		2
267.216		341.371		2187		1		2
264.61		368.907		2060		1		2
279.872		359.765		1993		2		2
293.769		296.419		2873		2		2
305.74		332.647		2351		1		2
272.03		348.244		2108		2		2
295.847		327.182		2392		1		2
285.205		261.854		3261		2		2
224.427		290.712		3285		2		2
224.284		278.713		3436		2		2
332.732		314.544		2428		2		2
331.102		304.376		2532		2		2
Frame 99
290.1		296.42		2891		2		2
287.245		275.186		2989		2		2
284.563		257.884		3335		2		2
289.808		245.839		5005		1		2
232.827		277.108		3404		2		2
247.621		258.761		3738		1		2
230.894		276.862		3410		1		2
227.066		281.101		3366		2		2
252.629		276.557		3294		1		2
276.233		282.99		2852		2		2
298.242		294.497		2824		2		2
325.887		308.122		2483		2		2
286.87		296.486		2902		2		2
267.251		341.367		2194		1		2
264.646		368.907		2060		1		2
278.874		359.273		2002		2		2
293.345		296.302		2887		2		2
305.751		332.42		2350		2		2
271.997		348.263		2108		1		2
295.822		327.193		2394		1		2
285.199		261.865		3265		2		2
224		290.998		3290		2		2
221.573		280.78		3444		2		2
331.543		314.461		2427		2		2
332.604		305.888		2518		2		2
Frame 100
289.612		296.029		2895		2		2
287.095		275.139		2986		2		2
284.535		257.934		3336		2		2
289.783		245.882		0		1		2
233.632		276.202		3414		2		2
253.67		259.792		0		1		2
234.539		276.58		3405		1		2
229.446		280.646		3373		2		2
252.584		276.618		3303		1		2
276.465		282.583		2835		2		2
298.407		294.283		2842		2		2
326.335		308.459		2491		2		2
286.843		295.756		2913		2		2
267.262		341.411		2175		1		2
264.655		368.973		2080		1		2
278.647		359.125		1997		2		2
292.458		296.125		2878		2		2
305.652		331.847		2367		1		2
271.871		348.368		2103		1		2
295.727		327.272		2395		1		2
285.159		261.889		3266		2		2
224.249		290.999		3292		2		2
222.812		280.013		3433		2		2
332.003		314.583		2429		2		2
332.544		305.336		2519		2		2
Frame 101
289.615		296.024		2896		2		2
287.055		275.114		2990		2		2
284.516		257.925		3331		2		2
289.764		245.874		4921		1		2
233.88		275.744		3425		1		2
254.678		261.789		3565		1		2
234.575		278.567		3326		1		2
229.978		281.862		3360		2		2
252.565		276.609		3292		1		2
276.495		282.507		2839		2		2
298.45		294.234		2854		2		2
326.292		308.435		2498		2		2
286.846		295.758		2909		2		2
267.249		341.365		2187		1		2
264.642		368.925		2062		1		2
279.246		359.376		2008		2		2
292.461		296.121		2891		2		2
305.666		331.862		2362		2		2
271.888		348.369		2113		1		2
295.743		327.273		2397		1		2
285.134		261.88		3264		2		2
224		291.999		3283		2		2
226.566		279.245		3388		2		2
332.922		314.415		2424		2		2
331.059		303.983		2541		2		2
Frame 102
289.698		296.022		2890		2		2
287.112		275.096		2977		2		2
284.6		257.92		3337		2		2
289.848		245.871		4931		1		2
233.892		275.728		3427		2		2
254.698		261.809		3560		1		2
234.604		278.59		3322		1		2
230.072		281.89		3342		2		2
252.654		276.601		3303		1		2
276.588		282.375		2836		2		2
298.496		294.155		2847		2		2
326.294		308.491		2487		2		2
286.915		295.78		2912		2		2
267.455		341.266		2198		1		2
264.857		368.813		2080		1		2
279.517		359.551		1988		2		2
292.599		296.114		2881		2		2
306.048		331.948		2365		1		2
272.296		348.368		2114		1		2
296.131		327.285		2398		1		2
285.201		261.877		3271		2		2
224		291.998		3286		2		2
226.586		279.442		3384		2		2
332.312		314.307		2420		2		2
333.614		306.174		2513		2		2
Frame 103
289.966		296.154		2904		2		2
287.184		275.108		2986		2		2
284.689		257.905		3340		2		2
289.935		245.862		0		1		2
233.091		278.675		3356		2		2
253.66		266.451		3537		1		2
233.438		284.023		3185		1		2
231.484		289.489		3137		2		2
252.763		276.574		3309		1		2
276.628		282.308		2852		2		2
298.439		294.127		2836		2		2
326.122		308.498		2491		2		2
287.1		296.214		2912		2		2
267.653		341.099		2185		1		2
265.067		368.614		2062		1		2
279.528		359.43		1995		2		2
293.047		296.104		2886		2		2
305.89		332.087		2357		2		2
272.242		348.358		2111		1		2
296.079		327.274		2397		1		2
285.279		261.875		3267		2		2
228.513		294.169		3093		2		2
225		290.999		3289		2		2
332.475		314.477		2436		2		2
334.414		307.828		2507		2		2
Frame 104
290.387		296.318		2892		2		2
287.254		275.123		2988		2		2
284.715		257.905		3333		2		2
289.961		245.864		0		1		2
234.174		275.88		3424		2		2
261.249		262.326		3458		1		2
251.745		266.065		3535		2		2
243.555		262.86		3640		2		2
252.792		276.572		3301		1		2
276.623		282.302		2852		2		2
298.434		294.117		2845		2		2
326.302		308.28		2495		2		2
287.412		296.521		2909		2		2
267.713		341.064		2197		1		2
265.13		368.573		2079		1		2
279.535		359.397		1981		2		2
293.572		296.211		2880		2		2
305.793		332.262		2353		2		2
272.243		348.349		2118		1		2
292.968		353.996		1983		2		2
285.307		261.879		3274		2		2
245.704		258.201		3726		2		2
252.601		261.199		3589		2		2
333.169		314.166		2432		2		2
332.231		304.97		2521		2		2
Frame 105
290.335		296.32		2891		2		2
287.222		275.139		2997		2		2
284.686		257.936		3336		2		2
289.931		245.894		0		1		2
234.177		275.837		3423		2		2
261.249		262.326		3458		1		2
251.749		266.077		3543		2		2
243.944		263.207		3608		2		2
252.76		276.604		3297		1		2
276.627		282.288		2868		2		2
298.441		294.108		2834		2		2
326.147		308.437		2492		2		2
287.338		296.479		2905		2		2
267.685		341.092		2202		1		2
265.101		368.605		2064		1		2
279.533		359.35		1998		2		2
293.481		296.239		2883		2		2
305.809		332.244		2354		2		2
272.239		348.341		2128		1		2
292.955		353.993		1973		1		2
285.278		261.906		3265		2		2
246.305		258.302		3736		2		2
251		261.666		3609		2		2
332.73		314.544		2427		2		2
332.112		305.109		2521		2		2
Frame 106
290.345		296.27		2888		2		2
287.195		275.13		2978		2		2
284.555		257.973		3334		2		2
289.8		245.93		0		1		2
238.639		276.556		3328		2		2
266.381		263.075		3249		1		2
252.234		265.896		3546		2		2
244.607		263.524		3598		2		2
252.625		276.645		3298		1		2
276.529		282.29		2863		2		2
298.392		294.096		2842		2		2
326.288		308.366		2493		2		2
287.414		296.224		2892		2		2
267.52		341.132		2199		1		2
264.928		368.651		2074		1		2
279.459		359.351		1989		2		2
293.46		296.216		2875		2		2
305.711		332.341		2357		1		2
272.136		348.31		2135		1		2
292.824		353.979		1976		1		2
285.18		261.93		3266		2		2
245.451		258.224		3714		2		2
252.001		261.666		3595		2		2
332.549		314.634		2436		2		2
332.131		304.929		2528		2		2
Frame 107
290.336		296.283		2885		2		2
287.189		275.132		2986		2		2
284.548		257.972		3336		2		2
289.793		245.929		0		1		2
234.067		277.544		3367		2		2
255.797		263.106		3541		1		2
251.37		266.564		3536		2		2
243.98		260.234		3693		2		2
252.619		276.643		3300		1		2
276.52		282.277		2853		2		2
298.392		294.086		2845		2		2
326.027		308.338		2488		2		2
287.332		296.296		2908		2		2
269.244		333.171		2265		2		2
266.794		359.718		2064		1		2
278.184		358.118		1986		2		2
293.471		296.212		2872		2		2
305.724		332.354		2357		2		2
272.151		348.302		2111		1		2
292.839		353.977		1979		1		2
285.173		261.93		3266		2		2
248.501		258.001		3777		2		2
248.669		258.996		3777		2		2
333.104		314.499		2437		2		2
332.031		304.951		2533		2		2
Frame 108
289.858		295.732		2897		2		2
287.031		275.006		2987		2		2
284.541		257.971		3327		2		2
289.785		245.928		0		1		2
235.326		274.793		3430		2		2
261.233		262.274		3458		1		2
257.382		265.055		3502		1		2
246.468		262.555		3643		2		2
252.612		276.641		3303		1		2
276.504		282.261		2867		2		2
298.382		294.073		2841		2		2
326.226		308.37		2506		2		2
287.22		295.234		2901		2		2
269.244		333.171		2266		1		2
266.794		359.718		2064		1		2
278.734		358.115		1978		2		2
292.722		295.976		2881		2		2
305.688		331.631		2363		2		2
272.16		348.299		2117		1		2
292.851		353.979		1964		1		2
285.147		261.92		3262		2		2
248.334		258.667		3785		2		2
248.554		259.343		3775		2		2
332.646		314.284		2432		2		2
332.336		305.341		2523		2		2
Frame 109
289.665		295.577		2902		2		2
286.839		274.805		2991		2		2
284.467		257.826		3345		2		2
289.698		245.809		0		1		2
232.391		277.546		3405		2		2
261.236		262.278		3470		1		2
251.201		266.618		3545		2		2
243.095		263.2		3609		2		2
252.61		276.453		3310		1		2
276.27		282.081		2865		2		2
298.013		293.835		2837		2		2
326.126		308.446		2495		2		2
287.038		295.347		2912		2		2
269.259		332.791		2272		1		2
266.817		359.25		2049		1		2
278.121		358.039		1978		2		2
292.475		295.647		2884		2		2
305.49		330.961		2373		2		2
272.172		348.296		2113		1		2
292.868		353.985		1981		1		2
285.034		261.763		3277		2		2
245.717		258		3744		2		2
248.751		263.499		3577		2		2
332.336		314.133		2427		2		2
331.56		304.982		2531		2		2
Frame 110
289.636		295.537		2898		2		2
286.835		274.78		2989		2		2
284.506		257.787		3322		2		2
289.739		245.765		0		1		2
233.202		276.788		3409		2		2
262.388		261.255		3465		1		2
251.187		266.636		3543		2		2
243.497		263.049		3613		2		2
252.636		276.422		3300		1		2
276.336		282.049		2851		2		2
298.101		293.84		2841		2		2
326.139		308.234		2481		2		2
287.035		295.325		2916		2		2
269.332		332.781		2272		1		2
266.891		359.257		2065		1		2
278.163		358.039		1997		2		2
292.383		295.598		2882		2		2
305.574		330.463		2370		1		2
272.42		348.585		2115		1		2
293.171		354.336		1972		1		2
285.054		261.729		3265		2		2
245.559		258.889		3724		2		2
249.481		261.728		3658		2		2
332.903		314.599		2431		2		2
331.402		304.438		2535		2		2
Frame 111
289.669		296.015		2893		2		2
286.834		274.897		2997		2		2
284.504		257.791		3330		2		2
289.739		245.766		0		1		2
232.136		278.782		3377		2		2
261.659		263.145		3436		1		2
248.969		269.667		3506		1		2
245.105		265.163		3558		2		2
252.627		276.43		3305		1		2
276.372		282.039		2850		2		2
298.157		293.843		2844		2		2
326.136		308.28		2479		2		2
286.613		296.614		2908		2		2
269.337		332.816		2284		1		2
266.896		359.305		2058		1		2
277.9		358.119		1991		2		2
292.578		295.706		2888		2		2
305.637		330.753		2368		1		2
272.446		348.778		2114		1		2
293.224		354.567		1972		1		2
285.051		261.749		3266		2		2
243.256		260.25		3677		2		2
254.143		261.283		3572		2		2
332.644		314.287		2433		2		2
331.631		304.558		2535		2		2
Frame 112
289.511		295.385		2900		2		2
286.826		274.858		2987		2		2
284.536		257.849		3334		2		2
289.775		245.818		0		1		2
234.012		275.458		3432		2		2
259.498		261.151		3504		1		2
247.411		267.322		3537		1		2
241.214		262.197		3634		2		2
252.642		276.499		3302		1		2
276.438		282.085		2857		2		2
298.265		293.895		2843		2		2
326.149		308.429		2484		2		2
286.368		295.691		2906		2		2
269.389		332.968		2278		1		2
266.948		359.484		2058		1		2
278.043		358.098		1986		2		2
292.543		295.099		2895		2		2
305.227		329.694		2383		1		2
272.536		349.109		2099		1		2
281.75		356.776		1974		2		2
285.065		261.769		3263		2		2
245.006		258.002		3724		2		2
246.5		263		3580		2		2
333.376		314.624		2427		2		2
332.235		305.287		2533		2		2
Frame 113
289.575		295.485		2905		2		2
286.82		274.87		2994		2		2
284.469		257.876		3342		2		2
289.705		245.849		4980		1		2
234.203		275.438		3427		2		2
259.691		261.131		3520		1		2
249.464		267.498		3536		2		2
241.647		262.295		3639		2		2
252.582		276.521		3303		1		2
276.633		281.888		2879		2		2
298.304		293.746		2847		2		2
326.048		308.428		2497		2		2
286.442		295.715		2912		2		2
269.31		332.978		2281		1		2
266.866		359.485		2058		1		2
277.935		358.109		1987		2		2
292.617		295.334		2888		2		2
305.232		329.987		2384		1		2
272.461		349.14		2108		1		2
289.208		355.809		1978		2		2
285.022		261.794		3275		2		2
247.334		259.667		3751		2		2
246.271		262.716		3646		2		2
332.29		314.427		2435		2		2
330.854		304.015		2535		2		2
Frame 114
283.193		297.533		0		2		2
279.154		276.155		2947		2		2
275.875		258.792		3290		2		2
281.063		246.614		3739		1		2
234.221		275.457		3421		2		2
260.819		261.864		3489		1		2
250.415		266.759		3543		2		2
242.862		262.368		3631		2		2
243.507		277.714		3293		1		2
270.362		282.506		2828		2		2
294.384		293.93		2883		2		2
326.092		308.269		2493		2		2
281.229		297.464		2642		2		2
256.507		335.797		2355		1		2
253.463		362.94		2194		1		2
274.061		359.087		1996		2		2
285.179		297.603		2887		2		2
293.027		333.404		2332		1		2
258.375		352.783		2244		1		2
289.323		355.62		1984		2		2
276.636		262.819		3197		2		2
246.289		258.43		3737		2		2
250.751		261.999		0		2		2
333.002		314.624		2430		2		2
334.495		307.791		2522		2		2
Frame 115
291.542		296.913		2883		2		2
287.697		275.154		2984		2		2
284.598		257.609		3333		2		2
289.834		245.583		0		1		2
233.121		277.972		3391		2		2
260.96		262.035		3491		1		2
250.682		266.592		3541		2		2
243.39		262.693		3660		2		2
252.725		276.245		3307		1		2
276.289		282.382		2866		2		2
298.155		294.049		2840		2		2
326.011		308.282		2500		2		2
287.48		297.684		2899		2		2
269.559		332.556		2281		1		2
267.127		359.035		2050		1		2
277.829		358.057		1979		2		2
295.41		296.134		2870		2		2
306.081		332.917		2353		2		2
272.909		348.258		2120		1		2
280.864		356.289		1972		2		2
285.315		261.668		3267		2		2
245.228		258.001		3739		2		2
252		261		3605		2		2
332.505		314.499		2425		2		2
331.526		304.358		2540		2		2
Frame 116
289.489		295.76		2907		2		2
287.287		275.095		2990		2		2
284.572		257.721		3339		2		2
289.81		245.691		0		1		2
234.241		275.847		3419		2		2
260.915		262.209		3480		1		2
250.776		266.58		3543		2		2
242.702		262.769		3635		2		2
252.685		276.366		3300		1		2
276.306		282.423		2849		2		2
298.207		294.091		2832		2		2
326.285		308.278		2504		2		2
286.732		295.029		2909		2		2
269.511		332.767		2285		1		2
267.076		359.27		2051		1		2
278.925		357.903		1980		2		2
292.413		295.935		2887		2		2
306.277		331.154		2367		1		2
272.859		348.5		2115		1		2
261.653		369.863		2085		2		2
285.27		261.72		3271		2		2
245.226		257.888		3733		2		2
250.002		262.332		3596		2		2
332.732		314.284		2438		2		2
332.415		305.313		2526		2		2
Frame 117
289.503		295.758		2899		2		2
287.216		275.067		2988		2		2
284.578		257.744		3341		2		2
289.816		245.714		0		1		2
234.224		275.88		3413		2		2
260.98		262.175		3467		1		2
250.881		266.506		3549		1		2
242.891		262.533		3642		2		2
252.691		276.388		3298		1		2
276.119		283.137		2839		2		2
298.14		294.503		2827		2		2
326.127		308.088		2499		2		2
286.815		295.121		2911		2		2
269.52		332.796		2290		1		2
267.085		359.299		2046		1		2
278.931		357.979		1986		2		2
292.412		295.935		2875		2		2
296.301		331.76		2345		2		2
263.275		359.212		2101		1		2
263.547		385.644		2034		1		2
285.262		261.744		3272		2		2
246.367		258.328		3738		2		2
249.332		262.333		0		2		2
333.003		314.624		2431		2		2
332.297		305.207		2526		2		2
Frame 118
290.144		296.215		2894		2		2
287.234		275.09		2988		2		2
284.581		257.763		3341		2		2
289.819		245.734		0		1		2
234.216		275.878		3418		2		2
261.057		262.083		3443		1		2
250.87		266.522		3548		2		2
243.154		262.626		3619		2		2
252.695		276.407		3300		1		2
276.356		282.215		2864		2		2
298.229		293.956		2839		2		2
326.212		308.263		2494		2		2
287.318		296.652		2894		2		2
269.525		332.821		2276		1		2
267.09		359.324		2049		1		2
278.452		358.082		1978		2		2
293.098		296.163		2881		2		2
296.298		331.743		2352		2		2
263.276		359.188		2120		1		2
263.558		385.61		2035		1		2
285.263		261.762		3270		2		2
243		257		3748		2		2
249.131		261.149		3668		2		2
332.803		314.499		2431		2		2
332.584		305.195		2514		2		2
Frame 119
290.132		296.16		2887		2		2
287.236		275.087		2987		2		2
284.633		257.81		3338		2		2
289.873		245.78		0		1		2
236.977		276.737		3359		2		2
261.091		262.072		3458		1		2
250.841		266.524		3544		2		2
242.606		263.052		3610		2		2
252.742		276.458		3298		1		2
276.305		282.219		2860		1		2
298.244		293.977		2851		2		2
326.373		308.371		2487		2		2
287.395		296.064		2900		2		2
269.597		332.91		2272		1		2
267.165		359.422		2055		1		2
278.388		358.121		2000		2		2
293.069		296.158		2883		2		2
296.337		331.753		2352		1		2
263.318		359.201		2101		1		2
263.801		385.56		2031		1		2
285.283		261.786		3267		2		2
245.005		258		3758		2		2
248.335		263.664		3586		2		2
332.575		314.604		2440		2		2
331.194		304.196		2527		2		2
Frame 120
290.053		296.138		2889		2		2
287.181		275.056		2994		2		2
284.629		257.8		3332		2		2
289.868		245.77		0		1		2
231.214		279.501		3363		2		2
261.062		262.098		3477		1		2
250.791		266.564		3545		2		2
242.873		262.575		3638		2		2
252.737		276.448		3306		1		2
276.013		283.046		2847		2		2
298.132		294.469		2843		2		2
326.318		308.336		2496		2		2
287.224		296.167		2904		2		2
269.59		332.895		2287		1		2
267.158		359.407		2051		1		2
278.327		358.133		1986		2		2
292.963		296.038		2884		2		2
296.317		331.675		2351		1		2
263.299		359.109		2108		1		2
263.485		385.551		2033		1		2
285.269		261.774		3273		2		2
246.336		258.418		3746		2		2
248.117		263.719		3576		2		2
332.254		314.499		2441		2		2
332.227		305.165		2520		2		2
Frame 121
290.078		296.141		2894		2		2
287.164		275.053		2992		2		2
284.578		257.803		3338		2		2
289.816		245.773		0		1		2
234.303		275.374		3428		2		2
261.119		262.138		3449		1		2
250.906		266.517		3551		2		2
243.262		262.589		3644		2		2
252.688		276.449		3302		1		2
275.702		285.449		2796		2		2
297.969		295.843		2855		2		2
326.144		308.376		2501		2		2
286.971		296.281		2910		2		2
269.518		332.893		2277		1		2
267.083		359.403		2048		1		2
278.232		358.176		1992		2		2
293.164		296.001		2887		2		2
296.222		331.622		2350		1		2
263.194		359.041		2099		1		2
263.428		385.463		2022		1		2
285.22		261.777		3273		2		2
245.006		257.573		3738		2		2
249.189		263.51		3572		2		2
332.586		314.416		2434		2		2
331.464		304.283		2527		2		2
Frame 122
290.096		296.134		2891		2		2
287.163		275.053		2993		2		2
284.568		257.819		3336		2		2
289.807		245.789		0		1		2
234.308		275.376		3426		2		2
261.121		262.139		3458		1		2
250.893		266.635		3538		2		2
242.962		262.852		3642		2		2
252.677		276.467		3299		1		2
274.982		286.289		2777		2		2
297.61		296.342		2848		2		2
326.225		308.27		2493		2		2
287.025		296.241		2899		2		2
269.503		332.922		2283		1		2
267.066		359.435		2051		1		2
278.158		358.174		1985		2		2
293.173		296.014		2886		2		2
297.097		335.828		2317		2		2
263.858		364.23		2072		1		2
270.034		355.033		2058		2		2
285.21		261.79		3265		2		2
246.667		258.001		3737		2		2
248.913		263.104		3581		2		2
333.003		314.081		2435		2		2
332.046		304.953		2534		2		2
Frame 123
290.109		296.175		2899		2		2
287.162		275.064		2990		2		2
284.578		257.839		3342		2		2
289.816		245.811		0		1		2
234.285		275.383		3424		2		2
253.595		265.982		3537		1		2
239.339		272.775		3456		1		2
239.646		266.061		3525		2		2
252.694		276.482		3307		1		2
274.977		286.323		2778		2		2
297.593		296.35		2851		2		2
325.709		308.326		2487		2		2
286.997		296.301		2898		2		2
269.522		332.927		2273		1		2
267.087		359.431		2051		1		2
278.092		358.196		1985		2		2
293.224		296.061		2881		2		2
297.182		335.977		2320		1		2
263.96		364.401		2066		1		2
269.962		354.917		2064		2		2
285.212		261.811		3272		2		2
241.335		261.667		3645		2		2
248.571		264.285		3558		2		2
332.838		314.415		2433		2		2
331.549		304.508		2538		2		2
Frame 124
286.739		305.185		2747		2		2
284.882		284.687		2912		2		2
283.344		267.714		3173		2		2
288.889		255.066		3478		1		2
236.444		276.758		3359		2		2
259.357		275.838		3172		1		2
252.171		282.051		3147		1		2
249.19		272.078		3410		1		2
249.465		287.6		3082		1		2
279.399		293.089		2712		2		2
305.518		303.068		2783		2		2
326.392		307.515		2510		2		2
285.146		303.83		2791		2		2
266.28		354.527		2090		1		2
263.456		384.283		2061		1		2
281.634		357.755		1990		2		2
288.353		306.558		2719		2		2
296.276		345.174		2290		2		2
260.831		365.857		2097		1		2
270.39		355.601		2065		2		2
283.703		271.677		3073		2		2
254.002		270		3530		2		2
257.245		270.74		3511		2		2
333.716		314.57		2439		2		2
335.088		303.175		2564		2		2
Frame 125
289.184		295.252		2902		2		2
286.624		274.62		2990		2		2
284.538		257.79		3347		2		2
289.755		245.808		0		1		2
234.312		275.605		3421		2		2
255.631		275.624		3330		1		2
254.017		285.464		3102		1		2
249.024		271.328		3458		1		2
252.776		276.361		3301		1		2
278.354		280.046		2906		2		2
298.657		292.275		2846		2		2
326.341		308.112		2494		2		2
286.679		294.999		2915		2		2
269.547		332.44		2270		1		2
267.128		358.775		2054		1		2
277.428		358.049		1990		2		2
291.724		295.509		2892		2		2
295.298		334.8		2325		1		2
263.072		342.176		2202		1		2
267.796		359.317		2049		2		2
285.022		261.699		3274		2		2
251		271		3484		2		2
254.298		273.118		3410		1		2
332.169		314.416		2426		2		2
332.638		305.21		2527		2		2
Frame 126
291.019		296.601		2876		2		2
287.339		275.164		2992		2		2
284.688		257.961		3343		2		2
289.915		245.963		0		1		2
234.192		275.618		3426		2		2
255.529		275.632		3331		1		2
254.157		285.564		3109		1		2
249.025		271.328		3457		1		2
252.878		276.562		3305		1		2
277.907		280.554		2898		2		2
298.627		292.792		2842		2		2
326.325		308.361		2494		2		2
288.069		297.018		2881		2		2
269.732		332.852		2280		1		2
267.315		359.261		2053		1		2
277.711		358.133		1989		2		2
293.889		296.438		2873		2		2
294.197		336.357		2313		1		2
263.253		342.636		2209		1		2
268.061		359.743		2043		1		2
285.272		261.936		3284		2		2
251		271		3487		2		2
254.337		273.183		3404		1		2
332.859		314.309		2438		2		2
332.387		304.701		2536		2		2
Frame 127
290.984		296.769		2898		2		2
287.493		275.45		2980		2		2
284.901		258.237		3322		2		2
290.147		246.206		0		1		2
234.229		275.634		3424		2		2
255.59		275.638		3329		1		2
254.08		285.479		3108		1		2
250.002		271		3479		1		2
252.995		276.896		3302		1		2
275.068		286.888		2785		2		2
297.777		296.757		2851		2		2
325.835		308.443		2491		2		2
287.959		297.065		2888		2		2
269.975		333.582		2264		1		2
267.557		360.137		2049		1		2
278.154		358.333		1984		2		2
294.002		296.626		2868		2		2
294.658		336.099		2309		1		2
263.482		343.457		2194		1		2
268.378		360.614		2039		1		2
285.487		262.225		3254		2		2
251		271		3471		2		2
255.378		272.994		3486		1		2
332.002		313.947		2432		2		2
332.105		305.535		2532		2		2
Frame 128
290.684		296.648		2893		2		2
287.404		275.44		2977		2		2
284.834		258.25		3321		2		2
290.079		246.218		0		1		2
233.869		275.854		3422		2		2
255.506		275.708		3330		1		2
254.109		285.254		3104		1		2
249.015		271.395		3445		1		2
252.925		276.912		3307		1		2
275.047		286.908		2777		2		2
297.765		296.766		2852		2		2
326.105		308.212		2502		2		2
287.716		296.419		2905		2		2
269.876		333.611		2271		1		2
267.453		360.171		2044		1		2
278.167		358.286		1991		2		2
293.384		296.624		2873		2		2
306.069		332.11		2357		2		2
272.469		348.122		2115		1		2
278.13		365.979		2043		1		2
285.423		262.234		3255		2		2
251.075		270.975		3509		2		2
258.786		277.75		3210		1		2
332.848		314.306		2432		2		2
332.829		305.388		2526		2		2
