back
Frame 0
286.145		223.724		1786		2		1
284.292		161.654		1751		2		1
282.523		98.6986		1791		2		1
276.694		66.2805		1697		2		1
245.279		124.417		1798		2		1
235.759		179.6		1856		2		1
237.633		236.192		1805		2		1
242.252		255.576		1777		2		1
318.943		124.114		1803		2		1
333.03		179.084		1880		2		1
334.803		232.982		1823		2		1
331.863		252.3		1791		2		1
269.815		224.419		1807		2		1
269.101		299.66		1928		2		1
270.851		362.854		2019		2		1
271.987		385.057		1991		2		1
302.539		223.042		1801		2		1
308.318		300.529		1950		2		1
308.303		360.455		2048		2		1
314.438		381.607		2016		2		1
282.965		114.538		1794		2		1
246.755		272.596		1780		2		1
251.932		254.705		1797		2		1
330.716		269.545		1786		2		1
337.202		257.132		1781		2		1
Frame 1
286.151		223.732		1795		2		1
284.294		161.664		1752		2		1
282.518		98.7115		1791		2		1
276.826		66.2802		1698		2		1
245.281		124.409		1797		2		1
235.763		179.597		1852		2		1
237.679		236.298		1803		2		1
242.391		255.669		1778		2		1
318.973		124.141		1800		2		1
333.031		179.094		1876		2		1
334.612		233.504		1817		2		1
331.894		252.194		1792		2		1
269.823		224.429		1809		2		1
269.155		299.645		1926		2		1
270.876		362.869		2017		2		1
272.015		385.08		1988		2		1
302.544		223.047		1804		2		1
308.307		300.55		1957		2		1
308.31		360.466		2047		2		1
314.513		381.605		2013		2		1
282.962		114.55		1788		2		1
246.734		272.675		1773		2		1
252.268		254.446		1808		2		1
330.466		269.57		1785		2		1
337.109		256.986		1781		2		1
Frame 2
286.157		223.738		1788		2		1
284.306		161.673		1752		2		1
282.537		98.7179		1791		2		1
277.088		66.2537		1695		2		1
245.319		124.412		1800		2		1
235.773		179.604		1856		2		1
237.683		236.278		1799		2		1
242.292		255.59		1773		2		1
319.002		124.161		1804		2		1
333.009		179.084		1876		2		1
334.646		233.273		1822		2		1
331.696		252.07		1792		2		1
269.826		224.435		1810		2		1
269.167		300.61		1930		2		1
270.907		363.331		2012		2		1
271.134		385.162		1989		2		1
302.551		223.054		1805		2		1
308.308		300.551		1957		2		1
308.32		360.483		2049		2		1
314.514		381.63		2004		2		1
282.979		114.558		1789		2		1
246.9		272.668		1773		2		1
251.859		254.607		1798		2		1
330.466		269.571		1785		2		1
336.701		256.467		1783		2		1
Frame 3
286.157		223.738		1785		2		1
284.306		161.672		1753		2		1
282.536		98.7151		1788		2		1
277.39		66.1922		1688		2		1
245.32		124.401		1801		2		1
235.774		179.654		1858		2		1
237.687		236.268		1806		2		1
242.454		255.738		1775		2		1
319.029		124.178		1804		2		1
332.97		179.157		1882		2		1
334.681		233.098		1821		2		1
331.88		252.199		1796		2		1
269.827		224.437		1809		2		1
269.173		300.217		1928		2		1
270.896		363.329		2015		2		1
272.055		385.56		1984		2		1
302.551		223.052		1806		2		1
308.311		300.551		1954		2		1
308.381		360.383		2054		2		1
314.328		381.585		2015		2		1
282.978		114.555		1790		2		1
246.756		272.723		1777		2		1
252.306		254.626		1810		2		1
330.465		269.571		1783		2		1
339		257.989		1785		2		1
Frame 4
286.157		223.729		1782		2		1
284.292		161.661		1751		2		1
282.5		98.7005		1791		2		1
277.711		66.1517		1673		2		1
245.325		124.391		1797		2		1
235.785		179.668		1853		2		1
237.692		236.268		1801		2		1
242.445		255.644		1780		2		1
319.072		124.209		1801		2		1
332.954		179.153		1883		2		1
334.685		233.01		1813		2		1
331.679		251.771		1795		2		1
269.82		224.428		1807		2		1
269.184		300.117		1930		2		1
270.876		363.269		2020		2		1
272.029		385.503		1991		2		1
302.558		223.045		1804		2		1
308.316		300.557		1956		2		1
308.353		360.432		2053		2		1
314.206		381.666		2020		2		1
282.949		114.542		1788		2		1
246.462		272.638		1774		2		1
251.206		252.195		1822		2		1
330.356		269.536		1786		2		1
336.322		257.462		1779		2		1
Frame 5
286.163		223.736		1787		2		1
284.288		161.662		1753		2		1
282.474		98.6944		1792		2		1
278.07		66.1494		1676		2		1
245.331		124.392		1797		2		1
235.808		179.714		1854		2		1
237.702		236.268		1807		2		1
242.503		255.741		1778		2		1
319.11		124.223		1806		2		1
332.907		179.213		1885		2		1
334.632		233.161		1818		2		1
331.783		252.18		1791		2		1
269.829		224.432		1809		2		1
269.207		300.125		1929		2		1
270.88		363.306		2021		2		1
272.041		385.543		1984		2		1
302.564		223.056		1802		2		1
308.317		300.535		1953		2		1
308.358		360.444		2050		2		1
314.264		381.658		2010		2		1
282.931		114.539		1791		2		1
246.897		272.667		1776		2		1
250.653		251.75		1814		2		1
330.356		269.536		1787		2		1
336.706		257.251		1781		2		1
Frame 6
286.172		223.734		1792		2		1
284.267		161.654		1752		2		1
282.384		98.6744		1789		2		1
278.46		66.1019		1695		2		1
245.339		124.379		1795		2		1
235.819		179.709		1853		2		1
237.726		236.197		1804		2		1
242.563		255.489		1777		2		1
319.135		124.225		1801		2		1
332.901		179.234		1881		2		1
334.622		232.946		1824		2		1
331.643		251.79		1792		2		1
269.841		224.426		1809		2		1
269.23		300.124		1923		2		1
270.886		363.303		2015		2		1
272.052		385.542		1992		2		1
302.569		223.056		1807		2		1
308.323		300.568		1954		2		1
308.371		360.507		2043		2		1
314.26		381.736		2009		2		1
282.863		114.522		1788		2		1
246.893		272.668		1774		2		1
250.916		251.889		1815		2		1
330.49		269.5		1781		2		1
337.031		257.408		1782		2		1
Frame 7
286.179		223.733		1790		2		1
284.231		161.639		1751		2		1
282.254		98.6252		1789		2		1
278.833		66.0314		1699		2		1
245.343		124.367		1794		2		1
235.816		179.725		1854		2		1
237.735		236.194		1803		2		1
242.695		255.641		1779		2		1
319.207		124.256		1801		2		1
332.89		179.247		1882		2		1
334.573		233.073		1823		2		1
331.706		251.725		1792		2		1
269.847		224.421		1807		2		1
269.213		300.134		1931		2		1
270.929		363.186		2015		2		1
272.106		385.432		1991		2		1
302.573		223.056		1799		2		1
308.321		300.569		1958		2		1
308.355		360.502		2050		2		1
314.394		381.691		2014		2		1
282.761		114.483		1786		2		1
247.064		272.685		1778		2		1
249.887		249.275		1818		2		1
330.359		269.538		1782		2		1
336.371		256.448		1776		2		1
Frame 8
286.188		223.729		1793		2		1
284.186		161.614		1751		2		1
282.044		98.5452		1790		2		1
279.196		65.9291		1694		2		1
245.336		124.365		1794		2		1
235.825		179.74		1854		2		1
237.778		236.01		1802		2		1
242.664		255.151		1780		2		1
319.24		124.283		1804		2		1
332.864		179.223		1878		2		1
334.524		233.184		1818		2		1
331.811		252.059		1789		2		1
269.859		224.411		1810		2		1
269.11		299.743		1920		2		1
270.919		363.132		2017		2		1
272.107		385.374		1993		2		1
302.58		223.056		1799		2		1
308.328		300.583		1955		2		1
308.392		360.521		2049		2		1
314.401		381.723		2012		2		1
282.602		114.418		1787		2		1
246.628		271.763		1782		2		1
251.354		252.976		1815		2		1
330.358		269.536		1779		2		1
337.362		256.865		1780		2		1
Frame 9
286.196		223.731		1786		2		1
284.146		161.588		1749		2		1
281.901		98.4526		1789		2		1
279.721		65.8		1697		2		1
245.345		124.345		1792		2		1
235.837		179.728		1856		2		1
237.795		235.916		1811		2		1
242.62		254.996		1785		2		1
319.304		124.33		1801		2		1
332.857		179.199		1883		2		1
334.535		232.927		1820		2		1
331.773		251.977		1791		2		1
269.869		224.408		1807		2		1
269.114		299.817		1924		2		1
270.937		363.148		2015		2		1
272.149		385.394		1993		2		1
302.585		223.06		1802		2		1
308.336		300.7		1954		2		1
308.424		360.593		2051		2		1
314.341		381.815		2014		2		1
282.487		114.345		1788		2		1
246.626		271.763		1778		2		1
251.939		253.594		1805		2		1
330.342		269.559		1776		2		1
336.433		255.49		1779		2		1
Frame 10
286.212		223.729		1789		2		1
284.123		161.565		1753		2		1
281.801		98.3852		1792		2		1
280.295		65.6402		1697		2		1
245.357		124.328		1793		2		1
235.847		179.721		1855		2		1
237.824		235.949		1812		2		1
242.69		254.864		1785		2		1
319.356		124.37		1804		2		1
332.85		179.207		1883		2		1
334.535		232.948		1820		2		1
332.032		252.259		1784		2		1
269.893		224.403		1807		2		1
269.167		299.739		1926		2		1
270.94		363.119		2023		2		1
272.174		385.36		1992		2		1
302.598		223.059		1805		2		1
308.337		300.7		1952		2		1
308.328		360.531		2050		2		1
314.444		381.708		2011		2		1
282.407		114.288		1791		2		1
246.627		271.764		1784		2		1
251.073		252.144		1818		2		1
330.597		269.536		1780		2		1
337.635		256.23		1773		2		1
Frame 11
286.229		223.724		1789		2		1
284.101		161.54		1750		2		1
281.707		98.3149		1790		2		1
280.807		65.4599		1697		2		1
245.371		124.286		1794		2		1
235.852		179.72		1856		2		1
237.862		235.896		1813		2		1
242.622		254.646		1783		2		1
319.428		124.41		1803		2		1
332.831		179.21		1882		2		1
334.502		233.015		1819		2		1
332.218		252.196		1784		2		1
269.919		224.383		1811		2		1
269.205		299.918		1924		2		1
270.924		363.135		2015		2		1
272.185		385.38		1986		2		1
302.617		223.064		1801		2		1
308.336		300.7		1957		2		1
308.348		360.551		2049		2		1
314.527		381.712		2016		2		1
282.332		114.23		1787		2		1
246.792		271.757		1784		2		1
251.342		252.397		1817		2		1
330.488		269.5		1779		2		1
339.25		255.591		1784		2		1
Frame 12
286.257		223.71		1786		2		1
284.061		161.502		1750		2		1
281.539		98.2294		1789		2		1
281.196		65.2872		1697		2		1
245.388		124.264		1791		2		1
235.844		179.712		1855		2		1
237.875		235.864		1809		2		1
242.542		255.015		1781		2		1
319.471		124.413		1802		2		1
332.816		179.234		1885		2		1
334.532		233.035		1814		2		1
332.34		252.278		1787		2		1
269.958		224.363		1808		2		1
269.204		299.75		1923		2		1
270.852		362.463		2014		2		1
272.131		384.688		1996		2		1
302.638		223.051		1805		2		1
308.332		300.716		1950		2		1
308.221		360.535		2046		2		1
314.622		381.642		2005		2		1
282.199		114.156		1788		2		1
246.625		271.783		1784		2		1
251.284		252.647		1815		2		1
330.851		269.513		1779		2		1
340.067		256.517		1786		2		1
Frame 13
286.267		223.704		1789		2		1
284.025		161.459		1750		2		1
281.435		98.1359		1793		2		1
281.601		65.1637		1699		2		1
245.409		124.227		1791		2		1
235.833		179.713		1853		2		1
237.889		235.871		1810		2		1
242.566		254.976		1785		2		1
319.538		124.448		1808		2		1
332.802		179.273		1885		2		1
334.581		233.093		1817		2		1
332.602		252.456		1787		2		1
269.968		224.352		1803		2		1
269.246		299.976		1922		2		1
270.858		362.512		2010		2		1
272.159		384.734		1994		2		1
302.65		223.048		1809		2		1
308.325		300.725		1955		2		1
308.121		360.331		2045		2		1
314.777		381.363		2017		2		1
282.111		114.074		1791		2		1
246.625		271.764		1781		2		1
251.27		252.641		1815		2		1
331.012		269.436		1775		2		1
340		257.193		1783		2		1
Frame 14
286.277		223.698		1793		2		1
284.011		161.44		1750		2		1
281.407		98.1079		1794		2		1
281.911		65.1035		1698		2		1
245.462		124.167		1792		2		1
235.831		179.713		1854		2		1
237.894		235.879		1806		2		1
242.478		254.987		1784		2		1
319.574		124.441		1805		2		1
332.799		179.28		1887		2		1
334.674		232.942		1816		2		1
332.514		252.406		1785		2		1
269.978		224.349		1808		2		1
269.245		299.979		1924		2		1
270.88		362.671		2020		2		1
272.218		384.902		1991		2		1
302.661		223.033		1808		2		1
308.321		300.729		1960		2		1
308.07		360.278		2050		2		1
314.817		381.294		2011		2		1
282.085		114.047		1787		2		1
246.63		271.763		1780		2		1
251.044		252.141		1819		2		1
330.876		269.445		1779		2		1
339.275		256.569		1780		2		1
Frame 15
286.283		223.695		1787		2		1
283.992		161.421		1749		2		1
281.365		98.0727		1789		2		1
282.23		65.0214		1697		2		1
245.518		124.105		1789		2		1
235.786		179.682		1853		2		1
237.886		235.919		1808		2		1
242.506		254.975		1781		2		1
319.634		124.454		1803		2		1
332.798		179.29		1886		2		1
334.756		232.936		1821		2		1
332.773		252.506		1787		2		1
269.992		224.335		1805		2		1
269.242		300.111		1929		2		1
270.877		362.673		2016		2		1
272.251		384.908		1990		2		1
302.668		223.036		1803		2		1
308.314		300.723		1952		2		1
308.095		360.312		2050		2		1
314.82		381.334		2010		2		1
282.047		114.016		1788		2		1
246.633		271.763		1777		2		1
252.571		255.421		1797		2		1
330.991		269.5		1778		2		1
339.775		257.499		1773		2		1
Frame 16
286.306		223.693		1795		2		1
283.984		161.408		1750		2		1
281.332		98.0396		1792		2		1
282.503		64.9862		1697		2		1
245.574		124.075		1791		2		1
235.733		179.653		1857		2		1
237.843		235.959		1805		2		1
242.232		255.168		1778		2		1
319.712		124.483		1806		2		1
332.791		179.289		1886		2		1
334.779		232.994		1823		2		1
332.882		252.564		1788		2		1
270.022		224.327		1803		2		1
269.237		300.115		1927		2		1
270.88		362.177		2012		2		1
272.3		384.402		1993		2		1
302.701		223.039		1803		2		1
308.305		300.746		1951		2		1
308.1		360.361		2045		2		1
314.823		381.392		2018		2		1
282.019		113.988		1791		2		1
246.631		271.764		1777		2		1
251.278		252.944		1818		2		1
330.85		269.514		1784		2		1
338.855		256.894		1776		2		1
Frame 17
286.31		223.691		1782		2		1
283.961		161.38		1748		2		1
281.285		97.9784		1785		2		1
282.713		64.9605		1701		2		1
245.617		123.973		1791		2		1
235.671		179.649		1850		2		1
237.9		236.548		1804		2		1
242.524		255.867		1775		2		1
319.75		124.504		1803		2		1
332.794		179.327		1887		2		1
334.802		233.044		1820		2		1
332.778		252.484		1787		2		1
270.032		224.319		1802		2		1
269.203		300.398		1926		2		1
270.882		362.583		2012		2		1
272.339		384.831		1989		2		1
302.705		223.038		1802		2		1
308.294		300.747		1953		2		1
308.179		360.395		2048		2		1
314.807		381.46		2017		2		1
281.977		113.935		1790		2		1
247.208		272.668		1769		2		1
251.936		253.935		1808		2		1
331.265		269.456		1778		2		1
339.473		256.344		1779		2		1
Frame 18
286.328		223.683		1785		2		1
283.939		161.344		1751		2		1
281.212		97.9015		1792		2		1
282.932		64.9144		1704		2		1
245.636		123.946		1791		2		1
235.594		179.628		1853		2		1
237.851		236.541		1799		2		1
242.222		255.819		1771		2		1
319.795		124.527		1806		2		1
332.788		179.325		1888		2		1
334.842		233.025		1819		2		1
332.881		252.56		1789		2		1
270.05		224.306		1808		2		1
269.183		300.429		1932		2		1
270.886		362.687		2011		2		1
270.865		384.653		1984		2		1
302.726		223.037		1803		2		1
308.279		300.755		1957		2		1
308.208		360.399		2046		2		1
314.718		381.496		2021		2		1
281.916		113.868		1794		2		1
246.902		272.706		1772		2		1
251.293		253.378		1809		2		1
331.135		269.489		1782		2		1
340.001		256.451		1787		2		1
Frame 19
286.337		223.677		1789		2		1
283.925		161.325		1748		2		1
281.196		97.8747		1789		2		1
283.085		64.8762		1704		2		1
245.68		123.903		1792		2		1
235.538		179.678		1854		2		1
237.772		236.574		1796		2		1
241.983		255.646		1773		2		1
319.845		124.548		1806		2		1
332.788		179.319		1886		2		1
334.891		232.94		1825		2		1
332.806		252.623		1787		2		1
270.058		224.298		1809		2		1
268.965		300.216		1930		2		1
270.872		362.716		2015		2		1
270.9		384.681		1994		2		1
302.723		223.04		1804		2		1
308.244		300.777		1956		2		1
308.227		360.472		2048		2		1
314.748		381.57		2009		2		1
281.899		113.843		1791		2		1
246.636		272.764		1770		2		1
250.601		252.974		1804		2		1
330.99		269.502		1787		2		1
339.553		256.958		1782		2		1
Frame 20
286.356		223.681		1792		2		1
283.922		161.312		1751		2		1
281.191		97.8432		1789		2		1
283.219		64.8418		1703		2		1
245.752		123.854		1796		2		1
235.463		179.662		1855		2		1
237.654		236.483		1798		2		1
242.019		255.791		1768		2		1
319.913		124.58		1805		2		1
332.784		179.328		1886		2		1
334.913		232.878		1826		2		1
332.587		252.242		1792		2		1
270.073		224.296		1807		2		1
268.972		300.72		1926		2		1
270.892		362.924		2016		2		1
270.803		384.927		1989		2		1
302.736		223.062		1806		2		1
308.236		300.761		1957		2		1
308.218		360.504		2049		2		1
314.817		381.576		2004		2		1
281.894		113.817		1793		2		1
246.76		272.722		1771		2		1
249.704		250.732		1815		2		1
331.265		269.456		1780		2		1
340.125		255.854		1790		2		1
Frame 21
286.369		223.662		1789		2		1
283.906		161.277		1751		2		1
281.158		97.8107		1791		2		1
283.313		64.8111		1701		2		1
245.77		123.821		1793		2		1
235.408		179.604		1858		2		1
237.573		236.508		1794		2		1
241.845		256.15		1768		2		1
319.934		124.587		1806		2		1
332.794		179.333		1890		2		1
334.947		232.744		1823		2		1
332.78		251.96		1793		2		1
270.084		224.281		1808		2		1
268.991		300.699		1922		2		1
270.889		362.946		2018		2		1
270.841		384.92		1991		2		1
302.749		223.035		1806		2		1
308.223		300.749		1952		2		1
308.113		360.51		2049		2		1
314.877		381.534		2014		2		1
281.864		113.783		1792		2		1
246.875		273.563		1772		2		1
250.641		252.451		1810		2		1
331.464		268.571		1783		2		1
339.959		257.113		1782		2		1
Frame 22
286.389		223.657		1788		2		1
283.902		161.267		1750		2		1
281.141		97.8011		1796		2		1
283.384		64.8229		1704		2		1
245.824		123.776		1793		2		1
235.34		179.604		1854		2		1
237.495		236.496		1794		2		1
241.793		256.132		1767		2		1
319.954		124.609		1805		2		1
332.803		179.367		1887		2		1
334.894		232.927		1827		2		1
332.702		252.479		1788		2		1
270.102		224.263		1805		2		1
269.033		300.489		1931		2		1
270.876		362.329		2009		2		1
271.079		384.271		1989		2		1
302.777		223.043		1809		2		1
308.219		300.755		1954		2		1
308.104		360.523		2051		2		1
314.792		381.567		2011		2		1
281.849		113.772		1792		2		1
246.714		273.573		1770		2		1
249.63		252.072		1794		2		1
330.991		269.487		1786		2		1
339.704		257.353		1782		2		1
Frame 23
286.397		223.653		1791		2		1
283.9		161.255		1748		2		1
281.139		97.7872		1792		2		1
283.419		64.8346		1703		2		1
245.843		123.767		1794		2		1
235.278		179.612		1853		2		1
237.449		236.5		1791		2		1
241.731		256.044		1767		2		1
319.972		124.621		1805		2		1
332.781		179.368		1887		2		1
334.905		232.868		1826		2		1
332.548		252.301		1791		2		1
270.108		224.257		1810		2		1
269.057		300.381		1932		2		1
270.88		362.331		2015		2		1
271.001		384.29		1992		2		1
302.784		223.042		1803		2		1
308.211		300.747		1956		2		1
308.043		360.518		2045		2		1
314.747		381.559		2014		2		1
281.847		113.758		1794		2		1
247		273.501		1767		2		1
250.449		253.016		1797		2		1
330.77		269.451		1785		2		1
339.487		256.137		1783		2		1
Frame 24
286.407		223.643		1796		2		1
283.902		161.239		1752		2		1
281.155		97.7856		1793		2		1
283.45		64.8519		1708		2		1
245.875		123.714		1795		2		1
235.204		179.566		1856		2		1
237.313		236.409		1788		2		1
241.822		256.212		1766		2		1
319.993		124.636		1809		2		1
332.783		179.368		1889		2		1
334.922		232.81		1826		2		1
332.487		252.192		1789		2		1
270.114		224.24		1809		2		1
269.051		300.415		1934		2		1
270.878		362.448		2010		2		1
271.175		384.431		1991		2		1
302.796		223.041		1805		2		1
308.205		300.743		1962		2		1
308.086		360.546		2056		2		1
314.698		381.62		2016		2		1
281.857		113.751		1790		2		1
247		273.501		1774		2		1
249.52		255.205		1783		2		1
331.357		268.537		1782		2		1
339.833		258.497		1779		2		1
Frame 25
286.413		223.634		1790		2		1
283.905		161.232		1749		2		1
281.17		97.7891		1791		2		1
283.477		64.8817		1704		2		1
245.898		123.687		1791		2		1
235.191		179.548		1853		2		1
237.287		236.491		1791		2		1
241.791		256.029		1765		2		1
320.037		124.651		1809		2		1
332.783		179.372		1890		2		1
334.85		232.924		1825		2		1
332.29		252.18		1787		2		1
270.119		224.231		1805		2		1
269.098		300.465		1921		2		1
270.867		362.633		2010		2		1
272.473		384.875		1989		2		1
302.8		223.034		1807		2		1
308.173		300.707		1956		2		1
308.114		360.568		2055		2		1
314.531		381.706		2014		2		1
281.868		113.751		1791		2		1
247.025		273.552		1772		2		1
249.28		250.756		1821		2		1
330.546		269.426		1779		2		1
339.2		257.676		1786		2		1
Frame 26
286.417		223.625		1787		2		1
283.895		161.221		1752		2		1
281.16		97.7952		1792		2		1
283.494		64.9091		1706		2		1
245.916		123.671		1795		2		1
235.163		179.528		1856		2		1
237.243		236.476		1790		2		1
241.708		256.221		1766		2		1
320.074		124.652		1807		2		1
332.772		179.372		1888		2		1
334.847		232.819		1820		2		1
332.498		251.989		1788		2		1
270.121		224.222		1811		2		1
268.815		299.886		1926		2		1
270.93		362.039		2009		2		1
272.558		384.261		1994		2		1
302.802		223.027		1811		2		1
308.153		300.677		1960		2		1
308.138		360.642		2050		2		1
314.536		381.796		2012		2		1
281.857		113.752		1793		2		1
247.001		273.501		1771		2		1
249.626		251.892		1806		2		1
331.062		268.585		1782		2		1
338.926		257.572		1778		2		1
Frame 27
286.423		223.597		1788		2		1
283.881		161.205		1753		2		1
281.149		97.8006		1793		2		1
283.504		64.9282		1704		2		1
245.92		123.653		1792		2		1
235.155		179.506		1856		2		1
237.236		236.479		1791		2		1
241.852		256.198		1768		2		1
320.12		124.677		1808		2		1
332.767		179.369		1889		2		1
334.828		232.717		1824		2		1
332.366		251.829		1794		2		1
270.127		224.198		1812		2		1
268.73		299.473		1929		2		1
270.942		361.866		2013		2		1
272.592		384.075		2003		2		1
302.795		222.998		1809		2		1
308.15		300.672		1952		2		1
308.101		360.592		2052		2		1
314.566		381.731		2011		2		1
281.844		113.752		1795		2		1
246.999		273.502		1772		2		1
250.035		255.749		1787		2		1
330.849		268.534		1786		2		1
338.999		257.466		1778		2		1
Frame 28
286.444		223.581		1791		2		1
283.887		161.195		1752		2		1
281.156		97.8012		1795		2		1
283.516		64.9503		1700		2		1
245.935		123.632		1793		2		1
235.101		179.476		1858		2		1
237.226		236.483		1792		2		1
241.918		256.245		1768		2		1
320.134		124.694		1810		2		1
332.757		179.355		1887		2		1
334.799		232.632		1823		2		1
332.339		251.796		1790		2		1
270.145		224.183		1813		2		1
268.667		299.222		1919		2		1
270.94		361.89		2001		2		1
272.602		384.101		1995		2		1
302.812		222.983		1809		2		1
308.145		300.671		1961		2		1
308.083		360.642		2047		2		1
314.698		381.732		2013		2		1
281.85		113.751		1795		2		1
246.873		273.563		1774		2		1
249.822		254.313		1789		2		1
331.092		268.609		1781		2		1
338.992		257.246		1778		2		1
Frame 29
286.425		223.553		1805		2		1
283.878		161.186		1752		2		1
281.175		97.8205		1793		2		1
283.532		64.9834		1701		2		1
245.952		123.608		1797		2		1
235.098		179.478		1857		2		1
237.22		236.481		1791		2		1
241.847		256.163		1770		2		1
320.169		124.719		1809		2		1
332.742		179.371		1889		2		1
334.793		232.549		1825		2		1
332.477		251.736		1789		2		1
270.139		224.156		1813		2		1
268.542		298.759		1923		2		1
270.923		361.4		2021		2		1
272.593		383.598		2001		2		1
302.77		222.957		1811		2		1
308.136		300.656		1955		2		1
308.165		360.72		2057		2		1
314.666		381.855		2017		2		1
281.861		113.763		1794		2		1
247.163		273.291		1780		2		1
249.809		254.054		1789		2		1
331.216		268.55		1783		2		1
337.603		256.894		1780		2		1
Frame 30
286.42		223.545		1798		2		1
283.885		161.189		1752		2		1
281.211		97.8392		1794		2		1
283.551		65.0556		1703		2		1
245.97		123.596		1796		2		1
235.095		179.48		1860		2		1
237.212		236.472		1792		2		1
242.026		256.046		1769		2		1
320.22		124.732		1808		2		1
332.742		179.372		1889		2		1
334.774		232.416		1823		2		1
332.255		251.23		1792		2		1
270.142		224.143		1813		2		1
268.609		298.985		1924		2		1
270.914		361.435		2013		2		1
272.599		383.636		1998		2		1
302.749		222.956		1809		2		1
308.122		300.603		1956		2		1
308.161		360.716		2055		2		1
314.668		381.852		2012		2		1
281.888		113.777		1794		2		1
247.248		273.452		1777		2		1
250.216		252.332		1811		2		1
331.216		268.549		1784		2		1
337.681		256.172		1778		2		1
Frame 31
286.416		223.534		1787		2		1
283.875		161.184		1752		2		1
281.208		97.8458		1788		2		1
283.557		65.1135		1698		2		1
245.979		123.59		1794		2		1
235.098		179.48		1853		2		1
237.202		236.422		1797		2		1
242.073		256.161		1770		2		1
320.222		124.734		1803		2		1
332.736		179.39		1887		2		1
334.765		232.394		1820		2		1
332.394		251.565		1793		2		1
270.138		224.138		1810		2		1
268.647		299		1921		2		1
270.883		361.582		2013		2		1
272.567		383.797		1995		2		1
302.741		222.938		1810		2		1
308.113		300.6		1955		2		1
308.132		360.798		2047		2		1
314.715		381.911		2010		2		1
281.883		113.781		1791		2		1
247.137		273.268		1783		2		1
249.992		251.479		1804		2		1
330.85		268.535		1786		2		1
337.71		256.934		1782		2		1
Frame 32
286.416		223.539		1799		2		1
283.891		161.203		1752		2		1
281.264		97.8924		1795		2		1
283.555		65.1714		1701		2		1
246.001		123.573		1798		2		1
235.089		179.458		1859		2		1
237.211		236.465		1798		2		1
242.19		256.14		1774		2		1
320.238		124.743		1808		2		1
332.732		179.402		1888		2		1
334.707		232.564		1826		2		1
332.29		251.535		1796		2		1
270.141		224.134		1814		2		1
268.731		298.932		1920		2		1
270.895		361.992		2015		2		1
272.577		384.221		1997		2		1
302.735		222.952		1810		2		1
308.088		300.624		1960		2		1
308.168		360.832		2059		2		1
314.566		381.999		2013		2		1
281.926		113.819		1794		2		1
247.187		273.261		1779		2		1
250.174		255.454		1793		2		1
331.063		268.587		1784		2		1
337.613		257.462		1781		2		1
Frame 33
286.41		223.546		1797		2		1
283.899		161.218		1753		2		1
281.306		97.9298		1796		2		1
283.512		65.2612		1691		2		1
246.017		123.554		1797		2		1
235.072		179.444		1858		2		1
237.201		236.43		1793		2		1
242.155		255.908		1775		2		1
320.248		124.772		1809		2		1
332.732		179.383		1887		2		1
334.706		232.569		1822		2		1
332.455		251.896		1791		2		1
270.136		224.136		1816		2		1
268.717		298.933		1922		2		1
270.854		362.267		2008		2		1
271.623		384.128		1993		2		1
302.727		222.963		1810		2		1
308.088		300.616		1961		2		1
308.18		360.852		2044		2		1
314.61		382.012		2010		2		1
281.957		113.85		1795		2		1
247.863		273.225		1777		2		1
249.125		249.916		1829		2		1
331.063		268.586		1784		2		1
338.16		257.41		1783		2		1
Frame 34
286.388		223.55		1793		2		1
283.9		161.25		1754		2		1
281.354		98.0096		1797		2		1
283.463		65.3801		1680		2		1
246.041		123.54		1796		2		1
235.074		179.457		1860		2		1
237.189		236.417		1799		2		1
242.112		256.038		1776		2		1
320.248		124.779		1810		2		1
332.715		179.39		1889		2		1
334.709		232.526		1819		2		1
332.444		251.647		1794		2		1
270.122		224.136		1810		2		1
268.734		299.126		1927		2		1
270.857		362.147		2019		2		1
271.463		384.034		1987		2		1
302.694		222.973		1806		2		1
308.089		300.61		1960		2		1
308.154		360.84		2044		2		1
314.633		382		2009		2		1
281.991		113.916		1794		2		1
247.196		273.25		1783		2		1
250.518		255.328		1794		2		1
331.219		268.55		1784		2		1
338.239		257.002		1781		2		1
Frame 35
286.382		223.541		1797		2		1
283.906		161.263		1754		2		1
281.393		98.0737		1796		2		1
283.392		65.5062		1677		2		1
246.059		123.509		1798		2		1
235.088		179.51		1858		2		1
237.222		236.43		1797		2		1
242.217		255.98		1776		2		1
320.259		124.805		1807		2		1
332.711		179.413		1890		2		1
334.722		232.514		1828		2		1
332.326		251.765		1796		2		1
270.115		224.13		1816		2		1
268.809		299.37		1927		2		1
270.881		362.365		2018		2		1
271.412		384.292		1991		2		1
302.688		222.961		1813		2		1
308.097		300.561		1961		2		1
308.193		360.761		2053		2		1
314.636		381.93		2012		2		1
282.02		113.964		1797		2		1
247.279		273.191		1786		2		1
250.236		252.409		1812		2		1
331.062		268.586		1785		2		1
338.17		256.98		1787		2		1
Frame 36
286.379		223.532		1802		2		1
283.931		161.291		1757		2		1
281.492		98.1877		1798		2		1
283.292		65.6725		1681		2		1
246.085		123.51		1800		2		1
235.092		179.499		1860		2		1
237.243		236.393		1799		2		1
242.156		255.908		1777		2		1
320.269		124.811		1810		2		1
332.701		179.418		1889		2		1
334.731		232.434		1821		2		1
332.324		251.512		1793		2		1
270.107		224.112		1810		2		1
268.821		299.361		1924		2		1
270.874		362.342		2013		2		1
271.267		384.305		1995		2		1
302.687		222.958		1812		2		1
308.102		300.566		1960		2		1
308.233		360.769		2043		2		1
314.607		381.964		2010		2		1
282.096		114.052		1791		2		1
247.375		273.127		1788		2		1
250.003		254.813		1797		2		1
331.221		268.551		1784		2		1
338.228		257.118		1784		2		1
Frame 37
286.387		223.508		1793		2		1
283.961		161.347		1759		2		1
281.557		98.3409		1801		2		1
283.203		65.8128		1684		2		1
246.105		123.485		1805		2		1
235.18		179.485		1864		2		1
237.25		236.394		1799		2		1
242.038		255.693		1781		2		1
320.261		124.833		1812		2		1
332.702		179.375		1893		2		1
334.724		232.349		1828		2		1
332.218		251.52		1797		2		1
270.119		224.09		1817		2		1
268.904		299.804		1926		2		1
270.919		362.734		2018		2		1
271.249		384.731		1992		2		1
302.686		222.934		1813		2		1
308.109		300.548		1959		2		1
308.25		360.775		2047		2		1
314.561		381.996		2010		2		1
282.152		114.18		1793		2		1
246.896		272.602		1785		2		1
250.583		252.574		1814		2		1
331.091		268.579		1784		2		1
338.86		257.758		1786		2		1
Frame 38
286.387		223.501		1800		2		1
283.976		161.391		1759		2		1
281.603		98.4724		1795		2		1
283.089		66.0073		1679		2		1
246.123		123.47		1802		2		1
235.232		179.464		1862		2		1
237.273		236.409		1795		2		1
242.101		255.681		1780		2		1
320.263		124.852		1808		2		1
332.695		179.336		1892		2		1
334.734		232.268		1830		2		1
332.062		251.396		1795		2		1
270.118		224.074		1820		2		1
268.973		300.137		1931		2		1
270.915		362.732		2013		2		1
271.041		384.8		1985		2		1
302.687		222.933		1812		2		1
308.118		300.54		1959		2		1
308.257		360.774		2046		2		1
314.551		382.005		2008		2		1
282.19		114.286		1793		2		1
246.876		272.563		1783		2		1
251.329		253.653		1817		2		1
330.725		268.535		1792		2		1
337.573		256.575		1787		2		1
Frame 39
286.391		223.469		1794		2		1
284.014		161.462		1760		2		1
281.69		98.6647		1801		2		1
283.015		66.1827		1678		2		1
246.169		123.472		1802		2		1
235.26		179.517		1866		2		1
237.275		236.338		1805		2		1
242.226		255.688		1782		2		1
320.255		124.866		1812		2		1
332.693		179.321		1894		2		1
334.585		232.831		1829		2		1
331.787		251.927		1800		2		1
270.129		224.046		1820		2		1
268.721		299.391		1930		2		1
270.895		362.751		2019		2		1
271.047		384.817		1995		2		1
302.682		222.898		1812		2		1
308.135		300.527		1964		2		1
308.266		360.79		2050		2		1
314.54		382.037		2008		2		1
282.264		114.447		1798		2		1
247.042		272.638		1788		2		1
250.414		255.054		1799		2		1
330.524		268.613		1793		2		1
339		256.052		1793		2		1
Frame 40
286.413		223.453		1803		2		1
284.066		161.54		1762		2		1
281.771		98.8094		1797		2		1
282.967		66.3741		1676		2		1
246.189		123.479		1805		2		1
235.307		179.449		1869		2		1
237.276		236.217		1799		2		1
242.153		255.786		1782		2		1
320.269		124.879		1815		2		1
332.657		179.274		1893		2		1
334.594		232.72		1832		2		1
331.858		252.138		1797		2		1
270.154		224.033		1821		2		1
268.64		299.376		1927		2		1
271.013		364.989		2023		2		1
270.997		387.425		1979		2		1
302.698		222.88		1819		2		1
308.146		300.515		1959		2		1
308.278		360.834		2050		2		1
314.541		382.088		2010		2		1
282.339		114.578		1803		2		1
247.042		272.632		1792		2		1
250.27		254.693		1803		2		1
330.496		268.6		1792		2		1
337.893		257.052		1788		2		1
Frame 41
286.444		223.396		1795		2		1
284.09		161.606		1765		2		1
281.791		98.9719		1803		2		1
282.938		66.5464		1673		2		1
246.211		123.475		1805		2		1
235.444		179.464		1868		2		1
237.31		236.145		1805		2		1
242.202		255.625		1786		2		1
320.276		124.905		1816		2		1
332.632		179.266		1895		2		1
334.595		232.642		1830		2		1
331.65		251.863		1804		2		1
270.193		223.975		1825		2		1
268.545		299.346		1929		2		1
271.057		364.261		2018		2		1
270.842		386.594		1991		1		1
302.717		222.824		1819		2		1
308.156		300.5		1960		2		1
308.308		360.794		2054		2		1
314.445		382.091		2009		2		1
282.361		114.72		1802		2		1
247.009		272.573		1789		2		1
249.485		249.743		1836		2		1
330.278		268.633		1792		2		1
337.43		256.384		1794		2		1
Frame 42
286.434		223.323		1805		2		1
284.084		161.683		1768		2		1
281.786		99.0989		1800		2		1
282.895		66.7405		1667		2		1
246.232		123.479		1808		2		1
235.465		179.561		1869		2		1
237.391		236.112		1810		2		1
242.209		255.267		1789		2		1
320.254		124.926		1815		2		1
332.619		179.259		1897		2		1
334.565		232.481		1832		2		1
331.492		251.557		1807		2		1
270.197		223.909		1826		2		1
268.532		299.512		1929		2		1
270.953		365.068		2020		2		1
271.078		387.491		1979		2		1
302.691		222.744		1819		2		1
308.179		300.489		1958		2		1
308.312		360.794		2049		2		1
314.409		382.104		2011		2		1
282.357		114.84		1804		2		1
246.812		271.924		1794		2		1
250.124		254.696		1810		2		1
329.86		268.542		1795		2		1
336.9		256.773		1793		2		1
Frame 43
286.34		223.187		1814		2		1
284.098		161.758		1768		2		1
281.866		99.2717		1802		2		1
282.87		66.9811		1663		2		1
246.264		123.488		1809		2		1
235.571		179.548		1872		2		1
237.476		236.147		1817		2		1
242.299		255.375		1791		2		1
320.229		124.93		1818		2		1
332.537		179.163		1894		2		1
334.409		232.683		1837		2		1
331.292		251.843		1804		2		1
270.132		223.787		1829		2		1
268.562		299.881		1932		2		1
270.908		364.696		2017		2		1
271.117		387.097		1977		2		1
302.565		222.594		1824		2		1
308.26		300.049		1966		2		1
308.373		360.826		2042		2		1
314.161		382.222		2009		2		1
282.419		114.987		1804		2		1
246.926		271.975		1797		2		1
250.561		251.974		1829		2		1
330.024		268.578		1798		2		1
337.2		256.827		1802		2		1
Frame 44
286.324		223.003		1818		2		1
284.125		161.883		1773		2		1
281.922		99.5351		1804		2		1
282.902		67.2709		1667		2		1
246.317		123.474		1810		2		1
235.732		179.589		1876		2		1
237.595		236.087		1828		2		1
242.428		255.247		1798		2		1
320.188		124.9		1818		2		1
332.421		179.065		1901		2		1
334.344		232.395		1844		2		1
331.208		251.768		1810		2		1
270.152		223.581		1830		2		1
268.551		299.803		1935		2		1
270.884		362.574		2026		2		1
271.253		384.764		1992		2		1
302.506		222.433		1826		2		1
308.288		300.022		1971		2		1
308.374		360.826		2051		2		1
313.829		382.321		2008		2		1
282.47		115.225		1806		2		1
246.985		272.224		1804		2		1
249.688		249.869		1840		2		1
330.025		268.583		1803		2		1
336.736		256.752		1800		2		1
Frame 45
286.214		222.931		1824		2		1
284.093		162.004		1771		2		1
281.946		99.7371		1798		2		1
282.95		67.56		1658		2		1
246.333		123.507		1810		2		1
235.803		179.593		1877		2		1
237.73		235.838		1826		2		1
242.592		254.86		1798		2		1
320.138		124.888		1818		2		1
332.295		178.963		1902		2		1
334.26		231.935		1842		2		1
331.047		250.932		1812		2		1
270.087		223.475		1834		2		1
268.471		299.639		1940		2		1
270.859		362.511		2013		2		1
271.796		384.621		1985		2		1
302.356		222.393		1827		2		1
308.293		299.948		1959		2		1
308.4		360.85		2053		2		1
312.76		382.567		2004		2		1
282.483		115.416		1800		2		1
246.882		272.039		1807		2		1
251.342		252.968		1837		2		1
329.891		267.606		1808		2		1
336.383		255.305		1809		2		1
Frame 46
286.152		222.689		1832		2		1
284.102		162.131		1778		2		1
282.002		100.018		1804		2		1
283.024		67.8025		1656		2		1
246.377		123.543		1816		2		1
235.899		179.676		1882		2		1
237.979		235.725		1837		2		1
242.709		254.696		1811		2		1
320.068		124.843		1822		2		1
332.231		178.915		1901		2		1
334.13		231.854		1851		2		1
331.016		250.903		1819		2		1
270.082		223.247		1845		2		1
268.323		299.184		1946		2		1
270.786		361.811		2012		2		1
272.022		383.855		1997		2		1
302.223		222.137		1838		2		1
308.291		299.813		1963		2		1
308.409		360.816		2056		2		1
310.663		382.811		2012		2		1
282.527		115.662		1807		2		1
247.111		271.964		1814		2		1
251.853		253.345		1831		2		1
329.993		267.988		1813		2		1
336.227		256.516		1810		2		1
Frame 47
286.097		222.555		1832		2		1
284.089		162.31		1782		2		1
282.027		100.319		1800		2		1
283.13		68.06		1656		2		1
246.431		123.58		1819		2		1
236.133		179.601		1888		2		1
238.116		235.457		1841		2		1
242.822		254.622		1813		2		1
320.032		124.862		1826		2		1
332.116		178.962		1904		2		1
333.978		231.798		1858		2		1
330.694		250.848		1826		2		1
270.102		223.093		1852		2		1
268.294		298.54		1946		2		1
270.78		361.793		2013		2		1
271.949		383.833		1996		2		1
302.102		222.023		1841		2		1
308.319		299.632		1973		2		1
308.355		360.752		2057		2		1
310.907		382.716		2004		2		1
282.545		115.944		1808		2		1
247.06		271.888		1820		2		1
250.806		254.765		1830		2		1
329.73		267.888		1819		2		1
335.315		256.464		1816		2		1
Frame 48
285.999		222.348		1839		2		1
283.992		162.47		1788		2		1
281.96		100.654		1797		2		1
283.224		68.4554		1651		2		1
246.48		123.606		1818		2		1
236.266		179.6		1890		2		1
238.184		234.164		1852		2		1
242.625		253.373		1827		2		1
319.932		124.898		1829		2		1
331.936		178.975		1913		2		1
333.789		231.747		1864		2		1
330.665		250.843		1829		2		1
270.035		222.887		1855		2		1
268.197		298.453		1946		2		1
270.776		361.791		2019		2		1
271.92		383.853		1991		2		1
301.967		221.815		1847		2		1
308.309		299.402		1971		2		1
308.395		360.661		2053		2		1
309.432		382.596		2006		2		1
282.472		116.259		1813		2		1
246.325		269.806		1826		2		1
251.431		251.607		1858		2		1
329.597		267.793		1826		2		1
335.63		257.078		1817		2		1
Frame 49
285.894		222.174		1835		2		1
283.97		162.641		1795		2		1
281.993		100.974		1784		2		1
283.388		68.8285		1650		2		1
246.57		123.625		1822		2		1
236.423		179.711		1892		2		1
238.209		233.625		1862		2		1
242.616		252.821		1838		2		1
319.876		124.972		1832		2		1
331.732		178.842		1917		2		1
333.546		231.589		1863		2		1
330.395		250.828		1838		2		1
269.971		222.679		1863		2		1
268.218		298.312		1947		2		1
270.744		361.82		2020		2		1
271.926		383.919		1994		2		1
301.826		221.674		1855		2		1
308.348		299.248		1973		2		1
308.361		360.601		2055		2		1
309.762		382.543		2010		2		1
282.494		116.559		1812		2		1
246.534		269.931		1834		2		1
251.227		250.861		1875		2		1
328.87		267.622		1835		2		1
335.745		256.955		1828		2		1
Frame 50
285.749		222.006		1852		2		1
283.93		162.864		1799		2		1
282.024		101.337		1795		2		1
283.528		69.193		1649		2		1
246.636		123.675		1823		2		1
236.506		179.699		1893		2		1
238.283		233.147		1864		2		1
242.671		252.198		1846		2		1
319.794		125.117		1833		2		1
331.601		178.947		1918		2		1
333.396		231.496		1873		2		1
330.271		250.811		1844		2		1
269.918		222.477		1864		2		1
268.185		298.215		1950		2		1
270.723		361.753		2016		2		1
271.926		383.84		1999		2		1
301.574		221.544		1863		2		1
308.339		299.114		1982		2		1
308.149		360.595		2051		2		1
310.101		382.484		2013		2		1
282.512		116.907		1819		2		1
246.625		268.769		1838		2		1
251.205		250.052		1875		2		1
328.815		267.691		1839		2		1
335.303		256.195		1836		2		1
Frame 51
285.631		221.825		1861		2		1
283.895		163.125		1807		2		1
282.065		101.805		1779		2		1
283.698		69.6636		1646		2		1
246.741		123.884		1830		2		1
236.701		179.747		1900		2		1
238.619		233.517		1872		2		1
243.128		252.202		1850		2		1
319.642		125.264		1837		2		1
331.375		178.967		1923		2		1
333.148		231.407		1883		2		1
330.149		250.547		1852		2		1
269.88		222.287		1878		2		1
268.129		298.124		1953		2		1
270.825		364.352		2027		2		1
272.062		386.771		1989		2		1
301.365		221.374		1874		2		1
308.324		298.813		1982		2		1
308.099		360.478		2057		2		1
310.328		382.351		2006		2		1
282.538		117.36		1821		2		1
246.765		269.082		1849		2		1
251.68		250.546		1881		2		1
328.361		267.547		1851		2		1
335.524		256.354		1843		2		1
Frame 52
285.526		221.704		1868		2		1
283.909		163.407		1815		2		1
282.191		102.387		1790		2		1
283.88		70.1805		1649		2		1
246.883		124.044		1832		2		1
236.857		179.778		1904		2		1
238.883		233.63		1881		2		1
243.521		252.818		1856		2		1
319.498		125.449		1842		2		1
331.183		179.021		1934		2		1
332.987		231.447		1883		2		1
330.008		250.546		1857		2		1
269.803		222.133		1887		2		1
268.139		297.868		1952		2		1
270.688		365.025		2014		2		1
272.254		387.46		1979		2		1
301.236		221.283		1878		2		1
308.347		298.624		1983		2		1
308.077		360.531		2047		2		1
310.647		382.369		2006		2		1
282.638		117.895		1825		2		1
247.567		269.653		1858		2		1
251.673		249.922		1890		2		1
328.483		267.504		1858		2		1
335.265		256.603		1846		2		1
Frame 53
285.421		221.501		1880		2		1
283.805		163.717		1824		2		1
282.123		103.072		1802		2		1
284.016		70.7328		1649		2		1
246.987		124.297		1838		2		1
236.962		179.943		1908		2		1
239.127		233.675		1880		2		1
243.741		252.962		1865		2		1
319.303		125.621		1846		2		1
331.013		179.045		1938		2		1
332.783		231.426		1897		2		1
329.797		250.548		1868		2		1
269.748		221.911		1894		2		1
268.098		297.726		1963		2		1
270.588		365.132		2022		2		1
272.487		387.528		1984		2		1
301.082		221.098		1886		2		1
308.326		298.352		1991		2		1
308.042		360.601		2055		2		1
311.078		382.385		2012		2		1
282.558		118.504		1827		2		1
247.6		269.713		1858		2		1
252.805		251.046		1881		2		1
328.421		267.535		1864		2		1
334.837		256.059		1856		2		1
Frame 54
285.286		221.388		1894		2		1
283.702		164.089		1832		2		1
282.065		103.736		1775		2		1
284.178		71.3435		1651		2		1
247.082		124.627		1840		2		1
237.201		180.138		1916		2		1
239.264		232.932		1890		2		1
243.736		252.016		1869		2		1
319.145		125.843		1851		2		1
330.875		179.139		1946		2		1
332.738		231.761		1900		2		1
329.563		250.622		1876		2		1
269.679		221.741		1909		2		1
267.969		297.426		1962		2		1
270.467		364.998		2012		2		1
272.626		387.361		1990		1		1
300.881		221.042		1897		2		1
308.358		298.165		1990		2		1
308.016		360.586		2053		2		1
311.664		382.327		2010		2		1
282.489		119.112		1834		2		1
247.592		269.035		1868		2		1
252.427		250.041		1897		2		1
328.151		267.458		1869		2		1
334.485		256.848		1861		2		1
Frame 55
285.198		221.372		1904		2		1
283.604		164.574		1843		2		1
281.982		104.522		1782		2		1
284.381		72.2056		1651		2		1
247.199		125.028		1842		2		1
237.283		180.47		1921		2		1
239.414		232.697		1896		2		1
243.824		251.432		1881		2		1
318.896		126.261		1853		2		1
330.92		179.478		1952		2		1
332.628		231.924		1910		2		1
329.634		250.723		1884		2		1
269.645		221.684		1917		2		1
267.827		297.174		1959		2		1
270.33		365.489		2014		2		1
272.868		387.839		1980		2		1
300.741		221.067		1910		2		1
308.37		298.117		1989		2		1
307.998		360.7		2062		2		1
311.881		382.36		2012		2		1
282.4		119.845		1838		2		1
247.44		267.898		1870		2		1
252.283		249.274		1910		2		1
328.07		267.509		1881		2		1
334.67		257.497		1868		2		1
Frame 56
285.13		221.464		1913		2		1
283.603		165.236		1850		2		1
282.036		105.565		1774		2		1
284.572		73.379		1654		2		1
247.407		125.599		1846		2		1
237.437		180.91		1928		2		1
239.812		232.841		1904		2		1
244.107		251.594		1886		2		1
318.623		126.807		1860		2		1
330.699		179.508		1957		2		1
332.577		231.984		1918		2		1
329.613		250.591		1892		2		1
269.605		221.781		1929		2		1
267.614		297.028		1964		2		1
270.306		365.439		2022		2		1
272.695		387.801		1978		2		1
300.644		221.153		1916		2		1
308.399		298.209		1989		2		1
308.029		360.808		2061		2		1
311.92		382.47		2008		2		1
282.439		120.811		1842		2		1
247.818		268.038		1881		2		1
252.305		249.347		1914		2		1
327.97		267.496		1891		2		1
334.791		256.998		1878		2		1
Frame 57
285.039		221.514		1931		2		1
283.491		165.928		1863		2		1
281.923		106.661		1765		2		1
284.779		74.8414		1655		2		1
247.604		126.294		1854		2		1
237.583		181.15		1935		2		1
240.581		234.546		1911		2		1
244.847		253.355		1890		2		1
318.403		127.387		1867		2		1
330.696		179.971		1962		2		1
332.506		232.261		1924		2		1
329.679		250.312		1901		2		1
269.55		221.818		1948		2		1
267.446		296.754		1965		2		1
270.249		365.403		2020		2		1
272.952		387.715		1985		2		1
300.524		221.216		1932		2		1
308.453		298.203		1991		2		1
308.101		361.125		2054		2		1
312.019		382.81		2007		2		1
282.325		121.831		1850		2		1
249.098		269.649		1885		2		1
252.54		250.079		1916		2		1
328.401		266.918		1899		2		1
334.211		256.663		1890		2		1
Frame 58
284.959		221.828		1947		2		1
283.538		166.985		1874		2		1
282.08		108.397		1768		2		1
284.952		76.9782		1656		2		1
247.805		127.254		1855		2		1
237.671		181.99		1941		2		1
240.788		235.338		1917		2		1
245.104		254.008		1892		2		1
318.23		128.194		1873		2		1
330.6		180.316		1970		2		1
332.556		232.857		1928		2		1
329.791		251.209		1910		2		1
269.533		222.179		1963		2		1
267.23		296.676		1964		2		1
270.223		365.401		2018		2		1
272.976		387.704		1987		2		1
300.389		221.485		1950		2		1
308.53		298.27		1987		2		1
307.771		362.005		2044		2		1
312.874		383.381		2005		2		1
282.451		123.388		1853		2		1
249.699		270.619		1894		2		1
253.238		251.024		1927		2		1
328.119		267.558		1908		2		1
334.448		257.183		1898		2		1
Frame 59
284.862		222.141		1958		2		1
283.598		167.048		1887		2		1
282.288		108.095		1762		2		1
285.26		78.2412		1655		2		1
248.016		128.459		1868		2		1
237.812		182.676		1951		2		1
240.992		236.218		1922		2		1
245.371		254.864		1903		2		1
318.055		129.315		1878		2		1
330.632		181.2		1982		2		1
332.436		233.937		1943		2		1
329.673		251.738		1924		2		1
269.516		222.539		1982		2		1
267.041		296.348		1974		2		1
270.203		365.363		2019		2		1
273.014		387.659		1989		1		1
300.206		221.748		1963		2		1
308.653		298.277		1989		2		1
307.663		362.246		2050		2		1
313.161		383.48		2001		2		1
282.548		123.301		1859		2		1
249.24		270.648		1901		2		1
252.884		251.12		1930		2		1
328.409		267.827		1920		2		1
334.349		257.802		1910		2		1
Frame 60
284.559		222.614		1982		2		1
283.61		167.612		1900		2		1
282.442		108.299		1758		2		1
285.524		80.4964		1659		2		1
248.308		129.641		1875		2		1
237.637		184.236		1957		2		1
240.795		235.667		1936		2		1
244.963		254.173		1912		2		1
317.865		130.814		1883		2		1
330.522		182.543		1988		2		1
332.504		234.528		1952		2		1
329.946		252.709		1932		2		1
269.284		222.977		1990		2		1
266.859		296.244		1979		2		1
270.224		365.71		2022		2		1
274.338		387.752		1992		1		1
299.834		222.257		1979		2		1
308.873		298.123		1993		2		1
307.534		362.347		2046		2		1
313.484		383.514		2011		2		1
282.64		123.482		1861		2		1
248.94		270.015		1905		2		1
252.688		251.528		1943		2		1
328.765		268.767		1930		2		1
334.745		258.708		1917		2		1
Frame 61
284.28		223.338		1992		2		1
283.559		168.96		1910		2		1
282.594		109.251		1744		2		1
285.845		83.3684		1658		2		1
248.722		131.406		1877		2		1
237.686		185.439		1967		2		1
241.339		237.954		1946		2		1
245.202		256.046		1919		2		1
317.732		132.482		1891		2		1
330.699		183.714		1995		2		1
332.704		234.962		1972		2		1
330.508		252.846		1950		2		1
269.09		223.724		2010		2		1
266.773		296.268		1985		2		1
270.099		366.271		2021		2		1
274.829		388.213		1986		1		1
299.456		222.956		1990		2		1
309.133		298.088		1997		2		1
307.252		362.324		2051		2		1
314.13		383.116		2002		2		1
282.775		124.474		1869		2		1
249.208		271.778		1915		2		1
252.984		253.02		1947		2		1
330.151		268.807		1935		2		1
335.311		259.189		1929		2		1
Frame 62
283.994		223.978		2002		2		1
283.55		170.586		1926		2		1
282.889		111.137		1738		2		1
285.966		86.5377		1660		2		1
249.186		133.331		1885		2		1
237.638		187.117		1977		2		1
241.377		238.996		1955		2		1
245.239		257.007		1927		2		1
317.492		134.379		1897		2		1
330.932		185.564		2005		2		1
332.606		237.616		1979		2		1
330.54		255.862		1953		2		1
268.852		224.351		2028		2		1
266.745		296.592		1991		2		1
270.049		366.425		2019		2		1
275.14		388.276		1997		1		1
299.115		223.611		2013		2		1
309.363		297.969		2000		2		1
307.016		362.17		2054		2		1
314.36		382.664		2006		2		1
283.028		126.415		1879		2		1
249.342		272.853		1928		2		1
252.904		253.478		1961		2		1
329.237		271.656		1951		2		1
335.504		261.339		1942		2		1
Frame 63
283.675		224.79		2022		2		1
283.436		172.125		1941		2		1
283.032		112.889		1735		2		1
286.132		90.142		1662		2		1
249.497		135.774		1890		2		1
237.449		188.922		1987		2		1
241.976		243.623		1949		2		1
246.293		261.068		1928		2		1
317.262		136.887		1903		2		1
331.126		187.062		2008		2		1
332.787		239.764		1992		2		1
330.754		257.749		1967		2		1
268.601		225.14		2044		2		1
266.754		296.756		1993		2		1
270.002		366.548		2021		2		1
275.061		388.409		1993		1		1
298.722		224.447		2038		2		1
309.671		298.362		2010		2		1
306.633		362.119		2055		2		1
314.972		381.798		2014		2		1
283.13		128.251		1892		2		1
250.862		276.569		1936		2		1
254.281		257.97		1978		2		1
329.037		273.501		1972		2		1
337.111		262.941		1964		2		1
Frame 64
283.615		226.114		2043		2		1
283.656		175.022		1952		2		1
283.772		117.991		1743		2		1
286.375		94.2302		1664		2		1
250.031		138.591		1897		2		1
237.047		190.907		1993		2		1
241.845		244.821		1963		2		1
246.083		262.466		1939		2		1
317.07		139.135		1911		2		1
331.494		190.051		2025		2		1
332.791		241.208		2007		2		1
331.179		258.967		1983		2		1
268.707		226.488		2061		2		1
266.856		297.345		2005		2		1
270.018		366.649		2019		2		1
275.125		388.488		1991		1		1
298.53		225.741		2047		2		1
309.786		298.383		2013		2		1
306.618		362.109		2053		2		1
315.011		381.758		2012		2		1
283.716		132.789		1892		2		1
250.618		278.244		1954		2		1
253.828		260.25		1965		2		1
330.424		274.713		1989		2		1
337.439		264.814		1973		2		1
Frame 65
283.751		227.599		2067		2		1
283.866		177.772		1973		2		1
284.059		121.249		1743		2		1
286.824		98.9299		1667		2		1
250.375		142.388		1908		2		1
236.861		193.007		2011		2		1
241.772		247.628		1971		2		1
249.435		263.451		1964		2		1
316.916		142.225		1918		2		1
331.777		193.109		2036		2		1
332.942		247.263		2016		2		1
331.397		263.058		1995		2		1
268.933		227.961		2082		2		1
266.951		297.664		2013		2		1
270.058		367.014		2020		2		1
274.599		388.957		1994		2		1
298.558		227.235		2079		2		1
310.073		298.193		2019		2		1
306.751		362.166		2062		2		1
315.335		381.876		2011		2		1
283.995		136.037		1903		2		1
252.299		280.551		1971		2		1
260.239		257.957		2051		2		1
329.409		277.458		2014		2		1
339.301		266.999		2005		2		1
Frame 66
283.338		221.61		2109		2		1
283.877		179.256		1986		2		1
284.438		126.423		1748		2		1
287.145		104.544		1671		2		1
250.709		146.236		1915		2		1
236.743		195.648		2020		2		1
241.12		248.712		1989		2		1
248.788		265.037		1982		2		1
316.584		146.464		1927		2		1
331.813		195.558		2042		2		1
333.026		248.183		2038		2		1
328.859		265.275		2022		2		1
269.238		222.183		2113		2		1
266.889		297.814		2017		2		1
270.099		367.065		2018		2		1
274.042		389.122		1974		2		1
297.427		221.041		2108		2		1
310.085		297.722		2020		2		1
306.792		362.154		2059		2		1
315.653		381.839		2022		2		1
284.285		140.471		1906		2		1
251.642		281.97		1987		2		1
259.204		259.451		2063		2		1
328.695		279.87		2054		2		1
338.872		267.191		2017		2		1
Frame 67
283.802		234.284		2130		2		1
284.221		187.583		2015		2		1
284.681		131.244		1756		2		1
287.381		111.269		1678		2		1
251.747		151.824		1927		2		1
235.379		201.968		2043		2		1
239.774		247.578		2035		2		1
247.261		264.247		2021		2		1
316.155		151.253		1936		2		1
332.325		200.958		2052		2		1
333.358		251.507		2060		2		1
329.535		268.536		2048		2		1
268.455		234.85		2118		2		1
260.518		298.755		2018		2		1
267.013		382.554		2003		2		1
267.925		408.914		1878		1		1
299.206		233.726		2119		2		1
315.858		297.698		2012		2		1
311.995		377.642		2020		2		1
314.905		403.087		1924		1		1
284.543		145.906		1909		2		1
248.504		280.908		1994		2		1
257.067		257.564		2086		2		1
330.059		283.517		2060		2		1
340.101		270.696		2062		2		1
Frame 68
282.328		223.709		2164		2		1
283.131		185.549		2024		2		1
284.266		137.588		1769		2		1
287.266		116.874		1684		2		1
251.746		156.117		1936		2		1
236.276		203.966		2058		2		1
238.698		249.629		2069		2		1
245.344		266.525		2053		2		1
316.245		155.865		1947		2		1
332.214		204.781		2073		2		1
333.362		255.088		2082		2		1
331.161		272.924		2068		2		1
267.594		224.356		2164		2		1
265.602		297.752		2019		2		1
270.229		366.332		2026		2		1
273.015		388.494		1976		2		1
297.033		223.07		2153		2		1
309.468		297.478		2027		2		1
307.047		361.812		2068		2		1
315.259		381.843		2006		2		1
284.078		149.966		1855		2		1
247.309		282.265		2023		2		1
251.78		258.909		2161		2		1
331.403		286.586		2087		2		1
339.555		273.045		2075		2		1
Frame 69
282.522		224.378		2178		2		1
283.401		188.01		2035		2		1
284.727		145.577		1788		2		1
287.446		126.415		1699		2		1
252.281		163.363		1950		2		1
236.33		208.979		2078		2		1
238.283		251.988		2091		2		1
243.931		269.048		2083		2		1
316.486		161.571		1959		2		1
332.496		209.765		2086		2		1
333.456		259.305		2102		2		1
331.591		276.118		2100		2		1
267.723		225.166		2193		2		1
265.544		297.815		2015		2		1
270.259		366.526		2019		2		1
272.522		388.541		1974		2		1
297.296		223.605		2186		2		1
309.432		298.178		2035		2		1
307.116		361.972		2060		2		1
315.507		382.116		2002		2		1
284.408		157.296		1889		2		1
244.997		284.026		2053		2		1
253.927		263.136		2130		2		1
331.572		289.383		2130		2		1
338.999		274.76		2108		2		1
Frame 70
283.208		226.05		2188		2		1
283.855		192.994		2047		2		1
284.755		152.248		1797		2		1
287.488		132.779		1710		2		1
252.35		168.065		1968		2		1
236.449		216.718		2108		2		1
238.444		259.925		2125		2		1
244.019		277.233		2114		2		1
316.469		169.146		1976		2		1
332.87		218.165		2113		2		1
333.768		264.399		2137		2		1
331.362		280.826		2132		2		1
268.335		226.739		2219		2		1
265.318		299.977		2025		2		1
270.474		366.806		2021		2		1
272.358		388.769		1974		2		1
298.082		225.364		2199		2		1
309.579		298.556		2038		2		1
307.133		361.99		2056		2		1
315.561		382.145		2006		2		1
284.504		163.01		1867		2		1
246.154		292.211		2100		2		1
254.542		271.287		2115		2		1
330.401		293.314		2174		2		1
338.25		275.378		2154		2		1
Frame 71
283.457		226.837		2197		2		1
287.036		195.616		2054		2		1
292.152		157.443		1776		2		1
287.231		143.797		1727		2		1
252.712		176.417		1987		2		1
236.866		220.326		2135		2		1
238.158		263.519		2172		2		1
242.939		280.446		2160		2		1
316.406		175.077		1998		2		1
332.788		220.626		2120		2		1
333.542		267.123		2172		2		1
332.021		283.877		2174		2		1
268.504		227.576		2222		2		1
265.109		301.882		2016		2		1
270.809		367.207		2019		2		1
271.218		388.929		1974		2		1
298.421		226.1		2222		2		1
309.78		298.79		2030		2		1
306.938		362.024		2068		2		1
315.92		381.99		2009		2		1
290.842		167.886		1811		2		1
244.319		294.59		2154		2		1
253.941		279.51		2125		2		1
331.388		296.762		2204		2		1
320.25		279.5		2111		2		1
Frame 72
283.935		229.845		2217		2		1
284.238		203.035		2084		2		1
284.647		169.58		1829		2		1
287.083		151.199		1746		2		1
252.915		182.745		2012		2		1
236.946		226.725		2161		2		1
238.619		270.939		2216		2		1
241.147		283.88		2221		2		1
315.104		184.848		2020		2		1
332.431		226.711		2145		2		1
333.484		272.573		2210		2		1
332.083		287.938		2225		2		1
269.551		230.032		2241		2		1
265.072		300.447		2012		2		1
271.074		367.408		2021		2		1
270.724		389.111		1963		2		1
298.365		229.587		2237		2		1
309.922		298.948		2034		2		1
307.041		362.132		2062		2		1
316.066		382.048		2004		2		1
284.532		178.705		1883		2		1
242.789		296.313		2204		2		1
250		293.998		2230		2		1
329.244		301.374		2274		2		1
323.166		289.666		2238		2		1
Frame 73
284.164		231.735		2217		2		1
284.465		207.744		2089		2		1
284.853		178.575		1851		2		1
286.367		162.244		1777		2		1
252.775		190.891		2041		2		1
237.348		230.578		2186		2		1
237.742		271.646		2265		2		1
241.291		288.714		2284		2		1
315.741		192.065		2045		2		1
332.352		232.011		2171		2		1
333.178		273.81		2244		2		1
332.006		289.384		2276		2		1
269.762		231.946		2248		2		1
265.119		297.138		2013		2		1
271.3		367.765		2020		2		1
270.236		389.209		1959		2		1
298.623		231.57		2245		2		1
310.927		295.475		2034		2		1
307.237		362.273		2063		2		1
316.17		382.32		2004		2		1
284.753		186.709		1904		2		1
246.434		300.857		0		2		1
249.002		293.427		2292		2		1
333.459		302.227		2291		2		1
325.21		287.951		2304		2		1
Frame 74
284.29		234.533		2226		2		1
284.448		213.548		2098		2		1
284.653		187.187		1880		2		1
285.788		171.835		1803		2		1
252.207		198.553		2070		2		1
237.806		239.528		2232		2		1
236.974		274.309		2324		2		1
240.633		290.168		2337		2		1
314.5		200.956		2070		2		1
332.197		243.819		2216		2		1
333.522		278.951		2285		2		1
331.684		293.764		2328		2		1
269.926		234.465		2243		2		1
265.381		294.86		2016		2		1
271.396		368.058		2018		2		1
269.822		388.939		1960		2		1
298.701		234.585		2258		2		1
310.843		294.629		2034		2		1
307.352		362.307		2061		2		1
316.788		382.206		1993		2		1
284.595		194.368		1922		2		1
243.544		301.074		2333		2		1
247.042		294.32		2344		2		1
332		306.47		2347		2		1
326.766		295.123		0		2		1
Frame 75
284.591		236.785		2220		2		1
284.246		217.962		2122		2		1
283.673		195.134		1912		2		1
285.304		180.612		1836		2		1
252.266		206.114		2100		2		1
238.832		243.88		2267		2		1
238.715		276.589		2367		2		1
240.826		292.454		2399		2		1
313.978		206.886		2102		2		1
331.248		244.744		2249		2		1
332.167		278.927		2347		2		1
331.149		294.048		2379		2		1
270.176		236.852		2250		2		1
265.532		293.916		2028		2		1
271.39		368.02		2021		2		1
269.927		388.94		1956		2		1
299.071		236.755		2262		2		1
310.933		294.782		2045		2		1
307.343		362.315		2053		2		1
317.23		381.866		2008		2		1
283.82		201.491		1937		2		1
241.396		303.098		2409		2		1
247.652		298.359		2408		2		1
335.202		305.6		2413		2		1
327.184		303.277		2368		2		1
Frame 76
284.598		246.425		2272		2		1
283.905		227.09		2158		2		1
283.071		203.394		1945		2		1
284.753		189.171		1875		2		1
252.586		213.978		2133		2		1
240.595		249.977		2307		2		1
239.724		288.836		2437		2		1
241.545		298.696		2466		2		1
313.793		215.721		2133		2		1
329.957		250.356		2281		2		1
331.03		284.598		2398		1		1
330.299		299.665		2445		2		1
270.658		246.249		2297		2		1
265.21		298.614		2045		2		1
271.961		368.276		2016		2		1
269.496		388.996		1967		2		1
298.588		246.611		2313		2		1
311.246		297.752		2044		2		1
307.416		362.371		2059		2		1
317.004		381.708		2005		2		1
283.295		209.808		1971		2		1
239.417		309.139		2505		2		1
246.582		303.768		2468		2		1
330.62		310.075		2462		2		1
327		305.649		2429		2		1
Frame 77
284.465		249.255		2288		2		1
284.18		232.335		2192		2		1
283.859		211.384		1992		2		1
284.74		196.864		1917		2		1
253.048		220.231		2172		2		1
241.351		256.47		2347		2		1
240.755		291.69		2499		2		1
242.053		301.215		2523		2		1
313.978		222.18		2171		2		1
328.119		257.005		2321		2		1
329.257		290.345		2438		1		1
328.692		306.163		2493		1		1
270.903		248.901		2310		2		1
265.167		298.65		2063		2		1
271.787		368.162		2018		2		1
269.279		388.85		1953		2		1
298.027		249.627		2323		2		1
310.349		299.803		2061		2		1
306.551		357.856		2070		2		1
314.142		376.006		2031		2		1
283.945		217.042		2013		2		1
240.653		311.077		2558		2		1
246.346		307.242		2528		2		1
329.006		314.871		2524		2		1
326.734		311.944		0		2		1
Frame 78
286.2		256.88		2335		2		1
286.969		238.303		2230		2		1
287.911		215.925		2017		2		1
283.894		202.752		1968		2		1
252.938		226.8		2223		2		1
240.681		265.652		2402		2		1
240.893		293.813		2546		2		1
243.071		304.437		2564		2		1
313.742		227.65		2211		2		1
326.064		258.999		2354		2		1
327.281		291.925		2471		1		1
327.591		304.816		2536		1		1
273.129		256.485		2348		2		1
265.445		302.586		2087		2		1
273.091		361.534		2059		2		1
269.225		383.821		1980		2		1
299.345		257.286		2381		2		1
310.442		307.55		2080		2		1
305.76		366.482		2053		2		1
314.884		377.907		2012		2		1
287.656		221.94		2047		2		1
239.399		314.2		2621		2		1
247.211		311.794		2580		2		1
327.573		315.141		2569		2		1
326.402		315.604		2546		2		1
Frame 79
285.165		266.893		2410		2		1
286.54		245.32		2285		2		1
288.188		219.748		2080		2		1
283.184		208.08		2031		2		1
253.102		231.835		2282		2		1
243.087		269.365		2449		2		1
243.397		295.983		2557		1		1
244.132		306.785		2578		1		1
312.833		233.907		2268		2		1
322.593		262.887		2396		2		1
323.933		294.956		2124		1		1
323.947		307.964		2110		1		1
272.34		267.035		2412		2		1
265.218		305.543		2102		2		1
273.11		364.773		2046		2		1
269.138		384.006		1979		2		1
298.026		266.762		2422		2		1
310.126		308.534		2101		2		1
305.118		367.444		2050		2		1
314.37		377.505		2014		2		1
287.746		226.577		2120		2		1
242.449		316.179		2626		2		1
247.866		314.139		2595		2		1
324.003		318.102		0		1		1
322.818		318.584		2103		1		1
Frame 80
284.584		295.546		2545		2		1
280.766		261.206		2385		2		1
276.576		223.403		2167		2		1
282.232		212.242		2105		2		1
253.031		236.291		2339		2		1
243.402		271.132		2488		2		1
243.695		297.38		2570		1		1
244.315		305.981		2606		1		1
310.543		237.256		2329		2		1
317.881		266.707		2442		2		1
319.392		298.017		2122		1		1
319.463		310.746		2115		1		1
271.183		296.13		2269		2		1
261.536		299.387		2117		2		1
270.97		369.253		2035		2		1
268.434		388.213		1940		2		1
297.968		294.975		2405		2		1
311.741		301.926		2124		2		1
307.626		363.279		2052		2		1
315.094		381.26		1975		2		1
277.661		233.211		2271		2		1
244.122		315.87		2650		2		1
247.749		312		2598		2		1
319.607		320.643		2113		1		1
318.408		321.137		2103		1		1
Frame 81
286.343		300.585		2556		2		1
284.192		266.263		2462		2		1
281.876		229.078		2226		2		1
280.304		214.219		2190		2		1
253.948		237.719		2402		2		1
244.339		272.566		2540		2		1
244.97		301.735		2627		1		1
245.269		308.42		2642		2		1
307.48		238.598		2394		2		1
318.573		268.339		2496		2		1
319.708		298.337		2157		1		1
319.774		310.918		2139		1		1
273.458		301.557		2429		2		1
262.815		307.58		2135		2		1
270.138		370.458		2035		2		1
268.176		387.832		1947		2		1
299.184		299.425		2422		2		1
311.198		304.937		2140		2		1
308.395		366.222		2059		2		1
313.874		381.906		1961		2		1
282.471		238.664		2376		2		1
245		317.999		2694		2		1
247.856		314.295		2633		2		1
319.91		320.702		2130		1		1
318.727		321.19		2125		1		1
Frame 82
284.198		306.684		2586		2		1
281.911		270.632		2516		2		1
279.543		233.143		2355		2		1
279.539		215.471		2284		2		1
253.656		239.452		2473		2		1
243.215		273.27		2605		2		1
241.442		303.929		2686		2		1
244.852		308.406		2682		2		1
305.222		240.39		2465		2		1
318.036		269.617		2549		2		1
319.488		299.714		2194		1		1
319.554		311.979		2170		1		1
271.985		307.086		2268		2		1
262.888		308.925		2170		2		1
269.825		371.354		2032		2		1
268.152		387.62		1930		2		1
296.483		305.969		2495		2		1
310.319		307.597		2171		2		1
307.178		369.43		2034		2		1
312.404		382.07		1916		2		1
280.142		242.656		2460		2		1
244.998		314.247		2703		2		1
247.105		309.63		2664		2		1
319.691		321.515		2156		1		1
318.535		321.998		2143		1		1
Frame 83
283.553		308.208		2604		2		1
281.133		271.201		2570		2		1
278.881		233.174		2467		2		1
278.631		215.858		2397		2		1
253.654		239.478		2561		2		1
242.433		274.863		2668		2		1
241.772		306.228		2707		2		1
242.874		303.34		2693		2		1
303.938		241.682		2550		2		1
319.065		271.753		2617		2		1
318.665		300.612		2231		1		1
324.205		300.596		2655		2		1
271.272		308.855		2306		2		1
262.844		310.155		2199		2		1
270.173		372.252		2012		2		1
269.146		389.638		1895		2		1
295.813		307.588		2512		2		1
310.527		311.903		2190		2		1
305.965		373.996		1998		2		1
313.657		381.809		1850		2		1
279.445		242.736		2551		2		1
245.332		315.228		2683		2		1
246.712		301.278		2712		2		1
324.502		302.498		2657		2		1
323.501		300.999		2640		2		1
Frame 84
281.257		308.203		2622		2		1
279.844		270.814		2635		2		1
278.442		233.405		2578		2		1
278.391		216.166		2507		2		1
254.285		239.909		2657		2		1
241.614		273.935		2730		2		1
243.053		306.779		2719		2		1
243.494		309.988		2717		2		1
303.388		242.449		2640		2		1
319.525		272.948		2671		2		1
325.807		306.162		2712		2		1
323.005		307.331		2675		1		1
269.11		308.238		2285		2		1
263.631		314.093		2218		2		1
270.386		375.966		1985		2		1
269.757		390.565		1867		2		1
293.419		308.178		2516		2		1
309.865		313.37		2217		2		1
295.687		372.564		2134		2		1
307.729		377.385		1906		2		1
278.79		242.76		2646		2		1
244.486		315		2689		2		1
246.087		314.249		2695		2		1
323.502		309.498		2679		2		1
321.834		307.832		2644		2		1
Frame 85
281.526		306.86		2656		2		1
279.891		269.442		2710		2		1
278.085		234.376		2693		2		1
278.261		217.033		2619		2		1
254.838		241.474		2753		2		1
242.317		273.426		2806		2		1
242.167		306.236		2735		2		1
244.313		310.142		2709		2		1
303.069		243.841		2730		2		1
318.866		273.005		2738		2		1
322.513		306.541		2696		2		1
322.004		312		2661		2		1
268.295		307.067		2325		2		1
264.102		317.236		2254		2		1
271.07		378.022		1937		2		1
269.995		387.818		1847		2		1
295.287		306.15		2376		2		1
307.312		318.333		2244		2		1
301.482		377.384		2005		2		1
313.722		379.109		1850		2		1
278.53		242.968		2739		2		1
246.101		314.799		2688		2		1
246.393		309.083		2723		2		1
322.403		320.992		2694		2		1
320.454		309.725		2681		2		1
Frame 86
281.218		307.788		2704		2		1
279.146		271.26		2784		2		1
277.688		235.956		2781		2		1
277.708		219.277		2731		2		1
255.279		244.292		2854		2		1
243.906		274.486		2860		2		1
242.413		305.276		2730		2		1
243.525		305.769		2731		2		1
301.957		245.682		2819		2		1
318.122		275.168		2783		2		1
321.948		307.323		2694		2		1
320.641		312.42		2651		1		1
267.333		309.748		2358		2		1
266.016		334.949		2208		2		1
272.475		387.944		1864		1		1
272.265		386.641		1861		2		1
294.616		307.144		2443		2		1
304.602		332.817		2242		2		1
299.509		381.32		2069		2		1
308.171		388.779		1932		2		1
278.041		244.545		2838		2		1
244.828		313.584		2690		2		1
246.739		312.996		2687		2		1
322.902		321.832		2707		2		1
318.952		310.201		2663		2		1
Frame 87
280.839		309.489		2730		2		1
279.348		272.617		2866		2		1
277.996		238.973		2900		2		1
277.729		222.814		2848		2		1
255.92		248.36		2949		2		1
244.645		278.253		2910		2		1
242.688		305.977		2754		2		1
244.055		305.569		2744		2		1
300.464		249.323		2916		2		1
316.611		276.956		2836		2		1
318.425		306.657		2691		2		1
317.715		316.991		2649		2		1
267.106		311.478		2390		2		1
266.874		344.283		2170		2		1
273.449		398.319		2020		1		1
270.921		385.014		1868		2		1
294.307		307.142		2531		2		1
303.919		334.742		2271		2		1
298.872		382.352		2034		1		1
305.635		389.648		1960		2		1
278.321		247.105		2938		2		1
244		317.999		2679		2		1
248.002		310.833		2712		2		1
318.219		328.143		2590		2		1
317.444		312.553		2649		2		1
Frame 88
280.071		309.031		2749		2		1
278.624		273.32		2944		2		1
277.605		241.62		3036		2		1
277.827		226.13		2984		2		1
256.418		252.772		3037		2		1
245.382		279.859		2970		2		1
242.393		306.354		2803		2		1
243.92		305.769		2799		2		1
300.087		253.787		3006		2		1
314.936		278.761		2888		2		1
317.391		305.076		2716		2		1
316.919		315.021		2659		1		1
266.274		311.025		2443		2		1
266.695		342.533		2252		2		1
273.151		395.598		2058		1		1
270.12		384.388		1940		2		1
293.411		306.914		2637		2		1
307.864		338.32		2274		2		1
303.174		385.575		0		1		1
305.037		387.666		1870		2		1
277.848		249.22		3035		2		1
246.123		313.875		2705		2		1
246.651		309.254		2743		2		1
315.565		324.437		2615		2		1
315.864		310.831		2671		2		1
Frame 89
281.018		309.436		2772		2		1
279.551		274.783		2995		2		1
278.269		244.373		3170		2		1
277.807		229.34		3107		2		1
257.028		255.697		3134		2		1
246.21		280.949		3020		2		1
242.654		302.958		2841		2		1
243.705		304.765		2833		2		1
299.255		256.511		3105		2		1
311.933		279.512		2950		2		1
319.114		299.837		2807		2		1
316.858		310.946		2696		1		1
267.784		312.065		2483		2		1
266.526		359.586		2032		2		1
273.244		416.153		0		1		1
268.714		392.751		2041		1		1
293.919		306.887		2626		2		1
308.061		338.398		2296		2		1
303.399		385.529		1941		1		1
305.037		383.253		0		2		1
278.573		251.621		3137		2		1
243		314.501		2722		2		1
242.361		311.535		2808		2		1
316.267		318.533		2658		2		1
315.563		307.307		2715		2		1
Frame 90
278.369		309.531		2740		2		1
277.868		275.931		3019		2		1
278.001		246.967		3259		2		1
277.288		232.312		3244		2		1
257.683		258.045		3218		2		1
246.498		280.331		3076		2		1
243.385		302.931		2859		2		1
247.029		310.106		2751		2		1
297.724		258.64		3198		2		1
309.234		280.66		3013		2		1
315.048		299.343		2786		2		1
315.564		309.909		2719		1		1
266.102		311.223		2508		2		1
271.797		361.368		2107		2		1
278.97		417.946		0		1		1
271.4		393.979		2062		1		1
290.08		307.892		2625		2		1
306.513		335.634		2294		2		1
306.432		365.821		1929		2		1
302.706		348.786		0		2		1
277.969		253.825		3220		2		1
251.714		316.859		2702		2		1
244.852		313.133		2754		2		1
315.689		317.896		2647		2		1
310.78		311.499		2719		2		1
Frame 91
277.312		311.743		2710		2		1
277.555		278.15		3031		2		1
277.769		249.26		3347		2		1
276.734		234.777		3353		2		1
257.935		260.954		3293		2		1
246.034		280.404		3134		2		1
244.646		298.499		2914		2		1
246.6		309.716		2763		2		1
296.367		261.286		3273		2		1
308.565		283.012		3060		1		1
314.686		293.284		2875		2		1
314.11		301.557		2799		1		1
265.564		313.979		2474		2		1
273.939		360.957		2186		2		1
281.241		417.033		1816		1		1
272.51		393.417		2073		1		1
288.807		309.565		2601		2		1
300.946		328.061		2345		2		1
302.916		362.214		1990		1		1
308.372		340.562		2213		2		1
277.717		256.096		3289		2		1
252		318.499		2693		2		1
241.991		314.095		2774		2		1
314.999		308.421		2690		2		1
311.073		303.281		2775		2		1
Frame 92
279.54		314.393		2863		2		1
279.358		281.139		3024		2		1
279.204		252.447		3434		2		1
275.615		239.118		3452		2		1
258.417		265.617		3344		2		1
246.699		285.566		3065		2		1
244.797		300.339		2845		2		1
245.846		308.498		2746		2		1
294.485		264.795		3331		2		1
307.096		285.593		0		1		1
313.843		291.156		2873		2		1
313.819		296.903		2833		1		1
268.174		316.726		2474		2		1
273.999		360.863		2189		2		1
281.297		416.871		1894		1		1
272.393		393.255		2104		1		1
290.596		312.132		2543		2		1
301.856		329.531		2257		1		1
303.756		362.792		2050		1		1
310.34		342.134		1939		1		1
279.24		259.243		3361		2		1
246.501		313.358		2718		2		1
240.499		313.196		2764		2		1
317.001		304.621		2710		2		1
310.553		300.94		2769		2		1
Frame 93
279.178		319.766		2766		2		1
279.169		286.364		2919		2		1
279.162		257.386		3526		2		1
275.864		244.267		3569		2		1
260.432		269.586		3395		2		1
248.196		286.832		3111		1		1
245.919		303.432		2786		2		1
244.119		305.25		2756		2		1
293.135		267.939		3380		2		1
304.525		286.267		0		1		1
311.328		290.701		2915		1		1
314.002		298.27		2741		1		1
268.188		322.357		2400		2		1
275.777		345.549		2292		2		1
282.952		398.238		2037		1		1
274.019		375.211		2151		1		1
290.023		317.217		2450		2		1
301.295		334.302		1977		1		1
302.553		366.102		2186		1		1
302.198		346.858		2008		2		1
279.163		264.263		3382		2		1
244.308		307.001		2746		2		1
239.899		309.301		2809		2		1
315.262		301.479		2766		2		1
312.497		295.321		2795		2		1
Frame 94
279.041		318.616		2782		2		1
278.455		287.124		2914		2		1
277.943		259.64		3574		2		1
275.79		247.267		3644		2		1
260.239		270.853		3446		2		1
247.9		287.063		3100		1		1
244.294		297.492		2798		2		1
242.471		298.368		2802		2		1
291.001		266.652		3439		2		1
301.829		284.551		0		1		1
307.388		288.361		0		1		1
315.599		292.806		2781		2		1
268.721		321.248		2397		2		1
264.459		311.252		2471		2		1
270.116		356.967		2200		1		1
261.841		335.231		2015		1		1
288.969		316.21		0		2		1
298.481		333.636		2037		1		1
299.81		366.629		2176		1		1
299.377		347.997		2082		1		1
278.064		266.176		3401		2		1
241.873		298.375		2786		2		1
237.699		300.8		2823		2		1
317.884		293.588		2791		2		1
321.289		293.29		2797		2		1
Frame 95
278.864		317.868		2800		2		1
278.382		286.845		2937		2		1
277.961		259.693		3621		2		1
275.784		248.795		3702		2		1
260.173		271.012		3460		2		1
247.845		287.212		0		1		1
243.881		290.653		2845		2		1
241.335		292.217		2842		2		1
295.896		269.736		3500		2		1
306.967		287.741		0		1		1
312.916		291.791		0		1		1
314.894		288.363		2833		2		1
268.837		319.961		2396		2		1
263.477		295.799		2587		2		1
268.751		337.881		2074		1		1
260.919		317.116		0		1		1
288.539		315.855		0		2		1
297.869		332.13		2101		1		1
299.322		364.181		2183		1		1
298.88		345.913		2122		1		1
278.061		266.156		3431		2		1
239.6		290.8		2838		2		1
236.708		292.294		2897		2		1
316.25		287.832		2838		2		1
320.627		291.876		2853		2		1
Frame 96
263.655		336.631		2080		2		1
265.37		308.043		2478		2		1
266.949		281.653		2872		2		1
269.488		274.734		3182		2		1
243.051		298.31		3139		1		1
267.269		294.456		2646		2		1
246.628		290.251		0		2		1
241.212		287.702		2884		2		1
289.293		295.964		2664		1		1
315.217		286.173		2886		2		1
324.743		293.587		3195		1		1
328.369		296.408		3276		2		1
253.689		339.555		2066		2		1
262.751		303.33		2519		2		1
269.287		356.742		2212		1		1
258.986		332.959		2051		1		1
273.261		333.816		0		2		1
283.116		368.227		2175		1		1
9999		9999		9999		1		1
9999		9999		9999		1		1
266.566		288.054		2706		2		1
236		288.499		2935		2		1
246.501		288.332		2903		2		1
330.059		295.899		3379		1		1
334.8		300.346		3343		1		1
Frame 97
280.32		351.714		2237		2		1
282.619		324.723		2622		2		1
284.702		299.982		2934		2		1
286.14		292.285		2782		1		1
262.586		317.532		2051		1		1
258.099		297.636		2580		2		1
246.137		291.724		3299		1		1
240.321		284.357		2921		2		1
307.681		315.137		2061		1		1
313.817		285.234		2913		2		1
323.116		292.486		3221		1		1
326.651		295.243		0		2		1
270.78		355.205		2221		2		1
275.385		343.587		2337		2		1
282.334		394.703		2102		1		1
273.64		372.233		2174		1		1
290.066		348.148		2265		2		1
9999		9999		9999		1		1
9999		9999		9999		1		1
9999		9999		9999		1		1
284.199		305.966		3034		2		1
235.25		286.5		2962		2		1
245.143		285.001		2943		2		1
328.306		294.725		3354		1		1
333.03		299.15		3358		1		1
Frame 98
289.557		336.554		2414		2		1
285.958		312.422		2886		2		1
282.658		290.314		2919		2		1
282.772		282.303		2976		2		1
260.239		307.308		2504		1		1
258.841		295.251		2620		2		1
247.515		293.029		3249		1		1
238.955		283.206		2954		2		1
305.674		304.977		2094		1		1
313.856		282.95		2923		2		1
322.398		291.894		3291		1		1
325.668		295.318		0		2		1
278.506		342.295		2342		2		1
275.256		343.557		2339		2		1
282.194		394.671		2090		1		1
273.498		372.197		2188		1		1
300.92		330.655		2139		2		1
335.25		352.917		2246		1		1
363.783		406.441		0		1		1
366.592		383.358		2166		1		1
283.456		295.662		2902		2		1
235.336		286.001		2992		2		1
244.001		282.836		2979		2		1
327.309		294.802		0		1		1
332.038		299.217		3336		1		1
Frame 99
293.255		337.365		2410		2		1
286.467		312.061		2861		2		1
281.62		288.022		2979		2		1
281.791		280.267		3010		1		1
259.524		304.558		2578		1		1
263.88		297.417		2633		2		1
250.632		293.919		3251		1		1
238.249		282.294		2978		2		1
304.169		302.287		2105		1		1
311.268		280.981		2961		1		1
319.72		288.669		0		1		1
322.937		291.594		3292		1		1
281.477		343.811		2332		2		1
276.025		343.126		2337		2		1
282.995		393.969		2134		1		1
274.349		371.586		2202		1		1
306.152		331.492		2133		2		1
335.135		349.958		2272		1		1
359.676		399.218		2041		1		1
362.121		376.314		2208		1		1
283.104		294.016		2921		2		1
234		285		3019		2		1
243.003		281.002		3025		2		1
324.507		291.05		3369		1		1
329.164		295.415		3420		1		1
Frame 100
293.182		336.473		2423		2		1
286.538		311.968		2879		2		1
281.173		288.919		3003		2		1
281.37		281.123		3036		1		1
259.082		305.492		2622		1		1
258.815		301.421		2640		2		1
247.408		296.934		3179		1		1
237.123		281.88		3005		1		1
303.659		303.216		2582		1		1
311.863		281.272		2958		2		1
319.974		290.07		3288		1		1
323.074		293.432		3219		1		1
281.236		343.175		2329		2		1
269.452		333.365		2330		2		1
275.753		382.576		2181		1		1
267.192		360.378		2242		1		1
304.851		331.024		2177		2		1
330.48		348.108		2281		1		1
358.62		400.505		0		1		1
361.015		377.747		2203		1		1
282.52		294.727		2955		2		1
234		284		3036		2		1
240.501		280.501		3014		2		1
324.654		292.906		0		1		1
329.333		297.266		3344		1		1
Frame 101
295.325		344.8		2320		2		1
287.971		315.444		2763		2		1
281.751		290.208		2998		2		1
281.915		282.34		3040		1		1
259.704		306.867		2650		1		1
266.221		289.427		2889		2		1
251.919		294.044		3238		1		1
236.764		281.532		3018		1		1
304.332		303.88		2648		2		1
309.188		284.674		2968		2		1
318.046		290.728		3273		1		1
321.38		293.005		3172		1		1
284.244		349.217		2284		2		1
270.26		334.125		2383		1		1
276.632		383.416		2185		1		1
262.476		364.991		2239		2		1
306.883		340.196		2181		2		1
341.449		358.133		2254		1		1
359.574		402.671		2044		1		1
362.036		380.082		2208		1		1
283.189		296.19		2938		2		1
234.5		284		3052		2		1
239.334		279.666		3031		2		1
322.931		292.477		3224		1		1
327.607		296.818		0		1		1
Frame 102
293.373		325.598		2515		2		1
283.653		295.072		2952		2		1
275.118		268.265		3323		2		1
275.603		262.327		3566		1		1
262.922		288.9		2955		2		1
261.713		302.802		2731		2		1
250.944		293.269		3263		1		1
237.277		282.09		3057		2		1
266.227		283.481		3035		2		1
305.542		285.623		2979		2		1
317.235		292.913		3209		1		1
321.678		295.682		3128		2		1
285.97		328.997		2522		2		1
270.027		345.208		2321		2		1
276.559		396.754		2065		1		1
263.483		373.613		2221		1		1
301.253		321.985		2487		2		1
330.346		321.503		2659		1		1
334.977		346.72		2302		1		1
319.904		331.925		2158		2		1
277.151		274.652		3197		2		1
234		285		3066		2		1
238.754		280.751		3054		2		1
323.232		295.183		3121		1		1
327.902		299.483		3062		1		1
Frame 103
301.264		349.227		2271		2		1
292.008		321.788		2606		2		1
283.761		297.32		2959		2		1
283.811		289.006		3009		1		1
261.215		297.94		2821		2		1
269.314		313.13		2690		1		1
251.141		296.977		3196		1		1
243.053		290.006		3339		1		1
274.525		317.75		2774		1		1
299.579		296.062		2837		2		1
318.471		296.267		3110		1		1
325.424		296.346		3111		2		1
296.915		352.393		2291		2		1
269.798		344.687		2305		2		1
276.307		396.168		2082		1		1
262.732		373.195		2219		1		1
305.648		346.033		2231		2		1
340.464		366.005		2275		1		1
363.53		415.798		0		1		1
334.949		399.854		0		1		1
285.735		303.179		2909		2		1
239.84		292.838		3273		1		1
244.492		288.687		3404		1		1
327.012		295.857		0		1		1
331.603		300.125		0		1		1
Frame 104
299.538		347.512		2269		2		1
292.314		321.077		2619		2		1
284.554		296.59		2933		2		1
284.559		288.301		3013		1		1
260.724		292.387		2889		2		1
283.632		308.865		2993		1		1
270.608		302.346		2803		1		1
260.767		297.814		2813		2		1
299.47		291.466		2922		2		1
322.493		302.983		2912		2		1
324.391		307.801		2780		1		1
320.16		318.565		2656		2		1
289.008		353.081		2253		2		1
269.786		344.652		2343		2		1
278.505		387.399		2166		1		1
266.306		371.858		2205		1		1
309.989		341.985		2227		2		1
356.193		373.268		2224		1		1
336.151		423.58		1802		1		1
313.038		404.403		1925		1		1
286.197		302.785		2898		2		1
257.539		300.618		2786		1		1
262.179		296.493		2817		1		1
325.205		320.89		2636		2		1
335.512		319.242		2582		2		1
Frame 105
287.597		321.434		2694		2		1
280.796		295.8		3004		2		1
274.833		273.324		3239		2		1
274.046		266.556		3361		2		1
252.34		269.974		3617		1		1
278.885		294.622		3007		1		1
268.901		291.877		2915		1		1
265.874		291.046		2898		2		1
287.504		269.222		3338		1		1
307.935		290.149		2979		2		1
325.023		311.907		2734		2		1
334.154		324.048		2495		2		1
275.179		326.526		2630		2		1
267.942		345.327		2333		2		1
276.497		388.587		2141		1		1
264.993		371.5		2216		1		1
299.382		316.611		2619		2		1
311.664		336.244		2218		2		1
298.992		352.412		2297		2		1
274.914		357.317		2263		2		1
276.253		278.677		3115		2		1
262.83		293.692		2843		1		1
267.196		289.812		2942		1		1
338.09		327.752		2462		2		1
340.705		321.27		2616		2		1
Frame 106
297.118		343.161		2317		2		1
290.381		318.29		2729		2		1
284.409		296.24		2929		2		1
282.633		286.799		3015		2		1
259.63		292.817		2883		1		1
289.634		321.658		2687		1		1
272.176		327.516		2603		2		1
246.87		339.137		2122		2		1
293.951		284.231		3001		2		1
320.441		298.991		3003		1		1
343.068		321.168		2703		2		1
348.557		323.304		2584		2		1
286.272		350.268		2280		2		1
261.036		341.7		2262		2		1
269.823		385.368		2173		1		1
259.223		366.876		2225		1		1
307.474		336.375		2246		2		1
332.139		381.086		2200		1		1
316.772		397.93		2039		1		1
289.214		404.057		1978		1		1
285.837		301.51		2898		2		1
243.151		330.735		2111		2		1
238.999		340.439		2181		2		1
346.751		325.749		2540		2		1
350.89		324.737		2601		2		1
Frame 107
297.104		343.146		2325		2		1
290.367		318.136		2740		2		1
284.395		295.772		2918		2		1
282.62		286.363		3026		1		1
259.63		292.346		2872		1		1
263.569		308.182		2655		2		1
255.089		323.293		2503		2		1
247.353		341.112		2121		1		1
293.861		284.176		3010		2		1
320.412		298.819		3043		1		1
341.745		318.005		2760		1		1
349.473		324.943		2588		1		1
286.267		350.285		2276		2		1
263.24		345.491		2306		2		1
272.091		389.286		2122		1		1
261.182		370.334		2219		1		1
307.444		336.219		2234		2		1
332.085		380.315		2192		1		1
316.732		397.18		2076		1		1
292.689		379.839		2207		1		1
285.821		301.137		2892		2		1
241.846		337.052		2128		2		1
241.371		347.951		2147		2		1
347.757		327.345		2542		1		1
351.727		326.332		2578		1		1
Frame 108
282.2		301.162		2960		2		1
277.374		278.361		3091		2		1
273.127		258.292		3750		2		1
273.99		252.632		3762		2		1
253.796		255.265		0		1		1
256.323		265.592		3640		1		1
255.006		276.761		3580		2		1
246.772		280.167		3466		1		1
288.609		265.117		3497		2		1
299.191		278.978		3504		2		1
323.144		299.442		3035		1		1
326.716		306.421		2875		2		1
272.425		303.663		2808		2		1
262.777		346.047		2305		2		1
271.639		389.938		2142		1		1
260.618		371.052		2213		1		1
291.755		298.724		2809		2		1
302.222		303.41		2682		1		1
292.165		317.334		2662		1		1
275.25		306.336		2972		1		1
274.141		263.08		3533		2		1
243.064		276.897		0		1		1
242.717		285.218		3455		1		1
335		311		2794		2		1
331.399		306.798		2883		2		1
Frame 109
282.995		301.797		2947		2		1
277.813		278.8		3101		2		1
273.266		258.579		3728		2		1
275.706		247.809		3839		2		1
254.047		267.815		3623		2		1
243.846		281.719		3455		1		1
245.306		292.625		3318		1		1
248.423		345.719		2099		2		1
291.192		265.268		3540		2		1
300.345		278.671		3505		2		1
322.702		299.685		3070		1		1
328.994		306.949		2892		2		1
272.759		305.446		2819		2		1
268.498		343.003		2302		2		1
277.268		385.922		2185		1		1
265.156		370.913		2225		1		1
293.554		298.61		2780		2		1
302.599		304.093		2671		1		1
292.471		318.088		2650		1		1
275.448		307.009		2967		1		1
274.369		263.415		3520		2		1
247.5		340.313		2100		2		1
242.98		351.576		2135		2		1
333.806		310.801		2820		2		1
333.977		305.973		2958		2		1
Frame 110
283.703		302.813		2926		2		1
278.201		279.27		3074		2		1
273.451		258.6		3722		2		1
275.548		248.17		3803		2		1
254.104		267.782		3617		1		1
244.935		281.547		3452		1		1
228.346		296.809		3258		2		1
232.924		295.976		3101		2		1
296.614		270.222		3573		2		1
303.603		281.771		3439		2		1
326.196		301.57		3040		1		1
329.917		308.939		2866		2		1
272.9		304.333		2818		2		1
268.539		343.021		2300		2		1
277.31		385.94		2170		1		1
265.341		372.346		2222		1		1
296.539		303.643		2720		2		1
302.98		304.318		2686		1		1
292.801		318.366		2638		1		1
275.701		307.237		2952		1		1
274.6		263.558		3524		2		1
232.799		298.8		3038		2		1
231.498		298.243		3055		2		1
334		310		2801		2		1
336.601		308.798		2873		2		1
Frame 111
287.397		304.385		2837		2		1
281.513		280.649		3087		2		1
275.941		259.408		3706		2		1
274.589		250.887		3754		2		1
253.809		268.388		3605		2		1
241.265		282.329		3447		2		1
229.667		287.802		3501		2		1
232.488		293.947		3122		1		1
294.75		266.9		3579		2		1
303.257		280.876		3450		2		1
325.818		301.591		3022		1		1
321.034		306.578		2894		2		1
276.031		307.488		2980		2		1
269.015		343.979		2318		2		1
277.812		386.992		2155		1		1
265.772		373.375		2221		1		1
298.859		302.099		2715		2		1
306.979		306.27		2713		1		1
296.527		320.515		2574		1		1
279.059		309.152		2971		1		1
277.275		264.493		3506		2		1
231.999		294.333		3125		2		1
229.976		295.818		0		2		1
327.994		311.001		2792		2		1
331.979		308.492		2861		2		1
Frame 112
286.036		306.243		2859		2		1
280.245		281.147		3043		2		1
274.87		259.132		3701		2		1
274.737		249.567		3757		2		1
262.698		265.928		3536		2		1
241.484		281.882		3456		1		1
229.957		287.873		3509		2		1
234.098		296.417		3024		2		1
293.202		266.195		3569		1		1
302.205		280.252		3456		1		1
324.697		300.827		3023		1		1
318.038		304.399		2984		2		1
272.684		311.975		0		2		1
269.15		344.326		2311		2		1
277.955		387.364		2149		1		1
266.042		373.596		2220		1		1
297.954		301.962		2744		2		1
305.395		305.741		2709		1		1
295.011		319.957		2586		1		1
277.623		308.638		2984		1		1
276.19		264.388		3494		2		1
234.75		298.416		3009		2		1
232.089		295.635		3086		2		1
324.001		310.427		2826		2		1
328		308		2873		2		1
Frame 113
286.382		306.05		2856		2		1
280.266		281.122		3053		2		1
274.854		259.118		3702		2		1
274.669		249.249		3754		2		1
262.616		266.036		3533		2		1
241.118		281.877		3452		1		1
232.322		290.772		0		2		1
234.224		296.103		3024		2		1
292.908		266.05		3545		2		1
302.052		280.185		3460		1		1
324.617		300.787		3034		1		1
327.144		307.829		2877		2		1
274.682		308.076		2902		2		1
269.146		344.233		2301		2		1
277.949		387.261		2147		1		1
266.121		373.203		2223		1		1
299.453		303.368		2707		2		1
298.351		311.697		2645		2		1
288.105		325.814		2622		1		1
270.811		314.368		2688		1		1
276.182		264.379		3499		2		1
235.083		298.416		3013		2		1
231.744		296.014		3093		2		1
336		310		2820		2		1
335.202		308.399		2865		2		1
Frame 114
286.902		305.507		2848		2		1
280.557		280.808		3065		2		1
275.008		258.917		3694		2		1
274.28		248.826		3759		2		1
261.433		266.446		3548		2		1
241.212		281.279		3442		2		1
234.913		291.508		3182		2		1
234.444		296.283		3046		2		1
293.596		266.961		3566		2		1
302.895		280.869		3465		1		1
325.797		301.421		3027		1		1
329.141		307.88		2879		2		1
274.849		307.639		2898		2		1
269.288		344.184		2302		2		1
278.087		387.184		2164		1		1
266.223		373.252		2223		1		1
299.596		303.269		2694		2		1
298.649		311.467		2646		1		1
288.394		325.592		2616		1		1
271.092		314.148		2722		1		1
276.349		264.164		3491		2		1
235.714		298.857		3009		2		1
232.439		297.761		3071		2		1
338		311		2805		2		1
335.991		309.325		2834		2		1
Frame 115
286.811		303.359		2875		2		1
280.536		278.679		3139		2		1
274.994		256.674		3694		2		1
273.845		246.724		3784		2		1
260.46		264.763		3590		1		1
240.982		281.061		3453		1		1
235.299		291.623		3175		2		1
234.334		296.319		3063		2		1
293.896		266.93		3579		2		1
302.357		280.967		3459		1		1
324.853		301.72		3030		1		1
331.137		309.933		2840		2		1
274.21		304.134		2873		2		1
269.388		344.052		2305		2		1
278.181		387.01		2147		1		1
266.296		373.203		2225		1		1
299.668		301.905		2722		2		1
299.321		311.738		2629		2		1
289.02		325.897		2618		1		1
271.655		314.414		2725		1		1
276.324		261.939		3629		2		1
235.417		298.585		3015		2		1
231.901		296.076		3124		2		1
335.002		311		2773		2		1
335.273		309.558		2825		2		1
Frame 116
286.622		297.542		2900		2		1
280.37		274.026		3220		2		1
274.842		253.261		3715		2		1
273.148		246.706		3770		2		1
260.258		265.809		3579		2		1
241.645		280.559		3456		2		1
232.437		289.366		0		2		1
234.439		296.264		3055		2		1
297.384		270.844		3571		2		1
304.911		283.697		3427		1		1
324.346		303.077		3014		2		1
328.008		310.451		2856		1		1
273.796		298.341		2901		2		1
269.407		344.024		2304		2		1
278.199		386.975		2180		1		1
265.64		373.808		2227		1		1
299.754		297.236		2784		2		1
299.721		308.847		2659		1		1
289.4		323.091		2659		1		1
272.006		311.644		2817		1		1
276.165		258.246		3704		2		1
235.232		298.501		3013		2		1
231		295.972		0		2		1
330.75		313.749		2712		2		1
334.735		308.986		2868		2		1
Frame 117
285.225		304.207		2861		2		1
278.853		279.693		3077		2		1
273.207		257.971		3685		2		1
274.837		247.359		3767		2		1
258.255		272.791		3566		1		1
234.739		280.493		3640		2		1
236.547		290.521		3248		2		1
234.235		296.523		3054		2		1
297.438		270.849		3572		2		1
304.288		283.712		3427		1		1
326.375		302.199		3020		2		1
321.886		301.343		3056		2		1
273.114		306.091		2847		2		1
269.471		343.938		2317		2		1
278.259		386.865		2191		1		1
265.7		373.759		2225		1		1
297.628		302.127		2724		2		1
299.22		310.241		2657		2		1
288.925		324.432		2631		1		1
282.577		332.573		2488		1		1
274.557		263.166		3527		2		1
235.335		298.666		3012		2		1
231.212		296.685		3124		2		1
322.5		303		3007		2		1
323.005		300.879		3057		2		1
Frame 118
285.366		304.261		2879		2		1
278.958		279.831		3082		2		1
273.275		258.208		3705		2		1
274.58		247.579		3763		2		1
258.268		272.857		3573		1		1
235.649		281.935		0		2		1
236.542		290.854		3212		2		1
234.285		296.171		3046		2		1
294.546		267.461		3578		2		1
302.651		281.399		3444		1		1
323.629		300.361		3065		2		1
320.176		301.456		3046		2		1
273.905		309.098		2877		2		1
269.634		343.861		2318		2		1
278.421		386.767		2167		1		1
265.859		373.712		2223		1		1
297.557		300.242		2745		2		1
299.197		311.342		2646		1		1
288.885		325.53		2616		1		1
282.565		333.566		2472		1		1
274.635		263.376		3520		2		1
235.397		298.344		3020		2		1
231.257		298.281		3051		2		1
321.501		303.749		3006		2		1
324.447		300.557		3061		2		1
Frame 119
286.594		304.514		2864		2		1
279.883		279.925		3100		2		1
273.976		258.167		3712		2		1
274.197		247.231		3764		2		1
259.595		270.643		3558		2		1
236.651		280.716		0		1		1
236.579		290.373		3228		2		1
234.27		295.535		3102		2		1
294.523		267.405		3584		2		1
302.705		281.542		3449		1		1
324.72		299.591		3076		2		1
324.341		299.665		3076		2		1
275.318		307.718		2955		2		1
269.737		343.794		2314		2		1
278.522		386.677		2178		1		1
265.961		373.664		2223		1		1
299.167		301.127		2746		2		1
300.046		311.534		2634		1		1
289.728		325.698		2621		1		1
283.503		333.641		2474		1		1
275.385		263.367		3525		2		1
235.21		298.03		3010		2		1
231.996		296.094		3124		2		1
328		299		3087		2		1
328.553		298.783		3117		1		1
Frame 120
287.074		307.029		2812		2		1
280.146		280.734		3068		2		1
274.099		258.26		3693		2		1
273.138		247.557		3769		2		1
259.642		270.513		3556		1		1
236.562		280.873		0		1		1
236.726		290.528		3233		2		1
233.98		296.418		3073		2		1
294.508		267.396		3588		2		1
302.937		281.478		3448		1		1
324.761		299.796		3085		2		1
322.5		300		3071		2		1
273.867		313.463		2863		2		1
269.731		343.808		2318		2		1
278.516		386.696		2163		1		1
266.546		373.483		2223		1		1
300.37		303.21		2695		2		1
299.493		311.605		2652		2		1
289.198		325.754		2632		1		1
283.003		333.705		2480		1		1
275.525		263.562		3527		2		1
235.418		298.557		3023		2		1
232.495		299		3045		2		1
323		300		3066		2		1
326.723		299.115		3079		1		1
Frame 121
287.302		306.848		2830		2		1
280.425		280.796		3072		2		1
274.343		258.238		3701		2		1
273.291		247.44		3777		2		1
259.79		270.323		3579		1		1
237.605		280.828		0		2		1
236.596		292.263		3192		2		1
233.742		295.856		3096		2		1
294.478		267.364		3588		2		1
303.16		281.409		3444		1		1
325.304		299.381		3077		2		1
328.333		298.666		3115		2		1
274.158		312.747		2888		2		1
269.788		343.803		2320		2		1
278.571		386.674		2161		1		1
266.62		373.436		2224		1		1
300.407		302.497		2720		2		1
299.316		311.371		2648		1		1
289.049		325.492		2617		1		1
282.885		333.429		2477		1		1
275.782		263.577		3544		2		1
234.363		298.272		3022		2		1
234.798		292.195		3134		2		1
329		299		3104		2		1
328.883		298.963		3115		1		1
Frame 122
287.261		306.895		2828		2		1
280.419		280.858		3079		2		1
274.355		258.243		3702		2		1
273.664		247.499		3781		2		1
259.803		270.26		3556		1		1
238.153		281.345		3469		2		1
236.993		289.052		3256		2		1
234.07		295.828		3086		2		1
294.419		267.396		3571		1		1
303.346		281.385		3442		1		1
325.593		299.235		3093		1		1
333.241		305.367		2948		2		1
274.009		314.017		2842		2		1
269.783		343.773		2311		2		1
278.565		386.643		2171		1		1
266.602		373.492		2224		1		1
299.068		300.996		2746		2		1
299.108		311.355		2638		1		1
288.85		325.472		2616		1		1
282.687		333.41		2474		1		1
275.792		263.595		3523		2		1
234.999		298.266		3012		2		1
236.965		294.9		3134		2		1
333.899		305.699		2948		1		1
333.775		305.651		2948		1		1
Frame 123
285.409		306.513		2895		2		1
279.417		280.776		3084		2		1
273.915		258.123		3705		2		1
273.935		247.346		3772		2		1
256.776		269.407		3597		2		1
237.826		282.153		3408		1		1
236.172		292.106		3177		2		1
234.209		296.669		3042		2		1
293.441		267.113		3569		2		1
302.901		281.338		3447		1		1
325.336		298.95		3110		2		1
328		299		3096		2		1
271.028		311.167		2736		2		1
270.511		343.71		2348		2		1
279.288		386.488		2153		1		1
266.98		373.75		2225		1		1
297.841		301.353		2739		2		1
299.074		311.397		2647		2		1
288.816		325.514		2629		1		1
282.652		333.459		2466		1		1
275.249		263.503		3528		2		1
236.248		299		3018		2		1
237.499		297.994		3037		2		1
328.669		299.336		3096		1		1
328.623		299.264		3096		1		1
Frame 124
285.799		306.327		2886		2		1
279.606		280.746		3072		2		1
274.079		258.124		3711		2		1
273.915		247.369		3791		2		1
256.861		269.415		3594		1		1
238.398		282.372		3410		1		1
235.754		292.519		3130		2		1
234.407		296.339		3047		2		1
293.617		267.196		3567		1		1
303.039		281.4		3445		1		1
325.234		299.362		3089		2		1
332.864		305.532		2948		2		1
276.432		307.881		2990		2		1
270.97		343.66		2352		2		1
279.746		386.395		2149		1		1
267.448		373.484		2224		1		1
297.476		303.87		2715		2		1
299.877		311.72		2641		1		1
289.591		325.84		2619		1		1
283.481		333.822		2479		1		1
275.41		263.505		3531		2		1
235.501		299		3020		2		1
236.979		295.833		3065		2		1
333.522		305.865		2946		1		1
333.468		305.783		2946		1		1
Frame 125
285.72		306.139		2888		2		1
279.545		280.654		3059		2		1
274.014		258.051		3703		2		1
274.071		247.355		3802		2		1
255.746		269.784		3603		2		1
237.075		282.76		3393		1		1
238.713		286.401		3323		2		1
234.407		296.317		3040		2		1
293.625		267.217		3563		1		1
303.204		281.39		3444		1		1
324.993		299.842		3084		2		1
332.507		306.201		2918		2		1
276.194		307.73		2996		2		1
271.119		343.569		2368		2		1
279.892		386.275		2147		1		1
267.58		373.311		2225		1		1
297.086		303.755		2713		2		1
299.869		311.713		2647		1		1
289.584		325.832		2623		1		1
283.474		333.815		2480		1		1
275.347		263.435		3533		2		1
235.498		298.6		3014		2		1
237.626		297.872		3020		2		1
333.167		306.534		2924		1		1
333.114		306.451		2924		1		1
Frame 126
285.863		306.127		2892		2		1
279.658		280.733		3051		2		1
274.128		258.187		3699		2		1
274.022		247.58		3791		2		1
255.568		269.859		3596		2		1
237.051		282.867		3402		1		1
238.654		286.318		3329		2		1
234.147		295.954		3095		2		1
293.489		267.103		3574		2		1
302.116		281.339		3443		1		1
324.429		299.073		3087		2		1
324.34		299.665		3087		1		1
276.208		307.895		2988		2		1
271.228		343.519		2368		2		1
280		386.207		2157		1		1
267.677		373.22		2229		1		1
297.002		303.71		2720		2		1
300.242		312.205		2623		1		1
289.93		326.337		2609		1		1
283.83		334.367		2469		1		1
275.456		263.562		3529		2		1
235.054		298.317		3013		2		1
237.875		298.067		3021		2		1
328		299		3082		2		1
328		299		3082		2		1
Frame 127
285.841		306.102		2895		2		1
279.655		280.734		3069		2		1
274.135		258.219		3709		2		1
274.028		247.592		3772		2		1
255.567		269.845		3599		1		1
237.077		282.781		3402		1		1
237.658		286.885		3304		2		1
234.201		296.051		3048		2		1
293.489		267.129		3565		1		1
302.463		281.255		3452		1		1
324.614		299.186		3083		2		1
325.512		299.497		3086		2		1
276.112		307.875		2989		2		1
271.278		343.474		2363		2		1
280.05		386.159		2162		1		1
267.719		373.167		2221		1		1
296.86		303.705		2721		2		1
300.271		312.28		2630		1		1
289.958		326.41		2603		1		1
283.436		331.663		2509		1		1
275.458		263.585		3514		2		1
236.5		298.75		3017		2		1
238.334		298.666		3021		2		1
328		299		3095		2		1
329.157		298.835		0		1		1
Frame 128
285.852		306.076		2900		2		1
279.671		280.732		3079		2		1
274.17		258.234		3708		2		1
274.111		247.672		3792		2		1
256.664		268.673		3602		2		1
239.041		281.708		3433		2		1
234.717		293.295		3123		2		1
234.295		296.144		3059		2		1
293.538		267.12		3554		2		1
301.623		282.469		3456		1		1
321.618		302.578		3038		1		1
316.925		304.783		2988		2		1
276.094		307.865		2979		2		1
271.188		343.557		2367		2		1
279.964		386.271		2162		1		1
267.931		373.426		2224		1		1
296.854		303.708		2718		2		1
300.357		312.336		2617		1		1
290.042		326.466		2604		1		1
283.515		331.705		2513		1		1
275.487		263.597		3528		2		1
235.713		298.857		3025		2		1
238.09		298.138		3018		2		1
325.333		310		2862		2		1
327.365		307.364		2899		2		1
Frame 129
285.882		306.084		2894		2		1
279.712		280.765		3070		2		1
274.221		258.281		3707		2		1
274.128		247.77		3788		2		1
256.704		268.665		3603		1		1
239.163		281.708		3434		1		1
236.356		292.532		3164		2		1
234.311		296.271		3046		2		1
293.627		267.137		3565		2		1
301.1		282.729		3463		1		1
323.798		299.291		3081		2		1
320.228		301.652		3061		2		1
276.061		307.924		2986		2		1
271.07		344.725		2355		2		1
279.877		387.606		2147		1		1
267.869		374.632		2220		1		1
296.834		303.74		2721		2		1
300.475		312.469		2632		1		1
290.151		326.603		2597		1		1
283.619		331.826		2505		1		1
275.535		263.644		3529		2		1
235.666		298.333		3021		2		1
238.013		298.085		3023		2		1
321.501		303.499		3008		2		1
322.665		301.159		3043		2		1
