back
Frame 0
281.428		229.002		1715		2		0
279.472		162.465		1674		2		0
277.629		94.7561		1713		2		0
280.357		60.2027		1629		2		0
239.736		123.403		1720		2		0
229.688		182.324		1777		1		0
233.527		241.053		1715		1		0
238.638		260.91		1691		1		0
317.504		123.234		1708		2		0
329.875		180.052		1775		1		0
328.874		234.142		1718		1		0
324.867		253.442		1700		1		0
264.281		229.664		1740		2		0
269.722		317.256		1895		2		0
273.272		376.769		1961		2		0
263.584		397.047		1931		2		0
298.745		228.329		1722		2		0
300.844		309.507		1884		2		0
299.26		380.263		1935		2		0
303.326		400.026		1883		2		0
278.092		111.816		1717		2		0
244.695		278.241		1692		2		0
231.516		266.284		1718		2		0
323.836		272.57		1671		2		0
329.508		265.685		1671		2		0
Frame 1
281.486		228.987		1715		2		0
279.525		162.434		1675		2		0
277.672		94.7069		1714		2		0
280.546		60.1644		1628		2		0
239.825		123.325		1718		2		0
229.698		182.331		1778		1		0
233.582		241.143		1717		1		0
238.77		260.755		1692		1		0
317.575		123.244		1709		2		0
329.893		180.1		1778		1		0
328.924		234.264		1721		1		0
325.098		253.666		1697		1		0
264.341		229.637		1738		2		0
269.752		317.303		1889		2		0
273.247		376.763		1959		2		0
261.462		395.323		1984		2		0
298.797		228.325		1724		2		0
300.832		309.503		1883		2		0
299.259		380.31		1936		2		0
303.349		400.068		1892		2		0
278.138		111.771		1716		2		0
244.955		278.055		1692		2		0
233.882		266.073		1698		2		0
324.023		272.617		1669		2		0
329.68		266.174		1667		2		0
Frame 2
281.524		228.984		1716		2		0
279.588		162.419		1675		2		0
277.757		94.6843		1713		2		0
280.708		60.1572		1629		2		0
239.878		123.291		1720		2		0
229.704		182.314		1778		1		0
233.528		240.867		1717		1		0
238.812		260.83		1693		1		0
317.631		123.282		1710		2		0
329.907		180.118		1776		1		0
328.969		234.307		1722		1		0
325.247		253.737		1700		1		0
264.371		229.629		1741		2		0
269.75		317.304		1896		2		0
273.237		376.773		1953		2		0
276.476		399.705		1912		2		0
298.841		228.327		1720		2		0
300.755		311.802		1882		2		0
299.249		380.415		1924		2		0
303.473		400.072		1899		2		0
278.217		111.75		1719		2		0
244.828		278.177		1693		2		0
233.719		267.061		1703		2		0
324.169		272.625		1668		2		0
329.3		265.332		1669		2		0
Frame 3
281.563		228.972		1715		2		0
279.626		162.395		1673		2		0
277.789		94.6462		1713		2		0
280.832		60.1414		1630		2		0
239.952		123.229		1721		2		0
229.72		182.271		1776		1		0
233.532		240.805		1722		1		0
238.78		260.733		1692		1		0
317.703		123.291		1709		2		0
329.907		180.123		1775		1		0
329.021		234.234		1717		1		0
325.273		253.665		1698		1		0
264.414		229.612		1737		2		0
269.7		317.464		1894		2		0
273.207		376.894		1963		2		0
276.545		399.771		1909		2		0
298.872		228.322		1718		2		0
300.671		310.632		1881		2		0
299.233		380.367		1947		2		0
303.281		400.072		1886		2		0
278.25		111.715		1720		2		0
244.695		278.241		1692		2		0
233.338		265.898		1705		2		0
324.339		272.645		1669		2		0
329.349		265.032		1670		2		0
Frame 4
281.583		228.964		1713		2		0
279.647		162.384		1675		2		0
277.81		94.63		1710		2		0
280.915		60.1441		1627		2		0
239.999		123.187		1718		2		0
229.722		182.272		1774		1		0
233.495		240.622		1721		1		0
238.564		260.578		1690		1		0
317.752		123.31		1707		2		0
329.943		180.159		1774		1		0
329.05		234.234		1722		1		0
325.203		253.662		1700		1		0
264.433		229.596		1738		2		0
269.628		317.529		1890		2		0
273.197		376.919		1960		2		0
265.848		398.491		1908		2		0
298.889		228.321		1725		2		0
300.507		311.167		1882		2		0
299.236		380.366		1929		2		0
303.163		400.119		1892		2		0
278.271		111.701		1718		2		0
244.193		277.79		1685		2		0
232.758		266.134		1709		2		0
324.342		272.645		1669		2		0
329.883		265.294		1671		2		0
Frame 5
281.62		228.965		1711		2		0
279.672		162.371		1673		2		0
277.825		94.6021		1713		2		0
281.019		60.1268		1626		2		0
240.038		123.179		1718		2		0
229.728		182.267		1777		1		0
233.493		240.558		1719		1		0
238.844		260.796		1691		1		0
317.796		123.32		1708		2		0
329.945		180.165		1774		1		0
329.062		234.241		1717		1		0
325.224		253.693		1699		1		0
264.466		229.597		1736		2		0
269.557		317.622		1889		2		0
273.332		376.892		1952		2		0
277.09		399.672		1908		2		0
298.924		228.323		1719		2		0
300.577		310.669		1886		2		0
299.315		380.132		1937		2		0
303.038		399.857		1889		2		0
278.288		111.677		1717		2		0
244.828		278.178		1690		2		0
234.858		265.707		1695		2		0
324.442		272.66		1669		2		0
329.54		265.101		1672		2		0
Frame 6
281.649		228.957		1710		2		0
279.694		162.359		1673		2		0
277.839		94.5845		1711		2		0
281.08		60.1311		1629		2		0
240.058		123.158		1716		2		0
229.746		182.234		1777		1		0
233.485		240.446		1717		1		0
238.644		260.593		1690		1		0
317.821		123.331		1706		2		0
329.964		180.172		1773		1		0
329.075		234.23		1719		1		0
325.083		253.448		1697		1		0
264.493		229.585		1738		2		0
269.527		317.663		1891		2		0
273.308		376.869		1954		2		0
260.718		394.811		2045		2		0
298.947		228.319		1719		2		0
300.812		309.75		1882		2		0
299.297		380.126		1939		2		0
303.151		399.908		1882		2		0
278.304		111.661		1714		2		0
244.515		278.235		1693		2		0
233.285		266.216		1700		2		0
324.387		272.723		1668		2		0
330.171		265.293		1677		2		0
Frame 7
281.664		228.956		1713		2		0
279.729		162.345		1674		2		0
277.897		94.5418		1711		2		0
281.143		60.1068		1627		2		0
240.08		123.126		1719		2		0
229.758		182.227		1780		1		0
233.525		240.535		1722		1		0
238.616		260.875		1693		1		0
317.858		123.346		1704		2		0
329.98		180.178		1775		1		0
329.078		234.238		1723		1		0
325.106		253.616		1699		1		0
264.504		229.58		1736		2		0
269.526		317.662		1891		2		0
273.283		376.816		1948		2		0
263.408		396.762		1942		2		0
298.961		228.324		1721		2		0
300.833		309.493		1883		2		0
299.283		380.112		1930		2		0
303.021		400.009		1900		2		0
278.355		111.627		1716		2		0
244.382		278.216		1692		2		0
233.689		265.685		1703		2		0
324.516		272.716		1671		2		0
329.524		265.155		1673		2		0
Frame 8
281.67		228.959		1709		2		0
279.739		162.345		1674		2		0
277.91		94.5381		1710		2		0
281.174		60.0977		1627		2		0
240.088		123.113		1718		2		0
229.752		182.22		1777		1		0
233.524		240.517		1723		1		0
238.525		260.575		1694		1		0
317.902		123.376		1708		2		0
329.975		180.179		1775		1		0
329.085		234.229		1717		1		0
324.828		253.348		1702		1		0
264.509		229.579		1739		2		0
269.506		317.616		1894		2		0
273.277		376.816		1943		2		0
262.591		396.395		1945		2		0
298.969		228.336		1722		2		0
300.931		309.258		1882		2		0
299.3		380.137		1940		2		0
303.193		399.912		1879		2		0
278.368		111.624		1717		2		0
244.255		278.234		1691		2		0
233.265		265.344		1703		2		0
324.391		272.723		1668		2		0
329.968		265.121		1674		2		0
Frame 9
281.695		228.964		1709		2		0
279.765		162.342		1673		2		0
277.932		94.5295		1710		2		0
281.204		60.0779		1628		2		0
240.12		123.096		1717		2		0
229.757		182.223		1777		1		0
233.587		240.7		1718		1		0
238.47		260.838		1694		1		0
317.92		123.38		1706		2		0
329.974		180.172		1773		1		0
329.084		234.223		1711		1		0
324.938		253.334		1701		1		0
264.534		229.59		1739		2		0
269.312		314.49		1899		2		0
273.247		376.768		1949		2		0
278.093		399.52		1924		2		0
298.988		228.336		1722		2		0
300.905		310.687		1883		2		0
299.298		380.213		1927		2		0
303.146		399.943		1888		2		0
278.391		111.617		1716		2		0
244.16		278.29		1690		2		0
233.576		266.121		1701		2		0
324.392		272.723		1671		2		0
330.652		265.674		1677		2		0
Frame 10
281.708		228.978		1713		2		0
279.778		162.342		1672		2		0
277.946		94.5178		1712		2		0
281.224		60.0769		1626		2		0
240.149		123.088		1717		2		0
229.758		182.228		1779		1		0
233.549		240.665		1713		1		0
238.342		260.683		1689		1		0
317.941		123.389		1706		2		0
330.002		180.325		1767		1		0
329.085		234.239		1718		1		0
324.769		253.006		1701		1		0
264.545		229.604		1739		2		0
269.235		315.358		1894		2		0
272.934		377.975		1941		2		0
264.556		398.794		1905		2		0
299		228.35		1722		2		0
300.967		311.298		1877		2		0
299.359		380.308		1939		2		0
303.048		400.025		1894		2		0
278.405		111.608		1716		2		0
244.403		278.158		1689		2		0
233.502		266.142		1696		2		0
324.394		272.724		1666		2		0
329.441		265.434		1674		2		0
Frame 11
281.731		228.985		1710		2		0
279.801		162.34		1672		2		0
277.966		94.5057		1709		2		0
281.233		60.0708		1626		2		0
240.165		123.085		1715		2		0
229.767		182.24		1778		1		0
233.539		240.696		1720		1		0
238.516		260.922		1688		1		0
317.963		123.39		1705		2		0
330.011		180.332		1767		1		0
329.083		234.214		1716		1		0
324.65		252.967		1701		1		0
264.569		229.619		1738		2		0
269.357		316.224		1887		2		0
273.057		378.065		1947		2		0
265.009		399.305		1897		2		0
299.015		228.352		1719		2		0
300.932		312.06		1878		2		0
300.17		379.946		1930		2		0
302.411		399.429		1896		2		0
278.426		111.598		1714		2		0
244.364		278.407		1690		2		0
233.447		266.204		1698		2		0
324.157		272.653		1671		2		0
329.575		265.339		1674		2		0
Frame 12
281.756		229.004		1707		2		0
279.827		162.341		1671		2		0
277.989		94.4869		1709		2		0
281.247		60.0736		1627		2		0
240.164		123.104		1714		2		0
229.77		182.231		1774		1		0
233.496		240.64		1717		1		0
238.42		260.733		1688		1		0
317.977		123.415		1705		2		0
330.007		180.307		1764		1		0
329.091		234.183		1715		1		0
324.541		252.986		1700		1		0
264.581		229.638		1737		2		0
269.368		316.354		1893		2		0
273.026		377.881		1949		2		0
260.989		396.599		2020		2		0
299.046		228.37		1719		2		0
300.972		311.178		1880		2		0
300.107		380.021		1941		2		0
302.893		399.562		1887		2		0
278.449		111.585		1714		2		0
244.386		278.492		1686		2		0
233.669		266.56		1697		2		0
324.157		272.652		1665		2		0
329.742		265.26		1673		2		0
Frame 13
281.765		229.012		1712		2		0
279.829		162.342		1672		2		0
277.989		94.4867		1711		2		0
281.247		60.0742		1627		2		0
240.178		123.093		1718		2		0
229.765		182.225		1774		1		0
233.457		240.608		1720		1		0
238.21		260.818		1690		1		0
317.998		123.428		1705		2		0
330.013		180.313		1766		1		0
329.077		234.145		1712		1		0
324.878		253.175		1699		1		0
264.587		229.645		1735		2		0
269.533		314.293		1899		2		0
273.031		377.714		1947		2		0
277.887		400.172		1903		2		0
299.056		228.379		1721		2		0
300.937		310.692		1880		2		0
299.993		379.983		1943		2		0
303.035		399.43		1883		2		0
278.449		111.584		1714		2		0
244.323		278.297		1692		2		0
231.719		266.721		1718		2		0
324.391		272.723		1668		2		0
329.593		265.277		1673		2		0
Frame 14
281.77		229.015		1711		2		0
279.84		162.341		1672		2		0
278.005		94.4782		1710		2		0
281.246		60.073		1628		2		0
240.182		123.087		1717		2		0
229.767		182.209		1777		1		0
233.468		240.632		1715		1		0
238.357		260.774		1688		1		0
318.015		123.433		1709		2		0
330.02		180.319		1766		1		0
329.079		234.163		1717		1		0
324.766		253.193		1698		1		0
264.59		229.654		1739		2		0
269.371		317.354		1890		2		0
273.184		377.597		1955		2		0
271.873		399.688		1885		2		0
299.061		228.378		1718		2		0
301.107		311.207		1885		2		0
299.983		380.021		1937		2		0
303.1		399.563		1889		2		0
278.464		111.578		1716		2		0
244.386		278.492		1689		2		0
233.349		266.367		1702		2		0
324.391		272.724		1667		2		0
329.833		265.399		1672		2		0
Frame 15
281.78		229.022		1710		2		0
279.855		162.34		1673		2		0
278.022		94.4701		1711		2		0
281.242		60.067		1628		2		0
240.183		123.087		1714		2		0
229.78		182.208		1778		1		0
233.513		240.764		1714		1		0
238.402		260.865		1691		1		0
318.038		123.441		1708		2		0
330.037		180.319		1764		1		0
329.083		234.162		1718		1		0
324.939		253.346		1701		1		0
264.597		229.666		1739		2		0
269.409		318.023		1895		2		0
273.231		377.401		1954		2		0
261.065		396.264		1959		2		0
299.075		228.379		1720		2		0
301.021		310.423		1879		2		0
299.919		380.004		1937		2		0
302.563		399.556		1888		2		0
278.48		111.571		1715		2		0
244.487		278.319		1691		2		0
233.121		266.285		1701		2		0
324.495		272.741		1666		2		0
329.652		265.217		1671		2		0
Frame 16
281.803		229.034		1713		2		0
279.866		162.336		1672		2		0
278.025		94.4609		1710		2		0
281.238		60.0582		1627		2		0
240.184		123.084		1718		2		0
229.783		182.216		1776		1		0
233.515		240.767		1719		1		0
238.521		260.82		1688		1		0
318.063		123.451		1708		2		0
330.055		180.342		1767		1		0
329.094		234.156		1717		1		0
324.947		253.356		1700		1		0
264.615		229.687		1737		2		0
269.424		318.309		1896		2		0
273.244		377.251		1960		2		0
276.114		399.492		1909		2		0
299.1		228.381		1719		2		0
301.129		309.406		1885		2		0
299.789		379.703		1938		2		0
302.21		399.039		1891		2		0
278.485		111.563		1714		2		0
244.574		278.32		1685		2		0
232.111		265.766		1712		2		0
324.285		272.683		1669		2		0
329.544		265.279		1673		2		0
Frame 17
281.826		229.05		1706		2		0
279.877		162.336		1669		2		0
278.025		94.4493		1709		2		0
281.225		60.0451		1628		2		0
240.186		123.084		1717		2		0
229.795		182.242		1776		1		0
233.507		240.72		1722		1		0
238.557		260.918		1692		1		0
318.088		123.471		1705		2		0
330.081		180.37		1763		1		0
329.097		234.232		1713		1		0
324.839		253.7		1697		1		0
264.627		229.696		1737		2		0
269.386		318.291		1893		2		0
273.244		377.24		1954		2		0
264.944		398.254		1909		2		0
299.129		228.405		1721		2		0
301.064		310.33		1880		2		0
299.663		379.7		1935		2		0
302.466		398.975		1894		2		0
278.488		111.554		1713		2		0
244.322		278.297		1687		2		0
233.772		266.724		1693		2		0
323.837		273.713		1667		2		0
329.852		265.051		1668		2		0
Frame 18
281.827		229.049		1708		2		0
279.885		162.332		1674		2		0
278.042		94.4419		1709		2		0
281.214		60.0449		1627		2		0
240.194		123.093		1718		2		0
229.804		182.259		1778		1		0
233.508		240.715		1721		1		0
238.613		260.84		1686		1		0
318.114		123.493		1706		2		0
330.094		180.378		1766		1		0
329.109		234.261		1713		1		0
325.034		253.837		1696		1		0
264.626		229.687		1733		2		0
269.415		318.304		1893		2		0
273.387		377.154		1947		2		0
263.842		397.725		1932		2		0
299.131		228.413		1719		2		0
301.03		309.613		1882		2		0
299.658		379.705		1948		2		0
302.42		398.968		1895		2		0
278.503		111.547		1715		2		0
244.639		278.319		1689		2		0
231.74		268.031		1723		2		0
323.786		273.728		1670		2		0
329.636		265.524		1674		2		0
Frame 19
281.832		229.051		1712		2		0
279.894		162.331		1673		2		0
278.055		94.4358		1711		2		0
281.175		60.0322		1627		2		0
240.197		123.103		1718		2		0
229.816		182.255		1775		1		0
233.513		240.715		1720		1		0
238.541		260.75		1692		1		0
318.151		123.507		1709		2		0
330.094		180.378		1768		1		0
329.129		234.277		1715		1		0
325.007		253.893		1700		1		0
264.629		229.685		1742		2		0
269.184		313.194		1897		2		0
273.336		376.84		1956		2		0
267.785		399.353		1907		2		0
299.141		228.424		1722		2		0
301.052		309.481		1880		2		0
299.52		379.688		1928		2		0
302.685		399.049		1893		2		0
278.514		111.542		1717		2		0
244.083		277.88		1682		2		0
232.355		266.026		1708		2		0
323.791		273.728		1669		2		0
329.719		265.312		1672		2		0
Frame 20
281.853		229.048		1710		2		0
279.91		162.328		1671		2		0
278.064		94.4353		1712		2		0
281.142		60.0504		1626		2		0
240.192		123.127		1723		2		0
229.821		182.262		1778		1		0
233.539		240.745		1722		1		0
238.773		260.944		1690		1		0
318.159		123.519		1707		2		0
330.109		180.346		1769		1		0
329.131		234.28		1715		1		0
324.783		253.567		1696		1		0
264.642		229.684		1737		2		0
269.194		315.917		1891		2		0
273.326		376.918		1962		2		0
273.856		399.968		1900		2		0
299.166		228.42		1724		2		0
301.015		309.453		1880		2		0
299.443		379.622		1939		2		0
302.707		399.04		1897		2		0
278.525		111.541		1717		2		0
244.364		278.408		1684		2		0
233.268		266.017		1700		2		0
323.789		273.728		1670		2		0
329.583		265.14		1676		2		0
Frame 21
281.868		229.044		1708		2		0
279.917		162.327		1676		2		0
278.066		94.437		1710		2		0
281.038		60.0787		1623		2		0
240.197		123.132		1722		2		0
229.835		182.252		1775		1		0
233.555		240.684		1721		1		0
238.721		260.839		1691		1		0
318.178		123.517		1709		2		0
330.114		180.353		1766		1		0
329.137		234.271		1713		1		0
324.961		253.778		1698		1		0
264.654		229.679		1735		2		0
269.224		316.441		1891		2		0
273.304		376.931		1951		2		0
261.085		395.721		1983		2		0
299.183		228.418		1721		2		0
301.022		309.424		1883		2		0
299.38		379.692		1947		2		0
302.778		399.048		1899		2		0
278.528		111.542		1716		2		0
244.76		278.368		1691		2		0
230.696		263.245		1723		2		0
323.755		273.675		1666		2		0
329.907		265.302		1674		2		0
Frame 22
281.877		229.049		1713		2		0
279.939		162.341		1673		2		0
278.111		94.4764		1712		2		0
280.919		60.151		1616		2		0
240.203		123.138		1718		2		0
229.874		182.276		1776		1		0
233.565		240.669		1721		1		0
238.55		260.681		1690		1		0
318.198		123.524		1709		2		0
330.12		180.36		1765		1		0
329.137		234.27		1717		1		0
324.842		253.799		1700		1		0
264.657		229.68		1735		2		0
269.273		316.558		1891		2		0
273.275		376.919		1946		2		0
261.105		395.699		1983		2		0
299.196		228.429		1719		2		0
300.986		310.235		1882		2		0
299.342		379.703		1938		2		0
302.966		398.984		1891		2		0
278.566		111.573		1718		2		0
244.422		278.281		1690		2		0
234.45		266.049		1696		2		0
323.683		273.713		1667		2		0
329.724		265.589		1674		2		0
Frame 23
281.878		229.05		1704		2		0
279.961		162.351		1677		2		0
278.185		94.524		1711		2		0
280.771		60.2482		1608		2		0
240.229		123.145		1722		2		0
229.898		182.285		1777		1		0
233.606		240.62		1723		1		0
238.681		260.606		1691		1		0
318.208		123.546		1707		2		0
330.129		180.366		1767		1		0
329.137		234.27		1713		1		0
324.658		253.53		1698		1		0
264.657		229.678		1738		2		0
269.304		314.511		1895		2		0
273.402		376.726		1960		2		0
261.129		395.27		1979		2		0
299.2		228.433		1724		2		0
300.98		310.048		1880		2		0
299.312		379.739		1944		2		0
303.064		399.048		1888		2		0
278.624		111.607		1720		2		0
244.562		278.197		1693		2		0
233.533		266.186		1705		2		0
323.794		273.729		1669		2		0
329.601		265.14		1672		2		0
Frame 24
281.879		229.051		1702		2		0
279.982		162.367		1674		2		0
278.245		94.5763		1713		2		0
280.535		60.4025		1604		2		0
240.264		123.164		1726		2		0
229.946		182.297		1776		1		0
233.625		240.593		1718		1		0
238.543		260.587		1691		1		0
318.21		123.548		1708		2		0
330.14		180.368		1764		1		0
329.142		234.251		1719		1		0
324.779		253.373		1700		1		0
264.657		229.679		1736		2		0
269.483		313.64		1893		2		0
273.371		376.711		1948		2		0
261.118		395.208		1997		2		0
299.201		228.435		1718		2		0
301.026		309.721		1885		2		0
299.324		379.877		1929		2		0
303.135		399.203		1891		2		0
278.673		111.648		1717		2		0
244.629		278.251		1691		2		0
232.766		266.845		1711		2		0
323.54		273.705		1667		2		0
329.663		265.32		1670		2		0
Frame 25
281.881		229.051		1708		2		0
280.01		162.394		1671		2		0
278.317		94.673		1715		2		0
280.251		60.562		1609		2		0
240.299		123.177		1727		2		0
230.005		182.326		1782		1		0
233.649		240.492		1720		1		0
238.791		260.352		1688		1		0
318.215		123.552		1707		2		0
330.148		180.355		1772		1		0
329.144		234.239		1714		1		0
324.77		253.665		1700		1		0
264.658		229.679		1738		2		0
269.591		316.123		1894		2		0
273.324		376.675		1961		2		0
261.463		395.53		1985		2		0
299.203		228.436		1722		2		0
301.072		309.533		1883		2		0
299.261		379.907		1930		2		0
303.052		399.453		1906		2		0
278.733		111.723		1719		2		0
245.166		278.138		1693		2		0
233.507		265.96		1701		2		0
323.691		273.713		1668		2		0
329.455		264.816		1677		2		0
Frame 26
281.886		229.05		1715		2		0
280.051		162.449		1677		2		0
278.406		94.8466		1719		2		0
279.924		60.7822		1609		2		0
240.346		123.217		1726		2		0
230.054		182.315		1784		1		0
233.706		240.429		1719		1		0
238.867		260.4		1691		1		0
318.225		123.542		1709		2		0
330.125		180.302		1768		1		0
329.156		234.064		1718		1		0
324.807		253.373		1699		1		0
264.663		229.679		1736		2		0
269.476		316.739		1895		2		0
273.332		376.661		1951		2		0
261.461		395.506		1987		2		0
299.207		228.434		1721		2		0
301.053		310.13		1882		2		0
299.197		379.868		1949		2		0
303.181		399.436		1892		2		0
278.81		111.862		1719		2		0
244.626		278.051		1692		2		0
233.282		265.909		1703		2		0
323.547		273.706		1669		2		0
329.827		265.324		1672		2		0
Frame 27
281.897		229.043		1716		2		0
280.129		162.527		1678		2		0
278.585		95.0747		1717		2		0
279.606		61.0495		1613		2		0
240.41		123.239		1728		2		0
230.158		182.345		1783		1		0
233.771		240.179		1727		1		0
238.992		260.195		1691		1		0
318.229		123.547		1714		2		0
330.148		180.301		1771		1		0
329.147		234.056		1718		1		0
324.845		253.593		1702		1		0
264.672		229.657		1746		2		0
269.517		316.773		1894		2		0
273.284		376.66		1956		2		0
274.809		399.722		1897		2		0
299.217		228.438		1725		2		0
301.057		309.841		1884		2		0
299.204		379.89		1932		2		0
303.172		399.434		1891		2		0
278.961		112.047		1718		2		0
244.446		277.603		1685		2		0
231.993		264.03		1710		2		0
323.261		273.691		1673		2		0
329.055		265.225		1677		2		0
Frame 28
281.932		229.045		1714		2		0
280.222		162.641		1680		2		0
278.732		95.3285		1718		2		0
279.217		61.4411		1609		2		0
240.387		123.274		1730		2		0
230.272		182.343		1785		1		0
233.847		240.042		1732		1		0
239.146		259.978		1694		1		0
318.237		123.53		1712		2		0
330.149		180.29		1769		1		0
329.136		233.925		1720		1		0
324.818		253.651		1702		1		0
264.711		229.612		1740		2		0
269.469		316.899		1891		2		0
273.221		376.65		1956		2		0
263.446		397.283		1933		2		0
299.251		228.482		1727		2		0
301.167		311.443		1882		2		0
299.24		380.076		1929		2		0
303.169		399.894		1896		2		0
279.096		112.264		1722		2		0
244.405		277.555		1694		2		0
233.119		265.47		1710		2		0
323.263		273.692		1672		2		0
329.939		265.458		1682		2		0
Frame 29
281.955		229.029		1717		2		0
280.322		162.797		1683		2		0
278.909		95.6685		1715		2		0
278.968		61.9176		1603		2		0
240.478		123.299		1732		2		0
230.395		182.351		1784		1		0
233.948		239.778		1731		1		0
239.193		259.887		1697		1		0
318.238		123.529		1713		2		0
330.163		180.272		1773		1		0
329.139		233.765		1723		1		0
324.839		253.073		1705		1		0
264.737		229.555		1746		2		0
269.478		316.909		1894		2		0
273.265		376.69		1955		2		0
264.588		397.885		1929		2		0
299.267		228.504		1724		2		0
301.171		311.814		1879		2		0
299.211		380.05		1942		2		0
302.826		400.426		1880		2		0
279.252		112.556		1720		2		0
244.679		277.538		1693		2		0
232.564		266.259		1721		2		0
324.026		272.647		1675		2		0
329.179		264.777		1687		2		0
Frame 30
282.006		228.969		1728		2		0
280.407		162.943		1687		2		0
279.041		96.0182		1717		2		0
278.813		62.2793		1593		2		0
240.55		123.34		1730		2		0
230.609		182.223		1788		1		0
234.08		239.629		1735		1		0
239.391		259.936		1703		1		0
318.251		123.522		1710		2		0
330.161		180.185		1775		1		0
329.182		233.729		1724		1		0
325.197		253.607		1713		1		0
264.797		229.485		1751		2		0
269.524		316.918		1894		2		0
273.213		376.839		1965		2		0
264.47		397.914		1910		2		0
299.304		228.456		1731		2		0
301.3		309.622		1886		2		0
299.19		380.06		1942		2		0
303.06		400.286		1890		2		0
279.37		112.847		1723		2		0
244.86		277.461		1698		2		0
234.144		265.453		1709		2		0
323.891		272.929		1681		2		0
331.5		265.5		1692		2		0
Frame 31
282.067		228.915		1729		2		0
280.498		163.183		1688		2		0
279.168		96.5107		1716		2		0
278.678		62.7807		1579		2		0
240.615		123.369		1733		2		0
230.859		182.138		1791		1		0
234.24		239.509		1740		1		0
239.558		259.9		1707		1		0
318.266		123.523		1711		2		0
330.162		180.218		1776		1		0
329.127		233.768		1731		1		0
324.91		253.449		1713		1		0
264.893		229.399		1756		2		0
269.601		316.693		1895		2		0
273.232		376.715		1948		2		0
264.726		397.665		1931		2		0
299.332		228.432		1734		2		0
301.317		309.305		1886		2		0
298.997		379.886		1955		2		0
303.234		400.225		1895		2		0
279.486		113.267		1719		2		0
244.758		277.643		1699		2		0
233.469		265.411		1720		2		0
323.815		272.883		1685		2		0
329.612		264.905		1694		2		0
Frame 32
282.14		228.79		1737		2		0
280.626		163.45		1691		2		0
279.37		97.0659		1714		2		0
278.692		63.3484		1568		2		0
240.667		123.435		1732		2		0
231.104		181.999		1797		1		0
234.471		239.582		1742		1		0
239.717		259.833		1714		1		0
318.287		123.524		1713		2		0
330.161		180.065		1778		1		0
329.074		233.794		1736		1		0
325.069		253.834		1717		1		0
265.012		229.228		1761		2		0
269.666		316.677		1899		2		0
273.197		376.744		1948		2		0
262.812		396.468		1945		2		0
299.362		228.352		1740		2		0
301.486		308.82		1892		2		0
298.94		379.584		1942		2		0
303.334		399.807		1891		2		0
279.662		113.74		1721		2		0
244.775		277.616		1711		2		0
235.17		265.622		1718		2		0
323.823		273.019		1689		2		0
329.434		265.199		1700		2		0
Frame 33
282.241		228.689		1742		2		0
280.737		163.793		1698		2		0
279.522		97.7799		1694		2		0
278.711		63.9953		1557		2		0
240.704		123.484		1734		2		0
231.38		181.946		1797		1		0
234.677		239.316		1752		1		0
239.991		259.55		1721		1		0
318.29		123.525		1712		2		0
330.19		179.897		1778		1		0
329.383		232.095		1742		1		0
325.151		251.329		1731		1		0
265.17		229.119		1765		2		0
269.702		316.734		1899		2		0
273.177		376.814		1946		2		0
264.197		397.44		1915		2		0
299.406		228.261		1746		2		0
301.495		308.741		1894		2		0
298.995		379.65		1956		2		0
303.164		399.933		1899		2		0
279.8		114.346		1716		2		0
244.934		277.196		1717		2		0
235.766		267.216		1723		2		0
324.816		270.633		1695		2		0
330.356		264.529		1705		2		0
Frame 34
282.338		228.555		1744		2		0
280.86		164.201		1702		2		0
279.672		98.5182		1679		2		0
278.775		64.725		1546		2		0
240.739		123.571		1730		2		0
231.606		182.009		1803		1		0
235.025		238.922		1764		1		0
240.083		259.189		1730		1		0
318.296		123.531		1712		2		0
330.153		179.932		1780		1		0
329.282		232.72		1745		1		0
325.25		252.111		1737		1		0
265.331		228.935		1772		2		0
269.893		316.966		1900		2		0
273.149		376.883		1955		2		0
263.347		397.117		1916		2		0
299.443		228.176		1750		2		0
301.969		309.592		1896		2		0
298.971		379.634		1946		2		0
303.24		399.921		1888		2		0
279.941		114.999		1721		2		0
245.071		276.948		1719		2		0
236.033		266.966		1730		2		0
324.654		270.953		1703		2		0
329.763		264.963		1712		2		0
Frame 35
282.529		228.508		1749		2		0
280.994		164.746		1705		2		0
279.752		99.4038		1664		2		0
278.892		65.6501		1541		2		0
240.775		123.633		1732		2		0
231.881		182.133		1804		1		0
235.331		238.415		1771		1		0
240.356		258.676		1743		1		0
318.305		123.551		1713		2		0
330.171		179.781		1785		1		0
329.343		232.94		1757		1		0
325.55		253.121		1743		1		0
265.575		228.844		1778		2		0
270.02		316.651		1907		2		0
273.191		376.878		1956		2		0
262.956		396.933		1949		2		0
299.572		228.177		1759		2		0
302.373		310.532		1896		2		0
299.005		379.668		1938		2		0
303.221		399.933		1883		2		0
280.039		115.806		1716		2		0
245.045		275.902		1729		2		0
233		264.332		1752		2		0
324.512		271.711		1712		2		0
333.732		243.253		1764		2		0
Frame 36
282.792		228.423		1768		2		0
281.111		165.258		1710		2		0
279.741		100.215		1650		2		0
279.014		67.0149		1527		2		0
240.786		123.801		1728		2		0
232.017		182.291		1809		1		0
235.465		238.088		1781		1		0
240.507		258.237		1754		1		0
318.319		123.587		1709		2		0
330.156		179.868		1787		1		0
329.447		233.054		1765		1		0
325.816		253.217		1748		1		0
265.911		228.762		1788		2		0
270.022		316.007		1908		2		0
273.23		376.885		1956		2		0
263.414		397.226		1924		2		0
299.762		228.091		1770		2		0
302.528		310.394		1898		2		0
299.071		379.253		1938		2		0
303.144		399.959		1881		2		0
280.07		116.548		1713		2		0
244.79		275.837		1745		2		0
235.309		265.662		1776		2		0
324.613		271.668		1721		2		0
331.299		252.064		0		2		0
Frame 37
282.956		228.437		1774		2		0
281.156		165.847		1713		2		0
279.608		101.174		1637		2		0
279.185		68.785		1516		2		0
240.857		124.051		1728		2		0
232.264		182.589		1808		1		0
235.861		238.076		1787		1		0
240.671		258.148		1768		1		0
318.371		123.76		1707		2		0
330.207		180.148		1796		1		0
329.58		233.02		1770		1		0
325.955		252.96		1760		1		0
266.161		228.702		1796		2		0
270.095		315.404		1917		2		0
273.189		376.912		1948		2		0
277.017		399.58		1908		2		0
299.836		228.181		1774		2		0
302.728		311.573		1907		2		0
299.113		379.367		1953		2		0
302.584		400.121		1890		2		0
280.003		117.436		1711		2		0
245.215		275.85		1756		2		0
237.066		266.921		1771		2		0
325.043		270.876		1729		2		0
330.121		266.175		1741		2		0
Frame 38
283.054		228.409		1783		2		0
281.197		166.549		1716		2		0
279.511		102.513		1630		2		0
279.439		70.9688		1503		2		0
240.894		124.496		1723		2		0
232.457		183.121		1812		1		0
236.271		238.301		1799		1		0
240.891		258.114		1782		1		0
318.463		124.135		1703		2		0
330.281		180.636		1797		1		0
329.796		232.062		1779		1		0
326.345		252.09		1771		1		0
266.317		228.69		1806		2		0
270.132		314.071		1920		2		0
273.13		377.172		1947		2		0
260.519		395.135		2036		2		0
299.863		228.134		1782		2		0
302.875		311.994		1903		2		0
299.14		379.512		1938		2		0
302.608		399.941		1899		2		0
279.953		118.671		1707		2		0
245.353		275.861		1771		2		0
237.197		268.503		1776		2		0
325.731		269.824		1743		2		0
331.167		253.311		1780		2		0
Frame 39
283.224		228.34		1796		2		0
281.294		166.623		1722		2		0
280.132		100.284		1594		2		0
279.722		71.3199		1491		2		0
241.051		125.123		1718		2		0
232.654		183.512		1811		1		0
236.701		238.64		1806		1		0
241.208		258.158		1793		1		0
318.555		124.737		1702		2		0
330.384		180.909		1794		1		0
329.909		232.695		1790		1		0
326.276		253.072		1780		1		0
266.552		228.582		1814		2		0
269.819		312.326		1928		2		0
273.133		377.297		1948		2		0
260.226		395.081		2021		2		0
299.978		228.104		1793		2		0
303.043		311.94		1908		2		0
299.089		379.535		1939		2		0
302.825		399.909		1902		2		0
280.438		117.728		1707		2		0
245.623		275.868		1783		2		0
237.166		266.803		1798		2		0
325.673		270.683		1753		2		0
334.01		243.654		1783		2		0
Frame 40
283.233		228.361		1816		2		0
281.392		166.84		1727		2		0
280.248		100.531		1549		2		0
280.02		73.189		1481		2		0
241.243		125.776		1719		2		0
232.84		184.068		1812		1		0
237.109		238.512		1819		1		0
241.5		257.806		1811		1		0
318.668		125.429		1703		2		0
330.426		181.801		1803		1		0
329.894		233.494		1799		1		0
326.456		253.861		1791		1		0
266.651		228.574		1830		2		0
269.72		312.302		1934		2		0
272.98		377.503		1955		2		0
269.573		399.588		1897		2		0
299.882		228.156		1809		2		0
303.229		311.768		1918		2		0
298.852		379.286		1962		2		0
303.214		399.294		1903		2		0
280.582		117.992		1703		2		0
245.772		275.096		1803		2		0
238.589		268.466		1808		2		0
325.709		271.677		1774		2		0
331.369		256.599		1810		2		0
Frame 41
283.36		228.642		1822		2		0
281.519		167.421		1733		2		0
280.261		101.367		1536		2		0
280.415		75.626		1464		2		0
241.471		126.796		1714		2		0
233.072		184.765		1813		1		0
237.492		238.904		1829		1		0
241.838		257.932		1823		1		0
318.649		126.322		1698		2		0
330.533		182.729		1807		1		0
329.834		234.724		1810		1		0
326.323		254.71		1805		1		0
266.852		228.809		1838		2		0
269.532		312.014		1936		2		0
272.958		377.513		1954		2		0
258.535		392.909		2080		2		0
299.935		228.483		1823		2		0
303.364		311.975		1923		2		0
298.822		378.682		1945		2		0
303.052		399.094		1902		2		0
280.633		118.775		1700		2		0
245.838		275.225		1808		2		0
239.022		267.267		1823		2		0
325.665		273		1782		2		0
333.753		246.728		1840		2		0
Frame 42
283.543		229.156		1838		2		0
281.713		168.824		1737		2		0
280.259		103.308		1525		2		0
280.672		78.439		1453		2		0
241.97		128.444		1710		2		0
233.283		185.503		1815		1		0
237.959		239.575		1834		1		0
242.467		258.733		1827		1		0
318.781		127.845		1699		2		0
330.565		184.016		1809		1		0
329.767		235.601		1815		1		0
326.247		254.905		1815		1		0
267.085		229.361		1852		2		0
269.304		311.958		1938		2		0
272.823		377.778		1947		2		0
270.554		400.083		1885		2		0
300.077		228.96		1832		2		0
303.356		311.924		1926		2		0
298.817		378.147		1958		2		0
302.923		398.506		1902		2		0
280.676		120.523		1694		2		0
246.871		276.279		1819		2		0
235.5		252.088		1849		2		0
325.937		272.054		1789		2		0
333.684		246.369		1816		2		0
Frame 43
283.477		229.74		1849		2		0
281.766		170.621		1742		2		0
280.184		105.85		1518		2		0
280.75		81.6562		1442		2		0
242.397		129.781		1707		2		0
233.517		186.458		1811		1		0
238.301		240.492		1835		1		0
242.918		259.753		1833		1		0
318.552		129.519		1692		2		0
330.495		185.3		1811		1		0
329.719		236.276		1822		1		0
326.271		255.897		1823		1		0
267.035		229.941		1857		2		0
269.21		312.547		1941		2		0
272.825		377.778		1956		2		0
270.601		399.946		1905		2		0
299.99		229.547		1848		2		0
303.51		311.116		1933		2		0
298.774		377.529		1952		2		0
302.762		397.723		1902		2		0
280.623		122.919		1690		2		0
246.651		276.466		1818		2		0
239.122		258.953		1832		2		0
326.228		273.076		1800		2		0
332.434		250.967		0		2		0
Frame 44
283.376		230.557		1862		2		0
281.78		171.921		1746		2		0
280.187		106.692		1501		2		0
281.087		85.1984		1434		2		0
242.743		131.671		1707		2		0
233.756		187.73		1807		1		0
239.794		244.655		1840		1		0
244.489		263.439		1835		1		0
318.425		131.176		1694		2		0
330.609		186.394		1808		1		0
329.6		237.208		1831		1		0
326.249		256.701		1833		1		0
266.963		230.813		1870		2		0
269.076		313.018		1940		2		0
272.581		378.883		1937		2		0
258.156		395.596		2060		2		0
299.857		230.309		1854		2		0
303.429		311.861		1935		2		0
298.736		377.943		1955		2		0
302.731		397.842		1902		2		0
280.62		123.877		1674		2		0
249.764		280.771		1836		2		0
242.736		273.306		1834		2		0
325.746		273.447		1813		2		0
334.288		245.429		1814		2		0
Frame 45
283.118		231.437		1871		2		0
281.486		175.264		1757		2		0
279.53		112.708		1518		2		0
281.07		89.2081		1428		2		0
242.918		133.421		1704		2		0
233.871		189.415		1807		1		0
240.65		247.421		1838		1		0
245.583		266.066		1837		1		0
318.161		133.265		1691		2		0
330.581		188.463		1812		1		0
329.611		238.773		1836		1		0
326.252		258.141		1838		1		0
266.835		231.646		1881		2		0
268.96		312.992		1940		2		0
272.614		379.071		1940		2		0
257.962		395.453		2049		2		0
299.468		231.236		1869		2		0
303.501		311.737		1937		2		0
298.865		377.919		1956		2		0
302.817		397.651		1900		2		0
280.069		129.2		1689		2		0
250.768		282.799		1839		2		0
243.015		274.338		1841		2		0
325.543		274.44		1817		2		0
334.877		246.875		1824		2		0
Frame 46
282.697		223.289		1896		2		0
281.345		176.193		1764		2		0
279.634		115.159		1496		2		0
281.513		93.2998		1420		2		0
242.961		135.896		1702		2		0
233.728		191.367		1810		1		0
241.299		250.045		1842		1		0
250.127		266.903		1845		1		0
318.093		135.841		1694		2		0
330.179		190.488		1815		1		0
329.496		242.689		1840		1		0
321.501		260.554		1862		1		0
266.847		223.352		1909		2		0
268.721		313.056		1948		2		0
272.592		379.087		1951		2		0
261.314		398.677		1945		2		0
298.628		223.231		1892		2		0
303.482		311.942		1939		2		0
299.718		378.302		1955		2		0
302.212		398.519		1898		2		0
280.111		130.958		1650		2		0
254.241		285.15		1834		2		0
242.356		275.183		1850		2		0
319.798		279.022		1897		2		0
330.153		273.41		1829		2		0
Frame 47
282.612		223.326		1913		2		0
281.315		176.503		1766		2		0
279.666		118.224		1476		2		0
281.692		98.3857		1423		2		0
243.114		138.615		1700		2		0
233.744		193.108		1807		1		0
241.477		251.355		1841		1		0
250.201		268.196		1843		1		0
318.004		138.371		1694		2		0
330.116		192.153		1815		1		0
327.83		252.663		1842		1		0
319.64		269.13		1851		1		0
266.781		223.446		1922		2		0
268.012		313.488		1945		2		0
272.656		379.159		1937		2		0
258.881		396.404		2041		2		0
298.51		223.199		1906		2		0
303.752		310.088		1941		2		0
299.529		378.015		1952		2		0
302.379		398.337		1893		2		0
280.103		133.529		1587		2		0
254.778		286.903		1835		2		0
242.213		274.455		1854		2		0
318.577		286.33		1859		2		0
329.54		274.612		1836		2		0
Frame 48
282.787		223.293		1914		2		0
281.425		177.043		1770		2		0
279.85		119.43		1457		2		0
281.936		102.964		1416		2		0
243.113		138.556		1702		2		0
233.656		194.747		1800		1		0
242.731		256.209		1825		1		0
250.874		272.65		1839		1		0
318.137		141.537		1693		2		0
330.245		194.992		1813		1		0
327.921		252.75		1851		1		0
320.48		270.728		1856		1		0
267.075		223.175		1938		2		0
267.995		314.349		1944		2		0
272.998		379.077		1949		2		0
278.923		400.001		1910		2		0
298.581		223.393		1919		2		0
303.794		310.345		1937		2		0
299.444		378.006		1938		2		0
302.461		398.32		1894		2		0
280.274		134.8		1537		2		0
256.459		290.696		1838		2		0
245.69		284.315		1841		2		0
319.21		288.51		1861		2		0
329.52		278.997		1836		2		0
Frame 49
282.331		223.694		1943		2		0
281.311		180.144		1781		2		0
280.185		128.146		1466		2		0
282.066		107.768		1416		2		0
243.226		145.306		1702		2		0
233.345		197.346		1798		1		0
242.867		259.224		1840		1		0
250.704		275.829		1835		1		0
318.225		144.78		1696		2		0
330.148		197.111		1818		1		0
328.148		253.579		1850		1		0
320.983		271.945		1863		1		0
266.609		223.771		1952		2		0
267.836		314.326		1945		2		0
273.01		379.079		1943		2		0
278.63		400.081		1923		2		0
298.105		223.579		1933		2		0
303.867		311.194		1941		2		0
299.268		377.657		1949		2		0
302.614		398.095		1900		2		0
280.455		142.17		1578		2		0
256.549		293.955		1833		2		0
246.442		286.91		1830		2		0
318.769		289.78		1888		2		0
328.19		283.094		1832		2		0
Frame 50
282.129		224.111		1950		2		0
281.378		182.542		1790		2		0
280.484		130.724		1458		2		0
282.385		112.885		1418		2		0
243.076		148.046		1702		2		0
233.329		200.498		1797		2		0
242.953		261.268		1833		2		0
250.673		279.003		1829		2		0
318.131		147.91		1702		2		0
329.987		199.157		1822		2		0
328.558		256.417		1846		2		0
320.956		275.043		1855		2		0
266.325		224.371		1961		2		0
267.306		315.11		1948		2		0
273.158		379.749		1944		2		0
258.256		396		2036		2		0
297.97		223.842		1946		2		0
303.93		311.468		1945		2		0
299.222		377.624		1947		2		0
302.742		398.046		1901		2		0
280.715		144.931		1548		2		0
257.016		296.914		1832		2		0
247.605		290.132		1824		2		0
318.586		292.842		1885		2		0
327.195		286.42		1829		2		0
Frame 51
282.132		224.528		1964		2		0
281.348		184.765		1797		2		0
280.392		134.415		1451		2		0
282.683		118.576		1418		2		0
243.028		149.655		1702		2		0
233.244		202.296		1791		2		0
242.751		264.269		1828		2		0
249.777		284.003		1822		2		0
318.039		151.73		1705		2		0
329.936		202.425		1821		2		0
328.285		260.971		1847		2		0
320.272		278.713		1855		2		0
266.247		224.761		1981		2		0
267.081		315.195		1947		2		0
273.18		379.712		1949		2		0
279.033		399.527		1926		2		0
298.057		224.295		1950		2		0
303.866		312.026		1941		2		0
299.051		376.626		1959		2		0
302.701		397.275		1906		2		0
280.649		148.23		1550		2		0
257.101		300.817		1821		2		0
250.351		294.28		1813		2		0
317.738		295.856		1880		2		0
326.334		286.78		1834		2		0
Frame 52
281.859		224.139		1980		2		0
281.37		187.041		1808		2		0
280.877		140.747		1457		2		0
282.862		123.836		1424		2		0
243.162		153.274		1707		2		0
233.208		205.147		1791		2		0
242.404		266.458		1818		2		0
249.051		287.556		1817		2		0
317.996		153.898		1708		2		0
329.829		205.607		1826		2		0
328.227		262.83		1846		2		0
320.545		281.257		1852		2		0
265.934		224.3		1990		2		0
267.056		314.943		1950		2		0
273.227		379.727		1946		2		0
272.526		400.638		1899		2		0
297.83		223.981		1970		2		0
303.912		312.49		1942		2		0
298.881		376.503		1947		2		0
302.491		396.953		1898		2		0
280.982		153.35		1555		2		0
257.402		302.662		1816		2		0
250.785		297.341		1801		2		0
317.41		298.447		1880		2		0
326.27		291.442		1827		2		0
Frame 53
281.511		223.968		1979		2		0
281.218		189.024		1815		2		0
280.913		144.864		1456		2		0
283.14		128.878		1424		2		0
243.649		157.32		1711		2		0
233.203		206.855		1788		2		0
243.058		271.189		1812		2		0
250.448		293.237		1801		2		0
317.919		157.026		1714		2		0
330.152		208.911		1826		2		0
328.359		263.132		1849		2		0
321.339		282.259		1849		2		0
265.57		224.157		2003		2		0
267.11		315.267		1952		2		0
272.828		379.152		1941		2		0
276.696		400.217		1916		2		0
297.491		223.781		1986		2		0
303.984		312.502		1943		2		0
298.632		376.72		1946		2		0
302.748		397.137		1901		2		0
280.976		157.017		1557		2		0
258.057		308.025		1804		2		0
251.467		300.655		1789		2		0
318.122		298.627		1899		2		0
327.322		295.219		1824		2		0
Frame 54
281.042		223.417		1990		2		0
280.607		191.244		1822		2		0
279.707		151.16		1472		2		0
283.41		133.927		1432		2		0
243.837		159.957		1715		2		0
233.416		208.753		1789		2		0
243.311		273.099		1807		2		0
249.549		293.862		1798		2		0
317.802		160.09		1717		2		0
330.616		212.567		1833		2		0
328.405		269.628		1842		2		0
321.136		289.044		1838		2		0
265.02		223.613		2013		2		0
267.181		315.871		1948		2		0
272.862		379.298		1949		2		0
277.21		400.368		1910		2		0
297.094		223.225		1992		2		0
304.171		313.211		1950		2		0
298.295		376.494		1954		2		0
302.839		396.838		1909		2		0
279.979		162.082		1564		2		0
260.072		308.723		1852		2		0
252.335		304.678		1779		2		0
317.703		304.265		1861		2		0
326.976		297.002		1822		2		0
Frame 55
280.93		222.571		1980		2		0
280.547		192.933		1830		2		0
279.914		155.102		1474		2		0
283.775		138.798		1441		2		0
244.119		162.658		1721		2		0
233.632		212.317		1794		2		0
243.495		276.909		1796		2		0
249.977		297.894		1781		2		0
317.973		163.092		1724		2		0
331.052		214.798		1835		2		0
328.129		273.741		1841		2		0
320.68		292.341		1833		2		0
264.88		222.68		2018		2		0
267.181		315.832		1936		2		0
272.768		379.215		1938		2		0
277.299		400.41		1911		2		0
297.011		222.463		2014		2		0
304.285		313.924		1950		2		0
298.308		376.5		1955		2		0
302.892		396.759		1909		2		0
280.092		165.518		1556		2		0
260.339		312.745		1812		2		0
257.599		291.198		1896		2		0
315.859		307.081		1860		2		0
326.701		301.14		1816		2		0
Frame 56
281.163		222.683		1989		2		0
280.803		195.085		1847		2		0
280.29		159.701		1477		2		0
284.184		144.091		1452		2		0
244.052		166.06		1730		2		0
233.484		217.036		1796		2		0
243.359		281.017		1791		2		0
250.47		302.028		1765		2		0
317.851		166.109		1733		2		0
331.511		218.221		1842		2		0
328.42		275.022		1844		2		0
321.396		294.649		1835		2		0
265.112		222.847		2010		2		0
267.104		316.855		1930		2		0
272.987		379.351		1944		2		0
277.207		400.568		1905		2		0
297.252		222.524		2021		2		0
304.38		314.886		1951		2		0
298.276		376.954		1947		2		0
302.569		397.163		1911		2		0
280.431		169.492		1545		2		0
259.57		316.952		1766		2		0
260		297		1896		2		0
316.796		309.994		1861		2		0
327.359		303.112		1813		2		0
Frame 57
281.645		217.209		1955		2		0
281.388		195.493		1845		2		0
281.607		165.17		1488		2		0
284.227		148.31		1454		2		0
243.772		169.481		1736		2		0
233.373		218.282		1800		2		0
243.061		282.337		1786		2		0
249.916		303.892		1766		2		0
317.694		171.648		1739		2		0
331.476		219.256		1843		2		0
328.651		278.302		1845		2		0
321.448		297.321		1832		2		0
265.513		217.143		1980		2		0
266.885		309.986		1935		2		0
273.051		379.344		1937		2		0
277.349		400.617		1915		2		0
297.824		217.452		1981		2		0
304.203		310.967		1943		2		0
297.912		376.849		1958		2		0
302.561		397.216		1898		2		0
281.447		173.153		1542		2		0
259.635		319.337		1749		2		0
252.252		289.864		1984		2		0
318.009		312.72		1858		2		0
327.386		305.299		1808		2		0
Frame 58
281.77		216.966		1960		2		0
280.424		196.449		1859		2		0
277.991		169.471		1509		2		0
284.422		152.951		1463		2		0
243.652		172.763		1751		2		0
232.936		220.818		1815		2		0
242.576		284.194		1789		2		0
249.145		305.669		1757		2		0
318		173.459		1753		2		0
331.312		221.062		1852		2		0
329.25		280.157		1851		2		0
322.015		299.181		1841		2		0
265.948		217.001		1983		2		0
266.889		309.041		1939		2		0
273.143		379.188		1946		2		0
279.079		400.281		1914		2		0
297.632		216.995		1993		2		0
304.195		309.758		1942		2		0
298.06		376.683		1957		2		0
302.104		397.61		1902		2		0
278.769		176.706		1548		2		0
259.145		321.392		1751		2		0
243.125		310.033		1777		2		0
318.839		315.625		1857		2		0
329.042		307.748		1819		2		0
Frame 59
282.292		216.034		1964		2		0
280.259		197.199		1859		2		0
277.229		172.342		1515		2		0
284.416		157.23		1479		2		0
243.653		175.236		1761		2		0
232.591		222.268		1822		2		0
242.036		286.308		1792		2		0
248.523		307.989		1761		2		0
318.469		176.256		1762		2		0
331.496		222.465		1855		2		0
329.957		281.904		1869		2		0
323.33		301.3		1851		2		0
266.779		216.048		1972		2		0
266.782		304.148		1943		2		0
273.14		379.292		1948		2		0
279.07		400.259		1935		2		0
297.878		216.049		1997		2		0
304.907		306.284		1941		2		0
298.072		376.581		1968		2		0
301.934		397.373		1895		2		0
278.133		179.125		1553		2		0
257.624		323.617		1744		2		0
257.115		310.521		1773		2		0
321.006		317.531		1875		2		0
329.866		310.117		1828		2		0
Frame 60
282.211		215.353		1938		2		0
279.345		197.467		1856		2		0
275.191		173.71		1527		2		0
284.453		160.102		1490		2		0
244.578		179.145		1768		2		0
231.963		227.8		1833		2		0
241.196		288.332		1809		2		0
247.213		309.756		1762		2		0
318.604		178.532		1771		2		0
331.489		224.16		1862		2		0
331.061		283.735		1872		2		0
325.065		302.945		1867		2		0
266.788		215.566		1951		2		0
266.484		304.701		1945		2		0
273.14		379.294		1947		2		0
278.932		400.352		1927		2		0
297.677		215.13		1999		2		0
304.758		304.998		1939		2		0
298.098		376.317		1956		2		0
301.829		396.928		1914		2		0
276.426		180.249		1552		2		0
256.112		325.609		1749		2		0
256.099		310.525		1775		2		0
322.205		319.431		1896		2		0
330.655		312.914		1842		2		0
Frame 61
282.062		214.69		1935		2		0
279.253		198.492		1853		2		0
275.379		177.736		1540		2		0
284.302		163.629		1497		2		0
244.593		183.227		1777		2		0
231.864		229.08		1848		2		0
240.036		290.949		1824		2		0
245.722		311.884		1778		2		0
318.511		181.796		1784		2		0
331.451		226.167		1873		2		0
332.075		284.956		1889		2		0
326.051		304.206		1885		2		0
266.763		215.044		1960		2		0
266.483		303.517		1941		2		0
273.448		379.309		1940		2		0
278.276		400.68		1924		2		0
297.405		214.333		1984		2		0
304.618		303.151		1941		2		0
298.102		376.466		1950		2		0
301.804		397.024		1909		2		0
276.479		183.379		1561		2		0
252.942		327.805		1761		2		0
253.218		309.111		1798		2		0
323.549		320.343		1926		2		0
331.694		315.463		1863		2		0
Frame 62
282.755		214.716		1939		2		0
279.397		200.201		1861		2		0
274.769		181.286		1557		2		0
283.79		168.321		1514		2		0
244.04		184.235		1787		2		0
231.23		232.861		1866		2		0
238.629		293.492		1821		2		0
244.091		314.007		1787		2		0
316.79		185.832		1792		2		0
331.292		228.246		1885		2		0
332.643		289.51		1912		2		0
326.191		308.037		1907		2		0
267.497		214.896		1934		2		0
266.429		301.755		1946		2		0
273.698		379.133		1950		2		0
278.44		400.712		1911		2		0
298.073		214.525		1988		2		0
304.875		301.97		1946		2		0
298.971		377.202		1956		2		0
301.648		397.914		1911		2		0
276.076		186.534		1571		2		0
251.233		329.281		1781		2		0
251.973		314.438		1806		2		0
324.039		323.302		1926		2		0
333.797		314.995		1894		2		0
Frame 63
282.869		214.993		1935		2		0
279.397		201.841		1863		2		0
274.686		184.807		1565		2		0
283.701		171.412		1526		2		0
243.419		187.434		1805		2		0
231.521		231.051		1883		2		0
236.687		294.681		1863		2		0
243.963		313.473		1829		2		0
316.954		186.72		1805		2		0
331.051		229.723		1902		2		0
333.107		290.2		1935		2		0
327.284		308.826		1941		2		0
267.596		215.363		1927		2		0
266.084		300.883		1943		2		0
273.798		378.962		1943		2		0
278.201		400.597		1926		2		0
298.207		214.624		1938		2		0
304.953		301.334		1951		2		0
298.498		377.037		1959		2		0
302.129		397.208		1898		2		0
276.012		189.52		1585		2		0
248.585		330.492		1810		2		0
255.719		304.113		1944		2		0
325.196		324.436		1958		2		0
335.632		310.713		1944		2		0
Frame 64
283.892		215.153		1936		2		0
279.565		203.316		1786		2		0
273.664		188.135		1586		2		0
283.137		175.993		1544		2		0
243.35		190.157		1820		2		0
230.446		240.169		1917		2		0
235.053		298.727		1888		2		0
243.23		315.855		1877		2		0
317.562		192.459		1826		2		0
330.471		234.196		1925		2		0
333.733		290.872		1976		2		0
327.856		308.648		1980		2		0
268.624		215.463		1915		2		0
265.411		298.955		1944		2		0
273.923		378.991		1937		2		0
278.624		400.517		1934		2		0
299.254		214.825		1923		2		0
306.325		293.46		1955		2		0
299.189		374.351		1966		2		0
300.67		396.297		1906		2		0
275.349		192.313		1597		2		0
244.9		331.998		1849		2		0
251.672		311.175		1990		2		0
325.736		323.31		2016		2		0
337.539		298.653		0		2		0
Frame 65
284.816		215.345		1928		2		0
280.214		205.162		1701		2		0
273.941		192.444		1601		2		0
282.721		179.633		1561		2		0
243.922		195.096		1841		2		0
230.538		240.391		1943		2		0
234.451		301.351		1937		2		0
240.616		317.787		1917		2		0
317.424		195.414		1845		2		0
330.233		235.265		1943		2		0
332.739		292.376		2008		2		0
328.163		305.975		2025		2		0
269.447		215.655		1909		2		0
265.239		297.962		1948		2		0
273.923		378.987		1942		2		0
279.709		400.073		1966		2		0
300.282		215.018		1934		2		0
306.475		293.387		1956		2		0
298.744		373.691		1975		2		0
302.264		395.374		1902		2		0
275.722		195.928		1608		2		0
241.966		332.999		1901		2		0
251.63		311.569		1985		2		0
325.631		321.1		2074		2		0
335.819		303.089		2029		2		0
Frame 66
284.877		214.367		1828		2		0
280.229		206.363		1654		2		0
274.03		197.813		1620		2		0
282.105		185.538		1583		2		0
244.591		199.229		1857		2		0
229.964		245.722		1975		2		0
233.587		303.507		1995		2		0
237.836		318.309		1965		2		0
315.88		200.013		1860		2		0
330.365		237.705		1969		2		0
332.404		293.307		2038		2		0
328.197		311.078		2055		2		0
269.604		214.764		1903		2		0
264.449		296.499		1941		2		0
273.946		378.838		1958		2		0
273.273		402.241		1885		2		0
300.288		213.969		1918		2		0
307.133		296.495		1945		2		0
300.409		377.94		1958		2		0
302.599		398.461		1904		2		0
275.761		199.977		1625		2		0
239.827		333.784		1958		2		0
250.356		310.076		1984		2		0
325.508		324.51		2109		2		0
318.501		313.145		1979		2		0
Frame 67
286.392		246.256		2168		2		0
280.333		227.47		1988		2		0
272.861		201.641		1648		2		0
281.447		189.797		1606		2		0
244.989		205.283		1884		2		0
229.708		252.124		2027		2		0
233.469		305.373		2051		2		0
236.261		319.269		2026		2		0
315.987		206.115		1882		2		0
330.208		250.638		2016		2		0
333.314		289.998		2094		2		0
329.682		306.728		2114		2		0
272.773		246.485		2166		2		0
263.557		319.987		1937		2		0
272.597		379.049		1957		2		0
278.856		399.862		1951		2		0
300.117		246.034		2145		2		0
303.96		335.473		1976		2		0
300.94		378.521		1943		2		0
300.85		399.458		1905		2		0
274.635		209.786		1686		2		0
239.292		333.713		2028		2		0
249.631		318.165		1989		2		0
329.746		321.749		2109		2		0
321.668		309.891		2122		2		0
Frame 68
281.301		251.499		2183		2		0
277.327		231.111		2017		2		0
271.22		205.329		1674		2		0
281.403		194.913		1635		2		0
245.823		208.203		1905		2		0
229.734		254.115		2065		2		0
232.413		308.825		2119		2		0
235.174		319.957		2092		2		0
315.301		206.929		1904		2		0
330.137		251.433		2045		2		0
331.643		287.523		2133		2		0
329.578		300.13		2152		2		0
267.836		252.272		2171		2		0
258.312		290.155		1942		2		0
269.342		370.808		1954		2		0
271.16		397.74		1898		2		0
294.793		250.736		2171		2		0
301.903		312.881		1990		2		0
302.081		382.099		1947		2		0
304.82		402.372		1869		2		0
273.197		212.128		1700		2		0
238.442		332.373		2108		2		0
234.394		325.216		2089		2		0
328.769		313.199		2172		2		0
322.59		309.525		2176		2		0
Frame 69
281.049		252.797		2202		2		0
276.206		233.982		2000		2		0
269.628		209.813		1723		2		0
281.125		199.966		1661		2		0
245.355		214.619		1937		2		0
230.087		255.629		2101		2		0
232.04		306.528		2190		2		0
234.998		317.361		2179		2		0
313.027		213.507		1930		2		0
329.17		250.136		2072		2		0
328.487		290.867		2200		2		0
328.843		303.298		2223		1		0
267.639		253.44		2197		2		0
260.497		304.014		1931		2		0
270.344		379.417		1942		2		0
271.224		401.052		1885		2		0
294.486		252.17		2188		2		0
305.994		289.797		1962		2		0
302.808		373.588		1960		2		0
303.864		398.327		1887		2		0
271.349		216.768		1741		2		0
239.007		330.361		2190		2		0
230.318		322.909		2188		2		0
329.678		316.553		2233		2		0
323		312.895		2208		2		0
Frame 70
280.631		256.522		2221		2		0
274.947		234.487		2006		2		0
267.029		206.38		1753		2		0
280.434		204.649		1690		2		0
245.842		219.605		1967		2		0
230.48		254.459		2130		2		0
230.975		295.22		2242		2		0
234.959		311.622		2263		2		0
312.092		217.215		1961		2		0
328.59		251.732		2105		2		0
328.926		286.967		2236		2		0
328.868		298.192		2247		1		0
267.361		257.202		2223		2		0
256.023		293.293		1947		2		0
269.331		373.964		1946		2		0
270.581		398.136		1892		2		0
293.912		255.851		2212		2		0
305.148		290.417		1970		1		0
303.009		374.6		1951		2		0
303.656		398.521		1882		2		0
269.355		214.444		1747		2		0
240.54		323.308		2311		2		0
229.839		317.57		2296		2		0
331.205		311.694		2305		2		0
324		310.498		2270		2		0
Frame 71
278.116		262.744		2243		2		0
272.882		239.781		2051		2		0
266.311		210.931		1777		2		0
279.446		210.344		1731		2		0
245.574		223.465		2002		2		0
231.276		257.877		2179		2		0
231.079		294.329		2307		2		0
234.527		308.8		2336		2		0
311.145		221.912		1991		2		0
327.136		258.398		2153		2		0
328.058		287.912		2292		2		0
328.594		294.533		2294		1		0
264.862		263.76		2223		2		0
255.824		295.643		1953		2		0
269.534		376.456		1941		2		0
269.769		399.731		1875		2		0
291.326		261.743		2232		2		0
304.011		291.46		1988		1		0
303.057		376.606		1947		2		0
304.921		399.456		1886		2		0
268.107		218.819		1786		2		0
234.712		320.428		2354		2		0
229.645		308.943		0		2		0
328.466		307.921		2352		2		0
326.287		297.717		2270		2		0
Frame 72
278.403		263.435		2268		2		0
273.264		240.271		2069		2		0
266.881		211.297		1804		2		0
278.879		215.038		1766		2		0
246.721		228.796		2048		2		0
231.934		266.339		2257		2		0
233.398		293.965		2374		2		0
234.507		304.761		2435		2		0
310.023		227.429		2030		2		0
326.552		257.746		2188		2		0
327.559		286.947		2330		2		0
328.223		289.655		2354		1		0
265.081		264.288		2269		2		0
253.409		290.511		1985		2		0
267.038		372.673		1950		2		0
269.073		400.489		1878		2		0
291.694		262.577		2262		2		0
303.635		295.287		2003		1		0
304.1		380.52		1943		2		0
305.98		401.747		1877		2		0
268.618		219.199		1795		2		0
232.849		315.563		2459		2		0
231.08		307.015		2486		2		0
326		306.5		2397		2		0
325.837		293.345		0		2		0
Frame 73
280.787		272.655		2290		2		0
274.089		247.653		2119		2		0
265.795		216.692		1848		2		0
278.169		219.38		1805		2		0
246.339		233.679		2083		2		0
233.267		265.49		2285		2		0
232.947		291.527		2418		2		0
233.737		299.456		2453		2		0
309.01		232.333		2073		2		0
325.028		258.751		2229		2		0
326.132		287.749		2364		2		0
327.61		287.044		2371		1		0
267.435		273.268		2268		2		0
252.015		290.014		2005		2		0
266.959		372.063		1935		2		0
268.311		401.537		1873		2		0
294.175		272.054		2242		2		0
303.633		297.08		2016		1		0
304.087		382.467		1948		2		0
306.692		402.507		1879		2		0
268.049		225.108		1836		2		0
233.399		312.2		2518		2		0
234.333		305.335		2508		2		0
328.001		294.331		2405		2		0
326.51		293.193		2372		2		0
Frame 74
280.164		275.796		2317		2		0
273.653		250.734		2153		2		0
265.688		220.075		1892		2		0
277.409		224.319		1855		2		0
246.416		236.622		2129		2		0
236.039		266.662		2318		1		0
233.21		294.713		2483		1		0
234.069		301.455		2534		1		0
308.435		236.596		2118		2		0
322.468		264.01		2278		2		0
309.607		310.042		1999		2		0
305.864		339.385		1998		1		0
266.839		275.789		2306		2		0
249.538		290.623		2040		2		0
266.567		373.679		1942		2		0
268.247		401.977		1886		2		0
293.579		275.761		2281		2		0
300.891		301.23		2120		1		0
304.446		385.022		1932		2		0
308.381		403.455		1837		2		0
267.842		228.368		1891		2		0
235.569		313.998		2553		2		0
233.726		304.042		0		2		0
298.584		354.132		2013		2		0
310.804		351.083		1967		2		0
Frame 75
282.484		282.014		2360		2		0
274.641		255.541		2199		2		0
265.122		223.411		1943		2		0
276.74		227.52		1910		2		0
246.8		244.69		2182		2		0
236.91		270.112		2365		2		0
233.53		296.042		2531		1		0
233.394		296.344		2531		1		0
307.27		239.631		2164		2		0
319.69		266.589		2315		2		0
308.573		310.92		2030		2		0
305.75		340.255		2008		1		0
269.497		282.813		2342		2		0
248.964		291.607		2056		2		0
266.807		374.627		1958		2		0
268.157		402.035		1859		2		0
295.587		281.221		2273		2		0
300.814		305.774		2107		1		0
304.819		384.991		1936		2		0
308.54		402.503		1832		2		0
267.688		232.074		1945		2		0
237.499		317		2584		2		0
233.063		298.997		2578		1		0
300.071		355.036		2002		2		0
317.002		345.383		2015		2		0
Frame 76
281.925		289.311		2417		2		0
272.435		261.157		2267		2		0
261.089		227.512		2102		2		0
274.747		230.033		1976		2		0
247.198		248.67		2239		2		0
235.306		279.437		2443		2		0
272.021		292.332		2397		2		0
275.11		293.129		2419		1		0
306.594		244.047		2229		2		0
318.849		270.534		2372		2		0
309.763		311.995		2046		2		0
308.184		326.918		2034		2		0
269.079		290.154		2363		2		0
248.193		293.211		2098		2		0
265.708		376.403		1963		2		0
267.52		402.646		1844		2		0
294.888		288.472		2289		2		0
309.722		299.418		2071		2		0
305.671		385.292		1933		2		0
309.429		405.182		1807		2		0
264.13		236.527		2099		2		0
286.709		298.574		2417		2		0
274.217		298.795		2445		2		0
304.898		341.857		2029		2		0
314.34		336.173		2020		2		0
Frame 77
282.021		295.134		2453		2		0
278.186		272.757		2383		2		0
273.647		246.258		2097		2		0
274.094		231.361		2049		2		0
247.712		253.144		2311		2		0
234.917		281.886		2490		2		0
271.857		293.586		2431		2		0
274.588		295.753		2449		1		0
304.914		248.399		2294		2		0
316.663		275.218		2427		2		0
311.303		312.325		2073		2		0
308.113		325.662		2059		2		0
269.223		296.577		2413		2		0
245.921		303.293		2105		2		0
267.265		385.28		1934		2		0
266.484		404.653		1822		2		0
294.906		293.694		2326		2		0
307.513		297.935		2121		2		0
304.739		382.452		1938		2		0
309.166		401.69		1813		2		0
274.858		253.33		2219		2		0
286.883		302.228		2457		2		0
269.411		304.83		2455		2		0
307.372		340.864		2031		2		0
315.78		320.055		2062		2		0
Frame 78
281.564		298.563		2492		2		0
278.511		274.783		2442		2		0
275.035		246.956		2176		2		0
273.25		232.566		2127		2		0
247.59		251.423		2372		2		0
236.184		282.798		2552		2		0
271.493		293.486		2474		2		0
274.335		297.628		2488		1		0
303.319		250.414		2361		2		0
317.334		276.689		2482		2		0
313.003		311.181		2117		2		0
307.556		324.167		2092		2		0
269.075		299.12		2448		2		0
248.82		306.283		2151		2		0
266.98		387.777		1911		2		0
266.71		405.16		1781		2		0
294.047		297.914		2366		2		0
306.898		302.159		2147		2		0
300.579		384.04		1921		2		0
309.733		402.489		1769		2		0
275.953		254.309		2313		2		0
284.868		306.254		2525		2		0
266.32		308.634		2445		2		0
307.909		338.72		2060		2		0
315.845		313.14		2117		2		0
Frame 79
284.462		311.59		2581		2		0
278.834		280.973		2506		2		0
272.634		247.238		2287		2		0
271.768		232.253		2211		2		0
247.496		253.952		2450		2		0
237.301		285.711		2622		2		0
247.789		305.52		2223		2		0
253.639		324.17		2148		2		0
299.732		248.701		2424		2		0
316.914		278.557		2549		2		0
311.922		309.74		2166		2		0
306.72		320.816		2153		2		0
272.177		313.37		2566		2		0
250.779		320.853		2163		2		0
270.375		385.887		1891		2		0
270.158		400.718		1758		2		0
296.808		309.813		2256		2		0
305.29		303.717		2205		2		0
301.534		381.204		1924		2		0
306.751		398.9		1788		2		0
274.242		255.989		2434		2		0
256.649		340.293		2078		2		0
246.129		325.075		2144		2		0
306.134		334.791		2100		2		0
313.821		317.475		2145		2		0
Frame 80
281.449		314.455		2621		2		0
273.387		279.805		2566		2		0
264.771		242.775		2366		2		0
270.632		232.489		2314		2		0
247.012		254.295		2536		2		0
244.068		289.347		2734		2		0
254.539		319.215		2223		2		0
255.824		328.859		2177		2		0
297.049		250.983		2506		2		0
317.204		278.989		2610		2		0
312.015		308.005		2239		2		0
308.464		319.808		2191		2		0
269.106		315.583		2502		2		0
261.855		335.251		2155		2		0
279.853		391.313		1882		2		0
269.969		398.768		1716		2		0
293.907		313.328		2344		2		0
303.598		309.106		2238		2		0
300.729		385.197		1888		1		0
306.072		400.787		1748		2		0
266.98		252.267		2500		2		0
257.704		343.249		2095		2		0
248.201		325.312		2195		2		0
308.277		331.123		2139		2		0
314.005		328.644		2170		2		0
Frame 81
280.439		318.047		2649		2		0
276.053		283.492		2636		2		0
271.439		247.129		2468		2		0
269.47		232.73		2409		2		0
246.917		255.57		2622		2		0
238.068		288.836		2749		2		0
249.664		312.071		2340		2		0
257.347		324.951		2252		2		0
295.4		252.157		2588		2		0
316.901		279.907		2666		2		0
311.99		309.62		2310		1		0
303.909		314.008		2251		2		0
268.765		319.189		2384		2		0
263.425		337.236		2190		2		0
281.228		392.32		1896		1		0
272.239		396.581		1780		2		0
292.197		316.906		2342		2		0
302.31		310.665		2293		2		0
299.146		385.872		1882		1		0
301.75		396.555		0		2		0
272.614		256.395		2603		2		0
260.336		338.617		2173		2		0
249.509		324.653		2272		2		0
303.092		326.4		2204		2		0
312.316		318.167		2265		2		0
Frame 82
278.749		316.602		2663		2		0
274.98		282.89		2697		2		0
271.105		249.527		2621		2		0
269.153		233.703		2528		2		0
247.611		256.623		2719		2		0
238.293		287.231		2817		2		0
249.037		306.731		0		2		0
259.314		320.101		2320		2		0
294.261		253.339		2684		2		0
317.016		280.95		2723		2		0
316.218		314.709		2640		2		0
297.05		321.78		2291		2		0
263.806		317.477		2384		2		0
263.182		342.106		2193		2		0
281.358		398.896		1887		1		0
271.423		393.237		1738		2		0
293.547		315.761		2354		2		0
302.358		312.803		2327		2		0
299.23		388.131		1825		1		0
300.352		394.326		1759		2		0
272.043		257.812		2688		2		0
261.406		327.162		2288		2		0
249.455		322.81		0		2		0
297.35		330.706		2244		2		0
301.247		313.413		2325		2		0
Frame 83
278.706		316.978		2669		2		0
274.696		282.371		2763		2		0
271.017		248.225		2726		2		0
269.278		232.544		2627		2		0
248.152		255.474		2816		2		0
239.882		283.997		2874		2		0
249.069		304.911		2985		2		0
260.767		324.059		2332		1		0
293.59		254.246		2779		2		0
315.569		281.371		2790		2		0
316.048		314.123		2646		2		0
292.728		332.538		2294		1		0
263.771		318.311		2387		2		0
267.748		337.886		2272		2		0
285.162		390.348		2021		1		0
275.907		383.262		1813		1		0
293.513		315.961		2387		2		0
300.236		316.337		2334		2		0
296.389		399.507		0		1		0
297.604		395.61		0		2		0
271.919		256.605		2786		2		0
261.746		333.999		2270		2		0
252.665		323.423		2368		2		0
292.995		336.5		2264		2		0
297		333.499		2260		2		0
Frame 84
279.4		315.272		2685		2		0
275.606		279.038		2826		2		0
271.542		247.015		2854		2		0
270.118		231.239		2750		2		0
249.519		255.764		2918		2		0
242.486		284.69		2927		2		0
249.903		303.576		3018		2		0
261.583		324.014		2330		1		0
294.4		254.08		2884		2		0
312.925		279.237		2855		2		0
331.738		314.931		2755		2		0
329.57		320.604		2693		2		0
264.669		316.699		2405		2		0
267.195		337.749		2259		2		0
284.543		390.188		2032		1		0
274.605		388.931		1780		2		0
294.118		313.739		2432		2		0
299.969		318.562		2364		2		0
296.066		401.866		1966		1		0
297.686		395.459		1891		2		0
272.528		254.784		2889		2		0
261.8		334.272		2264		2		0
254.23		323.67		2359		2		0
333.07		327.571		2594		2		0
337.874		319.857		2694		2		0
Frame 85
279.321		313.841		2714		2		0
275.734		276.769		2879		2		0
272.672		244.305		2960		2		0
271.444		228.908		2883		2		0
251.353		255.389		2994		2		0
244.075		284.339		2961		2		0
251.406		299.395		3068		2		0
260.984		311.85		2432		1		0
294.839		254.027		2969		2		0
311.671		279.283		2905		2		0
330.242		306.542		2887		2		0
331.84		310.756		2837		2		0
265.652		315.894		2414		2		0
262.699		362.229		2012		2		0
281.238		422.107		0		1		0
270.985		423.32		0		1		0
292.794		310.015		2475		2		0
301.844		326.161		2321		2		0
298.098		411.737		0		1		0
283.932		398.569		2016		1		0
273.41		251.967		2982		2		0
260.887		318.32		2361		2		0
254.139		314.229		2470		2		0
336		312.49		2833		2		0
333.187		308.384		2882		2		0
Frame 86
282.169		309.172		2683		2		0
277.858		273.99		2944		2		0
273.827		244.16		3056		2		0
272.514		229.001		3002		2		0
253.035		256.386		3063		2		0
245.445		284.321		2996		2		0
243.942		308.48		2791		2		0
244.106		312.907		2747		1		0
295.578		254.548		3050		2		0
311.065		279.159		2961		2		0
326.164		299.826		3058		2		0
325.562		298.391		3090		2		0
270.055		312.109		2485		2		0
263.798		359.177		1823		2		0
282.829		419.938		1879		1		0
272.481		421.02		1846		1		0
293.773		306.938		2532		2		0
299.553		319.658		2367		2		0
295.629		402.059		1993		1		0
282.039		390.911		2060		1		0
274.781		251.226		3050		2		0
245.401		319.399		2672		2		0
241.998		313.275		2745		2		0
326.976		298.47		3100		2		0
324.001		296.499		3113		2		0
Frame 87
282.146		309.134		2715		2		0
277.729		274.302		2975		2		0
274.154		245.304		3162		2		0
273.145		230.806		3130		2		0
254.098		257.619		3139		2		0
245.349		282.812		3035		2		0
242.865		305.048		2808		2		0
243.294		309.817		2718		1		0
296.396		255.728		3125		2		0
312.206		278.962		3016		2		0
327.583		302.385		3001		1		0
329		301.499		3054		2		0
270.766		310.925		2508		2		0
277.943		368.49		2126		2		0
9999		9999		9999		1		0
9999		9999		9999		1		0
293.368		307.114		2532		2		0
304.028		342.224		2171		2		0
9999		9999		9999		1		0
286.309		409.423		1958		1		0
274.991		252.117		3129		2		0
243.601		321.6		2623		2		0
240.703		315.771		2763		2		0
329		302		3043		2		0
327.392		299.558		3063		1		0
Frame 88
281.915		306.915		2764		2		0
278.253		274.318		3024		2		0
275.256		247.647		3248		2		0
273.822		233.212		3236		2		0
254.708		259.619		3213		2		0
245.584		282.733		3063		2		0
242.69		299.423		2837		2		0
242.067		306.941		2699		2		0
297.121		258.699		3204		2		0
310.735		281.52		3081		2		0
328.905		306.066		2879		1		0
335.019		314.323		2776		2		0
271.573		307.583		2542		2		0
277.209		363.317		2138		2		0
296.659		420.917		1909		1		0
287.909		422.033		1822		1		0
292.762		306.241		2553		2		0
302.733		341.02		2123		2		0
9999		9999		9999		1		0
284.855		407.89		1996		1		0
275.956		253.883		3229		2		0
241.223		314.059		2637		2		0
238.107		313.974		2679		2		0
335.029		314.846		2776		1		0
333.359		312.271		2830		1		0
Frame 89
282.486		310.154		2786		2		0
278.854		277.857		3024		2		0
275.837		251.012		3338		2		0
274.33		236.764		3325		2		0
255.438		262.91		3273		2		0
245.538		284.131		3088		2		0
242.524		294.302		2868		2		0
242.304		301.451		2680		1		0
295.04		261.464		3263		2		0
310.501		283.108		3132		2		0
328.934		306.394		2875		1		0
335.246		314.365		2782		2		0
272.206		311.405		2511		2		0
275.899		353.198		2219		2		0
329.999		362.97		2137		2		0
325.547		365.359		2130		1		0
292.702		308.918		2532		2		0
303.402		321.71		2338		2		0
306.192		347.826		2012		2		0
316.946		339.338		1912		2		0
276.542		257.289		3283		2		0
241.884		304.117		2663		2		0
237.759		305.922		2711		2		0
335.189		314.875		2782		1		0
333.538		312.307		2828		1		0
Frame 90
283.22		311.339		2835		2		0
279.707		279.525		3030		2		0
276.778		252.989		3380		2		0
274.772		239.162		3393		2		0
257.12		266.395		3316		2		0
245.55		282.497		3158		2		0
244.232		292.663		2707		2		0
243.075		295.858		2701		1		0
293.621		264.848		3315		2		0
307.382		287.821		3180		2		0
322.708		299.768		2999		2		0
324.958		305.937		2922		2		0
273.216		312.943		0		2		0
276.141		353.258		2224		1		0
328.73		362.965		2140		1		0
324.84		365.259		2136		1		0
293.18		309.75		2523		2		0
300.294		304.159		2510		2		0
301.527		326.105		2253		1		0
311.212		317.504		2351		1		0
277.463		259.2		3361		2		0
243.546		295.817		2701		2		0
237.856		297.713		2742		2		0
328.5		313.833		2811		2		0
332.796		306.489		2917		2		0
Frame 91
282.377		316.266		2819		2		0
279.029		284.075		2923		2		0
276.236		257.22		3460		2		0
275.837		243.446		3468		2		0
258.378		269.448		3370		2		0
246.288		284.462		0		1		0
245.885		288.936		2746		2		0
242.868		289.261		2727		2		0
293.64		267.986		3358		2		0
307.687		290.543		3187		1		0
324.748		298.251		3028		2		0
326.756		304.467		2935		2		0
272.449		317.902		2372		2		0
276.828		345.791		2293		2		0
328.027		355.136		2179		1		0
326.298		358.142		2165		1		0
292.318		314.634		0		2		0
299.392		294.61		2603		2		0
300.789		314.93		2400		1		0
321.169		331.718		1983		2		0
276.89		263.506		3389		2		0
242.6		288.8		2726		2		0
237.899		290.497		2759		2		0
328.425		309.272		2856		2		0
333.327		307.542		2903		2		0
Frame 92
283.034		318.081		2773		2		0
279.497		286.283		2919		2		0
276.537		259.678		3506		2		0
276.396		246.5		3563		2		0
265.517		268.493		3358		2		0
247.142		284.734		2780		1		0
245.564		290.188		0		2		0
243.201		283.821		2777		1		0
295.767		272.2		3396		2		0
309.803		294.769		0		1		0
326.897		302.719		2970		1		0
328.585		305.037		2899		2		0
273.3		318.157		0		2		0
279.36		360.472		2160		1		0
331.649		370.192		2113		1		0
326.124		368.055		2124		1		0
292.709		318.012		2747		2		0
302.755		296.168		2554		2		0
305.197		315.738		2314		1		0
325.207		333.241		0		2		0
277.231		265.912		3436		2		0
243.8		282.4		2777		2		0
238.7		283.9		2813		2		0
331.585		310.833		2865		2		0
336.33		309.992		2898		2		0
Frame 93
281.69		318.432		2767		2		0
278.427		286.833		2915		2		0
275.693		260.36		3580		2		0
277.542		247.329		3627		2		0
262.082		269.608		3399		2		0
247.625		285.884		0		1		0
244.326		281.731		2835		2		0
243.613		279.408		2832		1		0
296.041		271.424		3445		2		0
309.871		293.618		0		1		0
326.69		301.359		3006		1		0
327.506		301.328		3008		2		0
271.945		319.459		2174		2		0
277.953		358.646		2176		1		0
328.688		368.072		2123		1		0
323.156		365.869		2144		1		0
291.417		317.412		2777		2		0
299.445		291.091		2607		2		0
301.319		309.395		2415		1		0
320.673		326.495		2033		1		0
276.333		266.565		3418		2		0
243.6		277.8		2827		2		0
238.625		279.999		2870		2		0
331.644		306.714		2894		2		0
332.341		303.074		2969		2		0
Frame 94
280.88		316.737		2808		2		0
277.631		285.604		2915		2		0
274.905		259.468		3619		2		0
278.871		247.31		3700		2		0
263.048		267.478		3429		2		0
247.226		286.597		0		1		0
248.988		290.08		3337		2		0
257.389		306.622		2029		2		0
296.44		271.318		3465		2		0
310.243		293.441		0		1		0
324.433		293.858		3145		2		0
325.367		298.925		3063		2		0
271.439		317.139		2184		2		0
276.697		356.166		2192		1		0
326.841		365.462		2136		1		0
321.265		363.126		2148		1		0
290.124		316.381		2797		2		0
299.601		292.885		2582		2		0
302.003		310.318		2374		1		0
321.45		327.5		2048		1		0
275.544		265.599		3396		2		0
255.667		297		1998		2		0
250.699		314.627		2028		2		0
320.426		296.426		0		2		0
328.238		300.818		3034		2		0
Frame 95
280.957		316.448		2821		2		0
277.946		285.659		2928		2		0
275.608		260.03		3628		2		0
277.25		250.424		3668		2		0
262.202		267.051		3468		2		0
246.743		284.212		3241		1		0
248.641		288.039		3401		2		0
258.171		306.358		2042		2		0
296.802		271.605		3469		1		0
310.654		293.797		0		1		0
324.22		294.574		3128		1		0
324.072		298.626		3053		2		0
271.538		317.041		2200		2		0
277.817		357.977		2188		1		0
328.47		367.38		2125		1		0
322.935		365.138		2149		1		0
290.165		315.64		2828		2		0
300.675		291.699		2605		2		0
302.82		310.008		2387		1		0
322.268		327.182		2051		1		0
276.137		266.017		3339		2		0
260.001		295.554		2038		2		0
250.914		312.219		2055		2		0
329.5		304		2942		2		0
329.999		300.997		3055		2		0
Frame 96
279.75		315.778		2837		2		0
277.387		285.357		2927		2		0
275.339		259.718		3662		2		0
277.915		250.016		3707		2		0
260.552		265.358		3554		2		0
245.758		282.396		3209		1		0
247.75		286.965		3414		1		0
258.586		308.394		2045		2		0
294.283		267.301		3493		2		0
305.698		289.497		2616		1		0
317.98		287.241		3289		1		0
319.206		294.247		0		2		0
270.124		317.575		2208		2		0
277.376		356.547		2197		1		0
327.527		365.845		2132		1		0
321.993		363.533		2152		1		0
289.263		314.327		2842		2		0
299.6		291.416		2646		2		0
301.472		309.521		2454		1		0
320.563		326.389		2083		1		0
275.815		265.738		3398		2		0
260.911		302.091		2048		2		0
251.714		315.007		2070		2		0
315.5		293.199		3018		2		0
321.8		297.599		3065		2		0
Frame 97
280.198		315.887		2824		2		0
277.64		285.359		2957		2		0
275.427		259.588		3675		2		0
278.276		248.678		3774		2		0
260.787		265.325		3575		1		0
246.093		282.261		0		1		0
248.107		286.882		3436		1		0
258.969		311.342		2062		1		0
294.331		267.257		3522		1		0
316.853		288.716		0		1		0
330.89		291.672		3487		1		0
326.054		294.475		3141		2		0
271.545		317.619		2249		2		0
277.484		354.875		2218		1		0
326.864		364.011		2138		1		0
321.38		361.628		2167		1		0
289.226		314.303		2837		2		0
298.252		291.948		2687		2		0
299.899		309.923		2502		1		0
318.75		326.596		2063		1		0
275.949		265.645		3433		2		0
261.891		307.976		2066		2		0
262.978		320.653		2056		2		0
329		299.499		3080		2		0
328.363		295.478		3143		2		0
Frame 98
276.98		315.478		0		2		0
274.455		284.982		2947		2		0
272.315		259.133		3701		2		0
279.973		248.964		3775		2		0
261.921		265.691		3569		2		0
247.223		282.717		0		1		0
249.35		287.643		3424		2		0
259.813		318.861		2090		2		0
290.896		266.695		3479		1		0
307.874		283.358		3363		2		0
321.844		299.588		3044		2		0
323.582		305.686		2930		2		0
269.88		317.66		2119		2		0
272.635		352.465		2239		1		0
321.022		361.417		2177		1		0
315.313		358.925		2172		1		0
285.487		313.37		2842		2		0
293.284		291.057		2777		1		0
294.168		308.56		2593		1		0
313.906		323.836		2078		2		0
272.819		265.217		3440		2		0
260.46		312.584		2066		2		0
253.143		326.149		2094		2		0
326.123		311.624		2844		2		0
332.334		306.083		2924		2		0
Frame 99
278.685		315.608		2801		2		0
277.279		285.505		2993		2		0
275.669		259.813		3689		2		0
276.773		250.827		3753		2		0
261.508		265.77		3566		2		0
244.629		282.919		2968		1		0
247.592		288.547		3378		1		0
260.669		323.287		2079		2		0
292.195		266.133		3503		2		0
308.53		284.108		3335		1		0
322.602		300.457		3036		1		0
323.963		305.933		2924		2		0
271.036		317.38		2452		2		0
277.868		355.603		2212		1		0
327.455		364.783		2156		1		0
321.983		362.436		2177		1		0
287.697		314.2		2813		2		0
298.306		292.632		2769		1		0
299.966		310.77		2577		1		0
319.894		326.975		2087		2		0
276.108		265.887		3431		2		0
264.1		319.899		2053		2		0
264.253		331.675		2103		2		0
328.752		311.998		2839		2		0
332.552		303.878		2990		2		0
Frame 100
275.5		314.224		2730		2		0
273.334		283.597		2984		2		0
271.489		257.511		3722		2		0
280.469		248.501		3817		2		0
261.261		265.621		3585		2		0
244.32		280.888		2984		1		0
248.657		289.839		3387		1		0
243.016		285.078		2965		2		0
292.669		266.079		3508		2		0
312.944		286.244		3250		1		0
327.241		302.815		2970		2		0
327.138		317.916		2677		2		0
267.878		314.364		2538		2		0
271.362		348.557		2189		1		0
318.983		357.323		2128		1		0
313.251		354.637		2108		1		0
283.879		314.076		2800		2		0
329.165		322.647		2628		2		0
335.536		345.664		2264		1		0
358.886		358.916		2213		2		0
271.924		263.662		3485		2		0
256		289		2950		2		0
245.318		293.649		3234		1		0
329.18		323.999		2617		2		0
336.273		318.633		2699		2		0
Frame 101
280.687		316.496		2761		2		0
278.191		285.579		3000		2		0
276.064		259.224		3689		2		0
276.442		250.181		3756		2		0
261.185		265.573		3570		2		0
245.1		287.311		2963		1		0
249.444		295.833		3188		1		0
247.904		291.135		3004		2		0
293.422		265.872		3549		2		0
301.061		278.623		3447		1		0
318.138		297.977		3094		2		0
325.44		317.058		2662		2		0
273.898		317.226		2595		2		0
267.153		321.788		2519		2		0
310.922		329.462		2449		1		0
307.742		328.58		2464		1		0
288.081		315.704		2739		2		0
328.417		321.742		2623		2		0
334.669		344.597		2277		1		0
357.672		355.874		2210		2		0
276.565		265.44		3429		2		0
257		296		2849		2		0
251.098		300.526		3090		2		0
329.929		323.713		2607		2		0
331.936		314.873		2720		2		0
Frame 102
280.623		316.289		2791		2		0
278.181		285.536		2992		2		0
276.068		259.226		3693		2		0
276.466		250.197		3751		2		0
261.138		265.61		3560		2		0
245.692		289.009		0		1		0
250.054		297.923		3142		1		0
261.914		346.342		2059		2		0
293.792		265.949		3537		2		0
301.341		278.688		3457		1		0
312.479		294.538		3063		1		0
323.467		316.211		2679		2		0
273.541		317.063		2626		2		0
268.184		323.15		2552		2		0
312.056		330.862		2428		1		0
309.148		330.286		2423		1		0
288.274		315.231		2721		2		0
328.55		321.138		2615		2		0
334.83		343.927		2289		1		0
357.597		356.311		2205		2		0
276.567		265.437		3431		2		0
264.858		344.576		2063		2		0
267.115		354.719		2098		2		0
328.684		322.893		2608		2		0
330.596		313.06		2709		2		0
Frame 103
268.115		323.917		2545		2		0
267.256		293.473		2855		2		0
266.518		267.345		3446		2		0
271.908		259.545		3719		2		0
254.415		275.644		3523		2		0
243.945		289.812		3252		1		0
248.58		298.363		3136		1		0
261.431		345.382		2062		2		0
286.03		275.001		3186		1		0
289.497		289.27		2931		1		0
313.866		309.163		2821		2		0
323.558		318.289		2676		2		0
261.955		327.044		2456		2		0
276.545		345.743		2322		2		0
327.776		355.095		2202		1		0
322.12		352.07		2122		1		0
274.789		320.532		2671		2		0
328.572		322.726		2612		2		0
334.924		346.017		2276		1		0
329.741		368.433		2166		2		0
266.692		273.521		3281		2		0
260.999		337.801		2047		2		0
254.838		350.708		2078		2		0
331.387		323.15		2573		2		0
328.992		315.394		2685		2		0
Frame 104
278.491		314.902		2855		2		0
274.314		283.489		3000		2		0
271.072		259.11		3723		2		0
278.986		252.578		3757		2		0
260.692		269.492		3533		2		0
243.056		282.576		3394		1		0
247.062		290.621		3389		1		0
256.598		292.661		2926		1		0
302.524		275.432		3491		2		0
300.218		284.287		0		1		0
313.961		301.627		2924		2		0
323.614		316.689		2706		2		0
268.649		314.644		2599		2		0
272.304		334.968		2385		2		0
320.367		343.605		2090		1		0
319.273		345.987		2074		1		0
289.428		315.195		2712		2		0
341.512		325.107		2552		2		0
360.587		349.236		2253		2		0
360.931		369.713		2209		2		0
271.813		264.677		3484		2		0
256.667		295.333		2881		2		0
255.497		296.499		2901		2		0
330.705		323.026		2586		2		0
332.997		313.058		2736		2		0
Frame 105
287.935		322.35		2660		2		0
285.578		290.427		2934		2		0
283.725		265.359		3450		2		0
291.735		258.079		4568		1		0
259.246		268.566		3546		2		0
244.044		284.72		3370		1		0
239.726		295.642		3090		2		0
238.383		296.64		3085		2		0
318.767		283.539		3525		1		0
307.542		291.491		3241		1		0
325.957		316.156		2692		2		0
333.533		325.829		2543		2		0
279.086		322.671		2692		2		0
271.707		341.896		2220		2		0
325.172		351.617		2086		1		0
319.267		349.824		2082		1		0
297.305		322.014		2544		2		0
353.875		328.618		2637		2		0
366.224		353.672		2298		1		0
366.134		374.571		2209		1		0
284.149		271.105		3219		2		0
241		299		2989		2		0
236.248		297.989		3085		2		0
339.468		331.599		2457		2		0
341.541		321.766		2567		2		0
Frame 106
281.298		324.867		2652		2		0
273.685		294.155		2888		2		0
267.623		269.697		3360		2		0
276.542		262.006		0		1		0
241.881		272.329		3779		1		0
245.59		295.356		3221		1		0
235.414		287.061		3477		2		0
239.859		292.653		3185		2		0
285.322		272.086		3214		2		0
270.885		278.877		3149		1		0
301.425		301.218		2717		2		0
311.805		311.638		2846		2		0
271.674		327.308		2474		2		0
270.839		344.004		2209		2		0
325.415		353.965		2059		1		0
318.293		350.6		2069		1		0
291.469		322.295		2644		2		0
347.063		323.537		2557		2		0
360.323		350.12		2255		2		0
360.73		368.766		2197		2		0
269.019		275.33		3168		2		0
238.751		296.749		3080		2		0
237.437		293.53		3158		2		0
323.126		319.122		2690		2		0
315.686		310.873		2801		2		0
Frame 107
283.41		327.017		2585		2		0
274.116		294.552		2892		2		0
267.618		269.697		3360		2		0
276.538		262.005		0		1		0
241.876		272.328		3779		1		0
246.237		295.153		3236		1		0
232.984		274.17		0		1		0
240.577		287.854		3261		2		0
286.103		272.397		3221		2		0
271.763		279.209		3084		1		0
304.287		301.909		2764		2		0
318.496		314.017		2755		2		0
273.87		327.202		2497		2		0
269.259		351.044		2200		2		0
324.333		361.218		2079		1		0
317.078		358.27		2072		1		0
293.5		326.428		2540		2		0
348.309		321.282		0		2		0
360.377		350.174		2252		1		0
356.416		365.866		2198		2		0
269.038		275.353		3168		2		0
240.507		291		3215		2		0
237.999		290.499		3205		2		0
325.909		319.27		2669		2		0
324.083		311.093		2759		2		0
Frame 108
283.688		326.974		2607		2		0
274.485		294.441		2891		2		0
267.967		269.164		3362		2		0
276.846		261.518		3688		1		0
242.293		271.8		3783		1		0
258.207		291.068		2891		2		0
239.936		280.375		3630		2		0
240.683		288.875		3222		2		0
287.314		271.889		3297		1		0
273.188		278.603		3090		1		0
304.613		301.515		2764		2		0
318.142		313.668		2764		2		0
274.18		326.862		2576		2		0
268.918		351.576		2229		2		0
324.025		361.766		2092		1		0
316.746		358.849		2084		1		0
293.953		326.877		2551		2		0
352.149		325.992		2661		2		0
369.845		354.604		2472		1		0
353.511		361.312		2197		2		0
269.401		275.001		3172		2		0
239.599		289.8		3224		2		0
239.133		287.992		3253		2		0
325.534		318.93		2668		2		0
323.875		311.153		2755		2		0
Frame 109
295.517		340.816		2357		2		0
289.658		317.991		2698		2		0
284.864		299.316		2865		2		0
294.399		288.939		2918		1		0
259.4		298.316		2774		2		0
291.877		298.404		2801		2		0
280.65		314.524		2854		1		0
267.95		323.5		2525		2		0
295.976		290.76		2900		2		0
280.797		300.554		2914		1		0
322.991		319.611		2679		2		0
332.517		323.365		2591		2		0
285.935		343.9		2336		2		0
243.375		363.278		2197		2		0
302.492		374.576		2131		1		0
309.651		356.66		2136		1		0
305.029		337.758		2326		2		0
331.33		318.627		2686		2		0
360.816		346.535		2298		1		0
359.615		362.232		2191		2		0
285.978		303.656		2844		2		0
262.778		331.332		2410		2		0
262.447		315.438		2563		2		0
341.545		324.258		2556		2		0
333.929		320.59		2634		2		0
Frame 110
295.293		340.168		2359		2		0
289.638		317.74		2687		2		0
284.909		299.244		2870		2		0
294.439		288.873		2915		1		0
261.864		294.444		2827		2		0
299.629		298.093		2768		1		0
287.216		312.712		2772		2		0
275.701		322.962		2705		2		0
296.018		290.691		2885		1		0
280.265		306.488		2917		1		0
322.748		320.936		2674		2		0
333.019		323.763		2587		2		0
285.701		343.447		2339		2		0
243.743		364.663		2190		2		0
302.741		375.961		2119		1		0
308.952		357.361		2136		1		0
304.81		336.881		2359		2		0
338.225		320.243		2617		2		0
365.437		350.352		0		1		0
365.351		370.723		2207		1		0
286.016		303.554		2833		2		0
269.545		328.998		2471		2		0
269.848		313.994		2618		2		0
341.084		322.662		2556		2		0
335.098		320.307		2639		2		0
Frame 111
294.587		339.692		2373		2		0
282.96		301.823		2892		2		0
275.32		274.401		3169		2		0
284.362		266.111		3422		1		0
263.124		289.088		2909		2		0
299.545		298.113		2770		1		0
287.357		312.994		2780		2		0
272.275		321.912		2597		2		0
280.209		290.997		2948		2		0
299.647		300.159		2739		1		0
331.72		323.922		2595		2		0
338.556		326.377		2503		2		0
284.741		342.185		2355		2		0
244.04		366.962		2182		1		0
303.161		378.32		2100		1		0
308.906		357.371		2139		1		0
303.894		336.963		2355		2		0
339.048		320.367		2596		2		0
365.535		350.776		0		1		0
365.575		371.236		2202		1		0
277.037		280.565		3036		2		0
268.123		327.747		2479		2		0
268.718		313.783		2600		2		0
346.73		328.359		2477		2		0
340.847		320.862		2580		2		0
Frame 112
297.043		347.564		2274		2		0
290.087		320.567		2674		2		0
284.574		299.168		2881		2		0
294.086		288.839		2918		1		0
259.824		298.393		2769		2		0
299.719		297.983		2776		1		0
287.394		312.823		2768		2		0
272.212		321.718		2603		2		0
290.934		320.108		2674		1		0
287.59		294.399		2889		1		0
321.301		316.924		2720		2		0
330.941		323.856		2602		2		0
287.753		346.686		2314		2		0
223.935		335.141		2494		1		0
276.149		344.665		2340		1		0
291.963		345.596		2314		1		0
306.164		348.424		2185		2		0
334.174		321.789		2614		2		0
365.482		350.703		0		1		0
366.553		371.151		2233		1		0
285.841		304.086		2835		2		0
268.699		328.198		2469		2		0
269.438		313.667		2619		2		0
343.198		328.399		2523		2		0
338.827		320.416		2614		2		0
Frame 113
296.916		347.513		2303		2		0
290.078		320.561		2676		2		0
284.6		299.162		2873		2		0
294.113		288.83		2929		1		0
260.625		294.57		2823		2		0
290.935		299.597		2802		2		0
279.823		316.001		2815		1		0
267.65		325.236		2502		2		0
290.965		320.107		2676		1		0
287.628		294.321		2889		1		0
321.372		316.893		2727		2		0
330.983		323.9		2601		2		0
287.775		346.647		2313		2		0
227.147		367.504		2241		1		0
284.174		378.596		2159		1		0
303.377		362.672		2194		2		0
305.737		348.325		2229		2		0
329.068		320.012		2656		2		0
360.648		346.074		2292		1		0
359.779		360.507		2204		2		0
285.851		304.081		2838		2		0
261.992		332.61		2385		2		0
261.751		316.242		2559		2		0
343.554		328.475		2527		2		0
338.914		320.369		2614		2		0
Frame 114
298.58		348.738		2260		2		0
290.832		321.165		2671		2		0
284.899		299.447		2872		2		0
294.421		289.076		2907		1		0
261.387		294.666		2823		2		0
292.179		298.694		2810		2		0
280.908		315.036		2828		1		0
267.632		323.661		2522		2		0
291.31		320.478		2638		1		0
307.094		297.746		0		1		0
337.333		325.556		2518		2		0
343.606		330.955		2472		2		0
289.911		347.568		2302		2		0
227.273		364.2		2250		1		0
283.711		375.113		2160		1		0
304.634		361.024		2171		1		0
307.186		349.954		2169		2		0
328.056		321.171		2630		2		0
359.691		347.58		2280		1		0
359.828		362.95		2197		2		0
286.25		304.433		2808		2		0
261.813		331.301		2396		2		0
279.445		331.45		2533		2		0
355.999		336.999		2382		2		0
348.487		327.236		2475		2		0
Frame 115
297.991		348.401		2283		2		0
290.744		321.125		2673		2		0
284.9		299.449		2873		2		0
294.422		289.078		2917		1		0
261.504		294.645		2829		2		0
292.296		298.711		2783		2		0
281		315.044		2833		1		0
267.791		323.67		2518		2		0
291.311		320.481		2639		1		0
306.821		297.81		3038		1		0
331.471		323.511		2597		2		0
336.549		326.655		2520		2		0
289.52		347.308		2301		2		0
227.261		364.686		2251		1		0
283.799		375.628		2160		1		0
304.429		361.263		2171		1		0
306.252		349.464		2193		2		0
328.476		321.838		2634		2		0
360.076		348.826		2268		1		0
359.646		364.912		2190		2		0
286.247		304.434		2823		2		0
262.308		331.702		2406		2		0
279.618		331.372		2536		2		0
341.091		329.292		2464		2		0
344.385		322.186		2540		2		0
Frame 116
293.291		336.078		2420		2		0
279.88		297.385		2936		2		0
270.283		269.679		3305		2		0
279.136		261.951		3708		1		0
261.578		294.636		2829		2		0
293.617		298.337		2792		1		0
281.877		314.813		2851		1		0
267.307		322.79		2537		2		0
274.508		285.052		2969		1		0
287.863		267.552		3437		1		0
304.333		288.686		3388		2		0
309.895		301.306		2907		2		0
288.74		339.046		2378		2		0
246.311		357.548		0		2		0
303.892		368.436		2170		1		0
309.311		353.323		2145		1		0
297.813		333.129		2412		2		0
333.85		320.325		2640		2		0
360.154		349.054		2256		1		0
359.412		365.157		2188		2		0
272.416		275.836		3171		2		0
262.445		330.11		2416		2		0
277.128		330.623		2558		2		0
311.228		304.979		2892		2		0
314.811		301.9		2942		2		0
Frame 117
296.783		344.281		2299		2		0
290.333		319.059		2669		2		0
285.15		298.793		2882		2		0
294.634		288.482		2931		1		0
261.722		294.627		2839		2		0
293.668		298.248		2781		1		0
282.068		314.711		2853		1		0
267.727		322.594		2534		2		0
291.566		319.696		2638		1		0
308.562		302.037		2895		2		0
331.338		321.008		2622		2		0
339.381		328.161		2472		2		0
289.239		343.676		2333		2		0
232.418		364.922		2228		1		0
289.601		375.958		2167		1		0
305.85		359.562		2170		1		0
304.22		344.876		2209		2		0
333.051		320.874		2639		2		0
363.122		349.903		2277		1		0
364.493		370.224		2206		1		0
286.347		303.473		2827		2		0
263.052		330.412		2417		2		0
277.2		330.599		2562		2		0
350.227		334.331		2439		2		0
344.723		323.167		2523		2		0
Frame 118
296.363		343.072		2299		2		0
290.117		318.763		2662		2		0
285.057		298.801		2878		2		0
294.543		288.492		2935		1		0
261.782		294.651		2836		2		0
293.701		298.155		2786		1		0
282.121		314.627		2856		1		0
267.228		321.32		2554		2		0
291.462		319.698		2646		1		0
308.463		302.043		2881		1		0
336.542		318.37		2701		2		0
341.948		326.193		2552		2		0
289.301		342.989		2345		2		0
236.57		365.252		2197		1		0
294.283		376.368		2148		1		0
306.998		359.16		2152		1		0
303.344		343.012		2231		2		0
329.761		319.943		2670		2		0
359.974		347.706		2272		1		0
359.702		363.104		2193		2		0
286.231		303.443		2827		2		0
261.999		328.997		2435		2		0
273.296		328.424		2515		2		0
350.8		331.599		2436		2		0
343.653		320.987		2574		2		0
Frame 119
297.102		346.236		2283		2		0
290.208		319.33		2664		2		0
285.042		298.809		2877		2		0
294.53		288.5		2918		1		0
261.811		294.65		2830		2		0
293.093		298.38		2789		1		0
281.65		314.745		2859		1		0
267.18		322.303		2530		2		0
291.446		319.708		2647		1		0
308.449		302.052		2888		1		0
336.396		318.393		2700		2		0
342.089		326.391		2540		2		0
289.595		346.244		2304		2		0
228.483		362.385		2252		1		0
284.949		373.26		2167		1		0
304.988		359.671		2194		1		0
304.507		346.494		2194		2		0
333.361		321.648		2617		2		0
364.593		350.079		2278		1		0
366.03		370.454		2226		1		0
286.214		303.495		2822		2		0
262.11		329.887		2417		2		0
277.303		330.397		2555		2		0
350.807		332.085		2437		2		0
344.736		322.33		2538		2		0
Frame 120
296.481		345.283		2303		2		0
290.174		319.324		2677		2		0
285.024		298.869		2875		2		0
294.514		288.553		2929		1		0
261.753		294.657		2810		2		0
292.752		298.479		2792		2		0
281.503		314.778		2858		1		0
267.145		322.407		2534		2		0
291.428		319.781		2643		1		0
298.228		301.462		2717		1		0
324.914		318.903		2684		2		0
333.5		324.48		2577		2		0
288.813		344.889		2329		2		0
230.694		364.477		2240		1		0
287.777		375.497		2162		1		0
305.275		360.151		2169		1		0
303.951		345.641		2211		2		0
328.29		320.387		2646		2		0
359.806		346.552		2289		1		0
360.216		361.185		2201		2		0
286.191		303.539		2825		2		0
262.249		330.123		2406		2		0
276.849		330.679		2561		2		0
344.834		328.329		2512		2		0
339.22		320.079		2596		2		0
Frame 121
294.101		333.915		2446		2		0
280.489		296.516		2927		2		0
270.672		269.532		3312		2		0
279.504		261.814		3732		1		0
261.76		294.577		2824		2		0
292.552		298.59		2801		2		0
281.393		314.832		2849		1		0
267.204		322.499		2541		2		0
285.897		275.09		3184		2		0
309.44		290.603		3220		2		0
319.374		307.046		2914		2		0
323.839		317.502		2698		2		0
288.39		336.973		2426		2		0
249.546		358.866		2056		2		0
307.027		369.738		2129		1		0
309.533		352.982		2146		1		0
299.785		330.874		2442		2		0
340.526		321.03		2574		2		0
364.436		350.324		2295		1		0
356.035		366.502		2199		2		0
272.86		275.543		3181		2		0
262.389		329.88		2426		2		0
277.344		330.65		2562		2		0
328.501		324.589		2615		2		0
334.2		315.187		2724		2		0
Frame 122
299.974		336.257		2376		2		0
286.235		301.208		2842		2		0
275.598		274.786		3183		2		0
284.633		266.473		3437		1		0
261.859		294.544		2830		2		0
292.645		298.66		2793		1		0
281.37		314.795		2848		1		0
267.44		322.788		2531		2		0
291.821		280.86		3147		1		0
313.921		288.743		3225		1		0
322.047		304.516		2953		2		0
323.713		317.509		2696		2		0
291.214		338.909		2400		2		0
249.609		361.268		2132		2		0
307.1		372.183		2112		1		0
308.651		356.358		2144		1		0
308.336		333.093		2383		2		0
339.981		319.652		2603		2		0
364.452		350.33		2288		1		0
355.973		366.486		2198		2		0
277.998		280.747		3042		2		0
261.666		330.331		2417		2		0
277.275		330.269		2563		2		0
327.032		324.555		2620		2		0
334.171		315.023		2722		2		0
Frame 123
299.528		337.732		2361		2		0
286.098		301.275		2842		2		0
275.45		274.561		3187		2		0
284.475		266.274		3441		1		0
261.79		294.585		2820		2		0
292.545		298.935		2809		1		0
281.3		314.998		2854		1		0
267.547		322.899		2547		2		0
277.31		283.217		2994		2		0
300.366		291.022		2900		1		0
314.486		305.778		2915		2		0
323.527		317.51		2697		2		0
291.604		340.862		2372		2		0
242.924		355.484		2256		2		0
299.831		366.227		2182		1		0
309.197		352.627		2145		1		0
307.337		334.716		2365		2		0
338.874		319.807		2639		2		0
364.493		350.351		2287		1		0
355.911		366.463		2201		2		0
277.863		280.637		3047		2		0
261.801		330.599		2411		2		0
276.97		330.767		2556		2		0
329.901		324.098		2607		2		0
332.998		312.567		2785		2		0
Frame 124
299.035		337.556		2356		2		0
285.854		301.293		2849		2		0
275.432		274.583		3191		2		0
284.455		266.297		3447		1		0
261.719		294.644		2822		2		0
292.484		298.916		2800		2		0
281.57		314.723		2851		1		0
267.919		322.393		2543		2		0
276.23		283.168		2999		2		0
299.338		290.972		2911		1		0
313.907		306.135		2902		2		0
322.635		316.595		2715		2		0
291.61		340.824		2369		2		0
247.191		361.948		2208		2		0
304.805		372.914		2120		1		0
308.326		357.308		2139		1		0
305.652		334.105		2373		2		0
335.9		320.047		2646		2		0
361.722		350.057		2257		1		0
359.333		367.849		2189		2		0
277.802		280.652		3049		2		0
263.414		330.08		2425		2		0
277.166		330.184		2557		2		0
328.9		322.799		2626		2		0
330.426		314.852		2726		2		0
Frame 125
299.015		337.598		2364		2		0
280.915		297.429		2928		2		0
268.307		268.927		3376		2		0
277.168		261.294		3707		1		0
261.774		294.643		2825		2		0
292.547		298.893		2789		1		0
281.636		314.735		2851		1		0
268.021		322.508		2538		2		0
276.159		283.094		3001		2		0
299.261		290.899		2893		1		0
313.905		306.036		2897		2		0
322.452		316.654		2719		2		0
291.709		340.862		2363		2		0
239.697		344.208		2368		1		0
295.443		354.529		2241		1		0
306.434		347.412		2221		1		0
305.598		334.196		2371		2		0
335.457		320.049		2640		2		0
361.345		350.044		2254		1		0
360.09		368.051		2189		2		0
271.093		275.224		3174		2		0
263.111		330.221		2410		2		0
277.253		329.806		2572		2		0
328.584		323.124		2617		2		0
330.42		314.828		2724		2		0
Frame 126
298.833		338.091		2338		2		0
280.718		297.688		2930		2		0
268.004		269.179		3335		2		0
276.889		261.526		3696		1		0
261.702		294.689		2829		2		0
292.474		298.907		2807		2		0
281.363		314.764		2861		1		0
267.488		322.34		2535		2		0
275.962		283.103		3000		2		0
299.087		290.911		2927		1		0
313.899		306.052		2906		2		0
322.4		316.642		2717		2		0
291.587		341.289		2354		2		0
238.359		317.966		2774		1		0
285.505		326.202		2603		1		0
298.536		332.832		2436		1		0
305.588		334.763		2375		2		0
336.212		320.121		2645		2		0
362.343		350.178		2262		1		0
358.838		368.057		2193		2		0
270.817		275.477		3194		2		0
262.256		330.124		2418		2		0
277.154		330.105		2558		2		0
328.544		323.06		2622		2		0
330.369		314.671		2722		2		0
