front
Frame 0
286.131		199.95		3549		2		2
284.783		171.241		3514		2		2
283.503		142.518		3571		2		2
284.37		126.89		3455		2		2
268.42		153.516		3580		2		2
263.854		178.954		3618		2		2
263.487		200.096		3586		2		2
264.306		206.274		3589		2		2
301.74		153.74		3574		2		2
307.432		179.937		3618		2		2
310.16		201.105		3585		2		2
308.362		207.442		3591		2		2
278.954		200.081		3557		2		2
275.315		231.804		3649		2		2
275.029		264.257		3724		2		2
275.276		271.896		3710		2		2
293.333		199.817		3561		2		2
296.89		231.381		3640		2		2
296.085		263.859		3724		2		2
296.897		271.488		3711		2		2
283.814		149.703		3554		2		2
264.5		213.334		3602		2		2
260.499		210		3621		2		2
310.333		212.334		3592		2		2
305.375		208.502		3595		2		2
Frame 1
286.146		199.943		3552		2		2
284.801		171.24		3519		2		2
283.519		142.522		3577		2		2
284.441		126.896		3467		2		2
268.474		153.479		3581		2		2
263.904		178.936		3620		2		2
263.508		200.079		3588		2		2
264.312		206.203		3585		2		2
301.775		153.733		3574		2		2
307.488		179.892		3618		2		2
310.165		201.064		3576		2		2
308.426		207.432		3591		2		2
278.964		200.078		3559		2		2
275.357		231.915		3642		2		2
275.027		264.263		3725		2		2
275.289		271.901		3704		2		2
293.353		199.805		3558		2		2
296.928		231.299		3648		2		2
296.039		263.841		3720		2		2
296.865		271.468		3713		2		2
283.832		149.706		3553		2		2
264.199		213.4		3609		2		2
260.5		210		3613		2		2
309.8		212.4		3588		2		2
305.023		207.615		3595		2		2
Frame 2
286.204		199.943		3557		2		2
284.851		171.231		3516		2		2
283.56		142.502		3576		2		2
284.505		126.869		3460		2		2
268.509		153.472		3583		2		2
263.915		178.93		3623		2		2
263.556		200.081		3591		2		2
264.408		206.082		3585		2		2
301.804		153.731		3570		2		2
307.52		179.9		3621		2		2
310.169		201.069		3581		2		2
308.491		207.621		3595		2		2
279.028		200.083		3564		2		2
275.374		231.969		3654		2		2
274.986		264.272		3723		2		2
275.247		271.911		3716		2		2
293.407		199.8		3559		2		2
296.908		231.899		3640		2		2
296.043		263.845		3721		2		2
296.869		271.473		3717		2		2
283.875		149.69		3556		2		2
265		213.251		3613		2		2
260.5		207.001		3597		2		2
309.333		213.334		3598		2		2
305.262		207.51		3595		2		2
Frame 3
286.211		199.946		3551		2		2
284.851		171.233		3516		2		2
283.556		142.504		3569		2		2
284.527		126.866		3465		2		2
268.549		153.454		3582		2		2
263.933		178.914		3617		2		2
263.57		200.07		3590		2		2
264.389		206.227		3585		2		2
301.822		153.733		3565		2		2
307.542		179.894		3619		2		2
310.167		201.07		3582		2		2
308.471		207.517		3587		2		2
279.033		200.084		3559		2		2
275.401		231.781		3654		2		2
275.011		264.289		3716		2		2
275.285		271.929		3715		2		2
293.416		199.807		3563		2		2
296.99		231.888		3641		2		2
296.067		263.86		3719		2		2
296.907		271.49		3715		2		2
283.873		149.691		3557		2		2
264.599		213.201		3607		2		2
260.499		210		3628		2		2
310.333		212.334		3586		2		2
305.5		209.502		3596		2		2
Frame 4
286.212		199.948		3555		2		2
284.858		171.235		3515		2		2
283.57		142.507		3579		2		2
284.558		126.888		3459		2		2
268.564		153.439		3580		2		2
263.952		178.928		3621		2		2
263.622		200.088		3587		2		2
264.391		206.215		3580		2		2
301.84		153.734		3570		2		2
307.573		179.88		3620		2		2
310.161		201.06		3583		2		2
308.437		207.467		3589		2		2
279.033		200.085		3562		2		2
275.414		231.769		3645		2		2
275.01		264.297		3727		2		2
275.28		271.938		3714		2		2
293.418		199.809		3562		2		2
296.99		232.047		3644		2		2
296.074		263.856		3709		2		2
296.909		271.486		3714		2		2
283.885		149.694		3552		2		2
264.499		213.334		3614		2		2
260.5		210		3628		2		2
309.334		213.334		3590		2		2
304.834		206.837		3590		2		2
Frame 5
286.213		199.951		3549		2		2
284.862		171.234		3511		2		2
283.579		142.492		3574		2		2
284.603		126.888		3454		2		2
268.615		153.424		3580		2		2
263.97		178.895		3625		2		2
263.651		200.059		3589		2		2
264.325		205.868		3588		2		2
301.864		153.73		3574		2		2
307.61		179.841		3616		2		2
310.154		201.029		3578		2		2
308.484		207.661		3589		2		2
279.035		200.089		3560		2		2
275.437		231.881		3657		2		2
275.013		264.329		3727		2		2
275.276		271.97		3713		2		2
293.419		199.812		3559		2		2
297.07		231.984		3644		2		2
296.072		263.852		3719		2		2
296.901		271.481		3707		2		2
283.893		149.684		3560		2		2
264.2		212.401		3604		2		2
259.934		205.341		0		2		2
309.333		213.334		3595		2		2
305.308		207.658		3596		2		2
Frame 6
286.227		199.96		3556		2		2
284.895		171.246		3529		2		2
283.64		142.505		3575		2		2
284.629		126.871		3459		2		2
268.65		153.408		3578		2		2
263.987		178.903		3622		2		2
263.682		200.071		3589		2		2
264.319		206.004		3589		2		2
301.872		153.734		3575		2		2
307.621		179.831		3622		2		2
310.174		201.012		3577		2		2
308.717		207.529		3590		2		2
279.048		200.1		3567		2		2
275.445		231.902		3653		2		2
275.002		264.198		3728		2		2
275.261		271.836		3707		2		2
293.433		199.82		3562		2		2
297.025		232.167		3642		2		2
296.075		263.97		3727		2		2
296.899		271.603		3712		2		2
283.947		149.697		3555		2		2
264.255		213.227		3618		2		2
260.454		207.729		3609		2		2
309.505		213.456		3604		2		2
305.35		207.627		3598		2		2
Frame 7
286.228		199.965		3555		2		2
284.891		171.241		3510		2		2
283.604		142.463		3573		2		2
284.638		126.87		3454		2		2
268.677		153.397		3578		2		2
264.011		178.98		3625		2		2
263.701		200.15		3591		2		2
264.331		206.361		3580		2		2
301.908		153.741		3571		2		2
307.633		179.841		3618		2		2
310.179		201.023		3588		2		2
308.522		207.64		3576		2		2
279.049		200.101		3559		2		2
275.442		231.907		3645		2		2
275.001		264.136		3730		2		2
275.255		271.774		3710		2		2
293.435		199.829		3560		2		2
297.019		232.211		3640		2		2
296.131		263.927		3716		2		2
296.951		271.559		3709		2		2
283.923		149.668		3554		2		2
264.142		213.286		3607		2		2
260.499		208.5		3619		2		2
310.402		212.4		3590		2		2
305.5		212		3610		2		2
Frame 8
286.227		199.971		3553		2		2
284.888		171.243		3510		2		2
283.597		142.462		3574		2		2
284.677		126.844		3461		2		2
268.705		153.385		3584		2		2
264.019		178.991		3629		2		2
263.707		200.167		3592		2		2
264.325		206.225		3585		2		2
301.917		153.738		3567		2		2
307.651		179.847		3618		2		2
310.192		201.035		3572		2		2
308.551		207.618		3585		2		2
279.048		200.105		3562		2		2
275.442		231.904		3654		2		2
275.01		264.139		3722		2		2
275.262		271.777		3704		2		2
293.432		199.839		3560		2		2
297.118		231.933		3643		2		2
296.178		263.943		3718		2		2
296.997		271.576		3711		2		2
283.916		149.668		3557		2		2
264.499		213.334		3608		2		2
260.036		206.6		3609		2		2
309.666		213.667		3601		2		2
305.5		207.503		3596		2		2
Frame 9
286.234		199.979		3544		2		2
284.895		171.244		3511		2		2
283.604		142.458		3579		2		2
284.688		126.842		3458		2		2
268.719		153.379		3582		2		2
264.031		179.005		3627		2		2
263.728		200.184		3591		2		2
264.33		206.127		3581		2		2
301.949		153.759		3573		2		2
307.676		179.815		3622		2		2
310.195		201.011		3572		2		2
308.585		207.757		3584		2		2
279.05		200.109		3564		2		2
275.478		232.183		3649		2		2
275.007		264.273		3721		2		2
275.253		271.915		3704		2		2
293.448		199.852		3563		2		2
297.15		231.83		3638		2		2
296.215		263.917		3718		2		2
297.03		271.55		3710		2		2
283.924		149.665		3558		2		2
264.21		213.372		3617		2		2
260.374		208.128		3613		2		2
309.8		213.401		3593		2		2
305.5		207.502		3595		2		2
Frame 10
286.266		200.011		3551		2		2
284.922		171.251		3506		2		2
283.628		142.446		3574		2		2
284.731		126.818		3459		2		2
268.733		153.383		3582		2		2
264.041		178.993		3629		2		2
263.733		200.173		3587		2		2
264.244		206.283		3587		2		2
301.965		153.759		3571		2		2
307.687		179.797		3615		2		2
310.194		201		3577		2		2
308.55		207.851		3579		2		2
279.07		200.134		3561		2		2
275.476		232.477		3646		2		2
274.998		264.278		3726		2		2
275.239		271.921		3710		2		2
293.499		199.891		3551		2		2
296.898		232.512		3635		2		2
296.253		263.9		3717		2		2
297.064		271.533		3714		2		2
283.948		149.658		3551		2		2
264.147		213.284		3608		2		2
260.139		207.202		3611		2		2
309.401		213.4		3582		2		2
305.499		207.574		3593		2		2
Frame 11
286.267		200.024		3554		2		2
284.925		171.253		3522		2		2
283.636		142.442		3574		2		2
284.736		126.821		3449		2		2
268.754		153.377		3582		2		2
264.045		178.993		3628		2		2
263.749		200.174		3587		2		2
264.297		205.883		3585		2		2
301.982		153.761		3568		2		2
307.687		179.794		3616		2		2
310.198		200.986		3560		2		2
308.55		207.319		3585		2		2
279.074		200.151		3558		2		2
275.509		232.538		3646		2		2
275.011		264.281		3717		2		2
275.244		271.925		3720		2		2
293.497		199.901		3558		2		2
296.595		233.031		3634		2		2
296.259		263.904		3717		2		2
297.062		271.538		3718		2		2
283.954		149.656		3560		2		2
264.285		212.429		3609		2		2
259.933		205.339		0		2		2
309.401		212.2		3596		2		2
305.497		207.687		3591		2		2
Frame 12
286.244		200.051		3543		2		2
284.912		171.261		3522		2		2
283.627		142.441		3572		2		2
284.753		126.837		3451		2		2
268.77		153.382		3579		2		2
264.051		179.003		3625		2		2
263.756		200.186		3588		2		2
264.25		206.098		3580		2		2
301.988		153.775		3570		2		2
307.682		179.786		3614		2		2
310.168		200.973		3557		2		2
308.555		207.529		3584		2		2
279.049		200.167		3560		2		2
275.521		232.701		3649		2		2
275.025		264.321		3719		2		2
275.239		271.965		3709		2		2
293.481		199.945		3549		2		2
296.505		233.169		3637		2		2
296.309		263.868		3715		2		2
297.095		271.501		3716		2		2
283.945		149.656		3556		2		2
263.501		213.334		3610		2		2
259.818		205.37		0		2		2
309.333		213.334		3593		2		2
305.5		210.501		3593		2		2
Frame 13
286.242		200.083		3548		2		2
284.904		171.286		3505		2		2
283.611		142.461		3572		2		2
284.768		126.834		3455		2		2
268.772		153.385		3579		2		2
264.057		179.005		3625		2		2
263.76		200.187		3583		2		2
264.256		206.154		3577		2		2
302.001		153.766		3563		2		2
307.694		179.712		3612		2		2
310.135		200.913		3578		2		2
308.624		207.401		3573		2		2
279.049		200.199		3552		2		2
275.522		232.743		3648		2		2
275.023		264.324		3718		2		2
275.209		271.968		3716		2		2
293.476		199.974		3552		2		2
296.403		233.36		3633		2		2
296.298		263.94		3715		2		2
297.055		271.576		3716		2		2
283.931		149.676		3555		2		2
264.142		213.286		3597		2		2
260.036		206.159		3596		2		2
309.333		213.334		3589		2		2
305.5		211.002		3595		2		2
Frame 14
286.172		200.112		3541		2		2
284.878		171.306		3525		2		2
283.609		142.476		3577		2		2
284.767		126.858		3444		2		2
268.776		153.389		3584		2		2
264.06		179.005		3625		2		2
263.762		200.188		3587		2		2
264.16		205.933		3589		2		2
302.039		153.719		3567		2		2
307.71		179.68		3609		2		2
310.129		200.912		3573		2		2
308.6		207.644		3567		2		2
278.996		200.218		3557		2		2
275.524		232.767		3645		2		2
275.018		264.317		3716		2		2
275.164		271.96		3721		2		2
293.386		200.014		3545		2		2
296.388		233.386		3631		2		2
296.351		264.001		3709		2		2
297.07		271.639		3724		2		2
283.924		149.692		3554		2		2
263.999		213.167		3610		2		2
259.94		206.14		0		2		2
309.5		213.501		3588		2		2
305.2		206.869		3596		2		2
Frame 15
286.157		200.136		3538		2		2
284.867		171.316		3512		2		2
283.602		142.481		3576		2		2
284.78		126.879		3443		2		2
268.771		153.429		3583		2		2
264.07		179.001		3621		2		2
263.771		200.185		3583		2		2
264.133		206.013		3584		2		2
302.047		153.716		3569		2		2
307.722		179.677		3606		2		2
310.094		200.903		3560		2		2
308.609		207.688		3574		2		2
278.972		200.242		3553		2		2
275.506		232.94		3639		2		2
275.011		264.311		3717		2		2
275.151		271.951		3712		2		2
293.382		200.035		3543		2		2
296.359		233.346		3630		2		2
296.305		264.054		3718		2		2
297.018		271.691		3712		2		2
283.917		149.697		3546		2		2
263.999		213.375		3612		2		2
259.736		205.728		3633		2		2
308.999		214.334		3602		2		2
305.474		207.267		3581		2		2
Frame 16
286.225		200.216		3538		2		2
284.917		171.333		3497		2		2
283.637		142.447		3565		2		2
284.776		126.832		3437		2		2
268.781		153.45		3575		2		2
264.066		178.932		3624		2		2
263.75		200.122		3580		2		2
263.999		206.171		3575		2		2
302.074		153.729		3557		2		2
307.72		179.7		3606		2		2
310.12		200.923		3547		2		2
308.666		207.538		3571		2		2
279.026		200.316		3543		2		2
275.494		232.891		3647		2		2
275.008		264.409		3723		2		2
275.11		272.052		3704		2		2
293.462		200.116		3539		2		2
296.349		233.348		3628		2		2
296.289		264.117		3711		2		2
296.961		271.754		3720		2		2
283.955		149.675		3547		2		2
264.201		214.401		3599		2		2
259.544		207.275		3614		2		2
309.801		213.401		3577		2		2
305.5		209.002		3584		2		2
Frame 17
286.24		200.328		3527		2		2
284.931		171.438		3494		2		2
283.65		142.549		3562		2		2
284.724		126.845		3428		2		2
268.734		153.509		3572		2		2
264.058		178.904		3620		2		2
263.723		200.075		3582		2		2
263.984		206.377		3575		2		2
302.075		153.74		3558		2		2
307.694		179.833		3592		2		2
310.078		201.101		3563		2		2
308.578		207.818		3557		2		2
279.039		200.424		3537		2		2
275.472		232.806		3629		2		2
275.015		264.455		3713		2		2
275.085		272.097		3700		2		2
293.48		200.232		3532		2		2
296.325		233.425		3625		2		2
296.275		264.268		3711		2		2
296.917		271.905		3711		2		2
283.968		149.777		3542		2		2
264.502		214.334		3595		2		2
259.595		206.72		3615		2		2
309.5		213.501		3572		2		2
305.571		207.431		3573		2		2
Frame 18
286.157		200.473		3530		2		2
284.874		171.552		3483		2		2
283.617		142.638		3560		2		2
284.674		126.869		3425		2		2
268.716		153.568		3566		2		2
263.936		178.97		3610		2		2
263.646		200.191		3573		2		2
263.953		206.412		3570		2		2
302.096		153.795		3548		2		2
307.712		179.918		3587		2		2
310.018		201.203		3558		2		2
308.443		207.758		3551		2		2
278.959		200.551		3537		2		2
275.392		232.844		3641		2		2
274.966		264.47		3712		2		2
274.975		272.11		3707		2		2
293.395		200.395		3524		2		2
296.281		233.587		3621		2		2
296.225		264.204		3711		2		2
296.805		271.84		3711		2		2
283.93		149.871		3534		2		2
264.501		214.334		3595		2		2
259.4		207.303		3592		2		2
309.2		213.601		3564		2		2
304.909		207.093		3561		2		2
Frame 19
286.123		200.524		3524		2		2
284.87		171.566		3484		2		2
283.65		142.602		3560		2		2
284.658		126.868		3428		2		2
268.704		153.566		3568		2		2
263.934		179.002		3611		2		2
263.618		200.237		3575		2		2
263.884		206.422		3567		2		2
302.101		153.818		3549		2		2
307.699		179.924		3592		2		2
309.994		201.203		3558		2		2
308.368		207.767		3550		2		2
278.928		200.596		3536		2		2
275.4		232.876		3642		2		2
274.959		264.471		3709		2		2
274.949		272.114		3721		2		2
293.359		200.449		3527		2		2
296.234		233.533		3616		2		2
296.216		264.208		3709		2		2
296.777		271.848		3712		2		2
283.953		149.849		3543		2		2
264.201		214.401		3600		2		2
259.543		207.342		3611		2		2
309.8		213.401		3561		2		2
304.8		207.203		3562		2		2
Frame 20
286.092		200.605		3522		2		2
284.799		171.626		3488		2		2
283.532		142.639		3548		2		2
284.61		126.858		3419		2		2
268.631		153.553		3564		2		2
263.923		179.039		3608		2		2
263.589		200.278		3571		2		2
263.857		206.803		3572		2		2
302.105		153.837		3549		2		2
307.699		179.952		3585		2		2
309.997		201.278		3560		2		2
308.29		207.972		3551		2		2
278.891		200.693		3527		2		2
275.396		232.907		3632		2		2
274.964		264.446		3719		2		2
274.912		272.09		3708		2		2
293.333		200.514		3527		2		2
296.188		233.693		3623		2		2
296.266		264.259		3707		2		2
296.785		271.902		3716		2		2
283.847		149.891		3534		2		2
264.144		214.286		3589		2		2
259.645		207.195		3592		2		2
308.8		214.401		3569		2		2
304.616		207.927		3563		2		2
Frame 21
285.905		200.709		3519		2		2
284.63		171.666		3478		2		2
283.382		142.612		3547		2		2
284.508		126.843		3426		2		2
268.548		153.616		3561		2		2
263.815		179.012		3607		2		2
263.553		200.28		3575		2		2
263.808		206.801		3562		2		2
302.034		153.865		3543		2		2
307.623		179.888		3585		2		2
310.035		201.204		3547		2		2
308.273		207.92		3542		2		2
278.707		200.776		3531		2		2
275.347		232.933		3633		2		2
274.96		264.437		3711		2		2
274.801		272.083		3710		2		2
293.143		200.64		3518		2		2
296.166		233.745		3626		2		2
296.311		264.443		3704		2		2
296.724		272.094		3716		2		2
283.692		149.881		3531		2		2
264.249		214.251		3599		2		2
259.714		209.574		3597		2		2
308.799		214.401		3568		2		2
304.625		206.751		3554		2		2
Frame 22
285.889		200.815		3513		2		2
284.522		171.633		3471		2		2
283.168		142.416		3532		2		2
284.369		126.757		3415		2		2
268.463		153.588		3557		2		2
263.527		179.227		3596		2		2
263.454		200.504		3565		2		2
263.797		206.878		3552		2		2
301.979		153.872		3532		2		2
307.617		179.907		3572		2		2
310.081		201.295		3534		2		2
308.612		207.167		3538		2		2
278.658		200.893		3521		2		2
275.346		233.191		3626		2		2
274.942		264.448		3706		2		2
274.73		272.1		3709		2		2
293.158		200.735		3509		2		2
296.062		233.798		3609		2		2
296.297		264.437		3702		2		2
296.656		272.094		3705		2		2
283.506		149.728		3514		2		2
264.001		214.376		3578		2		2
259.5		207.003		3586		2		2
308.799		214.4		3570		2		2
304.818		207.729		3549		2		2
Frame 23
285.787		200.927		3504		2		2
284.414		171.649		3472		2		2
283.059		142.357		3523		2		2
284.101		126.718		3420		2		2
268.308		153.656		3547		2		2
263.307		179.297		3598		2		2
263.35		200.587		3558		2		2
263.611		206.861		3553		2		2
301.927		153.816		3524		2		2
307.561		179.937		3571		2		2
310.081		201.391		3536		2		2
308.451		207.14		3524		2		2
278.559		201.031		3521		2		2
275.338		233.438		3623		2		2
274.953		264.521		3707		2		2
274.829		272.175		3717		2		2
293.054		200.824		3511		2		2
295.991		233.785		3603		2		2
296.271		264.642		3702		2		2
296.719		272.303		3722		2		2
283.397		149.686		3511		2		2
264.002		214.375		3575		2		2
259.574		207.835		3596		2		2
308.799		214.401		3553		2		2
304.6		206.669		3544		2		2
Frame 24
285.703		201.121		3502		2		2
284.314		171.648		3446		2		2
282.939		142.117		3527		2		2
283.878		126.618		3403		2		2
268.223		153.848		3531		2		2
263.081		179.311		3593		2		2
263.261		200.578		3553		2		2
263.697		206.863		3556		2		2
301.795		153.807		3515		2		2
307.514		179.935		3559		2		2
310.03		201.385		3514		2		2
308.361		207.232		3533		2		2
278.451		201.232		3509		2		2
275.339		233.691		3614		2		2
274.946		264.543		3715		2		2
274.781		272.207		3708		2		2
292.993		201.009		3505		2		2
295.718		234.462		3608		2		2
296.121		264.671		3710		2		2
296.524		272.342		3709		2		2
283.282		149.51		3501		2		2
264.334		214.334		3575		2		2
259.889		209.556		3580		2		2
308.799		214.401		3543		2		2
304.539		207.771		3542		2		2
Frame 25
285.769		201.31		3487		2		2
284.301		171.702		3449		2		2
282.855		142.052		3511		2		2
283.672		126.428		3408		2		2
268.123		153.828		3526		2		2
262.836		179.31		3577		2		2
263.091		200.663		3549		2		2
263.29		206.835		3538		2		2
301.763		153.732		3504		2		2
307.471		180.012		3552		2		2
310.13		201.579		3519		2		2
308.464		208.345		3515		2		2
278.474		201.424		3499		2		2
275.354		234.076		3608		2		2
274.949		264.584		3703		2		2
274.771		272.251		3709		2		2
293.104		201.193		3493		2		2
295.611		235.378		3600		2		2
296.12		264.654		3700		2		2
296.51		272.327		3719		2		2
283.215		149.473		3494		2		2
263.501		214.5		3568		2		2
258.778		206.226		0		2		2
308.333		215.334		3545		2		2
305.526		208.741		3533		2		2
Frame 26
285.536		201.509		3479		2		2
284.123		171.772		3441		2		2
282.741		141.963		3500		2		2
283.564		126.365		3397		2		2
268.021		153.93		3518		2		2
262.592		179.548		3576		2		2
262.967		200.94		3537		2		2
263.254		207.336		3540		2		2
301.685		153.819		3496		2		2
307.415		180.153		3541		2		2
310.246		201.78		3486		2		2
308.642		207.682		3508		2		2
278.25		201.6		3485		2		2
275.447		234.482		3598		2		2
274.882		264.82		3696		2		2
274.583		272.511		3709		2		2
292.86		201.417		3483		2		2
295.558		236.155		3595		2		2
296.179		264.881		3703		2		2
296.451		272.571		3710		2		2
283.084		149.427		3481		2		2
264.251		215.25		3558		2		2
259.301		208.805		3554		2		2
308.167		215.334		3529		2		2
305.467		208.269		3526		2		2
Frame 27
285.423		201.835		3466		2		2
284.081		171.865		3427		2		2
282.754		141.891		3488		2		2
283.441		126.24		3401		2		2
267.798		154.097		3505		2		2
262.433		179.542		3563		2		2
262.853		201.018		3525		2		2
262.953		207.177		3522		2		2
301.655		153.962		3479		2		2
307.463		180.429		3532		2		2
310.172		202.097		3502		2		2
308.818		208.849		3504		2		2
278.093		201.955		3479		2		2
275.445		234.701		3596		2		2
274.924		264.938		3694		2		2
274.574		272.623		3701		2		2
292.791		201.714		3475		2		2
295.548		236.224		3584		2		2
296.154		264.944		3698		2		2
296.373		272.624		3717		2		2
283.085		149.39		3470		2		2
262.714		215.429		3547		2		2
258.571		205.93		3548		2		2
309.715		214.572		3514		2		2
305.125		208.253		3517		2		2
Frame 28
285.426		202.256		3457		2		2
284.044		172.083		3421		2		2
282.683		141.89		3477		2		2
283.321		126.159		3394		2		2
267.458		154.559		3494		2		2
262.218		180.484		3551		2		2
262.707		202.038		3514		2		2
262.647		207.132		3516		2		2
301.466		154.11		3474		2		2
307.719		180.546		3524		2		2
310.346		202.349		3491		2		2
309.025		209.03		3491		2		2
278.046		202.402		3461		2		2
275.521		235.421		3585		2		2
274.871		265.029		3703		2		2
274.709		272.723		3706		2		2
292.843		202.11		3461		2		2
295.384		236.597		3565		2		2
296.134		264.943		3708		2		2
296.543		272.628		3712		2		2
283.022		149.445		3459		2		2
262.715		215.429		3539		2		2
257.874		205		3556		2		2
309.8		215.401		3519		2		2
305.473		209.271		3512		2		2
Frame 29
285.329		202.811		3444		2		2
283.878		172.39		3408		2		2
282.454		141.957		3466		2		2
283.125		126.179		3376		2		2
267.267		154.843		3485		2		2
262.18		180.764		3539		2		2
262.281		202.342		3499		2		2
262.23		207.169		3495		2		2
301.36		154.319		3460		2		2
308.018		180.615		3503		2		2
311.038		202.308		3479		2		2
309.449		209.118		3477		2		2
277.901		202.949		3444		2		2
275.554		236.205		3579		2		2
274.886		265.125		3693		2		2
274.527		272.828		3703		2		2
292.788		202.672		3445		2		2
295.429		237.275		3563		2		2
296.122		265.256		3698		2		2
296.332		272.953		3715		2		2
282.808		149.571		3451		2		2
262.222		215.445		3519		2		2
257.727		205.819		3529		2		2
310.001		215.5		3483		2		2
305.527		208.795		3490		2		2
Frame 30
285.273		203.309		3428		2		2
283.912		172.738		3390		2		2
282.571		142.167		3459		2		2
282.94		126.454		3365		2		2
267.006		155.21		3467		2		2
262.07		180.869		3529		2		2
261.815		202.598		3481		2		2
262.029		207.909		3482		2		2
301.129		154.757		3443		2		2
308.444		180.66		3498		2		2
311.324		202.392		3448		2		2
309.906		209.099		3463		2		2
277.833		203.455		3437		2		2
275.588		236.557		3569		2		2
274.895		265.183		3692		2		2
274.447		272.889		3709		2		2
292.746		203.162		3428		2		2
295.449		237.761		3549		2		2
296.117		265.573		3690		2		2
296.239		273.278		3706		2		2
282.905		149.814		3437		2		2
261.999		216.501		3502		2		2
256.999		206.142		0		2		2
310.4		216.201		3483		2		2
306.159		208.32		3488		2		2
Frame 31
284.951		203.834		3414		2		2
283.572		173.139		3362		2		2
282.222		142.462		3438		2		2
282.71		126.576		3357		2		2
266.726		155.347		3460		2		2
261.927		181.417		3505		2		2
261.462		203.595		3464		2		2
261.969		210.212		3457		2		2
301.061		154.941		3438		2		2
308.855		180.633		3486		2		2
313.279		201.649		3423		2		2
312.07		208.752		3418		2		2
277.499		204.056		3423		2		2
275.574		236.928		3554		2		2
274.824		265.282		3688		2		2
274.512		272.989		3703		2		2
292.437		203.61		3416		2		2
295.435		238.011		3542		2		2
296.046		265.725		3691		2		2
296.305		273.436		3706		2		2
282.557		150.134		3420		2		2
262.832		218.333		3502		2		2
257.857		211.292		3493		2		2
311.8		215.401		3444		2		2
308.571		211.286		3464		2		2
Frame 32
284.893		204.38		3392		2		2
283.413		173.459		3362		2		2
282		142.658		3429		2		2
282.435		126.839		3339		2		2
266.417		155.707		3434		2		2
261.131		181.544		3486		2		2
260.969		204.517		3440		2		2
261.308		210.773		3438		2		2
301.196		155.166		3424		2		2
309.565		180.444		3475		2		2
314.443		200.883		3388		2		2
313.513		208.082		3385		2		2
277.342		204.595		3400		2		2
275.615		237.436		3531		2		2
274.809		265.378		3676		2		2
274.584		273.076		3698		2		2
292.487		204.164		3403		2		2
295.177		238.329		3522		2		2
295.984		266.003		3687		2		2
296.333		273.708		3707		2		2
282.348		150.353		3404		2		2
261.833		218.334		3466		2		2
256.749		213.751		3488		2		2
313.286		214.429		3390		2		2
310.571		209.501		3417		2		2
Frame 33
284.622		205.188		3377		2		2
283.134		174.208		3339		2		2
281.701		143.313		3417		2		2
282.273		127.535		3331		2		2
266.115		156.714		3419		2		2
260.159		181.473		3468		2		2
259.917		204.397		3406		2		2
260.05		210.984		3399		2		2
301.292		155.783		3402		2		2
310.581		180.262		3458		2		2
315.64		200.59		3366		2		2
315.184		207.238		3352		2		2
277.007		205.416		3384		2		2
275.899		238.14		3502		2		2
274.751		265.493		3665		2		2
274.622		273.225		3692		2		2
292.283		204.958		3380		2		2
295.151		238.988		3489		2		2
295.787		266.053		3685		2		2
296.229		273.78		3693		2		2
282.055		151.034		3385		2		2
260.2		218.401		3418		2		2
256.048		209.851		3406		2		2
314.8		214.401		3385		2		2
312.061		207.692		3384		2		2
Frame 34
284.322		206.22		3358		2		2
282.774		175.059		3324		2		2
281.274		144.057		3395		2		2
281.922		128.177		3314		2		2
265.927		157.548		3406		2		2
259.46		181.98		3444		2		2
258.427		204.318		3363		2		2
257.599		211.001		3351		2		2
301.234		156.617		3387		2		2
311.837		179.717		3462		2		2
317.516		199.389		3337		2		2
316.994		206.045		3330		2		2
276.616		206.49		3364		2		2
276.05		239.375		3470		2		2
275.15		265.776		3649		2		2
274.839		273.537		3685		2		2
292.062		205.948		3365		2		2
294.938		240.026		3460		2		2
295.679		266.435		3661		2		2
295.927		274.186		3689		2		2
281.646		151.798		3373		2		2
258.6		218.2		3364		2		2
254.997		211.234		3381		2		2
317.833		212.169		3330		2		2
314.251		211.001		3359		2		2
Frame 35
283.973		207.477		3344		2		2
282.503		176.369		3312		2		2
281.089		145.377		3368		2		2
281.641		129.285		3308		2		2
265.717		158.444		3384		2		2
258.446		182.534		3423		2		2
256.274		204.663		3326		2		2
256.237		212.039		3300		2		2
301.298		157.358		3371		2		2
313.238		179.017		3439		2		2
320.261		198.394		3294		2		2
319.663		204.953		3283		2		2
276.207		207.619		3350		2		2
275.927		239.609		3422		2		2
275.113		266.467		3629		2		2
274.894		274.319		3678		2		2
291.78		207.336		3342		2		2
295.018		240.709		3419		2		2
295.483		266.696		3648		2		2
295.821		274.505		3690		2		2
281.438		153.119		3348		2		2
257.092		218.184		3315		2		2
252.357		211.003		3400		2		2
319.364		211.639		3294		2		2
316.879		205.384		3322		2		2
Frame 36
283.979		209.177		3325		2		2
282.538		177.938		3300		2		2
281.135		146.757		3339		2		2
281.475		130.885		3274		2		2
265.256		160.471		3363		2		2
256.938		183.444		3399		2		2
253.656		202.895		3282		2		2
254.114		210.484		3257		2		2
301.475		159.026		3344		2		2
315.764		178.167		3423		2		2
323.521		196.644		3256		2		2
322.304		201.884		3233		2		2
276.073		209.171		3337		2		2
275.656		242.089		3375		2		2
275.388		266.602		3592		2		2
275.203		274.581		3649		2		2
291.954		209.192		3334		2		2
294.47		241.218		3375		2		2
295.153		266.616		3613		2		2
295.516		274.545		3680		2		2
281.483		154.552		3329		2		2
254.999		217.365		3254		2		2
251.408		211.285		3280		2		2
322.5		208.194		3236		2		2
318.286		204.142		3276		2		2
Frame 37
284.052		211.014		3319		2		2
282.474		180.03		3273		2		2
280.892		149.071		3333		2		2
281.628		133.519		3258		2		2
265.232		162.107		3342		2		2
254.976		184.495		3377		2		2
251.118		203.181		3214		2		2
251.675		210.916		3188		2		2
301.644		160.746		3329		2		2
317.262		176.779		3407		2		2
325.923		191.653		3215		2		2
325.472		198.428		3192		2		2
276.117		211.178		3319		2		2
274.883		244.627		3323		2		2
275.627		267.555		3549		2		2
275.591		275.604		3641		2		2
292.039		210.849		3318		2		2
294.782		243.789		3340		2		2
295.352		265.3		3523		2		2
295.873		273.402		3653		2		2
281.289		156.815		3315		2		2
253.001		217.163		3185		2		2
250.233		213.058		3190		2		2
324		207.5		3209		2		2
321.881		199.176		3225		2		2
Frame 38
284.308		213.981		3308		2		2
282.576		183.224		3252		2		2
280.844		152.381		3299		2		2
281.511		136.455		3235		2		2
264.723		165.054		3328		2		2
251.899		184.554		3350		2		2
248.054		202.739		3163		2		2
248.171		209.753		3117		2		2
301.89		163.063		3313		2		2
320.679		174.794		3381		2		2
328.67		187.115		3169		2		2
328.628		191.766		3151		2		2
276.326		214.313		3313		2		2
274.342		248.058		3279		2		2
276.438		269.678		3545		2		2
276.573		277.844		3597		2		2
292.322		213.665		3307		2		2
295.763		247.081		3297		2		2
295.767		269.492		3529		2		2
296.447		277.699		3513		2		2
281.277		160.106		3285		2		2
249.091		215.096		3126		2		2
244.5		215.001		3167		2		2
328.849		197.754		3147		2		2
324.25		197.251		3196		2		2
Frame 39
284.207		218.115		3287		2		2
282.671		187.079		3235		2		2
281.164		155.974		3272		2		2
281.575		140.748		3216		2		2
264.582		169.412		3295		2		2
247.251		185.373		3303		2		2
244.376		200.02		3106		2		2
243.626		206.13		3066		2		2
303.292		166.98		3301		2		2
324.477		173.665		3341		2		2
330.942		180.699		3141		2		2
331.968		183.423		3103		2		2
276.23		217.961		3288		2		2
274.506		252.065		3248		2		2
276.013		269.518		3439		1		2
276.706		277.864		3596		2		2
292.22		218.274		3293		2		2
296.273		251.987		3271		2		2
295.774		269.01		3388		1		2
297.035		277.364		3500		2		2
281.537		163.763		3271		2		2
244.581		212.363		3053		2		2
241.5		212.251		3086		2		2
332.332		188.836		3099		2		2
336.248		190.502		3128		2		2
Frame 40
284.201		221.979		3274		2		2
282.63		191.259		3220		2		2
281.081		160.395		3252		2		2
281.398		144.548		3188		2		2
264.084		172.795		3263		2		2
243.092		183.45		3261		2		2
239.872		198.345		3047		2		2
238.66		203.346		3002		2		2
303.953		170.307		3285		2		2
326.706		172.537		3324		2		2
334.486		174.728		3039		2		2
335.762		176.458		3038		1		2
276.211		222.274		3272		2		2
273.212		256.602		3215		2		2
273.141		289.092		3226		1		2
274.001		274.627		3498		2		2
292.225		221.707		3267		2		2
298.072		255.814		3237		2		2
293.464		287.78		3255		1		2
294.688		273.413		0		2		2
281.467		168.132		3246		2		2
239.43		209.433		2989		2		2
234.601		206.498		3002		2		2
337.222		179.112		3033		2		2
335.599		182.4		3065		2		2
Frame 41
284.427		226.539		3239		2		2
282.61		195.708		3203		2		2
280.813		164.742		3232		2		2
281.628		149.424		3148		2		2
263.942		177.862		3238		2		2
241.403		184.791		3204		2		2
236.44		197.185		2989		2		2
234.044		202.294		2924		2		2
304.596		174.44		3262		2		2
327.028		172.108		3305		2		2
333.49		166.606		3054		2		2
335.937		164.29		3003		2		2
276.441		226.456		3248		2		2
271.931		261.003		3178		2		2
272.325		294.21		3147		1		2
273.329		279.549		3474		2		2
292.439		226.501		3243		2		2
297.583		261.163		3197		2		2
293.033		292.849		3187		1		2
296.382		278.884		3365		2		2
281.261		172.501		3218		2		2
233.621		206.693		2914		2		2
229.252		204.623		2937		2		2
339.727		165.546		2985		2		2
336.866		168.664		3038		2		2
Frame 42
284.522		230.758		3226		2		2
282.625		199.646		3185		2		2
280.753		168.458		3189		2		2
281.771		153.101		3122		2		2
263.558		181.786		3214		2		2
241.457		189.463		3167		2		2
233.313		195.759		2951		2		2
230.011		201.494		2850		2		2
304.712		177.776		3241		2		2
327.497		172.841		3275		2		2
331.689		159.63		3079		2		2
333.689		157.604		3026		2		2
276.425		231.134		3223		2		2
270.929		265.817		3160		2		2
270.693		299		3076		1		2
272.03		284.274		3315		1		2
292.643		230.51		3221		2		2
298.67		265.268		3172		2		2
294.314		298.75		3103		1		2
295.468		283.635		3280		2		2
281.219		176.27		3194		2		2
228.222		205.667		2843		2		2
224.833		203.167		2882		2		2
338.6		153.5		2952		2		2
341.5		154.5		2961		2		2
Frame 43
284.643		235.435		3200		2		2
282.83		204.583		3158		2		2
281.03		173.313		3159		2		2
281.92		158.148		3086		2		2
263.423		186.035		3175		2		2
239.88		190.104		3126		2		2
233.889		198.495		2909		2		2
227.282		201.961		2788		2		2
305.03		181.614		3215		2		2
328.222		175.085		3235		2		2
331.667		156.474		3064		2		2
331.732		150.91		3009		2		2
276.644		235.73		3206		2		2
272.515		265.454		3148		2		2
270.979		277.601		3137		2		2
275.778		287.52		3239		1		2
292.659		235.051		3198		2		2
297.323		262.961		3151		2		2
294.531		277.084		3149		2		2
293.799		288.347		3224		2		2
281.479		181.155		3163		2		2
224.962		203.859		2787		2		2
221.856		203.143		2819		2		2
333.998		144		2969		2		2
335.194		146.222		3011		2		2
Frame 44
284.647		240.918		3176		2		2
282.534		209.622		3125		2		2
280.424		177.946		3107		2		2
281.674		162.598		3039		2		2
263.324		190.727		3135		2		2
243.121		202.512		3079		2		2
231.164		206.721		2857		2		2
225.228		203.307		2744		2		2
304.85		187.565		3172		2		2
328.61		179.912		3188		2		2
329.735		157.232		3055		2		2
327.782		149.365		3040		2		2
276.522		241.209		3177		2		2
271.955		267.058		3138		2		2
270.323		280.976		3120		2		2
270.1		290.266		3159		2		2
292.786		240.631		3175		2		2
297.731		267.222		3128		2		2
296.094		280.483		3109		2		2
298.217		290.317		3144		2		2
280.951		185.907		3128		2		2
222.623		203.708		2744		2		2
221.833		201.167		2760		2		2
327.501		141.501		3009		2		2
330.589		145.476		3059		2		2
Frame 45
284.746		245.059		3160		2		2
282.399		214.562		3096		2		2
280.022		182.884		3056		2		2
281.198		167.699		2997		2		2
263.582		195.42		3090		2		2
244.639		210.397		3025		2		2
231.986		213.379		2841		2		2
225.788		209.004		2705		2		2
304.583		192.447		3127		2		2
330.458		188.054		3139		2		2
326.177		158.687		3049		2		2
323.446		151		3072		2		2
276.766		245.521		3170		2		2
270.982		270.132		3120		2		2
270.081		281.078		3104		2		2
261.834		288.797		3174		2		2
292.731		244.645		3158		2		2
297.976		270.689		3114		2		2
296.605		281.935		3111		2		2
299.107		291.959		3102		2		2
280.618		190.862		3089		2		2
222.141		207.906		2683		2		2
219.287		209.716		2706		2		2
322		143.5		3065		2		2
326.714		148.57		3096		2		2
Frame 46
284.491		250.69		3143		2		2
281.927		219.971		3031		2		2
279.319		188.429		3023		2		2
280.913		173.012		2942		2		2
262.631		200.996		3034		2		2
244.9		217.573		2972		2		2
234.204		220.495		2763		2		2
228.223		217.88		2692		2		2
304.249		197.136		3079		2		2
328.727		189.145		3066		2		2
322.333		164.503		3028		2		2
319.6		156.693		3085		2		2
276.667		251.067		3142		2		2
270.539		273.771		3101		2		2
268.573		284.748		3096		2		2
260.782		290.348		3204		2		2
292.299		250.317		3132		2		2
294.562		278.75		3109		2		2
297.675		282.555		3087		2		2
291.925		292.317		3125		2		2
279.976		196.4		3038		2		2
223.998		215.201		2586		2		2
221.877		218.753		2640		2		2
317.503		150.499		3084		2		2
321.999		153.286		3100		2		2
Frame 47
284.337		254.707		3121		2		2
281.063		225.011		2984		2		2
277.713		193.359		2984		2		2
280.155		177.548		2874		2		2
262.015		206.474		2978		2		2
244.966		224.658		2896		2		2
237.264		230.197		2692		2		2
230.811		229.658		2596		2		2
303.077		203.128		3031		2		2
328.064		195.1		2993		2		2
319.789		170.431		2987		2		2
315.651		163.99		3083		2		2
276.381		255.255		3132		2		2
271.289		280.158		3091		2		2
266.725		285.141		3083		2		2
264.792		292.168		3096		2		2
292.268		254.17		3123		2		2
295.133		279.569		3093		2		2
298.167		283.004		3072		2		2
292.432		292.866		3098		2		2
278.561		201.394		2990		2		2
226.667		227.835		0		2		2
224.801		231.602		2568		2		2
312.624		158.626		3088		2		2
318.915		161.663		3089		2		2
Frame 48
284.302		255.62		3110		2		2
280.912		227.788		2931		2		2
277.355		197.954		2894		2		2
279.372		182.023		2808		2		2
261.487		210.658		2912		2		2
245.566		230.84		2832		2		2
238.426		239.42		2607		2		2
235.4		242.401		2584		2		2
301.378		204.445		2973		2		2
328.048		201.965		2923		2		2
316.096		178.17		2923		2		2
311.39		170.998		3020		2		2
276.49		256.623		3120		2		2
270.993		280.296		3087		2		2
266.303		285.346		3080		2		2
267.862		293.132		3074		2		2
292.133		254.731		3091		2		2
297.049		279.59		3074		2		2
298.383		283.749		3063		2		2
291.679		292.88		3101		2		2
278.256		205.669		2938		2		2
230.001		245.5		2477		2		2
238.714		244.287		2563		2		2
308.665		165.779		3048		2		2
315.074		169.068		3017		2		2
Frame 49
284.013		255.483		3093		2		2
279.848		229.284		2880		2		2
275.551		202.084		2857		2		2
278.169		185.103		2724		2		2
261.017		213.136		2839		2		2
246.874		235.044		2766		2		2
242.554		253.608		2563		2		2
239.022		260.782		2485		2		2
300.255		206.041		2916		2		2
327.364		207.385		2849		2		2
311.046		184.123		2827		2		2
308.402		177.912		2891		2		2
276.429		256.597		3103		2		2
270.648		280.2		3086		2		2
265.947		285.341		3080		2		2
268.187		293.207		3079		2		2
291.384		254.34		3080		2		2
298.213		279.115		3067		2		2
297.595		284.747		3065		2		2
293.164		294.694		3088		1		2
276.578		209.232		2870		2		2
233.181		265.276		2431		2		2
245.201		263.704		2499		2		2
305.623		169.875		2931		2		2
312.25		174.579		2883		2		2
Frame 50
282.062		256.398		3069		2		2
282.491		230.932		2838		2		2
284.473		202.771		2824		2		2
277.232		189.127		2652		2		2
263.223		216.546		2781		2		2
249.615		239.585		2696		2		2
246.992		263.139		2536		2		2
243.881		273.824		2485		2		2
299.038		209.848		2851		2		2
325.826		211.697		2759		2		2
305.054		185.006		2761		2		2
304.025		180.999		2772		2		2
273.773		257.559		3090		2		2
268.913		277.861		3092		1		2
270.6		283.057		3087		2		2
262.512		291.12		3126		2		2
290.116		255.217		3065		2		2
297.2		278.827		3074		1		2
296.819		284.025		3076		2		2
298.533		295.412		3085		1		2
284.01		210.1		2815		2		2
238.383		283.391		2404		2		2
250.143		279.425		2442		2		2
302.161		173.67		2782		2		2
308.888		177.777		2757		2		2
Frame 51
281.019		256.177		3053		2		2
280.199		235.415		2788		2		2
279.296		212.304		2758		2		2
275.614		194.946		2579		2		2
259.784		218.947		2694		2		2
251.807		245.975		2639		2		2
249.71		273.027		2500		2		2
247.944		282.026		2456		2		2
294.797		214.245		2789		2		2
322.373		219.327		2688		2		2
305.49		191.871		2637		2		2
302.908		186.712		2648		2		2
273.606		258.131		3075		2		2
267.81		280.466		3088		1		2
270.157		286.519		3107		1		2
262		294.615		3179		1		2
288.354		254.247		3045		2		2
297.914		278.481		3080		1		2
297.223		284.397		3083		2		2
297.607		294.946		3105		1		2
279.53		218.326		2767		2		2
248.265		292.521		2403		2		2
253.5		291.999		2421		2		2
300		178.777		2672		2		2
307.643		182.816		2662		2		2
Frame 52
280.049		257.165		3022		2		2
280.778		237.89		2732		2		2
282.583		216.639		2704		2		2
275.68		201.439		2514		2		2
262.437		221.223		2632		2		2
251.982		248.778		2601		2		2
251.762		280.163		2479		2		2
250.523		292.813		2425		2		2
294.66		218.991		2734		2		2
321.462		223.272		2601		2		2
306.674		199.867		2527		2		2
303.839		193.361		2547		2		2
272.546		259.162		3051		2		2
267.994		283.003		3090		1		2
270.538		289.037		3117		1		2
261.728		296.524		3204		1		2
287.465		255.194		3033		2		2
300.939		272.646		3076		2		2
297.017		285.07		3096		1		2
297.092		295.14		3135		1		2
282.142		222.334		2712		2		2
251.417		303.24		2381		2		2
256.429		302.712		2396		2		2
300.624		183.75		2549		2		2
309.43		191.729		2533		2		2
Frame 53
275.851		259.414		3009		2		2
284.257		239.586		2666		2		2
293.877		216.956		2636		2		2
278.482		207.437		2456		2		2
262.228		231.728		2594		2		2
250.485		259.703		2548		2		2
255.551		294.878		2437		2		2
252.277		307.677		2383		2		2
299.108		222.491		2652		2		2
325.669		230.373		2536		2		2
308.746		206.163		2424		2		2
304.945		199.245		2442		2		2
267.461		262.478		3035		2		2
268.714		284.098		3086		1		2
271.376		290.28		3127		1		2
267.924		295.98		3134		1		2
284.295		256.338		2919		2		2
301.553		276.469		3070		2		2
297.419		290.984		3118		1		2
296.496		300.37		3063		1		2
291.343		222.91		2657		2		2
252.186		318.091		2344		2		2
259.248		316.37		2377		2		2
301.545		189.183		0		2		2
311.285		195.571		2425		2		2
Frame 54
273.691		262.839		2924		2		2
279.835		242.803		2604		2		2
287.342		218.794		2589		2		2
271.42		212.119		2372		2		2
275.163		242.128		2618		2		2
259.81		266.996		2588		2		2
256.225		307.865		2412		2		2
252.38		321.436		2368		2		2
302.141		228.386		2563		1		2
326.707		237.124		2468		2		2
309.517		211.409		2341		2		2
307.061		205.984		2354		2		2
266.421		266.955		3007		2		2
259.74		300.827		0		1		2
253.092		320.226		2369		2		2
257.535		336.366		2324		2		2
280.614		259.282		2860		2		2
300.02		284.806		3090		1		2
295.775		298.234		3147		1		2
294.852		307.938		2866		1		2
285.339		225.193		2591		2		2
251.803		332.153		2329		2		2
258.776		328.325		2365		2		2
303.995		195.463		0		2		2
313.582		202.745		2335		2		2
Frame 55
275.998		271.342		2961		2		2
286.885		253.545		2589		2		2
299.503		232.969		2499		2		2
280.918		225.219		2379		2		2
277.297		252.67		2561		1		2
250.696		264.493		2471		2		2
254.084		309.18		2419		2		2
252.136		321.274		2393		2		2
311.484		239.511		2462		2		2
338.222		248.018		4530		1		2
311.684		221.495		2261		2		2
308.592		214.294		2265		2		2
269.644		273.515		2985		2		2
260.988		304.539		0		1		2
250.902		320.443		2392		2		2
252.325		337.181		2370		1		2
282.268		269.202		2956		2		2
302.324		294.531		3180		1		2
297.974		308.158		2858		1		2
297.083		318.301		2682		1		2
296.163		238.41		2583		2		2
252.571		330.686		2378		2		2
256.238		323.279		2397		2		2
304.743		203.879		0		2		2
314.164		210.052		2242		2		2
Frame 56
275.05		280.492		3029		2		2
286.249		262.605		2556		2		2
299.324		241.776		2444		2		2
279.527		234.717		2305		2		2
276.539		261.885		2524		1		2
247.547		273.643		2461		2		2
253.496		311.716		2431		2		2
252.897		320.599		2420		2		2
311.835		251.273		2410		2		2
331.401		249.46		0		2		2
309.363		224.293		2181		2		2
309.336		221.46		2181		2		2
268.081		282.345		2987		2		2
259.825		314.841		2477		1		2
251.608		312.755		2426		2		2
252.518		329.659		2411		1		2
281.933		278.665		0		2		2
302.248		303.153		2944		1		2
297.8		317.01		2668		1		2
296.882		327.592		2517		1		2
295.853		247.299		2511		2		2
253.5		330.5		2409		2		2
258.447		316.498		2444		2		2
306.995		216.335		2101		2		2
313.667		218.166		2147		2		2
Frame 57
270.504		286.198		0		2		2
278.004		268.248		2479		2		2
286.897		247.001		2418		2		2
269.587		241.978		2193		2		2
287.108		242.491		2427		2		2
259.244		276.034		2438		2		2
252.103		313.928		2447		2		2
250.798		319.829		2430		2		2
308.588		259.458		2364		1		2
331.096		269.407		2261		2		2
312.094		246.093		2091		2		2
314.633		241.411		2078		2		2
264.287		284.993		2919		2		2
257.591		317.913		2521		1		2
250.982		314.477		2435		2		2
252.292		326.294		2423		1		2
276.642		287.39		0		2		2
299.462		310.712		2790		1		2
294.953		324.757		2569		1		2
293.943		335.722		2437		1		2
284.522		252.671		2408		2		2
248.604		326.799		2426		2		2
255.688		317.058		2468		2		2
313.486		235.502		2036		2		2
320.999		242.751		2084		2		2
Frame 58
248.761		304.388		2440		2		2
256.49		286.879		2463		2		2
265.665		266.103		2209		2		2
268.905		252.129		2157		2		2
251.041		274.126		2373		2		2
245.286		301.879		2434		2		2
246.91		333.597		2422		1		2
247.453		344.107		2406		1		2
293.038		271.126		2404		2		2
317.383		261.526		0		2		2
317.636		276.759		1995		2		2
322.326		276.404		1993		1		2
241.898		303.929		2485		2		2
231.008		335.564		2477		1		2
244.858		316.975		2438		2		2
250.593		327.044		2420		1		2
255.543		304.844		0		2		2
273.478		330.719		2542		1		2
269.12		344.755		2404		1		2
267.434		356.325		2210		1		2
263.214		271.651		2364		2		2
245.277		350.997		2365		1		2
252.361		340.983		2404		1		2
320		270.6		1930		2		2
327.866		273.474		1943		2		2
Frame 59
249.372		311.137		2457		2		2
256.507		294.804		0		2		2
264.988		275.393		2166		2		2
268.492		263.216		2105		2		2
246.704		284.96		2364		2		2
246.96		312.715		2432		2		2
247.719		344.002		2406		1		2
247.975		354.313		2248		1		2
292.652		282.999		2356		2		2
320.305		281.151		3402		2		2
320.278		296.509		2218		1		2
318.329		287.586		2251		1		2
242.885		307.339		2438		2		2
229.94		343.424		2407		1		2
241.411		317.408		2460		2		2
247.141		323.258		2423		1		2
255.554		313.762		2764		2		2
272.733		338.789		2453		1		2
268.334		352.878		2293		1		2
266.608		364.744		2152		1		2
262.721		280.58		2291		2		2
245.807		361.161		2135		1		2
252.863		351.045		2354		1		2
315.779		281.9		2253		1		2
324.03		284.698		3303		1		2
Frame 60
264.435		317.352		2715		2		2
271.675		301.17		2327		2		2
280.363		281.751		2117		2		2
268.005		273.789		2047		2		2
248.933		286.267		2304		2		2
249.415		312.123		2458		1		2
255.665		329.441		2527		2		2
257.606		334.809		2512		1		2
297.912		287.629		2239		2		2
323.534		313.895		0		2		2
328.595		345.829		1980		2		2
329.103		357.926		1897		1		2
256.96		314.992		2740		2		2
249.032		350.29		2358		1		2
262.26		324.192		2626		1		2
247.487		322.927		2430		2		2
271.983		319.74		2686		2		2
292.77		343.209		2343		1		2
288.101		357.523		2179		1		2
286.845		369.727		2066		1		2
278.032		286.96		2091		2		2
255.541		341.365		2417		1		2
262.117		331.976		2547		1		2
335.798		370.999		1895		2		2
322.832		365.667		1989		2		2
Frame 61
261.382		330.667		2551		2		2
269.704		313.718		2298		2		2
279.824		293.089		2049		2		2
267.266		283.46		2009		2		2
248.366		295.252		2270		2		2
243.006		313.568		2425		2		2
249.724		332.593		2416		1		2
251.825		338.527		2411		1		2
286.185		314.166		2289		2		2
312.64		310.647		2169		2		2
327.456		350.849		2148		1		2
322.738		364.598		2017		1		2
254.393		324.812		2555		2		2
247.547		364.049		2085		1		2
260.916		338.953		2472		1		2
246.22		334.981		2417		1		2
268.521		336.644		2471		2		2
292.486		354.197		2201		1		2
287.718		368.641		2036		1		2
286.416		381.311		1916		1		2
277.094		298.653		2036		2		2
249.761		345.072		2393		1		2
256.419		335.642		2482		1		2
323.502		367		1991		2		2
323.299		362.8		2024		2		2
Frame 62
261.7		338.573		2465		2		2
273.539		326.199		2268		2		2
287.425		311.677		2193		2		2
273.567		302.073		1935		2		2
247.281		300.739		2220		2		2
242.26		320.597		2432		1		2
247.206		338.595		2406		1		2
248.751		344.201		2393		1		2
295.607		322.399		0		2		2
327.938		324.134		2469		1		2
297.569		334.867		2421		2		2
285.059		327.369		2267		1		2
254.566		333.866		2451		2		2
247.931		371.596		1964		1		2
261.64		346.862		2391		1		2
245.76		347.89		2396		1		2
268.976		343.37		2404		2		2
292.926		365.633		2110		1		2
288.056		380.151		1950		1		2
286.727		393.254		1775		1		2
283.733		315.538		2068		2		2
246.732		350.597		2359		1		2
253.294		341.296		2399		1		2
281.336		327.334		2284		2		2
279.501		327		2269		2		2
Frame 63
265.36		352.85		2289		2		2
276.472		339.105		2056		2		2
289.64		322.78		2161		2		2
275.049		317.44		1912		2		2
242.079		309.467		2278		2		2
237.806		327.174		2520		1		2
242.852		344.347		2219		1		2
244.432		349.704		2365		1		2
304.887		330.839		2145		2		2
336.729		351.703		2196		1		2
300.172		343.155		2304		1		2
291.393		333.208		2204		2		2
257.818		343.339		2415		2		2
249.472		380.666		1885		1		2
269.239		346.989		2352		1		2
253.249		355.408		2258		1		2
273.339		362.884		2161		2		2
294.717		374.853		2010		1		2
289.779		389.319		1838		1		2
288.471		402.667		1688		1		2
286.125		327.14		2130		2		2
242.469		355.915		2194		1		2
248.914		346.803		2374		1		2
281.249		338.752		2219		2		2
290.441		328.102		2184		2		2
Frame 64
266.875		353.789		2244		2		2
274.924		342.044		1897		2		2
284.674		327.781		1935		2		2
270.181		322.166		1908		2		2
244.59		316.103		2203		1		2
240.061		333.413		2461		1		2
245.05		350.433		2115		1		2
246.61		355.735		2172		1		2
308.378		338.282		2115		1		2
334.397		345.839		2247		2		2
310.767		373.226		2063		1		2
302.712		382.496		1957		1		2
259.595		354.216		2261		2		2
251.797		387.159		1810		1		2
272.164		354.278		2197		1		2
255.937		362.627		2163		1		2
274.081		353.368		2155		2		2
297.394		381.135		1960		1		2
292.373		395.605		1780		1		2
291.108		409.156		1650		1		2
282.049		331.624		1903		2		2
244.629		361.991		2135		1		2
251.102		352.726		2285		1		2
292.378		387.663		1885		1		2
301.916		378.054		1987		1		2
Frame 65
251.251		310.476		2317		2		2
257.921		299.482		2691		2		2
265.629		286.777		2994		2		2
267.594		290.852		2952		2		2
262.876		283.582		3002		2		2
264.073		266.462		3020		1		2
262.022		245.598		3089		2		2
262.183		240.294		3096		2		2
272.634		284.459		0		1		2
284.599		299.442		2560		2		2
298		320.663		0		1		2
297.894		316.712		2453		1		2
246.013		310.184		2309		2		2
237.471		324.542		2542		1		2
247.055		301.437		2964		1		2
235.184		305.95		3229		1		2
256.444		310.768		0		2		2
269.749		324.881		1979		1		2
266.203		336.437		1896		1		2
264.768		345.728		1865		1		2
263.592		290.134		2957		2		2
262.177		231.546		3109		2		2
265.668		238.333		3087		2		2
297.005		318.67		2419		2		2
307.436		321.991		2457		2		2
Frame 66
256.511		313.945		2510		2		2
264.08		303.574		2544		2		2
272.884		291.512		2896		2		2
273.574		296.107		2589		2		2
262.826		279.957		2973		2		2
264.125		257.874		2982		1		2
263.062		238.811		3006		2		2
263.757		234.257		3016		2		2
282.393		288.016		3235		1		2
288.815		301.198		2528		2		2
295.507		320.431		2371		1		2
302.563		341.688		2056		1		2
251.033		314.406		2296		2		2
245.209		327.963		2189		1		2
255.418		305.223		2603		1		2
243.532		309.662		2339		1		2
261.887		313.495		2472		2		2
278.085		327.848		2193		1		2
274.488		339.359		1897		1		2
273.227		348.688		1872		1		2
270.551		294.708		2631		2		2
264.399		230.499		3040		2		2
266.89		237.666		3005		2		2
313.915		347.926		2066		1		2
Frame 67
256.438		313.924		2493		2		2
263.17		298.584		2558		2		2
270.499		282.828		2961		2		2
271.132		286.989		2941		1		2
264.04		282.655		2946		2		2
262.587		261.985		2947		1		2
264.41		244.19		2949		2		2
262.718		237.474		2953		2		2
281.727		288.631		3242		1		2
289.66		304.481		2495		2		2
298.1		327.023		2209		1		2
300.542		344.962		2043		2		2
250.235		315.422		2277		2		2
242.814		332.297		2171		1		2
256.476		301.753		2607		1		2
244.936		308.616		2324		1		2
262.345		312.075		2462		2		2
277.478		328.73		2188		1		2
273.854		340.336		2027		1		2
272.567		349.768		1865		1		2
268.643		286.816		2934		2		2
262.836		231.305		2966		2		2
267.612		240.417		2930		2		2
301.251		343.597		2043		2		2
312.276		339.505		2078		2		2
Frame 68
259.75		312.401		2458		2		2
264.266		297.933		2548		2		2
269.65		282.736		2935		2		2
270.098		286.869		2926		1		2
264.941		282.665		2922		2		2
264.654		251.856		2888		2		2
267.824		225.201		4402		1		2
268.894		216.228		4405		1		2
298.964		279.723		2924		2		2
303.08		295.988		2689		2		2
306.745		319.199		2457		1		2
295.786		317.432		2394		2		2
253.321		316.358		0		2		2
243.663		329.793		2167		1		2
253.924		306.799		2576		1		2
240.943		310.93		2301		1		2
266.55		308.31		2467		2		2
276.528		329.208		2174		1		2
272.873		340.928		2070		1		2
271.552		350.469		1868		1		2
268.276		286.6		2919		2		2
269.022		209.843		4396		1		2
274.008		219.064		4417		1		2
289.996		321.997		2282		2		2
304.953		326.151		2364		2		2
Frame 69
259.124		311.085		2448		2		2
263.046		295.727		2570		2		2
267.053		279.661		2884		2		2
268.184		263.201		2845		2		2
265.461		283.464		2896		2		2
266.174		250.586		2806		2		2
255.881		227.589		5647		2		2
252.612		220.289		5633		1		2
299.157		280.192		2904		2		2
302.841		299.134		2540		2		2
300.192		325.348		2313		1		2
293.337		317.829		2378		1		2
252.615		313.741		2472		2		2
240.732		328.668		2169		1		2
250.744		305.569		0		1		2
236.529		308.955		0		1		2
265.637		307.75		2458		2		2
274.538		327.126		2200		1		2
270.859		338.988		2076		1		2
269.482		348.594		1870		1		2
265.934		283.568		2896		2		2
252.722		214.085		5623		1		2
257.431		223.08		5621		1		2
287.995		320.748		2290		2		2
301.839		326.164		2313		2		2
Frame 70
258.812		309.877		2479		2		2
263.043		295.725		2574		2		2
267.259		280.43		2862		2		2
268.122		263.908		2806		2		2
266.172		285.3		2885		1		2
265.843		256.152		2775		2		2
247.261		245.021		0		1		2
256.583		236.407		2866		1		2
298.626		281.989		2885		2		2
302.571		301.087		2531		2		2
299.913		327.685		2295		1		2
297.74		346.151		2027		2		2
253.68		308.674		2539		2		2
240.113		330.072		2164		1		2
250.001		307.26		0		1		2
236.65		309.755		0		1		2
264.614		308.496		2460		2		2
274.729		327.88		2199		1		2
271.041		339.76		2069		1		2
269.664		349.403		1891		1		2
266.071		284.063		2880		2		2
257		233		2916		2		2
256.499		236.998		2866		2		2
296.381		345.222		2030		2		2
308.469		340.24		2055		2		2
Frame 71
258.624		309.873		2489		2		2
262.974		296.162		2570		2		2
267.608		282.904		2842		2		2
267.547		266.177		2763		2		2
266.561		287.636		2861		1		2
266.791		263.399		2749		2		2
260.736		235.722		2911		1		2
262.85		235.569		2880		1		2
298.17		282.973		2872		2		2
302.206		302.247		2534		2		2
299.427		329.185		2262		1		2
297.669		346.878		2027		2		2
253.799		308.283		2539		2		2
239.274		334.047		2147		1		2
252.996		302.636		2613		1		2
241.104		309.729		2303		1		2
263.144		310.917		2451		2		2
275.081		330.332		2158		1		2
271.361		342.28		2052		1		2
269.98		352.045		1850		1		2
266.329		286.135		2853		2		2
261.5		235		2880		2		2
263.16		235.664		2883		2		2
295.794		346.689		2028		2		2
307.998		340.609		2062		2		2
Frame 72
258.624		310.304		2479		2		2
263.054		297.692		2564		2		2
267.824		284.012		2820		2		2
264.441		270.828		2745		2		2
266.793		288.839		2836		1		2
266.893		263.673		2692		1		2
247.994		252.009		5672		1		2
242.098		248.377		0		1		2
296.495		286.03		2849		2		2
301.006		305.059		2498		2		2
298.458		331.994		2186		1		2
297.249		348.045		2023		2		2
253.846		309.155		2531		2		2
239.196		335.475		2143		1		2
253.051		303.913		2591		1		2
241.035		311.059		2285		1		2
263.226		311.526		2446		2		2
275.331		331.699		2157		1		2
271.576		343.743		2045		1		2
270.187		353.626		1859		1		2
266.585		287.547		2833		2		2
240.898		247.749		5720		1		2
242.382		248.482		0		1		2
296.402		348.11		2024		2		2
307.078		341.618		2061		2		2
Frame 73
258.284		310.842		2482		2		2
262.6		298.387		2566		2		2
267.269		284.872		2795		2		2
263.942		270.525		2715		1		2
266.237		289.717		2821		1		2
266.257		264.433		2645		1		2
262.28		244.927		2808		2		2
258.578		235.81		5657		1		2
296.421		287.055		2836		2		2
293.633		302.665		2495		2		2
268.656		325.886		2231		1		2
259.327		334.559		2124		2		2
253.265		310.105		2519		2		2
238.555		336.506		2145		1		2
252.42		304.87		2607		1		2
240.338		312.048		2284		1		2
263.081		311.784		2446		2		2
274.905		332.688		2148		1		2
271.132		344.789		2049		1		2
269.725		354.747		1843		1		2
266.075		288.337		2813		2		2
257.148		235.195		5660		1		2
258.908		235.914		5657		1		2
258.178		334.475		2121		1		2
268.217		328.889		2184		1		2
Frame 74
257.682		311.183		2481		2		2
262.052		297.685		2588		2		2
266.849		282.785		2777		2		2
262.255		268.194		2671		2		2
265.796		287.703		2804		1		2
263.069		259.313		2703		2		2
258.227		238.007		5657		1		2
254.4		230.893		5651		1		2
296.825		288.323		2816		2		2
293.61		303.896		2488		2		2
267.733		327.278		2201		1		2
258.085		335.995		2122		2		2
252.677		310.071		0		2		2
237.823		335.389		2161		1		2
247.828		312.318		2273		1		2
235.036		313.154		2313		1		2
262.621		312.306		2447		2		2
274.649		331.543		2162		1		2
270.831		343.808		2054		1		2
269.399		353.876		1880		1		2
265.607		286.645		2794		2		2
253.132		230.365		5653		1		2
254.694		230.981		5651		1		2
256.917		335.926		2119		1		2
267.026		330.291		2163		1		2
Frame 75
257.525		311.198		2485		2		2
261.877		297.659		2605		2		2
266.561		282.758		2765		2		2
262.825		268.983		2679		2		2
265.508		287.675		2801		1		2
263.232		259.468		2700		2		2
258.417		238.168		5666		1		2
251.034		238.88		5665		1		2
297.641		289.4		2805		2		2
293.918		304.638		2489		1		2
267.673		327.861		2213		1		2
257.893		336.513		2119		2		2
252.499		310.079		2545		2		2
237.582		335.353		2164		1		2
247.564		312.285		2283		1		2
234.772		313.121		2329		1		2
262.493		312.325		2449		2		2
274.405		331.508		2161		1		2
270.589		343.771		2064		1		2
269.152		353.836		1888		1		2
265.359		286.615		2795		2		2
249.768		238.3		5666		1		2
251.33		238.978		5665		1		2
256.722		336.45		2117		1		2
266.847		330.8		2167		1		2
Frame 76
257.212		310.618		2494		2		2
261.785		297.28		2596		2		2
266.703		282.657		2783		2		2
263.747		270.521		2694		2		2
265.655		287.552		2812		1		2
264.042		259.712		2700		1		2
259.297		238.527		5655		1		2
250.962		236.854		5668		1		2
297.793		289.382		2807		2		2
293.943		304.514		2492		1		2
267.582		327.82		2213		1		2
263		324		2252		2		2
252.671		306.83		2612		2		2
237.812		335.071		2167		1		2
251.726		302.935		0		1		2
239.534		310.214		2300		1		2
262.168		312.668		2455		2		2
274.496		331.246		2168		1		2
270.693		343.467		2068		1		2
269.264		353.488		1886		1		2
265.439		286.438		2808		2		2
249.685		236.28		5664		1		2
251.26		236.95		5662		1		2
261.862		323.8		2253		1		2
272.092		318.236		2347		1		2
Frame 77
257.019		310.124		2493		2		2
261.562		296.749		2606		2		2
266.474		282.196		2814		2		2
264.372		270.732		2723		2		2
265.431		287.067		2833		1		2
264.276		259.558		2688		1		2
259.532		238.47		5650		1		2
256.858		243.428		2826		1		2
297.778		289.214		2826		2		2
293.889		304.319		2495		1		2
267.408		327.727		2214		1		2
257.555		336.436		2120		2		2
252.633		306.745		2601		2		2
237.735		334.458		2174		1		2
251.575		302.395		0		1		2
239.442		309.649		2308		1		2
261.91		312.656		2456		2		2
274.271		330.66		2182		1		2
270.485		342.837		2076		1		2
269.058		352.806		1873		1		2
265.208		285.949		2831		2		2
255.5		243.5		0		2		2
257.75		243.25		2836		2		2
256.381		336.373		2120		1		2
266.498		330.73		2165		1		2
Frame 78
257.399		310.24		2489		2		2
261.815		297.557		2594		2		2
266.408		284.028		2842		2		2
265.071		273.013		2792		1		2
265.384		288.816		2862		1		2
264.738		261.986		2716		1		2
260.05		241.152		2860		1		2
258.599		234.706		5652		1		2
297.937		288.695		2822		2		2
293.946		303.937		2498		2		2
267.715		327.418		2208		1		2
257.951		336.157		2124		2		2
253.003		307.265		2574		2		2
238.122		335.228		2164		1		2
251.769		303.815		2664		1		2
239.839		310.924		2302		1		2
261.928		312.821		2451		2		2
274.098		331.473		2172		1		2
270.37		343.46		2072		1		2
268.962		353.288		1882		1		2
265.235		287.528		2858		2		2
257.313		234.769		5660		1		2
259.441		234.548		5645		1		2
256.783		336.091		2125		1		2
266.648		330.624		2165		1		2
Frame 79
258.06		310.246		2484		2		2
262.314		297.687		2578		2		2
266.848		284.287		2864		2		2
265.93		271.216		2816		2		2
265.83		289.052		2885		1		2
265.198		262.363		2760		1		2
260.508		241.607		2874		1		2
259.055		235.184		5664		2		2
298.325		288.111		2837		2		2
294.21		303.356		2497		1		2
268.314		326.749		2223		1		2
258.67		335.461		2129		2		2
253.721		307.641		2570		2		2
238.621		335.235		2162		1		2
252.263		303.971		2635		1		2
240.382		311.044		2292		1		2
262.523		312.657		2449		2		2
274.438		331.496		2170		1		2
270.723		343.433		2062		1		2
269.329		353.219		1882		1		2
265.67		287.728		2877		2		2
257.579		235.042		5663		1		2
259.893		235.026		5664		1		2
257.513		335.387		2125		1		2
267.573		329.781		2176		1		2
Frame 80
258.486		308.639		2502		2		2
262.348		296.277		2606		2		2
266.552		282.936		2877		2		2
265.703		269.048		2839		2		2
265.535		287.687		2889		1		2
264.709		261.442		2817		2		2
272.244		240.508		4442		1		2
271.789		236.602		4427		1		2
299.408		287.719		2845		2		2
294.969		302.624		2509		1		2
300.42		263.827		2730		2		2
301.448		251.451		2758		2		2
253.836		307.152		2571		2		2
238.429		333.959		2168		1		2
252.014		302.618		2653		1		2
240.167		309.693		2303		1		2
263.336		309.525		2471		2		2
274.171		330.252		2180		1		2
270.466		342.175		2073		1		2
269.069		351.915		1897		1		2
265.462		286.37		2882		2		2
270.349		236.673		4426		1		2
270.368		237.197		4432		1		2
305.101		242.2		2802		2		2
305.102		258.395		2768		2		2
Frame 81
258.592		308.639		2509		2		2
262.47		295.987		2624		2		2
266.509		282.014		2897		2		2
265.837		268.695		2875		1		2
265.497		286.74		2898		1		2
264.797		260.385		2856		2		2
273.386		239.719		4436		1		2
272.969		235.82		4435		1		2
299.749		287.673		2860		2		2
298.15		303.037		2522		2		2
297.95		263.388		2765		2		2
300.255		254.615		2750		2		2
253.72		308.412		2563		2		2
238.506		332.957		2171		1		2
252.039		301.637		0		1		2
240.245		308.695		2313		1		2
264.143		308.634		2478		2		2
274.104		329.284		2195		1		2
270.415		341.168		2086		1		2
269.023		350.851		1914		1		2
265.488		285.631		2894		2		2
271.541		235.889		4432		1		2
271.562		236.409		4431		1		2
308.002		245.572		2833		2		2
303.78		263.112		2806		2		2
Frame 82
258.507		308.285		2509		2		2
262.29		295.32		2621		2		2
266.303		281.399		2909		2		2
265.742		268.284		2898		1		2
265.297		286.096		2920		1		2
264.856		259.08		2896		2		2
270.138		233.663		4432		1		2
271.934		225.036		4417		1		2
300.505		288.514		2881		2		2
298.686		303.213		2512		1		2
298.153		263.437		2821		2		2
299.522		255.58		2781		2		2
254.208		305.07		2578		2		2
238.474		332.164		2172		1		2
251.925		300.929		3048		1		2
240.199		307.957		2317		1		2
263.482		309.551		2469		2		2
273.891		328.524		2205		1		2
270.222		340.355		2093		1		2
268.833		349.972		1941		1		2
265.277		284.969		2918		2		2
270.595		225.094		4418		1		2
270.613		225.567		4418		1		2
307.201		246.4		2855		2		2
304.126		262.624		2856		2		2
Frame 83
258.846		308.862		2513		2		2
263.095		296.332		2599		2		2
267.864		283.22		2938		2		2
265.488		267.247		2930		2		2
264.225		286.29		2939		2		2
264.824		259.675		2936		2		2
268.977		234.453		4425		1		2
270.389		225.89		4419		1		2
300.591		287.764		2902		2		2
298.936		302.918		2526		1		2
298.404		264.485		2875		2		2
299.027		256.461		2834		2		2
254.547		308.308		2540		2		2
240.106		333.22		2159		1		2
253.595		302.466		2636		1		2
241.977		309.392		2294		1		2
263.728		309.89		2474		2		2
275.14		329.599		2194		1		2
271.499		341.304		2090		1		2
270.15		350.841		1926		1		2
266.622		286.544		2935		2		2
269.066		225.948		4417		1		2
269.082		226.416		4421		1		2
304.251		247.25		2871		2		2
303.201		262.399		2888		2		2
Frame 84
259.796		310.105		2482		2		2
263.716		297.259		2583		2		2
268.472		284.393		2955		2		2
265.535		268.233		2958		2		2
264.112		286.412		2960		2		2
263.959		252.29		2971		2		2
273.83		228.475		4431		1		2
277.163		220.447		4409		1		2
300.749		287.448		2912		2		2
299.09		302.521		2531		1		2
298.72		265.441		2896		2		2
299.61		258.319		2897		2		2
254.76		311.27		2513		2		2
240.477		334.51		2153		1		2
254.093		303.72		2612		1		2
242.396		310.67		2293		1		2
265.851		309.911		2465		2		2
275.696		330.846		2181		1		2
272.03		342.603		2078		1		2
270.686		352.217		1901		1		2
267.207		287.585		2956		2		2
275.873		220.499		4410		1		2
275.897		220.951		4410		1		2
304.751		248.751		2903		2		2
304.001		265.27		2927		2		2
Frame 85
260.843		310.72		2473		2		2
265.996		299.21		2541		2		2
270.476		286.641		2979		2		2
266.43		271.239		2977		2		2
264.019		286.532		2963		2		2
264.669		252.081		3016		2		2
273.899		228.942		4430		1		2
277.041		221.077		4420		1		2
300.917		286.578		2928		2		2
299.272		301.613		2541		1		2
298.631		265.486		2923		2		2
300.061		259.646		2935		2		2
256.243		310.955		2501		2		2
242.718		335.551		2140		1		2
256.318		305.503		2552		1		2
244.822		312.289		2287		1		2
266.043		310.438		2453		2		2
277.273		331.935		2169		1		2
273.661		343.476		2070		1		2
272.373		352.934		1901		1		2
269.337		289.837		2978		2		2
275.813		220.826		4404		1		2
275.78		221.58		4410		1		2
303.601		249.802		2944		2		2
303.89		264.999		2939		2		2
Frame 86
262.186		313.018		2443		2		2
267.772		302.19		2517		2		2
273.118		289.706		3045		2		2
267.474		273.45		2995		2		2
266.36		289.802		2981		1		2
265.375		265.836		3020		2		2
267.705		240.069		3064		2		2
264.822		240.48		3086		2		2
300.853		286.383		2940		2		2
299.254		301.158		2545		1		2
298.906		266.555		2960		2		2
300.206		261.203		2960		2		2
257.292		312.971		2476		2		2
244.39		339.255		2125		1		2
258.52		308.924		2510		1		2
246.714		315.822		2298		1		2
267.356		313.349		2429		2		2
279.655		335.496		2127		1		2
275.948		347.248		2064		1		2
274.681		356.979		1874		1		2
271.751		292.897		0		2		2
259.496		238.753		3179		2		2
259.439		242.547		3183		2		2
302.502		252.168		2985		2		2
303.667		266.666		2968		2		2
Frame 87
262.699		313.885		2445		2		2
268.118		302.983		2511		2		2
273.643		291.102		3017		2		2
267.949		274.157		3016		2		2
266.89		291.205		2970		1		2
264.4		261.973		3076		2		2
267.919		237.491		3149		2		2
262.648		239.127		3209		2		2
300.594		285.322		2959		2		2
299.131		299.947		2564		1		2
298.641		266.411		2985		2		2
300.207		262.218		2989		2		2
258.042		313.647		2463		2		2
244.854		340.438		2122		1		2
259.033		310.264		2488		1		2
247.224		317.139		0		1		2
267.585		314.304		2423		2		2
280.097		336.659		2123		1		2
276.388		348.395		2063		1		2
275.13		358.143		1877		1		2
272.225		294.122		2592		2		2
258.499		239.168		3270		2		2
259.212		241.443		3249		2		2
303.127		254.002		3018		2		2
303.224		268.109		2992		2		2
Frame 88
258.933		345.987		2019		2		2
266.977		335.803		2128		2		2
276.395		323.859		2260		2		2
269.275		300.699		2529		1		2
267.66		324.221		2240		1		2
266.618		299.616		2546		2		2
266.64		275.081		3042		2		2
263.081		243.723		3250		2		2
310.145		312.965		2536		1		2
312.437		352.077		2044		2		2
307.423		314.951		2491		2		2
304.174		320.927		2430		2		2
252.92		343.909		2103		2		2
265.563		301.244		2534		2		2
281.853		267.108		4468		1		2
265.563		267.515		3083		1		2
264.961		348.071		1952		2		2
283.81		373.669		1934		1		2
279.178		387.594		1874		1		2
277.666		400.388		1714		1		2
273.893		327.033		2217		2		2
256.999		244.002		3359		2		2
261.371		250.247		3254		2		2
305		319.571		2441		2		2
307.5		321.5		2440		2		2
Frame 89
258.233		352.546		1902		2		2
266.65		342.656		2081		2		2
276.604		330.935		2185		2		2
269.223		306.728		2482		1		2
267.544		331.363		2164		1		2
266.166		307.822		2483		2		2
267.204		285.119		3022		2		2
264.614		249.734		3281		1		2
311.571		319.47		2530		1		2
311.844		351.699		2050		2		2
307.331		315.919		2489		2		2
304.211		321.668		2423		1		2
252.01		350.099		1996		2		2
265.252		301.116		2535		2		2
261.842		330.356		2169		2		2
249.798		347.166		2100		1		2
264.486		355.002		1876		2		2
284.181		380.711		1945		1		2
279.406		394.901		1776		1		2
277.848		408.171		1658		1		2
273.949		334.063		2151		2		2
258.499		249.17		3398		2		2
259.479		255.786		3398		2		2
304.798		319.798		2445		2		2
307.276		322.395		2431		2		2
Frame 90
257.967		352.541		1924		2		2
266.313		342.664		2084		2		2
276.179		330.961		2180		2		2
268.81		306.749		2484		1		2
267.114		331.389		2164		1		2
278.08		307.883		2467		1		2
273.995		288.669		3108		2		2
264.384		256.577		3347		1		2
311.163		319.492		2527		1		2
312.527		352.272		2045		2		2
307.743		319.098		2456		2		2
303.955		319.739		2437		2		2
251.776		350.078		2020		2		2
265.253		301.188		2530		2		2
261.99		330.302		2174		2		2
249.898		347.117		2100		1		2
264.184		355.016		1869		2		2
283.842		380.74		1947		1		2
279.069		394.932		1773		1		2
277.502		408.205		1663		1		2
273.548		334.084		2155		2		2
258.499		255.878		3455		2		2
259.963		260.365		3423		2		2
304.583		317.333		2453		2		2
308.5		321.001		2448		2		2
Frame 91
274.851		312.049		2426		2		2
281.617		301.127		2510		2		2
288.516		289.995		3221		2		2
283.205		274.333		4202		1		2
282.458		290.076		3207		1		2
297.558		266.328		3165		1		2
269.006		259.87		3376		1		2
266.569		260.177		3375		2		2
312.169		282.895		3416		1		2
312.234		294.1		3153		1		2
300.957		264.522		3161		2		2
301.104		258.936		3221		2		2
270.621		312.101		2430		2		2
283.985		312.642		2441		2		2
284.608		339.121		2089		1		2
289.877		355.315		2053		1		2
279.058		311.998		2451		2		2
292.365		332.098		2167		1		2
288.87		342.945		2073		1		2
287.957		351.815		2055		1		2
286.778		292.798		0		2		2
262.501		258.498		3486		2		2
270.9		255.799		3412		2		2
305.668		253.168		3311		2		2
305.366		264.083		3208		2		2
Frame 92
266.602		324.305		2252		2		2
274.611		312.615		2427		2		2
283.688		299.365		2529		2		2
277.119		279.333		0		1		2
275.958		299.529		2532		1		2
295.191		269.789		3222		1		2
285.878		266.713		0		1		2
269.219		260.353		3477		1		2
313.684		290.182		3236		1		2
299.124		316.385		2426		2		2
299.877		289.082		3008		2		2
298.189		287.743		3019		2		2
261.153		321.932		2270		2		2
291.16		314.589		2425		2		2
293.192		345.294		2065		1		2
298.548		365.576		2093		1		2
272.105		326.703		2227		2		2
289.211		349.174		2056		1		2
284.959		362.221		2021		1		2
283.735		373.468		1949		1		2
281.307		302.84		2507		2		2
271		259		0		2		2
272.25		259.998		3511		2		2
299		283.285		3051		2		2
296.712		292.427		2975		2		2
Frame 93
266.261		330.597		2173		2		2
274.14		319.756		2327		2		2
283.128		307.382		2477		2		2
276.421		286.651		3292		1		2
275.206		307.602		2476		1		2
294.901		277.267		3177		1		2
285.413		273.331		0		1		2
268.432		264.495		0		1		2
313.844		297.801		3085		1		2
307.674		335.888		2300		1		2
304.4		307.748		2530		1		2
300.305		298.302		2589		1		2
260.191		331.033		2169		2		2
290.757		322.039		2315		1		2
292.769		355.173		2048		1		2
298.212		376.313		2012		1		2
272.188		328.576		2202		2		2
288.847		356.705		2064		1		2
284.51		369.905		1961		1		2
283.245		381.51		1955		1		2
280.764		310.636		2458		2		2
270.214		263.121		0		1		2
271.457		264.135		0		1		2
Frame 94
265.747		330.937		2172		2		2
274.006		319.844		2314		2		2
283.132		307.378		2475		2		2
276.425		286.648		3306		1		2
275.21		307.599		2476		1		2
294.905		277.264		3328		1		2
285.416		273.329		4218		1		2
268.435		264.494		4532		1		2
301.116		312.175		2480		2		2
306.652		336.736		2285		2		2
304.04		306.002		2548		1		2
298.828		302.099		2534		1		2
259.352		330.818		2172		2		2
290.066		322.131		2304		1		2
291.94		355.194		2055		1		2
291.654		376.822		2025		1		2
271.632		331.113		2178		2		2
288.85		356.701		2069		1		2
284.513		369.9		1965		1		2
283.248		381.505		1957		1		2
280.756		310.64		2458		2		2
270.217		263.12		0		1		2
271.501		263.917		4520		1		2
300.001		297.5		2622		2		2
306.205		305.661		2571		2		2
Frame 95
264.593		331.769		2160		2		2
273.673		320.084		2287		2		2
283.116		307.397		2479		2		2
276.411		286.669		3202		1		2
255.247		325.79		2224		2		2
224.054		319.398		0		2		2
250.064		296.989		3112		2		2
258.702		289.549		3271		1		2
301.118		312.174		2483		2		2
306.934		336.845		2282		2		2
304.331		306.116		2544		1		2
299.213		302.19		2544		1		2
259.229		331.679		2163		2		2
290.838		322.1		2297		1		2
292.868		355.31		2055		1		2
300.636		375.661		2018		1		2
269.216		331.925		2172		2		2
288.837		356.711		2071		1		2
284.5		369.908		1973		1		2
283.235		381.511		1955		1		2
280.724		310.668		2462		2		2
261.485		287.25		3278		1		2
263.317		288.948		3111		1		2
299		296.333		2637		2		2
306.195		305.648		2567		2		2
Frame 96
264.278		331.895		2165		2		2
273.438		320.223		2287		2		2
283.101		307.439		2476		2		2
276.398		286.716		3149		1		2
245.587		326.096		2191		2		2
219.092		315.992		2995		1		2
247.514		313.809		2751		2		2
256.565		322.733		2250		1		2
301.261		312.248		2486		2		2
306.932		336.832		2268		2		2
304.309		306.105		2554		1		2
299.202		302.424		2552		1		2
258.965		331.821		2165		2		2
290.867		322.131		2294		1		2
292.903		355.357		2060		1		2
299.969		376.019		2012		1		2
269.113		331.976		2175		2		2
288.823		356.733		2075		1		2
284.488		369.927		1965		1		2
283.222		381.528		1959		1		2
280.679		310.713		2465		2		2
265.173		324.664		2244		2		2
247.502		325		2207		2		2
299.901		297.066		2614		2		2
306.205		305.661		2577		2		2
Frame 97
264.107		331.962		2166		2		2
273.283		320.311		2288		2		2
283.059		307.493		2477		2		2
276.359		286.777		3152		1		2
245.584		326.095		2195		2		2
219.12		316.005		2971		1		2
252.163		329.849		2180		2		2
264.332		335.489		2130		1		2
301.39		312.532		2490		2		2
307.16		337.083		2270		2		2
304.52		306.329		2547		1		2
299.53		302.794		2556		1		2
258.823		331.875		2164		2		2
290.891		322.153		2300		1		2
292.932		355.384		2060		1		2
299.948		376.067		2012		1		2
269.037		332.028		2166		2		2
288.786		356.76		2076		1		2
284.453		369.949		1969		1		2
283.187		381.546		1957		1		2
280.608		310.773		2468		2		2
275.361		345.121		2092		2		2
253.769		344.224		2060		2		2
299.002		296.401		2630		2		2
307.003		306.535		2582		2		2
Frame 98
264.031		331.993		2169		2		2
273.223		320.353		2292		2		2
283.072		307.52		2479		2		2
276.374		286.809		3134		1		2
245.565		326.085		2200		2		2
220.33		314.199		3023		1		2
252.164		329.856		2180		2		2
264.437		336.013		2124		1		2
301.462		312.102		2483		2		2
306.952		336.539		2271		2		2
304.319		305.9		2561		1		2
299.428		301.993		2565		1		2
258.767		331.918		2167		2		2
290.924		322.17		2303		1		2
292.97		355.4		2064		1		2
300.09		376.04		2008		1		2
268.995		332.042		2163		2		2
288.796		356.771		2081		1		2
284.463		369.957		1974		1		2
283.198		381.551		1962		1		2
280.59		310.805		2470		2		2
274.765		347.586		2063		2		2
252.894		344.473		2085		2		2
299.289		296.074		2628		2		2
306.801		305.297		2580		2		2
Frame 99
264.357		332.153		2153		2		2
273.883		320.637		2289		2		2
284.639		307.892		2484		2		2
277.897		287.173		3133		1		2
245.528		326.058		2198		2		2
220.188		314.351		3012		1		2
252.181		330.731		2176		1		2
264.603		336.561		2128		1		2
301.317		311.577		2493		2		2
306.582		335.956		2289		2		2
303.964		305.426		2548		1		2
298.975		301.44		2556		1		2
259.146		332.155		2160		2		2
292.07		322.577		2315		1		2
294.332		355.849		2060		1		2
301.493		376.451		2006		1		2
269.392		332.162		2171		2		2
290.084		357.065		2075		1		2
285.741		370.244		2005		1		2
284.505		381.84		1958		1		2
281.804		311.178		2464		2		2
274.941		348.36		2051		2		2
253.577		344.411		2060		2		2
299.375		296		2647		2		2
306.111		305.303		2572		2		2
Frame 100
268.636		334.516		2151		2		2
280.415		323.81		2266		2		2
292.951		311.211		2466		2		2
285.929		290.269		3224		1		2
245.498		326.028		2200		2		2
220.587		313.407		3052		2		2
253.5		330.722		2179		1		2
266.753		337.286		2125		1		2
301.312		311.292		2489		2		2
306.55		335.719		2293		2		2
303.94		305.237		2547		1		2
298.901		300.934		2559		1		2
263.267		334.534		2139		2		2
298.239		326.172		2315		1		2
301.665		360.119		2070		1		2
308.704		380.812		1972		1		2
274.064		334.555		2157		2		2
296.939		360.005		2081		1		2
292.512		373.202		2045		1		2
291.426		384.9		1927		1		2
289.662		314.516		2430		2		2
276.914		346.994		2092		2		2
254.82		344.703		2052		2		2
300.669		296.668		2630		2		2
306.275		304.884		2577		2		2
Frame 101
268.803		334.674		2154		2		2
280.428		323.844		2258		2		2
292.963		311.241		2460		2		2
285.94		290.297		3231		1		2
245.485		326.04		2202		2		2
220.591		312.974		3079		2		2
254.213		330.973		2176		1		2
267.878		338.037		2115		1		2
302.16		313.443		2483		2		2
307.223		337.52		2279		2		2
304.449		306.676		2542		1		2
299.925		302.674		2538		1		2
263.374		334.642		2142		2		2
298.332		326.209		2321		1		2
301.778		360.173		2068		1		2
308.377		381.059		1968		1		2
274.269		334.744		2154		2		2
296.949		360.032		2073		1		2
292.521		373.228		2055		1		2
291.435		384.927		1925		1		2
289.674		314.547		2429		2		2
277.53		346.577		2095		2		2
255.999		344.782		2061		2		2
300.837		297.335		2607		2		2
307.358		306.239		2571		2		2
Frame 102
268.806		334.785		2147		2		2
280.302		323.881		2255		2		2
292.827		311.259		2458		2		2
285.804		290.302		3234		1		2
245.302		326.007		2197		1		2
221.624		311.124		3077		2		2
253.839		329.414		2184		1		2
266.769		337.092		2126		1		2
302.378		314.059		2470		2		2
307.339		338.063		2269		2		2
304.519		307.103		2523		1		2
299.866		302.787		2541		1		2
263.335		334.759		2138		2		2
298.299		326.239		2322		1		2
301.742		360.245		2062		1		2
308.209		381.21		1971		1		2
274.293		334.841		2151		2		2
296.839		360.071		2064		1		2
292.41		373.273		2046		1		2
291.321		384.979		1931		1		2
289.541		314.57		2425		2		2
277.175		345.96		2093		2		2
254.857		344.533		2072		2		2
300		296.75		2639		2		2
307.577		306.566		2560		2		2
Frame 103
268.793		334.776		2152		2		2
280.185		323.816		2260		2		2
292.665		311.172		2459		2		2
285.648		290.22		3239		1		2
244.994		325.795		2225		1		2
220.917		311.432		3121		2		2
254.21		330.212		2180		1		2
267.654		338.178		2121		1		2
302.416		314.023		2477		2		2
307.445		338.07		2273		2		2
304.624		307.117		2529		1		2
299.886		302.883		2538		1		2
263.31		334.748		2143		2		2
298.214		326.156		2323		1		2
301.641		360.15		2063		1		2
308.07		381.133		1972		1		2
274.285		334.832		2154		2		2
296.706		359.996		2056		1		2
292.278		373.199		2052		1		2
291.187		384.902		1937		1		2
289.392		314.488		2424		2		2
278.554		345.794		2098		2		2
255.853		345.352		2052		2		2
301.601		298		2603		2		2
307.621		306.766		2559		2		2
Frame 104
269.089		334.909		2153		2		2
280.278		323.857		2265		2		2
292.712		311.194		2463		2		2
285.693		290.241		3242		1		2
253.827		326.796		2223		2		2
225.298		313.976		2333		2		2
254.798		329.89		2193		1		2
266.491		337.376		2126		1		2
302.586		314.3		2477		2		2
307.62		338.3		2282		2		2
304.774		307.307		2533		1		2
299.987		302.911		2543		1		2
263.7		334.873		2147		2		2
298.456		326.177		2321		1		2
301.93		360.189		2058		1		2
309.074		380.907		1977		1		2
274.488		334.959		2153		2		2
296.745		360.015		2060		1		2
292.317		373.218		2051		1		2
291.226		384.921		1935		1		2
289.449		314.515		2428		2		2
277.73		345.456		2099		2		2
255.194		345.544		2053		2		2
299.251		296.75		2626		2		2
308.304		306.998		2568		2		2
Frame 105
269.156		335.001		2149		2		2
280.315		323.913		2260		2		2
292.756		311.248		2465		2		2
285.735		290.291		3245		1		2
246.475		327.475		2201		2		2
222.578		310.861		3089		2		2
254.98		329.762		2194		1		2
267.846		338.269		2122		1		2
302.681		314.421		2473		2		2
307.643		338.381		2279		2		2
304.783		307.369		2529		1		2
299.883		303.026		2532		1		2
263.754		334.98		2147		2		2
298.536		326.237		2324		1		2
302.026		360.27		2057		1		2
308.793		381.152		1967		1		2
274.559		335.033		2149		2		2
296.781		360.062		2059		1		2
292.352		373.266		2051		1		2
291.262		384.971		1933		1		2
289.491		314.569		2427		2		2
278.021		346.181		2093		2		2
255.726		345.996		2055		2		2
301.407		298.003		2602		2		2
308.25		306.959		2573		2		2
Frame 106
269.2		335.034		2151		2		2
280.341		323.929		2259		2		2
292.794		311.263		2463		2		2
285.771		290.305		3232		1		2
246.29		327.453		2201		2		2
222.405		310.636		3107		2		2
255.077		329.787		2198		1		2
267.954		338.363		2122		1		2
302.796		314.587		2476		2		2
307.66		338.49		2281		2		2
304.781		307.458		2529		1		2
300.238		303.325		2536		1		2
263.777		335.007		2135		2		2
298.574		326.254		2323		1		2
302.071		360.291		2061		1		2
308.784		381.196		1966		1		2
274.623		335.071		2148		2		2
296.812		360.074		2059		1		2
292.383		373.277		2055		1		2
291.293		384.983		1933		1		2
289.525		314.584		2426		2		2
278.165		346.22		2095		2		2
255.999		345.843		2046		2		2
299.253		296.751		2631		2		2
308.587		307.578		2567		2		2
Frame 107
269.253		335.074		2149		2		2
280.382		323.953		2260		2		2
292.852		311.286		2463		2		2
285.828		290.327		3233		1		2
246.212		327.47		2209		2		2
216.151		321.551		2855		1		2
250.099		337.989		2136		1		2
263.649		340.446		2103		1		2
302.834		314.637		2474		2		2
307.759		338.535		2275		2		2
304.878		307.492		2533		1		2
300.059		303.302		2538		1		2
263.815		335.045		2139		2		2
298.626		326.283		2324		1		2
302.134		360.325		2062		1		2
308.833		381.236		1970		1		2
274.69		335.11		2150		2		2
296.86		360.094		2062		1		2
292.43		373.297		2056		1		2
291.342		385.002		1908		1		2
289.579		314.608		2427		2		2
274.006		351.224		2017		2		2
252.304		348.562		2037		2		2
301.005		297.669		2622		2		2
307.055		307.242		2552		2		2
Frame 108
269.419		335.074		2153		2		2
280.45		323.941		2261		2		2
292.877		311.272		2465		2		2
285.853		290.317		3237		1		2
255.431		326.597		2233		2		2
222.278		322.959		2293		2		2
250.089		337.99		2140		1		2
260.224		339.964		2115		1		2
302.836		314.71		2475		2		2
307.678		338.585		2276		2		2
304.792		307.526		2536		1		2
300.135		303.304		2538		1		2
264.049		335.013		2142		2		2
298.734		326.254		2325		1		2
302.262		360.289		2068		1		2
309.345		381.045		1972		1		2
274.796		335.129		2150		2		2
296.88		360.077		2068		1		2
292.451		373.279		2054		1		2
291.363		384.983		1933		1		2
289.614		314.594		2427		2		2
271.838		349.334		2005		2		2
249.299		350.924		2063		2		2
298.801		296.2		2627		2		2
307.567		306.908		2566		2		2
Frame 109
269.401		335.061		2151		2		2
280.37		323.902		2261		2		2
292.705		311.201		2464		2		2
285.687		290.252		3238		1		2
253.685		326.635		2230		2		2
220.747		322.763		2319		1		2
250.009		337.982		2139		1		2
261.335		340.149		2102		1		2
302.822		314.742		2478		2		2
307.623		338.594		2266		2		2
304.738		307.529		2530		1		2
299.999		303.298		2535		1		2
264.029		334.999		2149		2		2
298.646		326.18		2321		1		2
302.158		360.201		2071		1		2
309.124		381.007		1976		1		2
274.776		335.118		2150		2		2
296.738		360.012		2072		1		2
292.311		373.212		2057		1		2
291.22		384.913		1931		1		2
289.469		314.533		2429		2		2
272.435		350.143		2009		2		2
251.136		349.17		2034		2		2
300.501		297.167		2610		2		2
307.684		307.041		2559		2		2
Frame 110
269.405		335.075		2155		2		2
280.352		323.916		2262		2		2
292.639		311.221		2464		2		2
285.623		290.269		3234		1		2
254.091		326.627		2232		2		2
221.089		322.815		2303		1		2
249.982		337.985		2143		1		2
260.989		340.146		2104		1		2
302.814		314.763		2480		2		2
307.349		338.458		2261		2		2
304.457		307.4		2530		1		2
299.597		302.959		2545		1		2
264.04		335.018		2136		2		2
298.607		326.199		2317		1		2
302.111		360.229		2074		1		2
309.103		381.029		1969		1		2
274.774		335.129		2148		2		2
296.684		360.033		2075		1		2
292.257		373.234		2050		1		2
291.165		384.938		1931		1		2
289.419		314.551		2427		2		2
272.788		349.839		2027		2		2
249.333		350.662		2050		2		2
300.753		297.501		2612		2		2
307.499		306.797		2567		2		2
Frame 111
269.46		335.093		2148		2		2
280.38		323.926		2260		2		2
292.659		311.229		2461		2		2
285.642		290.276		3233		1		2
254.073		326.619		2233		2		2
221.054		322.796		2303		1		2
249.949		337.969		2141		1		2
260.348		339.892		2109		1		2
302.806		314.791		2472		2		2
307.568		338.573		2264		2		2
304.677		307.513		2533		1		2
299.971		303.312		2532		1		2
264.103		335.05		2139		2		2
298.66		326.207		2317		1		2
302.175		360.243		2073		1		2
309.164		381.048		1975		1		2
274.818		335.137		2147		2		2
296.701		360.04		2073		1		2
292.273		373.242		2052		1		2
291.181		384.945		1926		1		2
289.441		314.56		2426		2		2
271.756		349.5		2021		2		2
249.816		350.002		2069		2		2
299.666		296.666		2627		2		2
307.554		307.106		2555		2		2
Frame 112
269.471		335.124		2154		2		2
280.413		323.966		2265		2		2
292.75		311.293		2461		2		2
285.73		290.335		3237		1		2
245.345		327.339		2214		2		2
220.376		311.599		3184		2		2
250.872		328.987		2212		1		2
262.475		336.894		2135		1		2
302.308		313.758		2483		2		2
307.449		337.878		2284		2		2
304.645		306.981		2547		1		2
299.61		302.921		2547		1		2
264.108		335.129		2140		2		2
298.704		326.285		2328		1		2
302.228		360.336		2074		1		2
309.003		381.227		1981		1		2
274.827		335.144		2151		2		2
296.776		360.097		2072		1		2
292.347		373.299		2054		1		2
291.257		385.005		1913		1		2
289.513		314.617		2428		2		2
272.949		346.66		2092		2		2
250.988		346.5		2096		2		2
300.2		297.399		2622		2		2
307.465		306.798		2569		2		2
Frame 113
269.473		335.129		2151		2		2
280.419		323.971		2260		2		2
292.771		311.302		2463		2		2
285.75		290.345		3238		1		2
245.355		327.345		2210		2		2
220.512		311.452		3137		1		2
250.729		328.703		2210		1		2
262.281		336.647		2131		1		2
302.401		314.096		2472		2		2
307.467		338.16		2268		2		2
304.641		307.204		2534		1		2
299.697		302.914		2549		1		2
264.099		335.143		2138		2		2
298.718		326.294		2325		1		2
302.244		360.346		2070		1		2
308.945		381.265		1968		1		2
274.839		335.147		2152		2		2
296.792		360.103		2068		1		2
292.364		373.304		2051		1		2
291.274		385.01		1918		1		2
289.529		314.625		2425		2		2
273.583		346.386		2092		2		2
250.926		346.186		2096		2		2
301.289		298.287		2609		2		2
307.502		306.895		2568		2		2
Frame 114
262.82		332.276		2172		2		2
271.246		320.607		2299		2		2
280.754		307.43		2468		2		2
274.125		286.731		3125		1		2
255.695		326.54		2238		2		2
225.672		314.877		2312		2		2
250.766		328.861		2214		1		2
260.29		336.225		2138		1		2
302.676		314.458		2475		2		2
307.558		338.361		2263		2		2
304.692		307.353		2536		1		2
299.643		302.912		2546		1		2
257.738		332.094		2172		2		2
289.525		321.906		2315		1		2
291.312		355.189		2060		1		2
298.642		375.816		2022		1		2
267.862		332.457		2164		2		2
286.885		356.684		2073		1		2
282.57		369.868		1953		1		2
281.261		381.459		1967		1		2
278.264		310.881		2465		2		2
271.286		344.796		2079		2		2
249.045		344.046		2115		2		2
299.778		296.78		2634		2		2
307.35		306.795		2568		2		2
Frame 115
262.806		332.275		2170		2		2
271.219		320.607		2302		2		2
280.706		307.435		2473		2		2
274.079		286.737		3121		1		2
255.689		326.553		2236		2		2
225.575		314.985		2311		1		2
250.83		329.041		2209		1		2
260.361		336.355		2142		1		2
302.704		314.527		2479		2		2
307.508		338.398		2270		2		2
304.637		307.379		2539		1		2
299.718		303.039		2532		1		2
257.729		332.095		2166		2		2
289.504		321.903		2322		1		2
291.286		355.186		2062		1		2
298.603		375.819		2021		1		2
267.841		332.453		2167		2		2
286.845		356.686		2076		1		2
282.531		369.869		1954		1		2
281.221		381.459		1965		1		2
278.222		310.884		2468		2		2
270.944		344.64		2080		2		2
248.815		344.376		2114		2		2
300.001		297.2		2615		2		2
307.506		306.856		2570		2		2
Frame 116
262.815		332.289		2173		2		2
271.229		320.622		2300		2		2
280.716		307.452		2471		2		2
274.089		286.752		3127		1		2
255.776		326.631		2233		1		2
222.608		323.029		2284		2		2
249.237		337.909		2143		1		2
259.074		339.887		2116		1		2
302.719		314.617		2477		2		2
307.484		338.479		2274		2		2
304.608		307.441		2529		1		2
300.115		303.383		2542		1		2
257.744		332.11		2170		2		2
289.52		321.919		2319		1		2
291.305		355.207		2059		1		2
298.626		375.841		2020		1		2
267.845		332.467		2164		2		2
286.854		356.701		2078		1		2
282.54		369.885		1956		1		2
281.23		381.476		1967		1		2
278.233		310.9		2467		2		2
271.335		349.665		2032		2		2
248.855		351.285		2070		2		2
299.501		296.5		2631		2		2
308.627		307.874		2569		2		2
Frame 117
262.806		332.288		2171		2		2
271.218		320.622		2301		2		2
280.705		307.451		2465		2		2
274.077		286.751		3120		1		2
255.799		326.641		2234		2		2
222.805		323.276		2281		2		2
248.247		338.015		2137		1		2
256.81		339.658		2124		1		2
302.73		314.684		2472		2		2
307.405		338.487		2261		2		2
304.526		307.431		2529		1		2
299.954		303.305		2532		1		2
257.741		332.109		2171		2		2
289.517		321.916		2311		1		2
291.303		355.207		2056		1		2
298.611		375.848		2017		1		2
267.829		332.467		2162		2		2
286.845		356.702		2075		1		2
282.531		369.887		1955		1		2
281.22		381.478		1961		1		2
278.222		310.9		2463		2		2
268.408		346.799		2052		2		2
246.859		352.142		2038		2		2
299.835		297.167		2603		2		2
307.649		307.169		2557		2		2
Frame 118
262.804		332.285		2169		2		2
271.214		320.618		2301		2		2
280.695		307.446		2470		2		2
274.068		286.747		3129		1		2
255.805		326.646		2240		2		2
222.467		323.605		2282		2		2
247.695		338.328		2144		1		2
256.548		339.859		2125		1		2
302.749		314.732		2475		2		2
307.396		338.519		2272		2		2
304.514		307.455		2529		1		2
300.056		303.481		2543		1		2
257.74		332.106		2172		2		2
289.515		321.909		2317		1		2
291.3		355.198		2061		1		2
298.598		375.843		2023		1		2
267.827		332.465		2161		2		2
286.836		356.697		2079		1		2
282.523		369.881		1953		1		2
281.212		381.471		1963		1		2
278.213		310.895		2464		2		2
268.842		347.236		2042		2		2
247.168		351.937		2072		2		2
301.405		297.802		2632		2		2
307.791		307.311		2561		2		2
Frame 119
262.793		332.291		2170		2		2
271.198		320.627		2304		2		2
280.674		307.459		2472		2		2
274.048		286.76		3127		1		2
255.814		326.655		2247		2		2
222.142		323.856		2285		2		2
247.331		338.584		2153		1		2
255.649		340.098		2129		1		2
302.761		314.766		2480		2		2
307.287		338.573		2272		2		2
304.403		307.504		2535		1		2
299.918		303.478		2542		1		2
257.729		332.115		2173		2		2
289.496		321.92		2326		1		2
291.277		355.21		2063		1		2
298.564		375.858		2020		1		2
267.815		332.467		2166		2		2
286.819		356.705		2078		1		2
282.505		369.889		1954		1		2
281.194		381.479		1967		1		2
278.193		310.907		2469		2		2
268.003		345.425		2081		2		2
245.791		351.997		2071		2		2
300.295		297.11		2619		2		2
307.703		307.339		2559		2		2
Frame 120
262.784		332.294		2176		2		2
271.179		320.634		2304		2		2
280.64		307.472		2474		2		2
274.015		286.773		3121		1		2
255.838		326.668		2239		2		2
221.971		324.194		2282		2		2
247.158		338.948		2148		1		2
255.539		340.183		2129		1		2
302.776		314.806		2475		2		2
307.298		338.621		2269		2		2
304.41		307.544		2530		1		2
299.989		303.463		2537		1		2
257.721		332.118		2170		2		2
289.475		321.929		2321		1		2
291.252		355.222		2060		1		2
298.528		375.875		2022		1		2
267.805		332.47		2165		2		2
286.791		356.716		2077		1		2
282.478		369.899		1957		1		2
281.166		381.49		1969		1		2
278.164		310.918		2467		2		2
268.251		346.497		2063		2		2
246.176		351.815		2084		2		2
299.249		296.749		2635		2		2
307.782		307.16		2557		2		2
Frame 121
262.786		332.302		2176		2		2
271.179		320.642		2306		2		2
280.641		307.481		2472		2		2
274.016		286.781		3120		1		2
255.909		326.675		2237		2		2
221.788		324.478		2280		2		2
246.97		339.253		2148		1		2
255.493		340.412		2127		1		2
302.798		314.841		2476		2		2
307.301		338.63		2274		2		2
304.411		307.548		2528		1		2
299.923		303.309		2532		1		2
257.724		332.126		2175		2		2
289.471		321.939		2320		1		2
291.248		355.233		2062		1		2
298.519		375.887		2019		1		2
267.805		332.478		2172		2		2
286.792		356.723		2077		1		2
282.478		369.906		1963		1		2
281.167		381.497		1964		1		2
278.164		310.926		2465		2		2
268.501		346.497		2067		2		2
246.696		351.964		2073		2		2
300.001		296.802		2644		2		2
307.762		307.297		2561		2		2
Frame 122
262.766		332.306		2173		2		2
271.154		320.652		2310		2		2
280.608		307.498		2474		2		2
273.984		286.797		3108		1		2
255.917		326.695		2242		2		2
221.277		324.52		2281		2		2
246.4		339.281		2147		1		2
255.203		340.271		2126		1		2
302.384		313.838		2481		2		2
306.98		337.878		2273		2		2
304.162		306.951		2546		1		2
299.326		302.63		2548		1		2
257.716		332.145		2175		2		2
289.445		321.956		2327		1		2
291.216		355.253		2063		1		2
298.753		375.797		2024		1		2
267.76		332.461		2169		2		2
286.764		356.737		2072		1		2
282.451		369.92		1961		1		2
281.139		381.511		1966		1		2
278.134		310.942		2467		2		2
269		346.497		2068		2		2
244.664		352		2020		2		2
299.602		297.001		2599		2		2
307.126		306.672		2566		2		2
Frame 123
262.762		332.309		2172		2		2
271.146		320.656		2301		2		2
280.594		307.505		2469		2		2
273.97		286.804		3110		1		2
255.942		326.695		2241		2		2
220.94		324.784		2284		2		2
246.032		339.557		2149		1		2
254.306		340.483		2128		1		2
302.505		314.198		2475		2		2
306.95		338.105		2252		2		2
304.105		307.123		2533		1		2
299.236		302.798		2545		1		2
257.711		332.146		2176		2		2
289.435		321.961		2324		1		2
291.204		355.26		2061		1		2
298.641		375.846		2025		1		2
267.756		332.466		2169		2		2
286.753		356.743		2078		1		2
282.44		369.926		1960		1		2
281.127		381.517		1966		1		2
278.121		310.948		2467		2		2
267.666		346.331		2057		2		2
246.505		351.769		2071		2		2
299.171		296.835		2639		2		2
307.606		306.996		2568		2		2
