EndUpSit
Frame 0
268.47		244.986		1616		2		2
267.168		178.224		1598		2		2
265.911		112.102		1649		2		2
266.548		76.8321		1573		2		2
231.458		140.256		1661		2		2
223.626		197.989		1707		2		2
221.49		244.875		1655		2		2
224.212		252.262		1647		2		2
301.779		140.687		1639		2		2
312.632		194.9		1689		2		2
318.453		241.904		1643		2		2
315.382		249.772		1628		2		2
252.362		245.359		1631		2		2
246.533		310.881		1712		2		2
250.076		377.168		1837		2		2
240.088		393.742		1943		2		2
284.672		244.629		1613		2		2
293.314		311.995		1704		2		2
291.436		374.944		1847		2		2
292.051		390.429		1849		2		2
266.221		128.611		1639		2		2
223.476		268.072		1651		2		2
223.282		256.89		1660		2		2
314.929		269.134		1636		2		2
304.881		247.168		1650		2		2
Frame 1
268.473		244.979		1616		2		2
267.166		178.224		1598		2		2
265.907		112.105		1647		2		2
266.543		76.8487		1580		2		2
231.458		140.255		1661		2		2
223.596		198.007		1706		2		2
221.484		244.893		1656		2		2
224.26		252.186		1646		2		2
301.772		140.685		1638		2		2
312.636		194.9		1688		2		2
318.475		241.904		1635		2		2
315.403		249.721		1630		2		2
252.366		245.354		1629		2		2
246.532		310.882		1713		2		2
250.06		377.149		1839		2		2
242.439		393.529		1887		2		2
284.672		244.621		1609		2		2
293.313		311.989		1703		2		2
291.428		374.891		1844		2		2
292.044		390.373		1844		2		2
266.218		128.613		1642		2		2
223.532		268.069		1650		2		2
222.711		257.352		1711		2		2
315.023		269.181		1631		2		2
304.881		245.882		1654		2		2
Frame 2
268.471		244.98		1616		2		2
267.165		178.229		1597		2		2
265.908		112.118		1645		2		2
266.549		76.8531		1573		2		2
231.456		140.248		1661		2		2
223.59		198.008		1705		2		2
221.477		244.896		1654		2		2
224.236		252.185		1644		2		2
301.765		140.681		1638		2		2
312.651		194.897		1685		2		2
318.515		241.901		1638		2		2
315.364		249.699		1626		2		2
252.363		245.355		1627		2		2
246.534		310.877		1711		2		2
250.067		377.173		1838		2		2
241.834		393.599		1919		2		2
284.67		244.62		1606		2		2
293.317		311.971		1704		2		2
291.422		374.893		1845		2		2
292.035		390.375		1843		2		2
266.218		128.624		1638		2		2
223.152		268.035		1645		2		2
222.608		257.671		1708		2		2
314.743		269.19		1635		2		2
304.83		246.121		1652		2		2
Frame 3
268.468		244.979		1615		2		2
267.162		178.231		1596		2		2
265.905		112.122		1646		2		2
266.555		76.8624		1581		2		2
231.457		140.249		1660		2		2
223.574		198.008		1706		2		2
221.462		244.9		1655		2		2
224.219		252.204		1641		2		2
301.765		140.682		1638		2		2
312.662		194.896		1687		2		2
318.553		241.899		1639		2		2
315.488		249.688		1627		2		2
252.36		245.354		1627		2		2
246.535		310.876		1711		2		2
250.066		377.176		1837		2		2
241.448		393.734		1922		2		2
284.668		244.62		1607		2		2
293.324		311.961		1707		2		2
291.418		374.875		1842		2		2
292.031		390.356		1842		2		2
266.215		128.627		1640		2		2
223.347		268		1647		2		2
213.765		253.728		1695		2		2
314.996		269.19		1633		2		2
304.871		246.907		1651		2		2
Frame 4
268.468		244.979		1620		2		2
267.161		178.235		1599		2		2
265.899		112.137		1647		2		2
266.556		76.8909		1581		2		2
231.455		140.25		1662		2		2
223.551		198.024		1706		2		2
221.438		244.918		1655		2		2
224.171		252.193		1642		2		2
301.761		140.678		1639		2		2
312.683		194.89		1688		2		2
318.597		241.891		1640		2		2
315.48		249.784		1626		2		2
252.362		245.354		1626		2		2
246.544		310.864		1710		2		2
250.065		377.177		1839		2		2
241.072		393.672		1918		2		2
284.669		244.62		1608		2		2
293.336		311.95		1706		2		2
291.415		374.897		1846		2		2
292.028		390.378		1842		2		2
266.21		128.639		1641		2		2
223.369		268.072		1649		2		2
213.763		253.679		1700		2		2
314.996		269.189		1630		2		2
305.132		252.044		1650		2		2
Frame 5
268.465		244.974		1616		2		2
267.159		178.236		1599		2		2
265.898		112.149		1649		2		2
266.567		76.9059		1580		2		2
231.448		140.251		1662		2		2
223.544		198.025		1705		2		2
221.426		244.922		1655		2		2
224.158		252.303		1642		2		2
301.761		140.672		1639		2		2
312.694		194.891		1685		2		2
318.647		241.887		1636		2		2
315.483		249.804		1625		2		2
252.359		245.349		1628		2		2
246.545		310.866		1711		2		2
250.044		377.146		1836		2		2
240.879		393.662		1940		2		2
284.664		244.615		1608		2		2
293.335		311.946		1705		2		2
291.412		374.927		1840		2		2
292.023		390.408		1846		2		2
266.209		128.647		1640		2		2
223.15		268.036		1648		2		2
213.75		253.947		1678		2		2
314.818		269.237		1631		2		2
304.981		249.627		1643		2		2
Frame 6
268.466		244.974		1613		2		2
267.157		178.235		1598		2		2
265.886		112.148		1648		2		2
266.571		76.9075		1580		2		2
231.448		140.251		1663		2		2
223.522		198.05		1705		2		2
221.414		244.949		1653		2		2
224.111		252.275		1643		2		2
301.758		140.668		1639		2		2
312.712		194.889		1686		2		2
318.68		241.885		1636		2		2
315.49		249.937		1624		2		2
252.362		245.35		1627		2		2
246.547		310.884		1708		2		2
250.043		377.129		1839		2		2
240.715		393.678		1942		2		2
284.665		244.614		1605		2		2
293.335		311.956		1701		2		2
291.408		374.929		1845		2		2
292.019		390.409		1851		2		2
266.2		128.646		1640		2		2
223.185		268.07		1648		2		2
213.791		253.865		1709		2		2
315.049		269.169		1624		2		2
305.168		252.168		1648		2		2
Frame 7
268.467		244.972		1615		2		2
267.156		178.234		1598		2		2
265.881		112.153		1649		2		2
266.574		76.9135		1585		2		2
231.446		140.254		1662		2		2
223.519		198.05		1705		2		2
221.371		244.95		1654		2		2
224.033		252.238		1642		2		2
301.757		140.668		1637		2		2
312.728		194.879		1686		2		2
318.686		241.88		1635		2		2
315.547		249.815		1623		2		2
252.362		245.349		1626		2		2
246.547		310.88		1708		2		2
250.059		377.156		1839		2		2
240.176		393.842		1948		2		2
284.665		244.611		1607		2		2
293.334		311.982		1707		2		2
291.408		374.931		1847		2		2
292.019		390.411		1846		2		2
266.197		128.648		1639		2		2
223.078		268.067		1648		2		2
213.762		252.904		1707		2		2
315.204		269.16		1621		2		2
304.961		245.334		1654		2		2
Frame 8
268.463		244.973		1615		2		2
267.149		178.235		1595		2		2
265.859		112.161		1648		2		2
266.58		76.9232		1582		2		2
231.444		140.255		1661		2		2
223.492		198.04		1705		2		2
221.344		244.944		1654		2		2
224.113		252.298		1643		2		2
301.756		140.659		1640		2		2
312.751		194.86		1685		2		2
318.727		241.859		1635		2		2
315.545		249.908		1621		2		2
252.359		245.35		1629		2		2
246.543		310.88		1711		2		2
250.059		377.164		1837		2		2
240.143		393.872		1943		2		2
284.661		244.612		1607		2		2
293.333		311.993		1704		2		2
291.417		374.929		1846		2		2
292.028		390.408		1840		2		2
266.179		128.654		1639		2		2
223.081		268.067		1648		2		2
213.79		254.012		1665		2		2
315.206		269.159		1620		2		2
305.103		249.868		1647		2		2
Frame 9
268.46		244.967		1617		2		2
267.147		178.23		1598		2		2
265.86		112.16		1647		2		2
266.614		76.9323		1583		2		2
231.444		140.248		1661		2		2
223.472		197.991		1709		2		2
221.269		244.894		1652		2		2
224.007		252.295		1643		2		2
301.752		140.659		1638		2		2
312.774		194.851		1687		2		2
318.746		241.853		1635		2		2
315.641		249.882		1624		2		2
252.357		245.343		1626		2		2
246.543		310.88		1710		2		2
250.068		377.175		1838		2		2
240.081		393.858		1945		2		2
284.656		244.605		1609		2		2
293.333		312.001		1704		2		2
291.423		374.92		1844		2		2
292.036		390.399		1846		2		2
266.18		128.651		1641		2		2
223.079		268.067		1649		2		2
223.711		254.89		1645		2		2
315.385		269.112		1623		2		2
304.938		246.342		1650		2		2
Frame 10
268.458		244.967		1615		2		2
267.147		178.23		1597		2		2
265.86		112.162		1647		2		2
266.63		76.9428		1584		2		2
231.445		140.245		1659		2		2
223.469		197.989		1704		2		2
221.189		244.889		1653		2		2
223.878		252.318		1642		2		2
301.748		140.657		1638		2		2
312.784		194.843		1683		2		2
318.785		241.839		1632		2		2
315.579		249.88		1623		2		2
252.356		245.343		1628		2		2
246.543		310.892		1711		2		2
250.07		377.175		1836		2		2
240.116		393.829		1942		2		2
284.654		244.606		1607		2		2
293.342		311.988		1701		2		2
291.413		374.956		1840		2		2
292.025		390.437		1842		2		2
266.179		128.652		1642		2		2
223.082		268.068		1649		2		2
234.123		248.28		1674		2		2
315.23		269.119		1620		2		2
305.005		247.523		1654		2		2
Frame 11
268.459		244.97		1614		2		2
267.146		178.233		1595		2		2
265.858		112.172		1646		2		2
266.638		76.9464		1583		2		2
231.435		140.264		1661		2		2
223.448		197.971		1707		2		2
221.143		244.873		1653		2		2
223.819		252.279		1639		2		2
301.748		140.655		1637		2		2
312.797		194.834		1684		2		2
318.817		241.828		1633		2		2
315.504		249.868		1622		2		2
252.357		245.347		1630		2		2
246.543		310.894		1712		2		2
250.096		377.179		1833		2		2
240.077		393.827		1941		2		2
284.655		244.608		1605		2		2
293.337		311.983		1700		2		2
291.409		374.937		1846		2		2
292.022		390.419		1841		2		2
266.178		128.66		1639		2		2
222.948		268.035		1643		2		2
234.122		248.31		1676		2		2
315.383		269.113		1621		2		2
304.959		245.413		1653		2		2
Frame 12
268.452		244.962		1614		2		2
267.137		178.226		1596		2		2
265.84		112.164		1646		2		2
266.646		76.9589		1580		2		2
231.426		140.252		1658		2		2
223.397		197.973		1705		2		2
221.091		244.882		1652		2		2
223.719		252.393		1642		2		2
301.736		140.65		1639		2		2
312.801		194.822		1683		2		2
318.823		241.82		1634		2		2
315.551		249.834		1623		2		2
252.354		245.34		1628		2		2
246.536		310.892		1706		2		2
250.112		377.183		1832		2		2
239.976		393.804		1956		2		2
284.644		244.597		1606		2		2
293.326		312.019		1701		2		2
291.415		375.046		1843		2		2
292.029		390.533		1847		2		2
266.163		128.652		1639		2		2
222.919		268.066		1647		2		2
234.116		248.308		1675		2		2
314.994		269.19		1627		2		2
305.033		248.002		1651		2		2
Frame 13
268.444		244.957		1616		2		2
267.135		178.224		1595		2		2
265.84		112.164		1648		2		2
266.651		76.9614		1583		2		2
231.41		140.24		1659		2		2
223.342		197.912		1705		2		2
221.037		244.827		1650		2		2
223.545		251.982		1638		2		2
301.731		140.643		1637		2		2
312.807		194.813		1683		2		2
318.84		241.815		1635		2		2
315.58		249.844		1623		2		2
252.345		245.334		1628		2		2
246.534		310.911		1709		2		2
250.116		377.185		1838		2		2
239.972		393.785		1954		2		2
284.636		244.594		1607		2		2
293.311		312.043		1703		2		2
291.42		375.091		1842		2		2
292.033		390.579		1843		2		2
266.162		128.651		1640		2		2
222.634		268.07		1645		2		2
224.158		254.048		1640		2		2
314.819		269.237		1626		2		2
305.05		247.971		1656		2		2
Frame 14
268.427		244.954		1615		2		2
267.126		178.217		1595		2		2
265.835		112.152		1649		2		2
266.652		76.9621		1582		2		2
231.402		140.234		1658		2		2
223.308		197.858		1705		2		2
220.953		244.772		1650		2		2
223.42		251.962		1641		2		2
301.725		140.646		1638		2		2
312.81		194.801		1684		2		2
318.84		241.806		1633		2		2
315.511		249.919		1623		2		2
252.327		245.329		1627		2		2
246.521		310.911		1711		2		2
250.113		377.191		1834		2		2
239.542		393.886		1954		2		2
284.621		244.593		1606		2		2
293.307		312.052		1702		2		2
291.417		375.084		1845		2		2
292.031		390.573		1843		2		2
266.155		128.641		1640		2		2
221.846		267.228		1647		2		2
233.92		249.279		1679		2		2
314.828		269.225		1627		2		2
305.049		247.961		1657		2		2
Frame 15
268.409		244.939		1616		2		2
267.111		178.202		1596		2		2
265.819		112.136		1649		2		2
266.65		76.9614		1587		2		2
231.387		140.229		1662		2		2
223.239		197.794		1704		2		2
220.888		244.715		1649		2		2
223.354		251.865		1640		2		2
301.723		140.643		1636		2		2
312.815		194.783		1684		2		2
318.847		241.79		1634		2		2
315.511		249.784		1623		2		2
252.313		245.312		1629		2		2
246.51		310.906		1711		2		2
250.106		377.164		1836		2		2
240.178		393.325		1941		2		2
284.598		244.577		1607		2		2
293.303		312.049		1702		2		2
291.415		375.087		1843		2		2
292.031		390.576		1843		2		2
266.14		128.625		1641		2		2
222.345		268.001		1643		2		2
233.894		250.149		1680		2		2
314.996		269.119		1629		2		2
305.036		247.702		1658		2		2
Frame 16
268.393		244.93		1614		2		2
267.105		178.197		1595		2		2
265.818		112.135		1648		2		2
266.639		76.9595		1582		2		2
231.374		140.225		1660		2		2
223.212		197.769		1706		2		2
220.808		244.692		1649		2		2
223.284		251.788		1640		2		2
301.717		140.64		1636		2		2
312.819		194.781		1683		2		2
318.85		241.791		1635		2		2
315.498		249.873		1622		2		2
252.301		245.304		1626		2		2
246.509		310.906		1710		2		2
250.101		377.177		1838		2		2
240.174		393.379		1944		2		2
284.577		244.569		1607		2		2
293.291		312.078		1704		2		2
291.415		375.087		1845		2		2
292.031		390.576		1844		2		2
266.137		128.622		1641		2		2
222.348		268.002		1643		2		2
223.711		253.573		1640		2		2
314.639		269.12		1625		2		2
305.017		247.891		1656		2		2
Frame 17
268.378		244.922		1613		2		2
267.099		178.191		1593		2		2
265.817		112.129		1648		2		2
266.625		76.9508		1584		2		2
231.341		140.207		1657		2		2
223.144		197.73		1704		2		2
220.763		244.655		1648		2		2
223.152		251.644		1638		2		2
301.709		140.636		1640		2		2
312.825		194.756		1682		2		2
318.852		241.771		1636		2		2
315.498		249.868		1622		2		2
252.284		245.296		1626		2		2
246.502		310.911		1710		2		2
250.109		377.208		1832		2		2
240.239		393.349		1946		2		2
284.563		244.56		1606		2		2
293.274		312.086		1702		2		2
291.409		375.054		1845		2		2
292.022		390.542		1843		2		2
266.135		128.617		1640		2		2
222.398		267.963		1649		2		2
213.379		252.851		1654		2		2
314.744		269.19		1626		2		2
305.645		252.855		1650		2		2
Frame 18
268.35		244.899		1615		2		2
267.077		178.166		1595		2		2
265.802		112.103		1649		2		2
266.62		76.9314		1584		2		2
231.31		140.194		1660		2		2
223.134		197.698		1706		2		2
220.159		244.566		1653		2		2
222.762		251.77		1640		2		2
301.698		140.627		1639		2		2
312.825		194.744		1684		2		2
318.856		241.758		1634		2		2
315.579		249.607		1624		2		2
252.259		245.27		1626		2		2
246.488		310.901		1714		2		2
250.102		377.209		1837		2		2
240.193		393.371		1946		2		2
284.532		244.54		1607		2		2
293.268		312.091		1705		2		2
291.408		375.053		1847		2		2
292.022		390.54		1843		2		2
266.118		128.591		1641		2		2
221.761		267.171		1644		2		2
222.633		252.302		1640		2		2
314.996		269.001		1629		2		2
305.248		249.664		1651		2		2
Frame 19
268.329		244.877		1617		2		2
267.055		178.141		1597		2		2
265.78		112.084		1650		2		2
266.605		76.9283		1582		2		2
231.298		140.186		1661		2		2
223.105		197.691		1705		2		2
219.942		244.543		1653		2		2
222.713		251.576		1639		2		2
301.685		140.6		1639		2		2
312.824		194.733		1683		2		2
318.861		241.747		1633		2		2
315.556		249.743		1622		2		2
252.24		245.246		1627		2		2
246.466		310.884		1709		2		2
250.104		377.199		1837		2		2
240.112		393.398		1944		2		2
284.511		244.518		1604		2		2
293.248		312.117		1703		2		2
291.401		375.098		1840		2		2
292.015		390.587		1843		2		2
266.096		128.569		1638		2		2
221.959		267.206		1642		2		2
212.933		252.054		1681		2		2
314.681		269.001		1624		2		2
305.135		248.491		1653		2		2
Frame 20
268.317		244.859		1614		2		2
267.014		178.104		1596		2		2
265.694		112.031		1648		2		2
266.587		76.8959		1582		2		2
231.279		140.183		1658		2		2
223.066		197.629		1704		2		2
219.778		244.462		1650		2		2
222.774		251.752		1640		2		2
301.675		140.56		1636		2		2
312.825		194.718		1684		2		2
318.881		241.725		1634		2		2
315.494		249.632		1621		2		2
252.226		245.231		1628		2		2
246.455		310.867		1711		2		2
250.108		377.158		1837		2		2
240.188		393.367		1933		2		2
284.5		244.498		1605		2		2
293.245		312.115		1702		2		2
291.382		375.069		1843		2		2
291.999		390.558		1837		2		2
266.023		128.519		1639		2		2
222.047		267.125		1649		2		2
223.153		252.918		1636		2		2
315.279		268.335		1622		2		2
305.03		246.008		1658		2		2
Frame 21
268.293		244.826		1615		2		2
266.989		178.055		1597		2		2
265.681		111.982		1648		2		2
266.563		76.8765		1584		2		2
231.232		140.159		1663		2		2
223.001		197.54		1708		2		2
219.731		244.363		1652		2		2
222.526		251.813		1639		2		2
301.636		140.504		1643		2		2
312.82		194.703		1687		2		2
318.89		241.711		1633		2		2
315.707		249.565		1623		2		2
252.206		245.204		1627		2		2
246.44		310.84		1715		2		2
250.132		377.135		1836		2		2
240.27		393.343		1939		2		2
284.472		244.457		1610		2		2
293.231		312.104		1705		2		2
291.379		375.053		1843		2		2
291.992		390.54		1846		2		2
266.006		128.468		1644		2		2
222.049		267.126		1648		2		2
213.066		254.631		1647		2		2
315.497		268.223		1621		2		2
305.204		248.38		1656		2		2
Frame 22
268.274		244.806		1615		2		2
266.973		178.035		1598		2		2
265.672		111.966		1647		2		2
266.554		76.8656		1577		2		2
231.219		140.142		1661		2		2
222.975		197.48		1703		2		2
219.68		244.299		1651		2		2
222.635		251.648		1639		2		2
301.624		140.487		1640		2		2
312.813		194.673		1685		2		2
318.903		241.678		1635		2		2
315.656		249.601		1620		2		2
252.189		245.186		1630		2		2
246.434		310.825		1712		2		2
250.123		377.129		1838		2		2
240.262		393.38		1936		2		2
284.453		244.435		1608		2		2
293.214		312.107		1704		2		2
291.375		375.051		1839		2		2
291.989		390.541		1839		2		2
265.995		128.452		1641		2		2
222.081		267.066		1646		2		2
213.063		254.629		1645		2		2
315.042		268.252		1620		2		2
306.721		246.652		1665		2		2
Frame 23
268.22		244.734		1617		2		2
266.926		177.979		1601		2		2
265.64		111.935		1650		2		2
266.547		76.8607		1578		2		2
231.205		140.121		1661		2		2
222.963		197.455		1705		2		2
219.861		244.297		1653		2		2
222.536		251.52		1639		2		2
301.602		140.469		1640		2		2
312.798		194.632		1685		2		2
318.894		241.638		1634		2		2
315.681		249.437		1624		2		2
252.144		245.113		1629		2		2
246.423		310.81		1714		2		2
250.086		377.111		1838		2		2
248.919		392.567		1856		2		2
284.392		244.365		1610		2		2
293.198		312.086		1704		2		2
291.365		375.042		1846		2		2
291.983		390.529		1837		2		2
265.959		128.413		1643		2		2
222.209		267.13		1646		2		2
213.083		254.24		1645		2		2
315.205		268.212		1621		2		2
305.163		244.405		1665		2		2
Frame 24
268.176		244.66		1617		2		2
266.919		177.951		1601		2		2
265.654		111.929		1648		2		2
266.509		76.8604		1579		2		2
231.122		140.085		1663		2		2
222.951		197.403		1706		2		2
219.917		244.241		1654		2		2
222.599		251.469		1642		2		2
301.588		140.449		1641		2		2
312.764		194.543		1686		2		2
318.88		241.539		1637		2		2
315.702		249.341		1622		2		2
252.109		245.031		1629		2		2
246.416		310.802		1715		2		2
250.068		377.122		1836		2		2
240.21		393.685		1947		2		2
284.342		244.298		1610		2		2
293.192		312.059		1703		2		2
291.367		374.977		1839		2		2
291.961		390.466		1840		2		2
265.969		128.404		1644		2		2
222.152		267.035		1646		2		2
214.626		255.274		1641		2		2
315.045		268.252		1623		2		2
304.893		244.216		1661		2		2
Frame 25
268.15		244.639		1617		2		2
266.886		177.916		1602		2		2
265.625		111.893		1651		2		2
266.463		76.8601		1584		2		2
231.102		140.087		1665		2		2
222.927		197.34		1710		2		2
219.834		244.163		1653		2		2
222.459		251.251		1645		2		2
301.556		140.424		1641		2		2
312.746		194.506		1685		2		2
318.88		241.487		1635		2		2
315.869		249.33		1622		2		2
252.087		245.014		1627		2		2
246.405		310.802		1711		2		2
250.105		377.151		1835		2		2
240.214		393.691		1943		2		2
284.312		244.271		1613		2		2
293.168		312.051		1702		2		2
291.37		374.927		1845		2		2
291.956		390.415		1841		2		2
265.938		128.368		1645		2		2
222.089		266.847		1658		2		2
213.232		254.049		1652		2		2
314.889		268.264		1630		2		2
305.917		243.203		1671		2		2
Frame 26
268.121		244.612		1619		2		2
266.873		177.914		1603		2		2
265.629		111.916		1650		2		2
266.363		76.8918		1577		2		2
231.065		140.076		1667		2		2
222.926		197.287		1711		2		2
219.778		244.089		1654		2		2
222.427		251.257		1645		2		2
301.512		140.415		1643		2		2
312.722		194.436		1683		2		2
318.836		241.406		1638		2		2
315.716		249.422		1622		2		2
252.059		244.983		1633		2		2
246.402		310.805		1712		2		2
250.104		377.158		1836		2		2
240.169		393.655		1948		2		2
284.285		244.25		1613		2		2
293.105		312.162		1699		2		2
291.364		374.937		1844		2		2
291.939		390.428		1839		2		2
265.938		128.384		1646		2		2
221.445		266.432		1648		2		2
213.313		254.564		1650		2		2
314.664		268.335		1626		2		2
306.299		242.834		1681		2		2
Frame 27
268.063		244.518		1622		2		2
266.837		177.888		1605		2		2
265.619		111.951		1650		2		2
266.245		76.9357		1567		2		2
231.016		140.042		1666		2		2
222.908		197.119		1715		2		2
219.975		243.909		1662		2		2
222.45		251.169		1653		2		2
301.475		140.393		1646		2		2
312.701		194.304		1689		2		2
318.767		241.251		1640		2		2
315.826		249.527		1625		2		2
252.009		244.885		1637		2		2
246.4		310.808		1713		2		2
250.106		377.226		1833		2		2
240.213		393.652		1948		2		2
284.221		244.161		1617		2		2
293.061		312.237		1702		2		2
291.355		374.971		1843		2		2
291.929		390.464		1842		2		2
265.922		128.405		1648		2		2
221.33		266.282		1652		2		2
213.277		254.088		1651		2		2
314.526		268.119		1624		2		2
305.668		245.984		1666		2		2
Frame 28
267.989		244.413		1624		2		2
266.838		177.914		1609		2		2
265.682		112.065		1656		2		2
266.038		77.0026		1570		2		2
230.931		139.939		1677		2		2
222.938		196.999		1718		2		2
220.026		243.694		1663		2		2
222.176		250.616		1654		2		2
301.381		140.356		1647		2		2
312.675		194.134		1686		2		2
318.705		241.038		1636		2		2
316.095		249.688		1624		2		2
251.962		244.768		1637		2		2
246.398		310.805		1712		2		2
250.088		377.226		1836		2		2
240.226		393.564		1940		2		2
284.121		244.067		1618		2		2
293.023		312.273		1701		2		2
291.334		375.014		1840		2		2
291.854		390.516		1839		2		2
265.97		128.5		1651		2		2
221.571		266.285		1655		2		2
212.668		252.015		1674		2		2
314.232		268.119		1622		2		2
306.728		245.807		1676		2		2
Frame 29
267.904		244.297		1625		2		2
266.764		177.911		1612		2		2
265.628		112.152		1655		2		2
265.735		77.1394		1568		2		2
230.891		139.903		1680		2		2
222.991		196.882		1722		2		2
220.076		243.476		1670		2		2
222.353		250.521		1660		2		2
301.309		140.298		1646		2		2
312.651		194.008		1686		2		2
318.657		240.886		1635		2		2
316.265		249.584		1621		2		2
251.905		244.657		1640		2		2
246.396		310.862		1707		2		2
250.092		377.347		1841		2		2
240.078		393.644		1939		2		2
284.008		243.948		1622		2		2
292.864		312.512		1698		2		2
291.165		375.312		1843		2		2
291.599		390.822		1846		2		2
265.912		128.568		1652		2		2
221.657		266.354		1661		2		2
212.763		251.284		1698		2		2
314.234		268.119		1621		2		2
306.227		247.805		1674		2		2
Frame 30
267.789		244.185		1630		2		2
266.697		177.934		1617		2		2
265.602		112.218		1655		2		2
265.37		77.2865		1570		2		2
230.873		139.946		1680		2		2
223.046		196.81		1730		2		2
220.073		243.311		1675		2		2
222.238		250.238		1662		2		2
301.226		140.266		1649		2		2
312.647		193.858		1688		2		2
318.602		240.721		1632		2		2
316.262		249.622		1616		2		2
251.831		244.538		1641		2		2
246.38		311.049		1712		2		2
250.121		377.584		1836		2		2
240.048		393.807		1951		2		2
283.855		243.841		1622		2		2
292.744		312.958		1694		2		2
291.122		375.655		1838		2		2
291.486		391.195		1839		2		2
265.877		128.63		1652		2		2
220.463		265.346		1665		2		2
213.003		248.462		1691		2		2
314.388		268.113		1619		2		2
306.633		248.435		1671		2		2
Frame 31
267.63		244.011		1634		2		2
266.598		177.993		1622		2		2
265.554		112.331		1652		2		2
264.891		77.3959		1567		2		2
230.792		139.974		1684		2		2
223.067		196.783		1735		2		2
220.031		243.198		1683		2		2
222.17		250.193		1671		2		2
301.06		140.221		1649		2		2
312.654		193.641		1690		2		2
318.523		240.492		1630		2		2
316.54		249.78		1616		2		2
251.712		244.351		1645		2		2
246.367		311.207		1709		2		2
250.117		377.629		1830		2		2
239.697		394.085		1944		2		2
283.665		243.681		1631		2		2
292.595		313.373		1692		2		2
291.086		375.931		1838		2		2
291.371		391.51		1839		2		2
265.818		128.741		1654		2		2
220.45		265.427		1678		2		2
213.056		247.898		1703		2		2
313.951		268.192		1619		2		2
307.026		248.091		1680		2		2
Frame 32
267.454		243.853		1640		2		2
266.506		178.122		1625		2		2
265.516		112.488		1651		2		2
264.308		77.6288		1567		2		2
230.704		140.056		1683		2		2
223.187		196.866		1740		2		2
219.717		243.109		1690		2		2
221.893		250.304		1683		2		2
300.878		140.22		1647		2		2
312.716		193.363		1685		2		2
318.415		240.229		1627		2		2
316.68		250.21		1608		2		2
251.616		244.166		1650		2		2
246.411		311.516		1709		2		2
250.121		377.768		1837		2		2
239.797		394.076		1950		2		2
283.42		243.547		1638		2		2
292.496		313.798		1691		2		2
291.009		376.755		1833		2		2
291.194		392.395		1840		2		2
265.772		128.895		1653		2		2
220.602		265.224		1684		2		2
212.701		249.951		1735		2		2
313.951		268.192		1615		2		2
307.802		249.384		1678		2		2
Frame 33
267.263		243.708		1648		2		2
266.387		178.312		1630		2		2
265.455		112.704		1649		2		2
263.596		77.9674		1558		2		2
230.583		140.277		1683		2		2
223.311		197.025		1746		2		2
219.48		243.018		1701		2		2
221.631		250.388		1690		2		2
300.659		140.207		1646		2		2
312.82		193.142		1684		2		2
318.311		239.99		1620		2		2
316.84		250.241		1606		2		2
251.501		244.021		1659		2		2
246.429		311.69		1714		2		2
250.179		377.91		1834		2		2
239.736		394.132		1950		2		2
283.172		243.405		1644		2		2
292.426		314.392		1689		2		2
290.917		377.178		1837		2		2
290.97		392.882		1835		2		2
265.705		129.101		1654		2		2
220.142		265.263		1697		2		2
212.38		249.166		1709		2		2
313.469		268.9		1611		2		2
307.501		251.32		1676		2		2
Frame 34
267.049		243.663		1658		2		2
266.218		178.689		1638		2		2
265.285		113.302		1644		2		2
262.807		78.475		1555		2		2
230.418		140.608		1686		2		2
223.441		197.085		1757		2		2
219.751		243.012		1709		2		2
221.914		250.622		1699		2		2
300.314		140.218		1648		2		2
312.964		192.797		1685		2		2
318.208		239.676		1612		2		2
317.148		250.444		1600		2		2
251.346		243.996		1668		2		2
246.454		311.86		1714		2		2
250.173		378.125		1826		2		2
243.774		394.208		1864		2		2
282.901		243.342		1654		2		2
292.4		314.742		1688		2		2
290.72		377.708		1835		2		2
290.638		393.492		1829		2		2
265.552		129.606		1654		2		2
220.545		265.066		1708		2		2
212.785		251.3		1742		2		2
314.094		269.047		1608		2		2
307.558		250.266		1680		2		2
Frame 35
266.813		243.574		1662		2		2
266.028		179.132		1649		2		2
265.102		113.959		1640		2		2
261.704		79.445		1545		2		2
230.215		140.913		1688		2		2
223.61		197.29		1763		2		2
219.63		243.01		1718		2		2
221.942		250.879		1710		2		2
299.78		140.397		1641		2		2
313.133		192.598		1680		2		2
318.197		239.499		1610		2		2
317.272		251.641		1597		2		2
251.21		243.887		1680		2		2
246.454		312.262		1715		2		2
250.249		378.459		1830		2		2
241.821		394.15		1903		2		2
282.582		243.271		1667		2		2
292.438		315.236		1687		2		2
290.601		378.269		1828		2		2
290.333		394.152		1827		2		2
265.384		130.18		1653		2		2
220.481		265.439		1719		2		2
212.737		252.556		1742		2		2
313.728		269.912		1603		2		2
310.144		243.136		1665		2		2
Frame 36
266.737		243.732		1676		2		2
265.762		180.05		1658		2		2
264.567		115.548		1635		2		2
260.669		80.7645		1536		2		2
229.936		141.639		1692		2		2
223.737		197.831		1773		2		2
219.618		243.338		1732		2		2
221.911		251.109		1722		2		2
299.057		140.739		1639		2		2
313.286		192.435		1678		2		2
318.206		239.428		1605		2		2
317.452		252.175		1596		2		2
251.247		244.098		1691		2		2
246.431		312.794		1716		2		2
250.282		378.761		1832		2		2
240.299		394.307		1930		2		2
282.392		243.374		1681		2		2
292.456		315.541		1685		2		2
290.434		379.016		1825		2		2
294.139		393.626		1831		2		2
264.949		131.565		1654		2		2
221.592		266.064		1730		2		2
213.517		253.008		1733		2		2
314.002		270.844		1599		2		2
310.12		255.625		1606		2		2
Frame 37
266.435		244.272		1689		2		2
265.511		181.539		1668		2		2
264.342		117.664		1630		2		2
259.322		82.8601		1520		2		2
229.556		142.9		1689		2		2
223.99		198.704		1782		2		2
219.979		243.986		1748		2		2
222.109		251.924		1737		2		2
298.16		141.641		1635		2		2
313.383		192.603		1675		2		2
317.872		239.676		1606		2		2
317.387		254.106		1589		2		2
251.115		244.569		1709		2		2
246.389		313.481		1717		2		2
250.393		379.088		1831		2		2
239.782		394.382		1953		2		2
281.931		243.981		1695		2		2
292.515		315.731		1687		2		2
290.284		379.469		1822		2		2
294.173		394.124		1834		2		2
264.692		133.594		1656		2		2
221.664		266.965		1752		2		2
213.731		253.112		1773		2		2
313.638		272.642		1594		2		2
310.074		255.631		1605		2		2
Frame 38
266.455		245.251		1702		2		2
265.216		183.75		1681		2		2
263.76		120.554		1621		2		2
258.005		85.8614		1510		2		2
229.238		144.813		1688		2		2
224.324		200.534		1794		2		2
220.665		245.523		1760		2		2
222.793		253.349		1749		2		2
296.995		143.307		1629		2		2
313.595		193.331		1667		2		2
317.806		241.009		1607		2		2
317.327		255.678		1587		2		2
251.254		245.466		1727		2		2
246.281		314.228		1719		2		2
250.372		379.319		1836		2		2
239.487		394.574		1951		2		2
281.829		245.045		1710		2		2
292.698		316.28		1685		2		2
290.203		379.725		1820		2		2
294.202		394.321		1842		2		2
264.177		136.431		1649		2		2
222.15		268.32		1765		2		2
213.89		255.256		1797		2		2
313.966		274.325		1591		2		2
309.496		258.224		1605		2		2
Frame 39
267.228		246.821		1723		2		2
265.126		186.907		1689		2		2
262.836		124.821		1616		2		2
256.464		90.0366		1496		2		2
228.844		147.886		1690		2		2
224.409		202.62		1802		2		2
221.114		247.396		1772		2		2
223.244		255.231		1765		2		2
295.775		145.572		1622		2		2
313.757		194.627		1656		2		2
317.762		243.004		1610		2		2
316.634		259.568		1582		2		2
252.19		247.145		1740		2		2
246.134		314.9		1721		2		2
250.411		379.529		1840		2		2
239.457		394.619		1950		2		2
282.431		246.507		1734		2		2
292.826		316.488		1687		2		2
290.002		380.177		1813		2		2
294.307		394.73		1833		2		2
263.482		140.543		1644		2		2
222.915		270.59		1782		2		2
214.634		253.599		0		2		2
312.721		277.893		1594		2		2
315.948		268.605		1575		2		2
Frame 40
267.953		248.985		1740		2		2
265.001		191.027		1698		2		2
261.834		129.69		1606		2		2
255.059		95.5599		1484		2		2
228.86		152.314		1686		2		2
224.334		206.62		1811		2		2
221.2		251.087		1789		2		2
223.274		258.678		1781		2		2
294.318		149.524		1617		2		2
313.983		197.754		1651		2		2
317.889		246.135		1609		2		2
316.609		262.842		1581		2		2
253.025		249.388		1756		2		2
245.868		315.421		1723		2		2
250.354		379.919		1835		2		2
239.532		394.975		1947		2		2
283.034		248.59		1755		2		2
293.072		316.815		1692		2		2
289.922		380.741		1814		2		2
294.397		395.173		1829		2		2
262.694		145.374		1643		2		2
227.796		278.399		1809		2		2
222.001		264.2		1858		2		2
312.828		281.092		1589		2		2
315.487		271.459		1572		2		2
Frame 41
268.322		251.157		1763		2		2
264.786		195.489		1710		2		2
260.853		135.652		1602		2		2
253.324		102.897		1473		2		2
228.679		157.431		1684		2		2
224.098		211.544		1820		2		2
221.86		255.655		1807		2		2
223.892		262.883		1803		2		2
292.644		154.388		1614		2		2
314.269		201.524		1645		2		2
317.519		251.342		1605		2		2
316.163		268.017		1578		2		2
253.576		251.638		1778		2		2
245.519		315.988		1727		2		2
250.234		380.38		1845		2		2
239.646		395.026		1935		2		2
283.202		250.684		1775		2		2
293.497		317.177		1699		2		2
289.865		380.841		1817		2		2
294.428		395.213		1832		2		2
261.912		151.057		1641		2		2
226.535		279.268		1836		2		2
216.381		267.473		1808		2		2
311.854		285.804		1588		2		2
307.194		270.986		1600		2		2
Frame 42
269.346		253.585		1784		2		2
264.899		201.015		1719		2		2
259.768		143.989		1599		2		2
252.086		112.024		1470		2		2
228.219		163.07		1684		2		2
224.124		215.585		1829		2		2
222.167		259.211		1826		2		2
224.091		267.006		1824		2		2
290.981		160.048		1611		2		2
315.043		207.043		1638		2		2
317.359		256.176		1604		2		2
315.875		273.49		1576		2		2
254.935		254.336		1795		2		2
245.325		316.272		1729		2		2
250.184		380.497		1845		2		2
239.16		395.108		1936		2		2
283.887		252.853		1784		2		2
294.231		317.787		1702		2		2
289.982		380.966		1826		2		2
294.457		395.429		1834		2		2
261.153		158.786		1634		2		2
227.491		283.659		0		2		2
217.045		271.865		1830		2		2
311.739		291.213		1589		2		2
307.296		274.094		1600		2		2
Frame 43
270.605		254.898		1798		2		2
264.817		203.362		1731		2		2
258.37		146.187		1539		2		2
249.854		118.952		1445		2		2
227.56		171.175		1687		2		2
223.843		220.778		1841		2		2
222.764		263.613		1851		2		2
223.739		270.849		1847		2		2
289.894		166.547		1610		2		2
315		210.835		1633		2		2
317.534		260.934		1594		2		2
315.854		280.293		1575		2		2
257.18		255.91		1808		2		2
245.05		316.832		1735		2		2
250.163		381.282		1854		2		2
239.006		395.163		1932		2		2
284.088		253.894		1801		2		2
295.058		318.92		1707		2		2
290.126		381.221		1827		2		2
294.344		395.907		1837		2		2
260.34		160.902		1633		2		2
225.287		285.646		1863		2		2
216.94		269.68		0		2		2
311.291		298.359		1602		2		2
308.56		286.72		1623		2		2
Frame 44
273.806		260.419		1813		2		2
266.441		212.189		1749		2		2
257.346		154.266		1526		2		2
248.162		130.04		1450		2		2
227.411		178.216		1688		2		2
222.695		228.816		1852		2		2
223.472		271.018		1876		2		2
224.446		278.173		1877		2		2
289.282		173.417		1611		2		2
316.042		221.648		1633		2		2
317.862		275.844		1571		2		2
315.994		288.741		1570		2		2
259.523		262.366		1822		2		2
237.516		315.951		1767		2		2
242.667		398.807		1859		2		2
239.019		417.821		1793		1		2
288.213		258.689		1818		2		2
301.824		312.467		1716		2		2
293.944		392.644		1842		2		2
294.103		394.215		1835		2		2
259.73		170.112		1647		2		2
224.567		287.293		1907		2		2
219.062		276.967		1880		2		2
311.33		305.753		1593		2		2
308.989		292.671		1609		2		2
Frame 45
274.029		248.232		1888		2		2
266.306		210.92		1740		2		2
256.726		162.917		1512		2		2
246.88		138.358		1437		2		2
226.43		187.956		1695		2		2
222.783		231.627		1854		2		2
223.16		272.63		1905		2		2
226.616		280.882		1905		2		2
287.748		181.466		1617		2		2
315.631		223.058		1626		2		2
317.453		280.123		1568		2		2
316.63		296.045		1566		2		2
260.345		249.856		1908		2		2
245.789		318.504		1737		2		2
250.187		381.314		1854		2		2
238.892		395.024		1957		2		2
287.84		246.604		1881		2		2
297.212		318.66		1712		2		2
290.365		380.761		1835		2		2
294.443		395.305		1834		2		2
259.441		174.495		1624		2		2
224.907		294.362		1927		2		2
216.999		269.331		0		2		2
311.299		313.621		1589		2		2
311.19		302.783		1583		2		2
Frame 46
274.63		248.163		1864		2		2
266.516		212.852		1701		2		2
255.897		172.302		1514		2		2
245.049		150.803		1438		2		2
225.839		195.959		1701		2		2
222.228		243.009		1885		2		2
223.121		282.535		1931		2		2
225.734		284.836		1937		2		2
286.968		190.026		1622		2		2
315.008		231.418		1625		2		2
317.676		284.332		1594		2		2
317.246		303.817		1565		2		2
260.673		249.848		1929		2		2
246.389		309.255		1762		2		2
250.148		381.406		1853		2		2
240.442		394.712		1938		2		2
288.741		246.474		1882		2		2
297.258		310.307		1726		2		2
290.451		381.038		1838		2		2
294.599		396.341		1833		2		2
258.856		184.005		1637		2		2
225.2		299.5		1968		2		2
219.627		274.624		1938		2		2
312.746		321.628		1578		2		2
309.45		307.232		1595		2		2
Frame 47
273.535		249.452		1885		2		2
266.056		219.742		1708		2		2
256.336		182.232		1539		2		2
243.898		160.179		1442		2		2
225.379		206.206		1714		2		2
222.278		246.481		1887		2		2
223.563		283.657		1955		2		2
224.937		286.437		1962		2		2
285.785		198.002		1631		2		2
315.054		237.301		1627		2		2
318.231		292.531		1587		2		2
317.892		311.833		1563		2		2
259.7		251.085		1914		2		2
247.583		316.651		1752		2		2
250.045		381.695		1866		2		2
240.948		394.578		1953		2		2
287.571		247.771		1905		2		2
295.634		316.351		1727		2		2
290.489		381.025		1840		2		2
289.939		400.308		1833		2		2
259.004		191.872		1636		2		2
223.751		300.854		2008		2		2
216.735		276.414		1983		2		2
313.355		329.503		1570		2		2
308.581		313.884		1590		2		2
Frame 48
274.007		249.807		1901		2		2
266.279		223.401		1681		2		2
256.01		192.28		1560		2		2
242.2		173.402		1454		2		2
224.362		214.062		1723		2		2
222.297		253.122		1901		2		2
224.04		288.024		1986		2		2
224.852		300.097		2002		2		2
285.271		207.781		1630		2		2
315.575		246.443		1629		2		2
318.402		304.614		1560		2		2
318.436		320.08		1555		2		2
260.227		251.192		1897		2		2
247.446		311.678		1767		2		2
250.084		381.819		1864		2		2
241.289		394.639		1931		2		2
288.031		248.371		1919		2		2
296.836		310.496		1741		2		2
290.425		381.083		1844		2		2
289.957		400.348		1828		2		2
258.876		201.104		1653		2		2
225.951		309.048		2032		2		2
219.365		304.19		2023		2		2
314.528		337.74		1567		2		2
311.199		323.459		1584		2		2
Frame 49
275.371		250.82		1851		2		2
266.985		228.3		1663		2		2
255.711		200.604		1544		2		2
241.234		182.049		1459		2		2
224.332		223.694		1739		2		2
223.93		261.328		1927		2		2
223.749		295.508		2015		2		2
225.39		303.71		2025		2		2
285.949		215.249		1632		2		2
315.543		254.456		1631		2		2
318.926		308.558		1587		2		2
319.103		327.651		1558		2		2
261.643		251.931		1860		2		2
248.081		309.418		1777		2		2
250.137		381.804		1866		2		2
241.67		394.691		1923		2		2
289.369		249.638		1908		2		2
296.795		309.899		1749		2		2
290.445		381.121		1850		2		2
290.491		400.363		1829		2		2
258.862		207.975		1650		2		2
226.262		312.998		2076		2		2
219.6		304.217		2090		2		2
315.721		346.002		1574		2		2
309.845		330.546		1585		2		2
Frame 50
275.285		252.708		1852		2		2
266.421		234.343		1689		2		2
254.811		211.66		1563		2		2
240.394		194.211		1473		2		2
223.776		229.738		1747		2		2
226.702		266.772		1943		2		2
223.399		299.746		2038		2		2
225.457		305.788		2048		2		2
285.304		221.281		1644		2		2
314.774		260.512		1636		2		2
319.546		317.737		1568		2		2
319.709		336.026		1550		2		2
261.577		253.593		1841		2		2
248.226		309.783		1782		2		2
250.147		381.749		1858		2		2
241.87		394.707		1934		2		2
289.268		251.78		1897		2		2
297.135		311.549		1745		2		2
290.479		381.133		1842		2		2
290.879		400.312		1828		2		2
257.985		218.285		1676		2		2
222.875		316.876		2088		2		2
220.499		303.459		2089		2		2
316.257		354.251		1574		2		2
310.585		337.966		1585		2		2
Frame 51
277.679		255.04		1843		2		2
268.14		239.072		1716		2		2
255.485		219.861		1612		2		2
240.122		204.527		1488		2		2
224.098		237.352		1764		2		2
220.948		270.711		1940		2		2
225.064		300.545		2055		2		2
225.892		305.021		2070		2		2
284.422		229.038		1657		2		2
313.867		268.015		1640		2		2
319.95		323.958		1584		2		2
320.481		342.878		1556		2		2
264.244		256.225		0		2		2
248.614		311.426		1779		2		2
250.129		381.912		1866		2		2
242.348		394.961		1909		2		2
291.434		253.86		0		2		2
299.143		314.547		1737		1		2
291.251		380.87		1845		2		2
291.929		400.073		1832		2		2
258.968		224.814		1685		2		2
227.885		318.666		2145		2		2
218		298.5		2097		2		2
317.166		361.322		1567		2		2
312.629		347.873		1580		2		2
Frame 52
279.499		257.012		1740		2		2
268.524		243.69		1731		2		2
254.141		227.463		1618		2		2
239.27		211.694		1502		2		2
224.486		247.037		1789		2		2
216.725		272.17		1966		2		2
226.55		300.225		2066		2		2
226.547		312.059		2104		2		2
283.65		236.942		1672		2		2
315.073		273.999		1649		2		2
320.268		332.92		1555		2		2
320.847		350.617		1551		2		2
267.482		259.161		1777		2		2
249.651		313.487		1777		2		2
250.465		383.388		1872		2		2
241.564		396.146		1907		2		2
291.999		255.06		1702		2		2
299.494		314.46		1741		1		2
291.359		380.942		1843		2		2
292.554		400.072		1821		2		2
258.103		232.069		1701		2		2
227.224		323.777		2188		2		2
219		304.502		0		2		2
318.008		368.082		1568		2		2
311.544		345.878		1624		2		2
Frame 53
278.31		262.693		1747		2		2
267.116		251.713		1748		2		2
252.94		237.424		1622		2		2
238.546		222.027		1519		2		2
224.821		252.776		1805		2		2
221.58		285.028		1998		2		2
227.487		312.155		2111		2		2
227.174		317.528		2138		2		2
283.304		243.083		1694		2		2
314.043		280.366		1658		2		2
320.498		340.634		1554		2		2
321.127		356.547		1551		2		2
265.429		264.018		1774		2		2
249.417		306.175		1823		2		2
250.447		383.557		1879		2		2
241.446		396.357		1913		2		2
291.491		261.305		1708		2		2
295.953		323.216		1731		1		2
290.471		380.98		1843		2		2
293.787		396.795		1835		2		2
256.835		241.348		1725		2		2
227.667		327.667		2222		2		2
221.589		315.643		0		2		2
317.9		374.251		1565		2		2
312.045		357.048		1587		2		2
Frame 54
277.271		266.248		1762		2		2
266.366		255.27		1761		2		2
252.314		241.452		1643		2		2
238.187		225.771		1538		2		2
225.965		261.752		1828		2		2
221.831		285.632		1911		1		2
226.455		314.999		2138		2		2
227.459		319.927		2159		1		2
283.117		247.547		1716		2		2
313.263		285.115		1668		2		2
320.565		346.533		1556		2		2
320.974		362.288		1557		2		2
264.487		267.919		1769		2		2
249.935		308.434		1821		2		2
250.478		383.574		1886		2		2
241.406		396.288		1909		2		2
290.35		264.583		1711		2		2
294.5		325.471		1737		1		2
289.959		383.617		1860		2		2
294.569		397.06		1828		2		2
256.186		245.244		1740		2		2
227.501		330		2264		2		2
222.509		318.366		0		2		2
318.102		379.149		1584		2		2
311.22		356.566		1630		2		2
Frame 55
277.53		267.168		1760		2		2
266.327		259.869		1782		2		2
251.936		250.585		1669		2		2
237.782		236.024		1561		2		2
226.904		271.763		1849		2		2
221.01		292.693		0		1		2
227.201		318.539		2176		1		2
227.804		322.463		2193		1		2
282.504		254.826		1732		2		2
312.842		292.303		1674		2		2
320.607		348.962		1561		2		2
320.859		364.967		1561		2		2
264.273		269.355		1787		2		2
251.314		307.516		1841		2		2
250.811		383.715		1879		2		2
241.449		396.033		1917		2		2
290.988		265.069		1720		2		2
294.114		328.142		1742		1		2
289.047		389.81		1858		2		2
295.545		396.347		1842		2		2
255.896		253.174		1758		2		2
228		331.167		2264		2		2
221.668		316.984		2206		2		2
319.007		382.956		1638		2		2
311.155		359.54		1641		2		2
Frame 56
280.613		305.448		0		2		2
270.034		285.551		1912		2		2
257.352		261.71		1782		2		2
241.451		245.656		1600		2		2
227.095		272.693		1864		2		2
221.874		295.194		2056		1		2
227.429		320.255		2198		1		2
227.538		322.374		2216		1		2
281.875		258.138		1753		2		2
312.275		295.619		1691		2		2
320.732		352.912		1566		2		2
320.467		368.617		1570		2		2
268.412		305.739		2035		2		2
251.101		323.66		1794		1		2
250.741		383.694		1882		2		2
241.182		395.28		1930		2		2
293.156		305.159		1839		2		2
293.815		338.432		1793		1		2
290.93		380.75		1850		2		2
291.548		400.1		1815		2		2
260.754		268.102		1792		2		2
228.75		332.25		2279		2		2
222.6		320.402		2239		2		2
317.733		386.27		0		2		2
310.782		364.099		1655		2		2
Frame 57
275.18		299.815		2081		2		2
266.622		282.989		1827		2		2
253.496		259.891		1797		2		2
235.105		246.892		1618		2		2
227.846		275.118		1879		2		2
222.694		297.838		2073		1		2
228.108		322.548		2221		1		2
227.803		321.435		2219		1		2
281.632		263.912		1764		2		2
313.6		297.538		1701		2		2
321.705		353.807		1579		2		2
320.51		370.462		1579		2		2
262.795		300.002		1992		2		2
246.665		320.095		1797		2		2
251.019		382.852		1885		2		2
241.602		394.937		1948		2		2
287.848		299.635		1962		2		2
299.869		340.532		1772		2		2
287.476		391.668		1868		2		2
294.054		395.174		1835		2		2
257.424		266.323		1807		2		2
227.396		326.199		2249		2		2
226.179		317.638		2207		2		2
317.535		387.735		0		2		2
310.229		367.474		1663		2		2
Frame 58
275.254		301.799		2098		2		2
265.26		284.627		1857		2		2
252.511		262.376		1821		2		2
234.524		251.492		1653		2		2
227.931		285.627		1930		2		2
222.924		307.228		2153		1		2
228.173		330.642		2295		1		2
227.836		331.613		2325		1		2
280.327		267.178		1784		2		2
313.157		298.67		1711		2		2
322.716		354.851		1592		2		2
320.828		372.08		1591		2		2
263.452		302.625		2026		2		2
246.848		319.086		1819		2		2
251.821		381.892		1885		2		2
242.364		395.191		1897		2		2
287.378		301.055		1972		2		2
301.305		311.518		1799		2		2
291.449		385.172		1866		2		2
293.682		401.267		1810		2		2
256.156		268.372		1833		2		2
228.4		341.201		2349		2		2
226.253		328.759		2299		2		2
319.265		388.53		1634		2		2
310.428		369.865		1675		2		2
Frame 59
277.951		318.076		0		2		2
267.77		297.751		2019		2		2
255.647		273.549		1863		2		2
237.127		258.637		1688		2		2
229.151		288.759		1970		2		2
224.109		309.94		2173		1		2
229.246		332.989		0		1		2
227.666		327.334		2305		2		2
277.962		271.107		1802		2		2
313.173		315.688		1687		2		2
323.82		366.795		1598		2		2
321.467		376.152		1593		2		2
266.867		320.098		2208		2		2
245.511		320.098		1840		2		2
251.656		382.137		1886		2		2
242.782		398.866		1856		2		2
289.218		316.029		1865		2		2
301.392		313.7		1800		2		2
291.246		384.877		1869		2		2
294.407		400.164		1815		2		2
258.889		280.02		1870		2		2
228		328		2305		2		2
226.078		324.47		2293		1		2
319.634		388.633		0		2		2
310.702		374.197		1675		2		2
Frame 60
277.002		316.555		2188		2		2
267.262		297.168		1994		2		2
255.529		273.895		1880		2		2
234.484		258.996		1727		2		2
229.416		289.66		1970		1		2
224.399		310.601		2215		1		2
229.479		333.428		1899		1		2
231.053		340.474		1898		2		2
276.033		273.654		1823		2		2
311.299		310.413		1706		2		2
323.759		363.311		1600		2		2
322.814		374.266		1608		2		2
266.269		318.763		2152		2		2
243.337		317.503		1871		2		2
251.261		382.19		1894		2		2
243.115		398.774		1843		2		2
287.861		314.29		1990		2		2
308.751		311.445		1721		1		2
291.586		384.049		1876		2		2
294.26		399.025		1821		2		2
258.666		280.105		1896		2		2
231.38		341.112		1901		1		2
229.465		337.614		1914		1		2
321.093		390.092		1898		2		2
312.552		371.403		1695		2		2
Frame 61
278.481		324.626		2278		2		2
267.322		301.53		2098		2		2
254.391		276.194		1913		2		2
233.506		261.312		1770		2		2
228.985		291.716		2000		1		2
224.087		312.142		2279		1		2
229.098		334.494		1909		1		2
230.653		341.401		1918		2		2
273.093		274.434		1857		2		2
307.658		306.203		1731		2		2
324.553		364.859		1612		2		2
324.874		373.584		1621		2		2
268.104		326.876		2275		2		2
242.256		318.282		1907		2		2
250.775		382.208		1892		2		2
242.731		399.124		1839		2		2
289.023		322.064		2045		2		2
302.972		319.029		1849		1		2
292.41		384.526		1877		2		2
294.768		398.676		1820		2		2
257.863		282.919		1925		2		2
230.976		342.026		1923		1		2
229.092		338.589		1915		1		2
323.609		388.309		0		2		2
314.536		372.48		1699		2		2
Frame 62
277.025		325.426		2260		2		2
265.31		303.739		2136		2		2
252.256		278.432		1959		2		2
233.218		264.032		1820		2		2
227.53		293.537		2056		1		2
222.833		313.403		0		1		2
227.81		335.227		1943		1		2
229.356		341.981		1937		1		2
271.134		274.821		1903		2		2
300.376		302.355		1763		2		2
324.602		364.563		1638		2		2
326.801		371.423		1634		2		2
266.836		327.492		2254		2		2
240.673		318.415		1943		2		2
249.421		382.338		1890		2		2
241.558		399.523		1859		2		2
287.373		323.295		2168		2		2
301.111		320.928		1871		1		2
292.098		384.002		1873		2		2
295.691		397.293		1796		2		2
255.705		285.116		1965		2		2
229.675		342.593		1938		1		2
227.827		339.227		1960		1		2
329.166		384.335		1673		2		2
316.799		372.399		1723		2		2
Frame 63
270.887		317.024		2235		2		2
260.903		300.283		2155		2		2
249.226		280.703		2020		2		2
234.949		266.11		1880		2		2
225.311		295.294		2134		1		2
230.269		335.027		1944		1		2
233.623		358.557		1929		1		2
234.65		365.687		1932		1		2
267.536		277.21		1936		1		2
294.232		300.34		1800		2		2
322.446		358.146		1642		2		2
326.729		366.337		1640		2		2
260.506		318.143		2204		2		2
241.749		318.423		2002		2		2
252.967		381.448		1886		2		2
243.617		392.694		1856		2		2
281.469		315.891		2212		2		2
298.184		320.764		1938		1		2
286.483		378.163		1902		2		2
291.512		387.86		1853		2		2
252.327		285.901		2014		2		2
234.974		366.277		1935		1		2
233.036		362.801		1972		1		2
332.617		379.242		1657		2		2
317.125		368.632		1732		2		2
Frame 64
273.885		334.431		2337		2		2
262.712		304.72		2223		2		2
250.624		272.385		2064		2		2
232.952		265.816		1940		2		2
227.702		298.767		2179		2		2
232.937		344.824		1956		1		2
236.105		367.51		1924		1		2
237.075		374.379		1919		1		2
266.293		275.045		1999		2		2
291.666		300.353		1836		2		2
321.375		355.434		1664		2		2
325.703		363.393		1653		2		2
263.537		343.379		2462		2		2
241.398		322.897		2038		2		2
253.639		386.74		1891		2		2
242.464		395.313		1831		2		2
284.052		325.633		2250		2		2
295.954		324.258		2011		1		2
285.992		381.201		1904		2		2
290.165		386.929		1859		2		2
253.483		282.405		2043		2		2
237.393		374.944		1919		1		2
235.473		371.525		1958		1		2
331.001		376.692		0		2		2
316.141		367.855		1728		2		2
Frame 65
271.935		340.878		2425		2		2
260.711		313.365		2295		2		2
248.086		282.359		2139		2		2
236.645		266.498		2030		2		2
229.196		300.533		2234		2		2
233.143		343.746		1981		1		2
236.253		366.202		1937		1		2
237.207		373.012		1909		1		2
263.106		284.863		2036		1		2
288.084		298.354		1884		2		2
317.887		348.98		1689		2		2
324.21		360.071		1670		2		2
261.474		347.38		2450		2		2
242.113		326.592		2072		2		2
253.348		390.107		1891		2		2
242.785		396.212		1808		2		2
282.274		334.448		2337		2		2
298.322		334.409		2000		1		2
291.481		382.279		1871		2		2
296.659		394.423		1731		2		2
251.387		290.466		2139		2		2
237.52		373.572		1909		1		2
235.626		370.194		1943		1		2
327.913		371.972		2090		2		2
313.545		363.46		1738		2		2
Frame 66
270.435		343.888		2441		2		2
260.735		314.858		2347		2		2
250.199		282.383		2196		2		2
238.814		265.996		2103		2		2
228.631		290.871		2299		2		2
236.468		323.987		2080		1		2
238.076		341.633		2022		1		2
247		343.998		0		1		2
266.924		284.827		2090		2		2
293.51		299.817		1900		2		2
320.371		352.603		1702		2		2
321.638		360.982		1696		1		2
260.033		347.469		2460		2		2
237.07		337.93		2032		2		2
245.788		383.16		1867		2		2
233.809		400.04		1773		2		2
280.668		340.941		2404		2		2
297.015		333.105		2037		1		2
291.401		382.197		1869		2		2
296.289		394.371		1718		2		2
252.934		290.813		2200		2		2
247		345.499		2495		2		2
247		344.999		0		1		2
323.216		367.673		2130		2		2
318.5		369.75		1711		2		2
Frame 67
275.052		340.451		2441		2		2
263.738		311.596		2354		2		2
251.394		280.06		2262		2		2
240.881		264.231		2153		2		2
231.999		289.96		2352		2		2
229.732		310.088		2194		1		2
232.565		331.371		2076		1		2
233.444		337.942		2046		1		2
266.217		283.201		2166		2		2
292.307		299.301		1943		2		2
308.484		334.39		1775		1		2
312.042		345.294		1748		2		2
264.798		342.293		2443		2		2
237.455		337.496		2056		2		2
245.089		382.876		1862		2		2
231.806		399.464		1797		2		2
284.896		338.821		2386		2		2
299.338		325.706		1820		1		2
291.352		381.811		1871		2		2
295.039		394.476		1722		2		2
254.583		288.208		2258		2		2
233.416		339.321		2043		1		2
233.428		338.863		2043		1		2
317.299		359.523		1746		2		2
300.5		350.901		1813		2		2
Frame 68
274.572		339.734		2461		2		2
264.606		309.667		2401		2		2
254.31		276.921		2322		2		2
244.254		263.11		2230		2		2
232.873		287.094		2412		2		2
231.086		309.953		0		1		2
233.776		330.724		2107		1		2
234.613		337.149		2071		1		2
269.721		275.971		2234		2		2
289.894		291.781		2054		2		2
304.024		336.424		1813		2		2
309.565		345.729		1785		2		2
264.825		341.845		2458		2		2
237.964		336.703		2083		2		2
244.062		383.72		1833		2		2
228.038		397.852		1898		2		2
284.129		337.585		2390		2		2
298.396		324.867		1840		1		2
291.909		381.761		1866		2		2
295.294		394.834		1730		2		2
256.991		285.282		2309		2		2
234.588		338.494		2068		1		2
234.598		338.047		2068		1		2
312.855		355.863		1777		2		2
302.43		349.021		1790		2		2
Frame 69
274.618		342.257		2486		2		2
265.374		310.21		2451		2		2
256.446		275.261		2382		2		2
248.988		260.326		2293		2		2
234.97		285.433		2473		2		2
233.188		312.197		2269		2		2
236.741		328.214		2145		1		2
237.843		333.173		2113		1		2
272.121		275.189		2302		2		2
290.302		289.074		2133		2		2
303.62		325.253		1887		2		2
304.508		336.607		1853		1		2
264.814		343.006		2492		2		2
245.112		334.226		2172		2		2
252.857		391.052		1897		2		2
236.56		396.655		1734		2		2
284.532		342.648		2440		2		2
302.167		324.091		1888		2		2
292.812		388.297		1803		2		2
296.988		398.309		1720		2		2
258.804		284.194		2375		2		2
237.825		334.513		2114		1		2
237.833		334.069		2114		1		2
309.154		347.694		1907		2		2
296.608		336.68		1870		2		2
Frame 70
274.467		344.474		2521		2		2
266.392		309.547		2489		2		2
258.816		271.972		2420		2		2
252.683		255.892		2352		2		2
237.789		281.908		2526		2		2
235.785		308.252		2580		2		2
238.652		325.223		2173		1		2
239.546		330.502		2143		1		2
275.277		276.904		2372		2		2
291.673		288.241		2198		2		2
297.058		325.84		1939		2		2
300.122		335.309		1898		2		2
264.623		344.634		2511		2		2
244.396		326.406		2191		2		2
244.723		379.274		1810		2		2
229.983		394.89		1927		2		2
284.473		344.583		2497		2		2
302.073		332.544		1910		2		2
294.638		389.378		1803		2		2
303.201		403.081		1760		2		2
260.77		281.356		2449		2		2
239.531		331.817		2135		1		2
239.537		331.381		2135		1		2
299.438		345.876		0		2		2
288.334		333.333		1947		2		2
Frame 71
274.316		339.948		2529		2		2
268.006		303.748		2515		2		2
261.653		267.271		2496		2		2
255.479		251.109		2409		2		2
240.741		277.948		2577		2		2
235.897		306.858		2626		2		2
234.328		322.829		2213		1		2
233.842		327.784		2192		1		2
278.365		271.399		2432		2		2
293.674		287.28		2242		2		2
296.6		319.303		2018		2		2
297.401		329.195		1964		2		2
264.462		339.803		2526		2		2
246.413		326.476		2203		2		2
245.197		378.516		1776		1		2
231.871		394.364		1883		2		2
284.304		340.098		2508		2		2
299.518		327.392		1971		2		2
297.083		390.833		1734		2		2
306.872		401.809		1816		2		2
263.244		276.407		2510		2		2
233.815		329.086		2179		1		2
233.827		328.655		2188		1		2
295.926		340.079		0		2		2
289.174		329.25		2359		2		2
Frame 72
274.126		339.696		2545		2		2
268.337		301.574		2535		2		2
263.691		262.357		2526		2		2
258.508		246.88		2457		2		2
243.517		273.246		2611		2		2
238.334		302.393		2649		2		2
234.511		323.186		2258		1		2
233.304		329.75		0		1		2
282.017		267.881		2475		2		2
295.215		285.454		2293		2		2
298.174		308.609		2086		2		2
296.504		319.057		2051		2		2
264.136		339.367		2541		2		2
246.693		326.023		2198		2		2
250.972		374.746		1895		1		2
240.524		385.832		1824		2		2
284.215		339.98		2528		2		2
256.772		347.101		2487		2		2
297.992		390.728		1831		2		2
295.813		406.294		1809		2		2
264.894		271.776		2564		2		2
233.277		331.066		2208		1		2
233.288		330.63		0		1		2
296.849		329.924		2009		2		2
285.31		322.538		2080		2		2
Frame 73
273.279		339.068		2552		2		2
268.535		299.155		2588		2		2
265.254		260.33		2578		2		2
261.111		244.235		2515		2		2
245.017		271.861		2644		2		2
238.676		301.522		2656		2		2
235.233		322.968		2527		1		2
234.144		329.754		0		1		2
283.389		265.76		2535		2		2
296.045		285.089		2320		2		2
297.577		310.921		2137		2		2
297.678		321.736		2081		1		2
262.99		338.718		2549		2		2
248.292		321.434		2216		2		2
250.84		369.498		1910		1		2
240.685		386.303		1876		1		2
283.564		339.329		2543		2		2
257.087		347.99		2486		1		2
298.524		392.555		1895		1		2
295.268		408.015		1781		1		2
265.96		269.996		2598		2		2
234.118		331.071		0		1		2
234.129		330.635		0		1		2
295.247		330.631		2074		2		2
285.231		320.306		2144		2		2
Frame 74
270.337		331.078		2549		2		2
269.172		292.999		2609		2		2
267.883		259.107		2630		2		2
263.963		243.613		2565		2		2
247.196		271.112		2671		2		2
238.729		301.288		2651		2		2
235.241		322.905		2513		1		2
228		319		2779		1		2
284.926		265.697		2590		2		2
297.389		286.224		2339		2		2
298.879		312.726		2154		2		2
300.626		325.005		2131		1		2
257.263		333.764		2472		2		2
237.51		320.298		2517		1		2
238.56		372.756		1833		1		2
232.2		389.949		1978		2		2
283.636		328.355		2488		2		2
251.197		350.234		1979		1		2
298.661		393.025		1920		1		2
295.139		408.453		1776		1		2
267.433		268.26		2642		2		2
227.961		320.303		2763		1		2
227.978		319.873		2787		1		2
303.209		335.791		2113		2		2
292.005		321.537		2121		2		2
Frame 75
276.166		341.551		2550		2		2
272.831		298.609		2658		2		2
269.789		259.971		2682		2		2
265.968		243.156		2608		2		2
248.961		272.363		2692		2		2
238.553		301.585		2642		2		2
230.212		324.312		2427		2		2
228.059		328.721		2373		1		2
286.243		266.811		2627		2		2
298.597		279.792		2426		2		2
296.812		314.821		2162		2		2
301.328		327.005		2146		1		2
265.115		342.762		2551		2		2
261.73		371.331		2155		1		2
9999		9999		9999		1		2
248.129		416.64		1732		1		2
287.335		340.332		2542		2		2
254.533		354.83		2358		1		2
302.553		397.508		1877		1		2
298.422		412.531		1748		1		2
270.55		269.265		2675		2		2
218.906		333.821		2353		2		2
217.5		333.995		2368		2		2
299.665		341.666		2046		2		2
309.033		330.056		2153		2		2
Frame 76
276.373		341.616		2551		2		2
273.338		298.638		2672		2		2
270.758		260.225		2737		2		2
268.005		243.611		2647		2		2
250.014		273.737		2716		2		2
238.184		302.109		2628		2		2
226.359		322.784		2348		2		2
222.943		325.632		2354		2		2
287.868		267.254		2672		2		2
299.153		279.869		2454		2		2
298.786		317.738		2207		2		2
301.523		326.624		2145		1		2
265.474		342.777		2557		2		2
267.137		379.741		2069		2		2
9999		9999		9999		1		2
9999		9999		9999		1		2
287.455		340.428		2538		2		2
301.51		326.918		2145		2		2
357.007		365.485		2364		1		2
354.337		379.887		2179		1		2
271.358		269.404		2707		2		2
217.845		331.002		2317		2		2
218.243		331.187		2307		2		2
298.5		337.25		2103		2		2
308.246		326.567		2163		2		2
Frame 77
276.451		341.522		2551		2		2
273.713		298.346		2700		2		2
271.246		260.061		2771		2		2
269.204		243.041		2679		2		2
250.063		273.724		2721		2		2
237.936		301.71		2593		2		2
228.68		311.154		2407		2		2
224.34		319.328		2358		2		2
287.92		267.223		2702		2		2
302.283		281.21		2450		2		2
304.416		316.061		2194		2		2
303.095		325.165		2161		1		2
265.561		342.63		2555		2		2
266.286		379.715		2074		2		2
9999		9999		9999		1		2
9999		9999		9999		1		2
287.531		340.373		2539		2		2
300.904		325.409		2187		1		2
356.15		363.657		2384		1		2
353.474		377.983		2187		1		2
271.859		269.192		2736		2		2
220.094		325.382		2291		2		2
220.875		325.8		2291		2		2
302.996		333.333		2068		2		2
307.833		319.728		2185		2		2
Frame 78
277.526		340.485		2555		2		2
275.281		297.054		2707		2		2
273.44		259.132		2781		2		2
270.789		242.478		2707		2		2
251.879		273.247		2734		2		2
237.794		298.118		2580		2		2
227.914		311.393		2332		2		2
226.332		314.011		2356		2		2
291.375		266.657		2715		2		2
302.75		281.821		2477		2		2
304.41		315.568		2204		2		2
301.872		324.645		2176		1		2
266.887		341.399		2568		2		2
261.63		387.065		1993		2		2
9999		9999		9999		1		2
9999		9999		9999		1		2
288.33		339.545		2537		2		2
300.243		316.26		2231		2		2
353.488		351.91		2481		1		2
350.886		365.498		2274		1		2
273.874		268.106		2758		2		2
222.665		319.425		2286		2		2
225.493		320.504		2293		2		2
295.498		336		2073		2		2
308.05		328.112		2138		2		2
Frame 79
277.216		339.56		2551		2		2
275.126		296.466		2715		2		2
273.443		259.119		2805		2		2
271.858		242.267		2734		2		2
252.781		272.599		2739		2		2
238.045		295.883		2581		2		2
230.477		301.944		2416		2		2
227.607		310.702		2319		2		2
291.647		266.979		2742		2		2
300.057		287.982		2467		2		2
297.031		315.02		2232		2		2
304.965		350.933		1782		2		2
266.074		339.761		2575		2		2
264.441		389.221		1975		2		2
9999		9999		9999		1		2
9999		9999		9999		1		2
288.208		338.722		2537		2		2
299.688		315.818		2232		2		2
352.635		351.266		2481		1		2
350.025		364.786		2285		1		2
273.842		267.973		2776		2		2
225.949		316.353		2283		2		2
225.373		317.626		2285		2		2
309.077		342.188		1762		2		2
311.513		360.654		1807		2		2
Frame 80
277.262		339.331		2569		2		2
275.394		296.207		2724		2		2
273.932		259.038		2818		2		2
272.867		241.934		2753		2		2
254.083		271.56		2751		2		2
236.246		289.325		2574		2		2
231.352		313.354		2275		2		2
239.512		339.997		1846		2		2
292.135		267.616		2756		2		2
300.141		287.897		2503		2		2
297.078		314.362		2243		2		2
300.749		325.101		2140		2		2
266.532		338.937		2581		2		2
264.512		389.214		1971		1		2
9999		9999		9999		1		2
9999		9999		9999		1		2
288.072		338.813		2537		2		2
299.421		315.72		2233		2		2
352.3		351.137		2483		1		2
349.683		364.648		2293		1		2
274.275		267.837		2787		2		2
239.353		329.221		1822		2		2
230.95		342.984		1847		2		2
299.794		331.305		1977		2		2
305.523		325.35		2128		2		2
Frame 81
277.563		338.874		2568		2		2
275.765		295.894		2731		2		2
274.212		259.019		2828		2		2
274.004		241.83		2763		2		2
254.65		271.595		2752		2		2
237.571		290.018		2544		2		2
239.677		299.168		2444		2		2
239.594		328.946		1828		2		2
292.733		268.031		2769		2		2
300.342		287.235		2542		1		2
302.412		316.3		2218		2		2
304.051		347.51		1798		2		2
266.711		338.505		2585		2		2
264.221		389.458		1971		1		2
9999		9999		9999		1		2
9999		9999		9999		1		2
288.557		338.597		2532		2		2
299.541		315.569		2239		2		2
352.574		351.053		2483		1		2
349.958		364.597		2287		1		2
274.584		267.738		2795		2		2
240.644		318.955		1806		2		2
230.842		336.139		1842		2		2
308.315		337.079		1772		2		2
308.985		359.08		1819		2		2
Frame 82
277.502		338.524		2566		2		2
275.762		295.876		2724		2		2
274.228		259.054		2835		2		2
274.497		241.814		2775		2		2
254.671		271.591		2753		2		2
238.688		290.806		2543		2		2
240.302		299.574		2329		2		2
240.283		326.384		1836		2		2
292.899		268.174		2778		2		2
301.775		286.028		2537		2		2
303.07		315.315		2219		1		2
303.276		346.4		1783		2		2
266.519		338.088		2582		2		2
264.18		389.439		1971		1		2
9999		9999		9999		1		2
9999		9999		9999		1		2
288.579		338.384		2529		2		2
299.458		315.384		2226		2		2
352.489		350.85		2489		1		2
349.87		364.393		2283		1		2
274.59		267.751		2803		2		2
241.34		315.999		1817		2		2
231.74		334.3		1854		2		2
307.943		336.293		1771		2		2
308.19		358.615		1822		2		2
Frame 83
277.156		337.981		2559		2		2
275.826		295.642		2729		2		2
274.885		259.258		2843		2		2
275.076		241.812		2784		2		2
255.313		271.588		2756		2		2
239.682		290.457		2518		1		2
241.031		299.225		2297		2		2
240.682		324.415		1846		2		2
293.339		268.53		2780		2		2
304.29		282.708		2520		2		2
301.845		302.562		2315		2		2
302.732		343.646		1790		2		2
266.098		337.62		2580		2		2
264.619		389.926		1975		2		2
9999		9999		9999		1		2
9999		9999		9999		1		2
288.299		337.975		0		2		2
297.696		314.65		2243		1		2
350.28		349.901		2487		1		2
347.62		363.382		2294		1		2
275.074		267.842		2809		2		2
243.574		313.555		1823		2		2
232.278		331.775		1857		2		2
306.786		333.146		1781		2		2
308.229		354.989		1815		2		2
Frame 84
277.106		337.91		2565		2		2
275.825		295.637		2730		2		2
274.893		259.26		2839		2		2
275.431		241.88		2794		2		2
255.305		271.596		2757		2		2
239.559		288.661		2530		2		2
241.136		298.126		2287		2		2
240.792		322.984		1841		2		2
293.366		268.546		2779		2		2
304.444		282.494		2526		2		2
301.232		302.924		2314		2		2
301.703		342.803		1786		2		2
265.896		337.586		2583		2		2
265.582		390.086		1943		2		2
9999		9999		9999		1		2
9999		9999		9999		1		2
288.254		337.836		0		2		2
297.499		314.541		2225		1		2
350.031		349.763		2488		1		2
347.367		363.235		2292		1		2
275.079		267.843		2808		2		2
242.019		311.427		1829		2		2
232.406		331.265		1860		2		2
304.771		333.507		1782		2		2
307.698		354.077		1815		2		2
Frame 85
277.043		337.837		2567		2		2
275.812		295.626		2730		2		2
274.887		259.258		2836		2		2
275.706		241.893		2795		2		2
255.309		271.597		2754		2		2
239.873		287.986		2535		2		2
241.286		297.378		2295		2		2
240.588		321.682		1841		2		2
293.37		268.573		2784		2		2
304.579		282.354		2537		2		2
301.924		302.014		2316		2		2
300.536		341.339		1793		2		2
265.781		337.532		2579		2		2
261.285		387.644		1984		2		2
9999		9999		9999		1		2
9999		9999		9999		1		2
288.184		337.738		1962		2		2
297.399		314.474		2217		1		2
349.903		349.677		2495		1		2
347.237		363.145		2293		1		2
275.075		267.842		2812		2		2
242.196		311.626		1839		2		2
232.022		329.808		1854		2		2
304.362		332.997		1784		2		2
306.396		353.075		1817		2		2
Frame 86
276.982		337.771		2567		2		2
275.789		295.522		2732		2		2
274.931		259.154		2839		2		2
275.736		241.866		2786		2		2
255.313		271.594		2757		2		2
240.547		287.669		2550		2		2
241.599		297.259		2292		2		2
240.504		321.854		1848		2		2
293.372		268.578		2781		2		2
304.773		282.301		2542		2		2
301.936		301.791		2320		2		2
303.588		307.488		2273		2		2
265.653		337.467		2579		2		2
256.877		396.006		1887		2		2
9999		9999		9999		1		2
9999		9999		9999		1		2
288.094		337.642		1951		2		2
297.243		314.2		2215		1		2
349.707		349.355		2491		1		2
347.037		362.811		2303		1		2
275.107		267.74		2812		2		2
245.001		318.5		1816		2		2
231.674		329.037		1860		2		2
299.501		312		2244		2		2
292.265		309.263		2275		2		2
Frame 87
276.947		337.627		2563		2		2
275.78		295.444		2731		2		2
274.923		259.127		2835		2		2
275.732		241.849		2793		2		2
255.301		271.59		2753		2		2
240.777		287.236		2548		1		2
241.651		297.13		2312		2		2
240.226		322.616		1836		2		2
293.372		268.58		2773		2		2
304.791		282.237		2548		2		2
301.842		301.634		2317		2		2
303.017		307.236		2269		2		2
265.609		337.34		2574		2		2
255.342		390.156		1946		1		2
9999		9999		9999		1		2
9999		9999		9999		1		2
288.095		337.579		0		2		2
297.154		314.042		2207		1		2
349.609		349.177		2492		1		2
346.937		362.632		2300		1		2
275.101		267.705		2802		2		2
241.589		313.232		1833		2		2
231.64		331.147		1863		2		2
299.222		311.777		2239		2		2
292.21		308.665		2279		2		2
Frame 88
276.9		337.549		2557		2		2
275.77		295.428		2728		2		2
274.909		259.099		2836		2		2
275.698		241.827		2781		2		2
255.288		271.582		2755		2		2
241		287.481		2548		1		2
241.791		297.47		0		2		2
239.966		324.666		1848		2		2
293.366		268.581		2769		2		2
304.748		281.699		2565		2		2
294.561		308.372		2266		2		2
297.506		344.861		1799		2		2
265.555		337.291		2570		2		2
257.196		390.79		1938		2		2
9999		9999		9999		1		2
9999		9999		9999		1		2
288.081		337.531		0		2		2
296.835		313.999		2220		1		2
349.214		349.111		2491		1		2
346.534		362.558		2295		1		2
275.091		267.684		2801		2		2
241.8		314.331		1829		2		2
231.608		331.683		1853		2		2
300.371		334.378		1777		2		2
305.727		350.82		1799		2		2
Frame 89
276.282		337.376		2550		2		2
275.497		295.375		2724		2		2
274.774		259.074		2823		2		2
275.491		241.73		2774		2		2
255.255		271.545		2751		2		2
241.032		287.547		2573		1		2
241.723		297.961		2431		2		2
239.892		327.658		1841		2		2
293.338		268.588		2759		2		2
304.722		281.808		2560		2		2
302.477		299.484		2350		2		2
301.814		309.438		2261		2		2
264.972		337.08		2565		2		2
256.927		390.807		1933		2		2
9999		9999		9999		1		2
9999		9999		9999		1		2
287.5		337.49		1978		2		2
296.345		313.601		2218		1		2
348.668		348.67		2501		1		2
345.974		362.113		2294		1		2
274.927		267.66		2793		2		2
241.526		319.945		1826		2		2
231.304		334.403		1852		2		2
299.5		316.5		2184		2		2
295.699		307.885		2263		2		2
Frame 90
275.987		337.468		2548		2		2
275.332		295.392		2715		2		2
274.722		259.021		2820		2		2
275.095		241.591		2764		2		2
255.19		271.516		2747		2		2
240.982		288.303		2565		2		2
241.853		302.203		2304		2		2
240.034		336.463		1837		2		2
293.28		268.597		2748		2		2
304.758		281.893		2555		2		2
298.472		307.755		2273		2		2
296.92		351.459		1795		2		2
264.549		337.412		2562		2		2
257.584		395.749		1893		2		2
9999		9999		9999		1		2
9999		9999		9999		1		2
287.305		337.489		2029		2		2
296.044		313.261		2220		1		2
348.36		348.308		2498		1		2
345.658		361.754		2307		1		2
274.851		267.627		2780		2		2
239.759		326.313		1826		2		2
232.122		345.753		1863		2		2
297.186		341.592		1786		2		2
305.504		346.512		1776		2		2
Frame 91
275.788		337.595		2540		2		2
275.166		295.374		2703		2		2
274.625		258.766		2797		2		2
274.838		241.255		2744		2		2
255.024		271.493		2740		2		2
240.887		289.159		2567		2		2
241.872		303.81		2339		2		2
240.258		341.728		1838		2		2
293.19		268.61		2741		2		2
304.717		281.471		2560		2		2
302.343		301.69		2352		2		2
301.782		310.632		2273		2		2
264.368		337.708		2554		2		2
239.907		404.572		1815		2		2
9999		9999		9999		1		2
9999		9999		9999		1		2
287.109		337.483		2081		2		2
295.657		313.148		2224		1		2
347.914		348.182		2503		1		2
345.202		361.626		2299		1		2
274.739		267.444		2774		2		2
239.499		332.126		1819		2		2
231.716		349.654		1860		2		2
298.667		317.444		2188		2		2
294		310.329		2248		2		2
Frame 92
275.86		337.951		2539		2		2
275.105		295.444		2689		2		2
274.363		258.385		2796		2		2
274.302		240.884		2740		2		2
254.943		271.554		2733		2		2
238.835		288.008		2567		2		2
240.985		305.72		2349		2		2
242.227		314.844		2199		2		2
292.946		268.841		2731		2		2
305.868		282.887		2539		2		2
306.477		308.81		2239		2		2
304.083		315.152		2268		2		2
264.417		338.294		2552		2		2
259.217		395.564		1896		2		2
9999		9999		9999		1		2
9999		9999		9999		1		2
287.192		337.655		0		2		2
295.606		313.079		2224		1		2
347.861		348.107		2503		1		2
345.147		361.551		2301		1		2
274.54		267.195		2764		2		2
243.28		326.271		2095		2		2
238.992		326.832		2124		2		2
300.714		327.999		2121		2		2
296.126		313.453		2224		2		2
Frame 93
275.68		338.177		2540		2		2
274.912		295.483		2673		2		2
274.285		257.95		2767		2		2
273.848		240.549		2715		2		2
254.404		271.584		2720		2		2
238.044		288.72		2578		2		2
232.447		304.25		2332		2		2
234.446		312.679		2326		2		2
292.732		269.381		2717		2		2
307.029		283.425		2518		2		2
307.538		310.221		2228		2		2
304.698		316.774		2202		2		2
264.304		338.381		2544		2		2
260.41		387.611		1981		1		2
9999		9999		9999		1		2
9999		9999		9999		1		2
286.955		338.125		2507		2		2
295.264		312.577		2238		1		2
347.469		347.534		2507		1		2
344.747		360.967		2302		1		2
274.422		266.9		2747		2		2
239.111		321.777		2200		2		2
227.8		320.4		2262		2		2
300.776		328.864		2128		2		2
297.67		316.501		2212		2		2
Frame 94
275.455		338.645		2540		2		2
274.66		295.683		2654		2		2
274.05		257.669		2745		2		2
273.51		240.341		2694		2		2
254.132		271.74		2707		2		2
237.702		289.701		2570		2		2
244.607		310.834		2253		2		2
245.275		320.787		2188		2		2
292.448		269.355		2695		2		2
307.9		283.974		2524		2		2
307.557		310.968		2244		2		2
302.882		320.251		2209		2		2
264.1		338.671		2542		2		2
246.884		334.79		2106		2		2
249.452		388.908		1988		1		2
232.265		377.482		2026		1		2
286.787		338.717		0		2		2
295.18		312.46		2248		1		2
347.387		347.411		2506		1		2
344.663		360.846		2310		1		2
274.185		266.744		2729		2		2
244.288		331.333		2119		2		2
232.279		323.777		2239		2		2
298		332.166		2112		2		2
292.917		314.155		2231		2		2
Frame 95
275.244		339.358		2532		2		2
274.407		296.004		2644		2		2
273.73		257.47		2732		2		2
273.205		240.126		2671		2		2
253.713		271.918		2691		2		2
236.731		291.228		2558		2		2
229.214		312.136		2322		2		2
231.753		320.84		2296		2		2
292.372		269.292		2683		2		2
305.745		286.683		2514		2		2
310.608		312.046		2250		2		2
306.141		322.029		2189		2		2
263.832		339.273		2539		2		2
247.73		327.306		2180		2		2
250.307		378.174		1966		1		2
233.816		367.353		1824		1		2
286.69		339.46		2203		2		2
295.049		312.534		2270		1		2
347.306		347.542		2508		1		2
344.576		360.998		2303		1		2
273.887		266.678		2713		2		2
238		330.713		2201		2		2
225.624		327.779		2244		2		2
300.253		328.169		2166		2		2
296.422		318.762		2217		2		2
Frame 96
275.521		340.276		2532		2		2
274.369		296.583		2615		2		2
273.218		257.685		2706		2		2
272.661		240.024		2649		2		2
253.214		272.398		2670		2		2
235.529		293.117		2545		2		2
229.145		313.461		2344		2		2
227.73		325.527		2238		2		2
291.654		269.365		2664		2		2
306.889		288.346		2496		2		2
311.575		312.162		2261		2		2
307.836		324.277		2184		2		2
263.868		340.46		2534		2		2
248.493		325.074		2205		2		2
251.137		374.777		1947		1		2
235.053		364.294		1820		1		2
287.149		340.109		2164		2		2
289.162		309.441		2288		2		2
339.023		347.863		2417		1		2
336.156		361.024		2233		1		2
273.506		266.986		2698		2		2
227.236		333.098		2230		2		2
222.332		330.217		2268		2		2
305.348		330.505		2180		2		2
297.634		322.194		2202		2		2
Frame 97
275.57		341.028		2527		2		2
274.158		297.05		2610		2		2
272.729		257.734		2679		2		2
272.218		240.052		2629		2		2
252.678		272.347		2649		2		2
236.218		295.224		2537		2		2
227.497		324.897		2289		2		2
227.436		331.596		2238		2		2
291.765		269.516		2648		2		2
307.031		289.599		2489		2		2
312.608		312.421		2267		2		2
311.268		321.881		2233		2		2
263.724		341.238		2533		2		2
246.638		325.118		2203		2		2
249.001		374.814		1875		1		2
232.725		387.272		1866		2		2
287.396		340.825		2161		2		2
297.016		327.252		2171		2		2
350.64		365.684		2277		1		2
332.969		374.234		2082		1		2
273.083		267.152		2673		2		2
225.943		339.337		2227		2		2
222.803		340.807		2262		2		2
309.304		331		2195		2		2
300.572		323.568		2239		2		2
Frame 98
275.482		342.067		2529		2		2
273.851		297.895		2592		2		2
272.23		258.208		2661		2		2
271.719		240.176		2606		2		2
252.352		272.813		2630		2		2
234.197		297.118		2517		2		2
226.964		326.275		2304		2		2
226.42		339.722		2224		2		2
291.535		270.032		2622		2		2
306.903		291.8		2486		2		2
313.829		317.107		2253		2		2
312.305		329.763		2190		2		2
263.398		342.303		2531		2		2
245.874		325.146		2196		2		2
248.122		374.851		1862		1		2
232.219		387.919		1835		2		2
287.547		341.86		2151		2		2
297.063		327.018		2165		2		2
350.552		365.633		2275		1		2
332.874		374.065		2074		1		2
272.627		267.739		2655		2		2
223.813		348.057		2232		2		2
228.375		347.025		2245		2		2
312.876		341.162		2177		2		2
304.461		332.075		2196		2		2
Frame 99
275.767		343.094		2525		2		2
273.878		298.804		2573		2		2
271.912		258.831		2632		2		2
271.32		240.591		2583		2		2
251.994		273.577		2612		2		2
234.245		297.21		2515		2		2
226.809		327.132		2330		2		2
225.344		342.889		2235		2		2
291.305		270.637		2606		2		2
307.381		293.626		2473		2		2
314.771		327.637		2237		2		2
313.262		330.676		2216		2		2
263.477		343.421		2531		2		2
246.551		326.187		2190		2		2
248.908		376.142		1860		1		2
236.42		392.013		1864		2		2
288.042		342.828		2121		2		2
296.91		327.142		2159		2		2
350.478		365.719		2272		1		2
333.068		374.987		2075		1		2
272.407		268.473		2635		2		2
220.289		353.379		2231		2		2
230.105		348.753		2361		2		2
313.378		340.626		2186		2		2
315.4		321.944		2248		2		2
Frame 100
274.348		342.698		2529		2		2
272.814		300.573		2559		2		2
271.578		259.545		2615		2		2
270.636		241.176		2563		2		2
251.708		274.216		2597		2		2
234.264		300.809		2496		2		2
226.592		328.925		2345		2		2
225.252		345.37		2251		2		2
290.948		271.664		2591		2		2
307.641		295.468		2463		2		2
314.549		327.788		2240		2		2
313.936		341.419		2182		2		2
263.092		344.956		2529		2		2
245.943		327.369		2181		2		2
9999		9999		9999		1		2
9999		9999		9999		1		2
285.397		340.485		2190		2		2
293.484		328.04		2152		2		2
296.378		403.925		1863		1		2
280.125		412.744		1756		1		2
272.206		268.916		2624		2		2
220.107		354.193		2221		2		2
230.251		349.873		2335		2		2
316.426		352.158		2175		2		2
314.079		339.05		2186		2		2
Frame 101
274.444		342.517		2530		2		2
272.823		300.519		2552		2		2
271.183		260.009		2604		2		2
270.13		241.598		2552		2		2
251.064		273.705		2585		2		2
234.84		300.779		2500		2		2
233.884		331.687		2374		2		2
227.435		342.653		2304		2		2
291.238		271.513		2582		2		2
307.316		296.747		2460		2		2
314.637		326.445		2267		2		2
314.508		343.986		2191		2		2
263.23		344.736		2531		2		2
247.184		320.703		2211		2		2
9999		9999		9999		1		2
9999		9999		9999		1		2
285.46		340.334		2187		2		2
295.707		327.201		2153		2		2
275.38		420.172		1708		1		2
9999		9999		9999		1		2
271.821		269.52		2610		2		2
232		358.498		2232		2		2
220.571		346.136		2373		2		2
317.957		354.239		2162		2		2
319.774		343.705		2206		2		2
Frame 102
274.618		342.464		2532		2		2
272.844		300.635		2553		2		2
270.75		260.424		2585		2		2
269.451		242.277		2529		2		2
250.519		274.075		2576		2		2
235.019		301.286		2488		2		2
224.638		332.924		2408		1		2
228.221		339.229		2337		2		2
291.388		271.778		2564		2		2
306.118		298.518		2454		2		2
314.661		327.094		2294		2		2
314.83		346.729		2199		2		2
263.44		344.657		2534		2		2
274.056		385.464		2018		2		2
9999		9999		9999		1		2
9999		9999		9999		1		2
285.6		340.304		2186		2		2
295.801		327.308		2146		2		2
277.884		407.831		1809		1		2
261.926		416.401		1715		1		2
271.408		270.109		2597		2		2
226.831		346.666		2310		2		2
224.131		341.635		2356		2		2
319.951		354.369		2193		2		2
325.834		353.494		2251		2		2
Frame 103
272.612		340.35		2523		2		2
272.321		300.591		2548		2		2
270.313		261.06		2577		2		2
268.969		242.736		2509		2		2
250.136		274.488		2565		2		2
234.924		302.341		2497		2		2
226.022		335.47		2374		2		2
228.674		338.705		2356		1		2
291.107		272.212		2561		2		2
306.473		299.144		2453		2		2
314.774		328.927		2302		2		2
314.794		344.211		2229		2		2
261.068		339.73		2481		2		2
243.881		325.698		2180		2		2
272.074		422.122		1695		1		2
262.451		416.118		1724		1		2
284.553		340.033		0		2		2
297.375		320.893		2202		2		2
272.833		369.285		2173		2		2
272.541		377.318		2082		2		2
270.88		270.619		2594		2		2
227.639		343.658		2339		2		2
224.331		340.828		2380		2		2
319.682		354.168		2199		2		2
323.999		350.995		2290		2		2
Frame 104
272.61		340.35		2518		2		2
271.978		300.74		2537		2		2
270.032		261.672		2558		2		2
268.455		243.24		2491		2		2
249.909		274.708		2559		2		2
235.27		303.033		2486		2		2
227.26		338.419		2358		2		2
228.764		341.664		2342		1		2
291.019		272.871		2541		2		2
306.823		300.256		2445		2		2
314.722		331.417		2295		2		2
314.257		345.174		2229		2		2
261.17		339.893		2474		2		2
245.165		327.504		2168		2		2
9999		9999		9999		1		2
262.788		419.51		1708		1		2
284.354		340.066		0		2		2
297.357		320.902		2190		2		2
273.137		369.201		2170		2		2
272.474		377		2081		2		2
270.49		271.274		2574		2		2
229.198		346.8		2320		2		2
224.625		341.239		2384		2		2
317.445		354.261		2200		2		2
322.33		349.825		2315		2		2
Frame 105
272.452		340.281		2521		2		2
271.539		300.788		2543		2		2
269.823		261.811		2553		2		2
268.232		243.387		2479		2		2
249.765		274.793		2558		2		2
235.437		303.404		2491		2		2
228.058		335.88		2370		2		2
245.442		325.421		2184		2		2
290.964		272.736		2540		2		2
306.605		300.651		2453		2		2
314.84		331.756		2309		2		2
313.956		344.009		2247		2		2
261.091		339.894		2480		2		2
246.221		321.161		2205		2		2
9999		9999		9999		1		2
262.668		419.989		1704		1		2
283.855		340.026		2458		2		2
296.236		321.685		2185		2		2
272.77		369.816		2171		1		2
271.58		377.26		2087		1		2
270.223		271.433		2573		2		2
245.711		332.528		2151		2		2
239.113		326.693		2179		2		2
320.802		354.6		2213		2		2
321.855		350.421		2293		2		2
Frame 106
273.751		341.856		2527		2		2
271.481		301.473		2533		2		2
269.458		262.05		2552		2		2
267.898		243.807		2470		2		2
249.643		274.879		2557		2		2
235.418		303.626		2490		2		2
227.601		336.093		2373		2		2
243.247		333.017		2140		2		2
290.958		272.771		2537		2		2
306.535		301.082		2457		2		2
314.804		332.399		2306		2		2
313.878		343.99		2250		2		2
262.853		342.746		2519		2		2
246.234		321.14		2205		2		2
9999		9999		9999		1		2
264.429		418.999		1703		1		2
285.015		341.321		0		2		2
295.554		321.2		2180		2		2
272.28		369.379		2178		1		2
270.548		376.537		2095		1		2
269.907		271.774		2571		2		2
243.935		341.963		2099		2		2
236.683		338.297		2140		2		2
320.578		354.54		2221		2		2
322.142		350.852		2325		2		2
Frame 107
272.459		342.786		2528		2		2
270.716		302.253		2537		2		2
269.117		262.515		2547		2		2
267.664		244.18		2456		2		2
249.577		274.957		2554		2		2
232.868		308.46		2474		2		2
228.662		341.949		2349		2		2
243.732		332.992		2141		2		2
290.936		272.869		2535		2		2
306.545		301.322		2454		2		2
314.84		332.651		2309		2		2
313.916		343.988		2257		2		2
261.526		343.24		2522		2		2
246.254		321.083		2203		2		2
9999		9999		9999		1		2
264.242		419.485		1707		1		2
283.653		342.456		2496		2		2
295.439		321.179		2177		2		2
272.203		369.361		2177		1		2
270.394		376.5		2093		1		2
269.484		272.345		2566		2		2
244.05		341.428		2100		2		2
236.278		336.706		2158		2		2
320.417		354.497		2224		2		2
322.196		350.981		2323		2		2
Frame 108
272.51		342.9		2526		2		2
270.689		302.442		2533		2		2
268.957		262.784		2556		2		2
267.384		244.528		2448		2		2
249.515		275.042		2551		2		2
233.916		306.1		2483		2		2
228.996		339.203		2357		2		2
243.681		333.097		2137		2		2
290.99		272.855		2535		2		2
306.593		301.429		2455		2		2
314.923		332.726		2309		2		2
314.2		343.827		2254		2		2
261.533		343.374		2522		2		2
246.26		321.05		2203		2		2
9999		9999		9999		1		2
260.588		420.04		1704		1		2
283.687		342.519		2494		2		2
294.236		320.208		2186		2		2
271.109		368.419		2186		1		2
269.01		375.434		2112		1		2
269.365		272.604		2568		2		2
244.114		341.944		2100		2		2
236.808		337.578		2144		2		2
320.46		354.509		2224		2		2
321.97		350.641		2305		2		2
Frame 109
272.585		342.972		2531		2		2
270.703		302.553		2532		2		2
268.884		262.95		2549		2		2
267.136		244.895		2449		2		2
249.438		275.137		2547		2		2
234.041		305.724		2491		2		2
225.111		338.546		2366		2		2
228.341		340.433		2352		1		2
290.991		272.885		2537		2		2
306.61		301.514		2456		2		2
314.968		332.789		2309		2		2
314.477		343.86		2258		2		2
261.581		343.443		2524		2		2
246.263		321.049		2205		2		2
9999		9999		9999		1		2
260.373		419.75		1709		1		2
283.751		342.571		2496		2		2
293.865		319.904		2192		2		2
270.76		368.115		2187		1		2
268.601		375.115		2107		1		2
269.319		272.758		2566		2		2
232		354		2259		2		2
225.249		342.249		2362		2		2
320.802		354.6		2214		2		2
322.125		349.996		2333		2		2
Frame 110
269.357		339.085		2519		2		2
269.295		301.906		2546		2		2
268.82		263.103		2558		2		2
267.029		245.284		2441		2		2
249.408		275.21		2550		2		2
234.098		305.613		2491		2		2
229.866		338.956		2363		2		2
228.395		340.504		2354		1		2
290.998		272.896		2539		2		2
306.641		301.579		2454		2		2
315.327		332.666		2308		2		2
314.471		343.739		2257		2		2
258.749		339.414		2472		2		2
246.422		320.855		2207		2		2
262.552		408.998		1794		1		2
258.783		404.673		1875		1		2
280.035		338.757		2482		2		2
293.782		319.76		2194		2		2
270.689		367.96		2200		1		2
268.507		374.953		2123		1		2
269.173		272.89		2570		2		2
232		345		2310		2		2
224.248		340.998		2381		2		2
320.985		354.429		2219		2		2
322.518		350.686		2315		2		2
Frame 111
269.403		339.133		2521		2		2
269.323		301.836		2542		2		2
268.84		263.098		2555		2		2
266.925		245.626		2434		2		2
249.351		275.354		2547		2		2
234.132		305.568		2488		2		2
230.015		338.864		2355		2		2
228.452		340.737		2350		2		2
290.964		272.895		2533		2		2
306.749		301.569		2454		2		2
315.624		332.568		2300		2		2
314.558		343.524		2257		2		2
258.774		339.472		2468		2		2
246.453		320.836		2202		2		2
262.526		409.104		1764		1		2
258.875		404.766		1852		1		2
280.111		338.796		2476		2		2
293.761		319.596		2190		2		2
270.671		367.805		2198		1		2
268.47		374.809		2120		1		2
269.186		272.853		2562		2		2
232		355		2261		2		2
225.427		341.713		2364		2		2
321.003		354.429		2224		2		2
322.357		349.931		2325		2		2
Frame 112
269.324		339.158		2526		2		2
269.233		301.771		2551		2		2
268.851		263.106		2558		2		2
266.836		245.926		2435		2		2
249.329		275.412		2550		2		2
234.125		305.534		2488		2		2
224.665		338.679		2398		2		2
228.454		340.555		2354		1		2
291.009		272.935		2534		2		2
306.887		301.761		2455		2		2
314.729		332.973		2311		2		2
314.661		343.6		2260		2		2
258.671		339.49		2471		2		2
246.501		320.804		2204		2		2
262.533		409.104		1758		1		2
257.296		406.831		1848		1		2
280.05		338.827		2483		2		2
293.771		319.469		2195		2		2
270.688		367.677		2196		1		2
268.473		374.684		2123		1		2
269.153		272.851		2568		2		2
232		347		2296		2		2
224.248		342.248		2391		2		2
321.125		354.654		2228		2		2
322.559		350.436		2307		2		2
Frame 113
270.002		338.909		2528		2		2
269.424		301.78		2551		2		2
268.834		263.388		2558		2		2
266.792		246.079		2434		2		2
249.298		275.484		2549		2		2
234.283		305.39		2488		2		2
228.018		338.774		2363		2		2
228.891		341.09		2356		1		2
291.024		272.942		2540		2		2
307.013		301.872		2455		2		2
315.509		332.991		2310		2		2
314.708		343.503		2257		2		2
259.479		339.32		2475		2		2
246.599		320.778		2210		2		2
262.541		409.097		1774		1		2
258.505		405.451		1864		1		2
280.623		338.51		2484		2		2
293.787		319.444		2200		2		2
270.709		367.649		2202		1		2
268.488		374.657		2119		1		2
269.138		273.042		2565		2		2
232		349.5		2289		2		2
225.285		341.427		2367		2		2
320.651		354.352		2222		2		2
322.44		350.315		2312		2		2
Frame 114
270.005		338.893		2519		2		2
269.419		301.824		2548		2		2
268.819		263.607		2562		2		2
266.745		246.25		2434		2		2
249.247		275.668		2553		2		2
234.274		305.475		2489		2		2
225.286		338.699		2370		2		2
229.016		341.525		2355		1		2
291.089		273.006		2534		2		2
307.042		301.93		2457		2		2
316.388		332.922		2313		2		2
314.898		343.428		2264		2		2
259.49		339.325		2473		2		2
246.862		320.506		2206		2		2
262.635		408.885		1783		1		2
258.973		404.61		1862		1		2
280.622		338.487		2481		2		2
293.897		319.431		2191		2		2
270.826		367.647		2203		1		2
268.588		374.653		2121		1		2
269.104		273.189		2567		2		2
232		354.001		2283		2		2
224.248		342.249		2393		2		2
320.892		354.578		2226		2		2
322.356		350.282		2314		2		2
Frame 115
269.402		338.762		2521		2		2
269.241		301.843		2547		2		2
268.834		263.784		2550		2		2
266.639		246.381		2438		2		2
249.207		275.744		2551		2		2
234.281		305.471		2491		2		2
225.458		338.641		2371		2		2
229.083		340.896		2352		1		2
291.092		273.004		2533		2		2
307.118		302.019		2454		2		2
316.7		333.017		2307		2		2
314.618		342.844		2258		2		2
258.901		339.134		2472		2		2
247.204		320.275		2207		2		2
262.642		409.073		1766		1		2
258.975		404.772		1868		1		2
280.003		338.409		2479		2		2
293.917		319.43		2197		2		2
270.85		367.647		2200		1		2
268.606		374.652		2119		1		2
269.062		273.312		2563		2		2
232		353		2278		2		2
224.605		341.952		2393		2		2
314.603		350.45		2229		2		2
321.875		349.37		2312		2		2
Frame 116
269.728		338.551		2517		2		2
269.439		301.629		2550		2		2
268.906		263.729		2551		2		2
266.574		246.488		2435		2		2
249.197		275.763		2547		2		2
234.291		305.475		2485		2		2
226.216		336.944		2382		2		2
230.006		341.519		2350		2		2
291.104		273.005		2539		2		2
307.169		302.079		2456		2		2
316.852		333.138		2314		2		2
314.272		343.465		2263		2		2
259.118		339.069		2470		2		2
247.422		320.17		2210		2		2
262.93		409.257		1764		1		2
258.528		405.913		1857		1		2
280.461		337.983		2467		2		2
293.994		319.465		2197		2		2
270.93		367.691		2200		1		2
268.676		374.692		2113		1		2
269.149		273.227		2562		2		2
232		353.5		2282		2		2
225		341.501		2390		2		2
310.142		354.285		2235		2		2
321.873		349.368		2319		2		2
Frame 117
269.889		338.446		2520		2		2
269.578		301.459		2547		2		2
269.025		263.603		2545		2		2
266.502		246.529		2436		2		2
249.151		275.843		2548		2		2
234.346		305.439		2482		2		2
227.707		339.685		2357		2		2
229.41		342.368		2345		1		2
291.124		273.038		2534		2		2
307.566		303.662		2454		2		2
317.284		334.603		2314		2		2
314.244		343.923		2267		2		2
259.226		339.036		2469		2		2
247.453		320.152		2205		2		2
263.001		409.272		1773		1		2
257.637		406.406		1837		1		2
280.675		337.79		2474		2		2
294.103		319.543		2196		2		2
271.038		367.785		2195		1		2
268.777		374.784		2120		1		2
269.255		273.094		2570		2		2
232		354		2284		2		2
225.599		342.2		2369		2		2
309.999		354.125		2230		2		2
322.007		349.833		2337		2		2
Frame 118
270.11		338.292		2519		2		2
269.638		301.394		2541		2		2
269.049		263.573		2542		2		2
266.445		246.608		2434		2		2
249.12		275.889		2551		2		2
234.343		305.43		2486		2		2
227.342		336.563		2367		2		2
230.05		340.593		2350		2		2
291.125		273.041		2532		2		2
307.518		303.447		2455		2		2
317.181		334.593		2323		2		2
314.327		343.683		2271		2		2
259.409		338.954		2452		2		2
247.679		320.032		2200		2		2
263.047		409.261		1791		1		2
257.634		406.407		1833		1		2
280.916		337.572		2472		2		2
294.165		319.571		2195		2		2
271.102		367.817		2199		1		2
268.838		374.816		2120		1		2
269.267		273.075		2566		2		2
232		351		2289		2		2
225.499		341.499		2366		2		2
310		354.124		2233		2		2
322.002		349.497		2338		2		2
Frame 119
270.313		338.202		2522		2		2
269.787		301.24		2542		2		2
269.15		263.427		2545		2		2
266.394		246.663		2439		2		2
248.431		277.376		2544		2		2
233.786		306.535		2477		2		2
229.119		337.561		2363		2		2
230.975		342.744		2345		2		2
291.127		273.043		2536		2		2
307.44		303.255		2456		2		2
317.196		334.405		2325		2		2
314.339		343.782		2269		2		2
259.574		338.935		2455		2		2
247.776		320.047		2200		2		2
263.065		409.245		1781		1		2
259.026		405.629		1856		1		2
281.154		337.408		2465		2		2
294.215		319.59		2196		2		2
271.155		367.837		2201		1		2
268.889		374.835		2124		1		2
269.365		272.932		2567		2		2
232		352		2283		2		2
227.916		341.749		2351		1		2
310.001		354.124		2243		2		2
322.112		349.441		2340		2		2
Frame 120
270.498		337.892		2518		2		2
269.85		301.138		2546		2		2
269.176		263.435		2541		2		2
266.296		246.736		2427		2		2
248.487		277.242		2546		2		2
233.856		306.371		2480		2		2
227.529		339.392		2356		2		2
229.481		341.818		2349		1		2
291.114		273.047		2535		2		2
307.242		302.549		2456		2		2
317.058		333.783		2333		2		2
314.613		342.991		2269		2		2
259.997		338.066		2456		2		2
247.831		320.107		2202		2		2
263.118		409.238		1778		1		2
258.179		406.182		1838		1		2
281.208		337.337		2466		2		2
294.305		319.594		2196		2		2
271.244		367.851		2198		1		2
268.976		374.849		2120		1		2
269.384		272.922		2564		2		2
232		353.5		2277		2		2
225.199		341.8		2363		2		2
314.505		350.545		2249		2		2
322.126		349.624		2341		2		2
Frame 121
270.696		337.709		2520		2		2
269.884		301.092		2546		2		2
269.147		263.471		2540		2		2
266.235		246.752		2431		2		2
248.542		277.084		2545		2		2
233.929		306.174		2479		2		2
227.566		339.219		2356		2		2
229.673		342.212		2346		1		2
291.107		273.04		2535		2		2
307.345		303.087		2456		2		2
317.25		334.313		2328		2		2
314.797		345.032		2270		2		2
260.194		337.899		2449		2		2
248.028		319.94		2211		2		2
263.223		409.487		1774		1		2
259.668		405.069		1852		1		2
281.336		337.237		2463		2		2
294.354		319.607		2196		2		2
271.294		367.866		2199		1		2
269.025		374.865		2117		1		2
269.373		272.931		2571		2		2
232.332		353.334		2282		2		2
225.605		341.28		2359		2		2
314.908		350.6		2251		2		2
322.201		349.295		2343		2		2
Frame 122
270.753		337.629		2523		2		2
269.893		301.054		2547		2		2
269.087		263.521		2543		2		2
266.174		246.755		2437		2		2
248.566		277.016		2546		2		2
233.968		306.083		2478		2		2
230.241		337.766		2364		2		2
230.978		342.312		2345		2		2
291.108		273.042		2536		2		2
307.259		302.93		2460		2		2
317.18		334.22		2323		2		2
314.828		344.965		2274		1		2
260.237		337.83		2456		2		2
248.178		319.856		2208		2		2
263.254		409.466		1775		1		2
259.337		405.562		1855		1		2
281.374		337.197		2465		2		2
294.375		319.615		2190		2		2
271.315		367.876		2202		1		2
269.045		374.875		2122		1		2
269.334		272.95		2566		2		2
233		352		2275		2		2
227.643		341.141		2353		2		2
315.038		350.643		2252		2		2
322.198		348.684		2359		2		2
Frame 123
270.778		337.605		2520		2		2
269.886		301.045		2546		2		2
269.022		263.568		2544		2		2
266.114		246.774		2438		2		2
248.206		277.557		2544		2		2
233.634		306.742		2477		2		2
227.321		339.887		2355		2		2
229.798		343.027		2341		1		2
291.1		273.046		2535		2		2
307.235		302.81		2458		2		2
317.227		334.208		2322		2		2
314.004		344.455		2262		2		2
260.254		337.838		2451		2		2
248.425		319.743		2207		2		2
263.371		409.412		1766		1		2
259.542		405.398		1832		1		2
281.401		337.16		2459		2		2
294.416		319.671		2192		2		2
271.354		367.938		2197		1		2
269.084		374.938		2116		1		2
269.287		272.976		2563		2		2
232.498		354.002		2284		2		2
226.122		341.715		2354		2		2
314.217		350.579		2253		2		2
309.883		344.13		2303		2		2
Frame 124
270.831		337.544		2523		2		2
269.889		301.031		2543		2		2
268.973		263.608		2542		2		2
265.988		246.803		2433		2		2
248.004		277.862		2547		2		2
233.457		307.111		2476		2		2
227.742		338.74		2362		2		2
230.792		342.107		2344		2		2
291.082		273.036		2540		2		2
307.22		302.745		2457		2		2
317.216		334.204		2331		2		2
314.695		344.899		2269		2		2
260.299		337.803		2453		2		2
248.436		319.738		2208		2		2
263.533		409.627		1773		1		2
259.711		405.315		1856		1		2
281.466		337.076		2466		2		2
294.416		319.669		2193		2		2
271.355		367.936		2204		1		2
269.084		374.936		2124		1		2
269.256		272.996		2567		2		2
232.667		350.665		2309		2		2
226.868		341.427		2356		2		2
314.406		350.6		2253		2		2
322.334		349.328		2345		2		2
Frame 125
270.176		337.452		2517		2		2
269.657		300.968		2546		2		2
268.946		263.605		2545		2		2
265.943		246.807		2429		2		2
248.151		277.524		2546		2		2
233.668		306.715		2480		2		2
228.975		338.425		2361		2		2
231.358		345.105		2329		2		2
291.063		273.033		2536		2		2
307.216		302.725		2454		2		2
317.277		334.238		2333		2		2
314.068		344.511		2269		1		2
259.586		337.609		2445		2		2
248.452		319.715		2212		2		2
263.535		409.595		1764		1		2
257.912		407.076		1826		1		2
280.808		337.14		2469		2		2
294.421		319.669		2196		2		2
271.359		367.937		2205		1		2
269.089		374.937		2118		1		2
269.19		272.986		2571		2		2
233		354.001		2285		2		2
228		342.375		2352		2		2
314.382		350.687		2250		2		2
318.19		348.43		2270		2		2
Frame 126
270.33		337.407		2521		2		2
269.657		300.968		2548		2		2
268.823		263.703		2548		2		2
265.838		246.837		2427		2		2
248.252		277.32		2550		2		2
233.795		306.475		2487		2		2
228.874		338.284		2361		2		2
230.943		343.862		2340		2		2
291.041		273.036		2537		2		2
307.172		302.675		2454		2		2
317.339		334.214		2338		2		2
314.036		341.394		2270		2		2
259.753		337.581		2445		2		2
248.475		319.674		2210		2		2
263.545		409.515		1776		1		2
259.982		405.138		1866		1		2
280.935		337.106		2475		2		2
294.431		319.669		2197		2		2
271.37		367.935		2197		1		2
269.1		374.935		2121		1		2
269.108		273.047		2569		2		2
232.038		353.924		2283		2		2
227.671		341.86		2356		2		2
312.902		348.475		2264		2		2
312.351		338.239		2301		2		2
Frame 127
269.993		337.385		2515		2		2
269.481		300.951		2547		2		2
268.777		263.715		2542		2		2
265.787		246.856		2434		2		2
248.285		277.213		2544		2		2
233.855		306.355		2480		2		2
227.929		339.343		2357		2		2
229.339		341.563		2348		1		2
291.024		273.034		2535		2		2
307.157		302.6		2455		2		2
317.375		334.151		2335		2		2
296.086		333.706		2117		2		2
259.394		337.524		2447		2		2
248.489		319.66		2207		2		2
263.558		409.472		1772		1		2
259.918		405.127		1846		1		2
280.591		337.145		2466		2		2
294.43		319.665		2191		2		2
271.37		367.931		2201		1		2
269.099		374.93		2120		1		2
269.026		273.057		2561		2		2
232		353.5		2278		2		2
225.199		341.8		2359		2		2
294.303		342.539		2081		2		2
289.25		331.165		2179		2		2
Frame 128
269.638		337.333		2513		2		2
269.391		300.865		2547		2		2
268.826		263.61		2538		2		2
265.755		246.871		2439		2		2
247.765		277.781		2546		2		2
233.433		307.087		2476		2		2
227.797		340.158		2356		2		2
229.463		342.645		2349		1		2
290.984		273.038		2533		2		2
307.113		302.586		2454		2		2
317.323		334.095		2339		2		2
296.062		333.691		2116		2		2
258.999		337.435		2436		2		2
248.471		319.662		2210		2		2
263.548		409.488		1773		1		2
259.891		405.153		1855		1		2
280.265		337.147		2472		2		2
294.436		319.659		2193		2		2
271.376		367.924		2199		1		2
269.106		374.923		2125		1		2
269.03		272.973		2568		2		2
232.249		354		2275		2		2
225.669		342.172		2367		2		2
294.245		342.937		2082		2		2
289.252		331.166		2177		2		2
Frame 129
270.09		337.265		2521		2		2
269.516		300.768		2548		2		2
268.856		263.514		2541		2		2
265.73		246.874		2439		2		2
247.915		277.507		2546		2		2
233.593		306.751		2482		2		2
227.855		339.819		2360		1		2
229.192		342.117		2347		1		2
290.967		273.023		2532		2		2
307.085		302.551		2457		2		2
317.161		334.079		2339		2		2
313.81		342.705		2277		2		2
259.512		337.412		2447		2		2
248.465		319.653		2206		2		2
263.545		409.481		1764		1		2
259.879		405.148		1844		1		2
280.653		337.062		2467		2		2
294.441		319.669		2196		2		2
271.381		367.935		2199		1		2
269.111		374.934		2118		1		2
269.07		272.881		2566		2		2
232		353		2284		2		2
225.249		342.249		2370		2		2
315.14		350.533		2252		2		2
309.642		342.811		2327		2		2
Frame 130
270.288		337.217		2516		2		2
269.607		300.698		2548		2		2
268.895		263.45		2542		2		2
265.67		246.879		2443		2		2
247.669		277.73		2549		2		2
233.422		307.083		2477		2		2
227.783		340.171		2352		1		2
229.113		342.024		2348		1		2
290.944		273.014		2537		2		2
307.084		302.497		2456		2		2
316.997		334.16		2321		2		2
293.338		319.428		2195		2		2
259.731		337.383		2449		2		2
248.427		319.654		2208		2		2
263.532		409.47		1767		1		2
259.868		405.134		1844		1		2
280.832		337.008		2468		2		2
294.445		319.66		2193		2		2
271.386		367.925		2201		1		2
269.116		374.923		2115		1		2
269.114		272.815		2567		2		2
232		354		2271		2		2
226.084		341.954		2356		2		2
291.397		322.936		2196		2		2
285.905		325.08		2243		2		2
Frame 131
270.27		337.225		2522		2		2
269.606		300.682		2550		2		2
268.929		263.39		2543		2		2
265.63		246.89		2433		2		2
247.839		277.431		2547		2		2
233.578		306.712		2481		2		2
227.692		339.818		2356		2		2
229.308		342.247		2347		1		2
290.923		273.008		2535		2		2
307.371		303.47		2454		2		2
315.283		335.838		2306		2		2
313.743		343.222		2274		2		2
259.694		337.401		2449		2		2
248.42		319.638		2212		2		2
263.515		409.527		1772		1		2
259.845		405.169		1851		1		2
280.823		337.013		2473		2		2
294.455		319.654		2193		2		2
271.396		367.919		2197		1		2
269.125		374.918		2118		1		2
269.132		272.768		2565		2		2
232		353.5		2276		2		2
225.635		342.114		2369		2		2
314.638		350.578		2255		2		2
309.524		344.303		2295		2		2
Frame 132
270.322		337.204		2525		2		2
269.608		300.682		2550		2		2
268.872		263.432		2541		2		2
265.554		246.887		2425		2		2
247.954		277.255		2549		2		2
233.691		306.486		2480		2		2
227.616		339.606		2361		1		2
229.093		341.505		2352		1		2
290.903		273.004		2536		2		2
307.269		303.083		2456		2		2
315.418		335.331		2307		2		2
313.734		343.17		2271		2		2
259.766		337.378		2446		2		2
248.241		319.711		2209		2		2
263.471		409.585		1765		1		2
259.775		405.213		1846		1		2
280.871		336.994		2462		2		2
294.465		319.661		2191		2		2
271.405		367.928		2197		1		2
269.134		374.926		2128		1		2
269.097		272.792		2564		2		2
232.011		353.494		2279		2		2
225.621		341.883		2362		2		2
314.307		350.5		2252		2		2
309.668		341.638		2327		2		2
Frame 133
270.445		337.196		2521		2		2
269.606		300.694		2550		2		2
268.704		263.567		2542		2		2
265.525		246.901		2433		2		2
248.004		277.166		2547		2		2
233.749		306.379		2483		2		2
227.581		339.526		2357		1		2
229.039		341.748		2350		1		2
290.802		272.977		2537		2		2
307.105		302.355		2453		2		2
315.421		334.651		2314		2		2
313.778		342.685		2271		2		2
259.912		337.392		2444		2		2
248.15		319.778		2213		2		2
263.46		409.58		1768		1		2
259.74		405.184		1861		1		2
280.982		336.972		2463		2		2
294.464		319.661		2192		2		2
271.404		367.928		2203		1		2
269.133		374.927		2122		1		2
268.988		272.885		2565		2		2
232		353		2282		2		2
225.552		341.865		2360		2		2
314.639		350.421		2251		2		2
309.594		343.316		2305		2		2
Frame 134
270.45		337.192		2516		2		2
269.603		300.694		2546		2		2
268.684		263.577		2540		2		2
265.479		246.896		2437		2		2
248.114		277.012		2546		2		2
233.838		306.187		2479		2		2
224.659		339.347		2390		2		2
229.02		342.137		2347		1		2
290.75		272.987		2534		2		2
307.241		303.278		2456		2		2
315.748		335.555		2303		2		2
313.619		343.153		2276		2		2
259.913		337.389		2446		2		2
251.133		324.179		2204		2		2
231.16		398.718		1908		2		2
235.519		387.719		1809		2		2
280.99		336.97		2462		2		2
294.464		319.66		2192		2		2
271.405		367.926		2198		1		2
269.134		374.925		2120		1		2
268.969		272.893		2564		2		2
232		354.5		2277		2		2
225		342.5		2370		2		2
314.199		350.523		2255		2		2
308.499		341.997		2338		2		2
Frame 135
270.29		334.341		2501		2		2
269.388		299.721		2548		2		2
268.412		263.344		2538		2		2
265.405		246.878		2430		2		2
248.251		276.671		2542		2		2
235.732		302.134		2486		2		2
229.175		327.054		2389		2		2
229.571		333.794		2370		1		2
289.626		272.578		2532		2		2
305.368		299.917		2466		2		2
313.943		328.546		2336		2		2
312.984		332.438		2325		2		2
260.041		335.302		2430		2		2
248.081		319.706		2205		2		2
230.923		399.033		1889		1		2
214.12		403.03		1833		2		2
280.457		333.087		2436		2		2
294.429		319.586		2189		2		2
271.367		367.86		2192		1		2
283.937		376.914		2091		2		2
268.713		272.537		2560		2		2
232		344.998		2329		2		2
224		340.499		2427		2		2
313.842		340.308		2270		2		2
309.248		339.25		2353		2		2
Frame 136
269.878		323.284		2506		2		2
269.014		293.672		2569		2		2
268.375		263.286		2538		2		2
265.371		246.87		2434		2		2
248.33		276.441		2543		2		2
235.905		301.789		2497		2		2
229.319		326.626		2400		2		2
229.586		333.362		2375		1		2
289.341		272.452		2541		2		2
305.149		299.554		2471		2		2
313.878		329.168		2342		2		2
313.463		341.082		2276		2		2
260.711		324.087		2359		2		2
245.727		332.172		2139		2		2
227.129		418.024		1730		1		2
9999		9999		9999		1		2
279.059		322.485		2438		2		2
292.229		319.953		2197		2		2
268.712		369.126		2178		1		2
280.271		376.557		2086		2		2
268.587		271.889		2568		2		2
228.878		343.331		2347		2		2
224.401		339.192		2391		2		2
313.846		350.28		2257		2		2
308.646		341.914		2354		2		2
