sit
Frame 0
296.011		252.802		2271		2		0
295.29		205.481		2244		2		0
294.638		159.324		2314		2		0
295.767		135.999		2237		2		0
268.814		178.309		2330		2		0
262.298		218.227		2343		2		0
261.561		254.768		2290		2		0
262.767		263.701		2285		2		0
320.693		178.917		2321		2		0
327.269		218.739		2339		2		0
331.375		255.463		2277		2		0
329.571		264.186		2274		2		0
283.752		252.659		2286		2		0
279.863		305.936		2356		2		0
281.593		355.552		2402		2		0
281.445		368.668		2370		2		0
308.327		252.958		2278		2		0
310.1		307.086		2349		2		0
308.44		356.054		2413		2		0
309.255		366.413		2394		2		0
294.795		170.776		2317		2		0
263.991		272.496		2298		2		0
269.048		260.333		2307		2		0
329.752		273.25		2273		2		0
335.427		263.979		2292		2		0
Frame 1
296.012		252.799		2267		2		0
295.288		205.484		2252		2		0
294.634		159.334		2316		2		0
295.744		136.02		2236		2		0
268.794		178.303		2330		2		0
262.239		218.195		2348		2		0
261.55		254.729		2292		2		0
262.674		263.655		2284		2		0
320.547		178.856		2321		2		0
327.245		218.745		2342		2		0
331.358		255.464		2281		2		0
329.42		264.256		2276		2		0
283.753		252.658		2286		2		0
279.904		305.877		2357		2		0
281.586		355.551		2409		2		0
281.369		368.59		2368		2		0
308.325		252.951		2278		2		0
310.067		307.32		2349		2		0
308.438		356.2		2405		2		0
309.278		366.563		2396		2		0
294.791		170.784		2320		2		0
264.667		273.334		2296		2		0
269		259.874		2310		2		0
330.251		272.75		2269		2		0
334.931		262.213		2279		2		0
Frame 2
295.999		252.799		2270		2		0
295.278		205.494		2256		2		0
294.63		159.349		2323		2		0
295.681		136.069		2243		2		0
268.759		178.31		2332		2		0
262.216		218.245		2350		2		0
261.515		254.769		2294		2		0
262.661		263.768		2287		2		0
320.575		178.869		2329		2		0
327.215		218.778		2344		2		0
331.33		255.487		2281		2		0
329.48		264.039		2277		2		0
283.753		252.659		2288		2		0
279.873		305.632		2361		2		0
281.549		355.466		2409		2		0
281.393		368.329		2369		2		0
308.303		252.951		2277		2		0
310.056		307.319		2353		2		0
308.461		356.147		2410		2		0
309.296		366.509		2402		2		0
294.785		170.798		2325		2		0
262.996		271.249		2293		2		0
268.833		261.552		2312		2		0
329.38		270.388		2277		2		0
334.901		267.3		2290		2		0
Frame 3
295.982		252.798		2272		2		0
295.258		205.497		2256		2		0
294.613		159.358		2322		2		0
295.663		136.08		2241		2		0
268.748		178.316		2330		2		0
262.155		218.218		2346		2		0
261.505		254.728		2294		2		0
262.434		263.687		2286		2		0
320.497		178.848		2323		2		0
327.201		218.791		2338		2		0
331.323		255.497		2278		2		0
329.452		264.039		2275		2		0
283.733		252.659		2289		2		0
279.868		305.726		2358		2		0
281.546		355.5		2414		2		0
281.363		368.36		2367		2		0
308.289		252.948		2279		2		0
310.064		307.326		2353		2		0
308.463		356.126		2409		2		0
309.305		366.487		2397		2		0
294.767		170.805		2321		2		0
263.599		272.4		2297		2		0
268.851		260.598		2317		2		0
330		273		2288		2		0
335.002		263.592		2294		2		0
Frame 4
295.961		252.792		2273		2		0
295.241		205.497		2246		2		0
294.6		159.362		2320		2		0
295.655		136.087		2237		2		0
268.738		178.315		2331		2		0
262.134		218.201		2349		2		0
261.494		254.712		2290		2		0
262.518		263.505		2285		2		0
320.422		178.845		2324		2		0
327.182		218.797		2341		2		0
331.299		255.503		2279		2		0
329.382		264.211		2273		2		0
283.706		252.658		2283		2		0
279.847		305.764		2361		2		0
281.564		355.549		2408		2		0
281.356		368.359		2368		2		0
308.273		252.939		2278		2		0
310.066		307.315		2347		2		0
308.476		356.143		2412		2		0
309.327		366.504		2396		2		0
294.754		170.808		2319		2		0
263.667		272.334		2298		2		0
269.128		259.895		2311		2		0
330.001		273		2284		2		0
334.906		263.037		2286		2		0
Frame 5
295.955		252.799		2270		2		0
295.22		205.51		2257		2		0
294.562		159.386		2321		2		0
295.619		136.118		2242		2		0
268.724		178.318		2331		2		0
262.109		218.179		2345		2		0
261.491		254.688		2296		2		0
262.744		263.358		2281		2		0
320.344		178.816		2323		2		0
327.121		218.785		2340		2		0
331.282		255.48		2278		2		0
329.543		264.26		2278		2		0
283.704		252.67		2286		2		0
279.848		305.684		2359		2		0
281.584		355.535		2403		2		0
281.338		368.349		2372		2		0
308.265		252.94		2277		2		0
309.999		307.497		2348		2		0
308.516		356.154		2410		2		0
309.373		366.517		2395		2		0
294.719		170.829		2320		2		0
264		272.333		2300		2		0
268.919		261.076		2310		2		0
329.75		273.251		2283		2		0
334.877		263.005		2278		2		0
Frame 6
295.936		252.794		2269		2		0
295.207		205.512		2246		2		0
294.556		159.392		2318		2		0
295.587		136.115		2246		2		0
268.707		178.322		2331		2		0
262.092		218.172		2348		2		0
261.482		254.68		2292		2		0
262.684		263.285		2287		2		0
320.27		178.802		2323		2		0
327.117		218.792		2340		2		0
331.27		255.486		2278		2		0
329.378		264.046		2274		2		0
283.69		252.665		2285		2		0
279.838		305.684		2360		2		0
281.515		355.411		2401		2		0
281.331		368.328		2371		2		0
308.241		252.935		2280		2		0
309.985		307.5		2347		2		0
308.496		356.164		2407		2		0
309.357		366.527		2394		2		0
294.712		170.834		2322		2		0
263.5		272		2301		2		0
268.912		261.156		2311		2		0
329.961		272.901		2280		2		0
335.007		264.263		2286		2		0
Frame 7
295.908		252.788		2271		2		0
295.187		205.512		2246		2		0
294.544		159.397		2321		2		0
295.568		136.135		2242		2		0
268.697		178.327		2334		2		0
262.055		218.161		2349		2		0
261.469		254.668		2291		2		0
262.601		263.392		2283		2		0
320.204		178.766		2325		2		0
327.116		218.799		2340		2		0
331.246		255.494		2278		2		0
329.44		264.102		2271		2		0
283.656		252.661		2285		2		0
279.841		305.981		2366		2		0
281.513		355.413		2408		2		0
281.33		368.332		2371		2		0
308.22		252.927		2280		2		0
309.926		307.623		2353		2		0
308.5		356.255		2409		2		0
309.373		366.621		2393		2		0
294.699		170.838		2322		2		0
264		272.501		2298		2		0
269		259.5		2311		2		0
330.001		273		2285		2		0
334.895		262.68		2283		2		0
Frame 8
295.893		252.777		2273		2		0
295.167		205.506		2252		2		0
294.518		159.404		2320		2		0
295.538		136.134		2246		2		0
268.668		178.308		2333		2		0
262.023		218.159		2350		2		0
261.452		254.661		2293		2		0
262.56		263.539		2285		2		0
320.157		178.772		2326		2		0
327.093		218.799		2343		2		0
331.234		255.488		2282		2		0
329.393		264.115		2278		2		0
283.634		252.648		2287		2		0
279.905		305.423		2358		2		0
281.765		355.431		2408		2		0
281.385		368.209		2369		2		0
308.21		252.917		2279		2		0
309.868		307.382		2351		2		0
308.465		355.856		2416		2		0
309.333		366.206		2392		2		0
294.674		170.841		2322		2		0
263.165		272.167		2299		2		0
268.976		261.474		2313		2		0
329.333		273.334		2280		2		0
335.001		265.067		2299		2		0
Frame 9
295.876		252.762		2271		2		0
295.149		205.498		2252		2		0
294.503		159.401		2321		2		0
295.515		136.122		2240		2		0
268.657		178.309		2333		2		0
262.014		218.156		2347		2		0
261.439		254.658		2292		2		0
262.685		263.447		2284		2		0
320.115		178.76		2323		2		0
327.075		218.811		2338		2		0
331.215		255.496		2278		2		0
329.321		264.096		2277		2		0
283.623		252.641		2287		2		0
279.881		305.398		2363		2		0
281.738		355.417		2410		2		0
281.393		368.378		2368		2		0
308.187		252.891		2276		2		0
309.844		307.363		2346		2		0
308.464		355.857		2411		2		0
309.333		366.206		2397		2		0
294.657		170.837		2323		2		0
262.999		272		2297		2		0
268.708		263.501		2318		2		0
329.5		273		2285		2		0
334.963		263.258		2275		2		0
Frame 10
295.871		252.757		2272		2		0
295.13		205.491		2255		2		0
294.467		159.395		2319		2		0
295.474		136.12		2243		2		0
268.638		178.317		2333		2		0
261.999		218.129		2347		2		0
261.426		254.623		2294		2		0
262.572		263.45		2283		2		0
320.085		178.753		2323		2		0
327.061		218.809		2339		2		0
331.198		255.491		2279		2		0
329.405		264.073		2273		2		0
283.62		252.639		2283		2		0
279.809		305.553		2359		2		0
281.719		355.532		2408		2		0
281.541		368.512		2372		2		0
308.18		252.882		2283		2		0
309.864		307.337		2352		2		0
308.445		355.969		2412		2		0
309.315		366.321		2395		2		0
294.626		170.83		2323		2		0
263.602		272.381		2301		2		0
268.871		260.968		2314		2		0
329		273		2286		2		0
335.06		264.214		2293		2		0
Frame 11
295.855		252.748		2271		2		0
295.115		205.49		2250		2		0
294.454		159.406		2322		2		0
295.443		136.137		2247		2		0
268.601		178.315		2333		2		0
261.998		218.121		2346		2		0
261.415		254.615		2292		2		0
262.582		263.253		2283		2		0
320.049		178.746		2325		2		0
327.053		218.814		2340		2		0
331.188		255.497		2278		2		0
329.335		264.211		2272		2		0
283.602		252.633		2287		2		0
279.798		305.488		2362		2		0
281.708		355.544		2405		2		0
281.48		368.574		2367		2		0
308.165		252.872		2278		2		0
309.862		307.314		2352		2		0
308.457		356.043		2408		2		0
309.322		366.397		2397		2		0
294.612		170.838		2323		2		0
262.497		269.454		2291		2		0
268.691		262.154		2318		2		0
329.333		273.334		2283		2		0
335.115		264.091		2295		2		0
Frame 12
295.808		252.751		2267		2		0
295.091		205.492		2251		2		0
294.446		159.409		2321		2		0
295.422		136.144		2239		2		0
268.587		178.307		2328		2		0
261.983		218.127		2341		2		0
261.407		254.62		2288		2		0
262.644		263.592		2286		2		0
320		178.725		2318		2		0
327.036		218.81		2337		2		0
331.167		255.5		2274		2		0
329.296		264.265		2269		2		0
283.538		252.634		2282		2		0
279.752		305.674		2358		2		0
281.69		355.548		2399		2		0
281.465		368.63		2367		2		0
308.133		252.876		2275		2		0
309.831		307.31		2346		2		0
308.463		356.146		2404		2		0
309.326		366.505		2392		2		0
294.601		170.841		2316		2		0
263.714		272.43		2290		2		0
269.117		260.118		2311		2		0
329.333		273.334		2278		2		0
335.052		264.675		2291		2		0
Frame 13
295.806		252.742		2274		2		0
295.076		205.492		2253		2		0
294.423		159.414		2324		2		0
295.4		136.168		2247		2		0
268.571		178.302		2335		2		0
261.961		218.103		2346		2		0
261.38		254.583		2295		2		0
262.411		263.324		2284		2		0
319.959		178.719		2321		2		0
327.032		218.818		2340		2		0
331.143		255.509		2279		2		0
329.37		264.193		2273		2		0
283.546		252.625		2288		2		0
279.724		305.766		2360		2		0
281.668		355.523		2408		2		0
281.512		368.532		2363		2		0
308.122		252.867		2282		2		0
309.831		307.307		2352		2		0
308.45		356.141		2412		2		0
309.317		366.5		2390		2		0
294.58		170.845		2325		2		0
264.5		272		2295		2		0
268.579		260.904		2316		2		0
329.333		273.334		2283		2		0
335.118		263.701		2295		2		0
Frame 14
295.799		252.728		2273		2		0
295.061		205.477		2260		2		0
294.401		159.397		2320		2		0
295.378		136.161		2245		2		0
268.531		178.294		2332		2		0
261.945		218.101		2347		2		0
261.378		254.577		2291		2		0
262.464		263.443		2287		2		0
319.928		178.694		2318		2		0
327.02		218.804		2340		2		0
331.123		255.494		2279		2		0
329.302		264.184		2272		2		0
283.545		252.62		2287		2		0
279.701		305.878		2361		2		0
281.686		355.573		2410		2		0
281.494		368.557		2368		2		0
308.105		252.84		2278		2		0
309.827		307.26		2350		2		0
308.439		356.156		2408		2		0
309.307		366.516		2388		2		0
294.559		170.828		2320		2		0
262.75		271.751		2292		2		0
268.386		262.389		2315		2		0
329.001		273.5		2279		2		0
334.534		266.269		2284		2		0
Frame 15
295.774		252.726		2273		2		0
295.039		205.474		2249		2		0
294.383		159.393		2320		2		0
295.355		136.17		2246		2		0
268.735		178.275		2334		2		0
261.931		218.107		2345		2		0
261.365		254.583		2293		2		0
262.563		263.431		2286		2		0
320.092		178.736		2327		2		0
326.995		218.802		2345		2		0
331.122		255.489		2281		2		0
329.264		264.263		2275		2		0
283.517		252.608		2286		2		0
279.699		305.887		2360		2		0
281.674		355.562		2402		2		0
281.49		368.524		2370		2		0
308.085		252.847		2281		2		0
309.83		307.26		2351		2		0
308.439		356.167		2408		2		0
309.253		366.527		2393		2		0
294.54		170.825		2320		2		0
263.398		271.801		2288		2		0
269.25		259.001		2314		2		0
329.335		273.33		2284		2		0
334.913		265.042		2273		2		0
Frame 16
295.764		252.721		2270		2		0
295.028		205.469		2256		2		0
294.373		159.387		2320		2		0
295.345		136.165		2242		2		0
268.691		178.261		2334		2		0
261.923		218.102		2345		2		0
261.353		254.578		2292		2		0
262.543		263.439		2283		2		0
320.05		178.725		2322		2		0
326.966		218.814		2341		2		0
331.101		255.494		2274		2		0
329.087		264.371		2272		2		0
283.509		252.605		2287		2		0
279.705		305.878		2354		2		0
281.608		355.575		2400		2		0
281.501		368.569		2367		2		0
308.073		252.84		2277		2		0
309.85		307.223		2348		2		0
308.458		356.184		2408		2		0
309.272		366.545		2398		2		0
294.53		170.819		2320		2		0
263.498		272		2291		2		0
268.073		267.142		2309		2		0
328.334		274.334		2283		2		0
334.813		264.63		2271		2		0
Frame 17
295.743		252.693		2271		2		0
295.012		205.457		2252		2		0
294.362		159.386		2322		2		0
295.315		136.153		2250		2		0
268.632		178.238		2333		2		0
261.898		218.088		2346		2		0
261.335		254.554		2295		2		0
262.402		263.371		2286		2		0
320.008		178.701		2324		2		0
326.94		218.818		2347		2		0
331.076		255.495		2280		2		0
329.205		264.141		2273		2		0
283.492		252.583		2290		2		0
279.693		305.842		2365		2		0
281.612		355.61		2411		2		0
281.425		368.693		2368		2		0
308.048		252.806		2279		2		0
309.865		307.195		2355		2		0
308.472		356.156		2410		2		0
309.286		366.515		2396		2		0
294.518		170.816		2320		2		0
263.971		272.454		2305		2		0
268.478		261.955		2319		2		0
329.5		273		2286		2		0
334.877		264.84		2280		2		0
Frame 18
295.737		252.689		2273		2		0
294.995		205.456		2248		2		0
294.33		159.393		2322		2		0
295.3		136.165		2245		2		0
268.611		178.234		2334		2		0
261.87		218.077		2347		2		0
261.326		254.535		2295		2		0
262.549		263.507		2287		2		0
319.962		178.691		2321		2		0
326.929		218.814		2342		2		0
331.038		255.493		2278		2		0
329.023		264.145		2271		2		0
283.489		252.582		2289		2		0
279.68		305.862		2364		2		0
281.58		355.644		2406		2		0
281.43		368.705		2372		2		0
308.04		252.798		2282		2		0
309.852		307.176		2351		2		0
308.467		356.145		2407		2		0
309.292		366.504		2402		2		0
294.489		170.82		2319		2		0
263.832		272.334		2299		2		0
268.923		260.23		2312		2		0
330.499		272.501		2272		2		0
334.717		262.001		2285		2		0
Frame 19
295.731		252.69		2269		2		0
294.966		205.457		2250		2		0
294.268		159.399		2319		2		0
295.291		136.165		2241		2		0
268.585		178.229		2329		2		0
261.85		218.054		2345		2		0
261.326		254.509		2291		2		0
262.423		263.395		2281		2		0
319.948		178.684		2319		2		0
326.921		218.816		2342		2		0
331.022		255.493		2279		2		0
329.019		263.96		2272		2		0
283.484		252.583		2286		2		0
279.677		305.832		2358		2		0
281.591		355.709		2411		2		0
281.423		368.712		2365		2		0
308.033		252.799		2278		2		0
309.86		307.161		2352		2		0
308.519		356.038		2409		2		0
309.346		366.393		2394		2		0
294.436		170.824		2320		2		0
263.069		271.975		2298		2		0
268.767		261.889		2316		2		0
329.305		270.437		2275		2		0
334.666		263.63		2282		2		0
Frame 20
295.72		252.679		2275		2		0
294.953		205.452		2251		2		0
294.256		159.399		2325		2		0
295.278		136.173		2246		2		0
268.573		178.223		2334		2		0
261.835		218.042		2347		2		0
261.333		254.495		2296		2		0
262.35		263.511		2285		2		0
319.914		178.653		2319		2		0
326.909		218.812		2343		2		0
330.996		255.49		2282		2		0
329.064		264.092		2279		2		0
283.473		252.578		2289		2		0
279.61		306		2361		2		0
281.576		355.7		2410		2		0
281.403		368.665		2375		2		0
308.023		252.782		2278		2		0
309.852		307.19		2354		2		0
308.49		356.004		2406		2		0
309.325		366.358		2395		2		0
294.424		170.823		2322		2		0
263.599		272.201		2294		2		0
268.337		261.269		2313		2		0
329.5		273		2288		2		0
334.654		263.117		2284		2		0
Frame 21
295.699		252.667		2277		2		0
294.945		205.45		2254		2		0
294.258		159.402		2323		2		0
295.254		136.182		2247		2		0
268.562		178.216		2334		2		0
261.816		218.028		2346		2		0
261.331		254.475		2295		2		0
262.291		263.341		2290		2		0
319.893		178.635		2319		2		0
326.893		218.788		2344		2		0
330.971		255.465		2281		2		0
329.048		263.924		2277		2		0
283.451		252.57		2289		2		0
279.611		306.008		2366		2		0
281.56		355.755		2408		2		0
281.387		368.789		2364		2		0
308.003		252.766		2282		2		0
309.85		307.275		2354		2		0
308.485		355.965		2409		2		0
309.322		366.318		2398		2		0
294.424		170.826		2323		2		0
262.75		271.751		2295		2		0
268.339		262.026		2316		2		0
329.663		270.467		2273		2		0
334.738		264.505		2283		2		0
Frame 22
295.678		252.646		2276		2		0
294.944		205.436		2258		2		0
294.279		159.393		2324		2		0
295.226		136.177		2247		2		0
268.529		178.203		2335		2		0
261.796		218.016		2348		2		0
261.331		254.453		2295		2		0
262.274		263.228		2290		2		0
319.86		178.614		2320		2		0
326.852		218.753		2345		2		0
330.928		255.415		2284		2		0
329.107		264.019		2276		2		0
283.431		252.56		2290		2		0
279.601		305.96		2364		2		0
281.452		355.338		2405		2		0
281.397		368.425		2365		2		0
307.982		252.732		2285		2		0
309.801		307.41		2350		2		0
308.46		356.028		2419		2		0
309.299		366.382		2398		2		0
294.438		170.815		2322		2		0
262.494		269.454		2296		2		0
268.361		262.242		2314		2		0
329		273		2289		2		0
334.363		267.094		2295		2		0
Frame 23
295.657		252.643		2275		2		0
294.922		205.432		2249		2		0
294.26		159.391		2324		2		0
295.204		136.153		2242		2		0
268.506		178.198		2332		2		0
261.775		218.001		2346		2		0
261.323		254.439		2292		2		0
262.46		263.412		2288		2		0
319.829		178.639		2320		2		0
326.812		218.729		2341		2		0
330.908		255.383		2280		2		0
328.989		263.988		2280		2		0
283.404		252.557		2291		2		0
279.674		305.746		2365		2		0
281.513		355.368		2406		2		0
281.434		368.511		2378		2		0
307.965		252.729		2281		2		0
309.749		307.314		2357		2		0
308.37		355.914		2407		2		0
309.204		366.25		2393		2		0
294.418		170.813		2322		2		0
262.529		271.957		2299		2		0
268.476		262.253		2316		2		0
329.058		270.4		2280		2		0
334.246		264.527		2282		2		0
Frame 24
295.63		252.632		2276		2		0
294.91		205.426		2249		2		0
294.258		159.387		2323		2		0
295.158		136.168		2243		2		0
268.464		178.21		2334		2		0
261.759		217.993		2350		2		0
261.311		254.431		2296		2		0
262.286		263.466		2293		2		0
319.78		178.634		2324		2		0
326.769		218.701		2343		2		0
330.874		255.343		2287		2		0
328.896		263.924		2287		2		0
283.372		252.558		2291		2		0
279.668		305.714		2362		2		0
281.486		355.411		2407		2		0
281.391		368.712		2369		2		0
307.944		252.709		2284		2		0
309.695		307.311		2352		2		0
308.383		355.888		2413		2		0
309.221		366.225		2396		2		0
294.415		170.809		2322		2		0
264.199		272.401		2298		2		0
268.471		261.07		2321		2		0
329.352		270.428		2283		2		0
334.557		266.666		2296		2		0
Frame 25
295.625		252.625		2276		2		0
294.904		205.425		2253		2		0
294.25		159.386		2326		2		0
295.115		136.165		2236		2		0
268.442		178.216		2331		2		0
261.752		217.978		2347		2		0
261.312		254.411		2295		2		0
262.193		263.49		2282		2		0
319.949		178.641		2319		2		0
326.759		218.696		2343		2		0
330.855		255.338		2282		2		0
328.847		264.139		2284		2		0
283.371		252.552		2290		2		0
279.611		305.897		2360		2		0
281.543		355.536		2398		2		0
281.335		368.858		2367		2		0
307.935		252.702		2280		2		0
309.685		307.31		2353		2		0
308.369		356.019		2406		2		0
309.202		366.361		2395		2		0
294.408		170.807		2320		2		0
263.166		271.667		2295		2		0
268.386		261.604		2317		2		0
329		273		2289		2		0
334.4		267.802		2303		2		0
Frame 26
295.599		252.584		2278		2		0
294.906		205.418		2254		2		0
294.27		159.396		2330		2		0
294.952		136.232		2234		2		0
268.414		178.208		2336		2		0
261.721		217.926		2350		2		0
261.275		254.35		2293		2		0
262.07		263.411		2287		2		0
319.9		178.618		2323		2		0
326.73		218.678		2346		2		0
330.84		255.31		2286		2		0
328.85		264.095		2282		2		0
283.354		252.516		2292		2		0
279.585		305.848		2368		2		0
281.574		355.597		2410		2		0
281.316		368.864		2371		2		0
307.907		252.659		2286		2		0
309.635		307.237		2353		2		0
308.429		355.924		2417		2		0
309.262		366.265		2398		2		0
294.424		170.814		2326		2		0
264.249		272.25		2299		2		0
268.239		260.592		2318		2		0
328.699		270.411		2281		2		0
334.5		264.753		2293		2		0
Frame 27
295.567		252.563		2279		2		0
294.906		205.437		2255		2		0
294.312		159.462		2328		2		0
294.689		136.374		2231		2		0
268.311		178.239		2339		2		0
261.724		217.9		2352		2		0
261.244		254.317		2293		2		0
261.916		263.387		2285		2		0
319.814		178.583		2326		2		0
326.719		218.664		2348		2		0
330.822		255.304		2289		2		0
329.027		263.91		2282		2		0
283.3		252.489		2296		2		0
279.525		305.572		2363		2		0
281.568		355.579		2405		2		0
281.377		368.347		2376		2		0
307.894		252.647		2288		2		0
309.575		307.275		2353		2		0
308.447		355.899		2411		2		0
309.251		366.239		2393		2		0
294.454		170.867		2323		2		0
264		272.251		2300		2		0
268.41		260.911		2320		2		0
329.498		270.428		2283		2		0
334.195		263.193		2289		2		0
Frame 28
295.427		252.575		2279		2		0
294.872		205.482		2255		2		0
294.335		159.537		2323		2		0
294.107		136.702		2226		2		0
268.224		178.27		2342		2		0
261.744		217.914		2355		2		0
261.058		254.311		2292		2		0
261.498		263.403		2280		2		0
319.946		178.599		2323		2		0
326.728		218.651		2349		2		0
330.816		255.29		2285		2		0
328.734		264.023		2288		2		0
283.145		252.485		2294		2		0
279.477		305.488		2365		2		0
281.541		355.432		2401		2		0
281.412		368.241		2371		2		0
307.777		252.669		2281		2		0
309.596		307.262		2352		2		0
308.446		355.91		2411		2		0
309.193		366.252		2397		2		0
294.461		170.929		2331		2		0
263.249		272.25		2303		2		0
267.982		261.677		2320		2		0
328.697		270.412		2281		2		0
334.32		264.696		2290		2		0
Frame 29
295.384		252.565		2279		2		0
294.882		205.528		2258		2		0
294.455		159.717		2322		2		0
293.058		137.137		2222		2		0
267.889		178.342		2347		2		0
261.789		218.046		2359		2		0
260.871		254.405		2291		2		0
260.911		263.386		2277		2		0
319.809		178.516		2325		2		0
326.743		218.638		2345		2		0
330.894		255.27		2283		2		0
329.189		263.737		2278		2		0
283.091		252.485		2297		2		0
279.42		305.721		2366		2		0
281.549		355.489		2401		2		0
281.44		368.425		2366		2		0
307.757		252.66		2286		2		0
309.575		307.215		2355		2		0
308.436		355.94		2408		2		0
309.026		366.282		2393		2		0
294.54		171.067		2324		2		0
263.2		272.4		2289		2		0
267.25		260.433		2322		2		0
329.77		270.461		2283		2		0
334.803		262.12		2288		2		0
Frame 30
295.246		252.576		2284		2		0
294.855		205.637		2263		2		0
294.499		159.933		2318		2		0
291.935		137.632		2215		2		0
267.57		178.611		2352		2		0
261.907		218.168		2366		2		0
260.737		254.403		2292		2		0
260.72		263.361		2278		2		0
319.655		178.468		2321		2		0
326.769		218.618		2344		2		0
330.916		255.253		2285		2		0
329.155		263.791		2278		2		0
282.925		252.529		2304		2		0
279.451		305.934		2369		2		0
281.528		355.541		2410		2		0
281.403		368.57		2364		2		0
307.679		252.654		2287		2		0
309.584		307.17		2358		2		0
308.432		355.927		2410		2		0
308.821		366.269		2391		2		0
294.564		171.249		2330		2		0
263.001		272.501		2288		2		0
265.914		264.727		2301		2		0
329.495		270.513		2280		2		0
335.038		263.219		2300		2		0
Frame 31
295.154		252.66		2288		2		0
294.799		205.863		2262		2		0
294.463		160.413		2324		2		0
290.225		138.282		2207		2		0
267.269		178.96		2358		2		0
262.003		218.377		2375		2		0
260.463		254.464		2294		2		0
260.101		263.287		2275		2		0
319.443		178.36		2320		2		0
326.848		218.509		2340		2		0
331.038		255.152		2281		2		0
329.479		263.836		2277		2		0
282.833		252.68		2309		2		0
279.524		305.861		2370		2		0
281.475		355.377		2407		2		0
281.455		368.525		2368		2		0
307.629		252.682		2288		2		0
309.611		307.138		2353		2		0
308.452		355.943		2411		2		0
308.279		369.138		2380		2		0
294.523		171.666		2316		2		0
263		272.334		2290		2		0
265.335		261.284		2315		2		0
329.767		270.462		2280		2		0
335.448		263.788		2288		2		0
Frame 32
295.087		252.721		2289		2		0
294.735		206.121		2268		2		0
294.349		160.967		2324		2		0
288.394		139.045		2197		2		0
266.935		179.5		2369		2		0
262.043		218.322		2387		2		0
260.102		254.069		2305		2		0
259.992		262.662		2284		2		0
319.175		178.243		2317		2		0
326.975		218.285		2340		2		0
331.034		254.967		2280		2		0
329.473		263.279		2279		2		0
282.836		252.771		2316		2		0
279.628		305.782		2374		2		0
281.531		355.742		2407		2		0
281.428		368.597		2366		2		0
307.559		252.705		2288		2		0
309.626		307.113		2351		2		0
308.464		355.925		2415		2		0
308.287		369.053		2381		2		0
294.428		172.153		2332		2		0
262		271.334		2296		2		0
264.913		264.362		2304		2		0
329.767		270.462		2279		2		0
335.232		262.427		2295		2		0
Frame 33
294.995		252.826		2296		2		0
294.629		206.384		2273		2		0
294.138		161.389		2323		2		0
286.084		139.891		2189		2		0
266.561		180.045		2372		2		0
262.23		218.254		2400		2		0
259.847		253.758		2312		2		0
259.516		262.323		2291		2		0
318.185		178.362		2310		2		0
327.191		218.018		2328		2		0
331.206		254.746		2277		2		0
329.507		263.268		2279		2		0
282.793		252.971		2321		2		0
279.995		306.542		2384		2		0
281.555		355.746		2411		2		0
281.352		368.653		2369		2		0
307.493		252.734		2289		2		0
309.688		306.657		2353		2		0
308.459		355.929		2407		2		0
308.237		368.918		2382		2		0
294.248		172.562		2328		2		0
260.666		269.417		2296		2		0
264.472		262.759		2319		2		0
329.582		270.417		2284		2		0
334.983		263.182		2282		2		0
Frame 34
295.041		252.877		2303		2		0
294.468		206.673		2278		2		0
293.594		161.905		2324		2		0
283.971		140.875		2186		2		0
266.17		180.635		2382		2		0
262.633		217.735		2414		2		0
259.907		252.928		2328		2		0
259.448		261.553		2303		2		0
318.43		178.44		2302		2		0
327.617		217.486		2326		2		0
331.267		254.364		2275		2		0
329.426		263.134		2275		2		0
282.993		253.048		2320		2		0
280.084		306.56		2381		2		0
281.609		356.06		2402		2		0
281.388		368.749		2371		2		0
307.47		252.746		2290		2		0
309.752		306.449		2351		2		0
308.431		355.995		2409		2		0
308.254		368.974		2386		2		0
293.823		173.043		2331		2		0
260.402		269.802		2296		2		0
263.057		260.838		2325		2		0
329		272		2289		2		0
335.022		263.51		2288		2		0
Frame 35
295.143		252.891		2307		2		0
294.215		206.996		2279		2		0
292.73		162.499		2323		2		0
281.447		141.939		2182		2		0
265.917		181.223		2389		2		0
262.86		217.996		2428		2		0
260.017		252.998		2344		2		0
259.595		261.563		2317		2		0
318.508		178.472		2296		2		0
327.889		217.019		2319		2		0
331.404		254.011		2274		2		0
329.489		262.487		2270		2		0
283.186		253.046		2331		2		0
280.333		305.792		2378		2		0
281.326		355.78		2407		2		0
281.376		368.702		2367		2		0
307.481		252.75		2290		2		0
309.875		306.089		2350		2		0
308.425		356.016		2412		2		0
308.219		368.924		2383		2		0
293.134		173.587		2327		2		0
261		270.334		2320		2		0
263.667		263.499		2333		2		0
329.116		270.125		2277		2		0
335.159		263.054		2284		2		0
Frame 36
295.163		252.978		2308		2		0
293.691		207.499		2283		2		0
291.488		163.241		2325		2		0
279.118		143.025		2196		2		0
265.735		182.426		2398		2		0
263.252		219.061		2443		2		0
260.433		253.987		2361		2		0
259.865		262.245		2337		2		0
315.577		177.936		2287		2		0
328.173		216.419		2308		2		0
331.419		253.54		2266		2		0
329.52		262.339		2269		2		0
283.409		253.238		2337		2		0
280.505		305.853		2387		2		0
281.343		355.842		2408		2		0
281.359		368.681		2370		2		0
307.436		252.762		2293		2		0
309.999		305.898		2349		2		0
308.435		356.017		2400		2		0
308.216		368.919		2380		2		0
292.08		174.288		2325		2		0
261.005		269.501		2343		2		0
264.501		261.493		2355		2		0
330.251		270.751		2275		2		0
335.309		261.354		2275		2		0
Frame 37
295.308		253.198		2317		2		0
293.171		208.1		2284		2		0
290.075		164.082		2324		2		0
276.805		144.068		2185		2		0
265.813		183.081		2408		2		0
263.695		219.799		2455		2		0
260.897		254.599		2377		2		0
260.207		262.628		2359		2		0
314.724		177.914		2277		2		0
328.309		215.553		2300		2		0
331.531		252.826		2266		2		0
329.571		261.839		2261		2		0
283.762		253.597		2340		2		0
280.929		306.138		2391		2		0
281.558		356.073		2405		2		0
281.366		368.704		2379		2		0
307.431		252.817		2291		2		0
310.17		305.446		2341		2		0
308.433		356.151		2403		2		0
308.332		369.065		2383		2		0
290.902		175.091		2325		2		0
261.336		269.556		2365		2		0
264.317		261.996		2369		2		0
330.5		270.501		2278		2		0
335.481		260.769		2278		2		0
Frame 38
295.459		253.466		2321		2		0
292.518		208.731		2282		2		0
288.435		164.891		2317		2		0
274.762		144.929		2187		2		0
265.934		184.719		2411		2		0
264.356		220.665		2469		2		0
261.337		255.558		2402		2		0
261.575		258.836		2394		2		0
313.206		178.194		2272		2		0
328.464		215.115		2292		2		0
331.521		252.517		2257		2		0
329.529		261.815		2259		2		0
284.223		254.039		2344		2		0
281.35		306.649		2383		2		0
281.556		356.063		2413		2		0
281.366		368.754		2372		2		0
307.409		252.9		2295		2		0
310.401		305.44		2341		2		0
308.503		356.225		2408		2		0
308.339		369.09		2375		2		0
289.516		175.876		2325		2		0
261.752		269.917		2387		2		0
268.499		256.999		2416		2		0
329.402		271.201		2276		2		0
335.195		261.681		2270		2		0
Frame 39
295.679		253.933		2319		2		0
291.809		209.497		2297		2		0
286.78		165.733		2317		2		0
272.96		145.849		2196		2		0
266.141		186.145		2415		2		0
265.468		221.765		2484		2		0
262.929		256.454		2431		2		0
263.229		261.608		2429		2		0
312.147		178.34		2265		2		0
328.484		214.572		2277		2		0
331.436		252.153		2248		2		0
329.55		261.927		2251		2		0
284.662		254.536		2353		2		0
281.731		306.84		2391		2		0
281.475		356.164		2407		2		0
281.323		368.811		2365		2		0
307.387		253.233		2298		2		0
310.522		305.41		2342		2		0
308.531		356.268		2407		2		0
304.601		366.485		2402		2		0
288.096		176.712		2324		2		0
262.602		270.401		2413		2		0
269.388		260.223		2419		2		0
329.167		271.334		2272		2		0
335.276		261.561		2267		2		0
Frame 40
295.946		254.352		2324		2		0
291.462		209.918		2281		2		0
285.992		166.036		2292		2		0
271.581		146.537		2202		2		0
266.727		187.977		2426		2		0
266.346		222.617		2498		2		0
263.589		257.286		2455		2		0
263.914		262.537		2461		2		0
311.103		178.508		2258		2		0
328.468		214.594		2269		2		0
331.11		252.346		2237		2		0
329.381		262.095		2245		2		0
285.234		255.1		2355		2		0
282.22		307.054		2388		2		0
281.537		356.197		2416		2		0
281.399		368.92		2370		2		0
307.411		253.541		2295		2		0
310.829		305.38		2339		2		0
308.612		356.375		2406		2		0
308.36		369.176		2380		2		0
287.413		177.052		2296		2		0
263.001		270.334		2452		2		0
268.526		261.409		2465		2		0
328.86		271.286		2264		2		0
335.179		262.073		2261		2		0
Frame 41
295.77		254.717		2324		2		0
290.798		210.353		2310		2		0
285.1		166.292		2271		2		0
270.131		147.287		2198		2		0
267.027		188.814		2433		2		0
267.477		223.511		2506		2		0
265.04		257.952		2486		2		0
265.31		263.015		0		2		0
310.97		178.52		2251		2		0
328.256		214.963		2259		2		0
330.584		252.867		2235		2		0
328.865		262.123		2238		2		0
285.088		255.446		2357		2		0
282.673		307.152		2398		2		0
281.539		356.199		2413		2		0
281.44		368.962		2371		2		0
307.171		253.868		2298		2		0
311.053		305.544		2342		2		0
308.69		356.365		2400		2		0
308.358		369.221		2379		2		0
286.566		177.355		2302		2		0
265		270.334		2489		2		0
268.59		262.598		2482		2		0
328.286		271.43		2258		2		0
334.188		262.26		2253		2		0
Frame 42
295.757		254.909		2326		2		0
290.461		210.639		2297		2		0
284.481		166.534		2298		2		0
269.052		147.817		2205		2		0
267.092		188.928		2438		2		0
268.234		223.855		2524		2		0
265.79		257.808		2524		2		0
266.295		264.604		2533		2		0
309.525		178.788		2250		2		0
327.683		215.619		2254		2		0
330.053		253.667		2230		2		0
328.081		262.732		2233		2		0
285.146		255.584		2360		2		0
283.025		307.481		2395		2		0
281.576		356.217		2411		2		0
281.416		368.962		2372		2		0
307.014		254.127		2293		2		0
311.267		305.677		2340		2		0
308.716		356.339		2407		2		0
308.335		369.117		2381		2		0
286.011		177.614		2328		2		0
267.715		269.428		2527		2		0
267.498		268.333		2530		2		0
328.5		271.501		2253		2		0
333.423		262.047		2241		2		0
Frame 43
295.603		255.116		2326		2		0
290.097		210.924		2295		2		0
284.058		166.777		2325		2		0
267.988		148.712		2201		2		0
267.189		188.652		2442		2		0
269.033		223.942		2535		2		0
267.275		257.604		2544		2		0
267.204		263.146		2549		1		0
308.817		178.899		2246		2		0
327.239		216.197		2247		2		0
329.401		254.38		2226		2		0
327.232		263.406		2231		2		0
285.171		255.708		2363		2		0
283.156		307.597		2395		2		0
281.702		356.395		2415		2		0
281.449		368.981		2371		2		0
306.628		254.442		2297		2		0
311.385		305.848		2341		2		0
308.735		356.335		2407		2		0
308.414		369.199		2380		2		0
285.599		177.866		2332		2		0
268.5		268		2556		2		0
269		265.505		2537		2		0
328.333		271.335		2250		2		0
332.423		263.051		2239		2		0
Frame 44
295.54		255.219		2328		2		0
289.902		211.098		2304		2		0
283.859		166.931		2321		2		0
267.724		148.823		2207		2		0
267.206		188.321		2450		2		0
269.572		224.417		2547		2		0
267.508		257.938		0		1		0
267.695		269.781		3043		1		0
308.407		178.928		2244		2		0
326.755		215.897		2247		2		0
328.381		254.171		2225		2		0
326.091		260.896		2225		2		0
285.159		255.753		2364		2		0
283.3		307.757		2390		2		0
281.762		356.434		2410		2		0
281.461		369.028		2369		2		0
306.435		254.619		2294		2		0
311.397		305.88		2345		2		0
308.786		356.435		2408		2		0
308.407		369.226		2379		2		0
285.395		178.025		2332		2		0
268.993		274.64		3032		1		0
269.496		272.165		3034		1		0
325.928		271.307		2240		2		0
331.625		260.817		2244		2		0
Frame 45
295.407		255.331		2328		2		0
289.595		211.281		2311		2		0
283.484		167.154		2333		2		0
267.48		149.094		2210		2		0
267.233		188.201		2449		2		0
269.876		224		2556		2		0
268.088		257.293		0		1		0
268.247		269.084		3042		1		0
308.096		178.935		2249		2		0
326.333		215.74		2244		2		0
327.639		254.06		2222		2		0
324.958		263.228		2225		2		0
285.047		255.84		2366		2		0
283.369		307.79		2390		2		0
281.789		356.487		2405		2		0
281.456		369.039		2369		2		0
306.236		254.788		2291		2		0
311.441		306.014		2339		2		0
308.83		356.613		2400		2		0
303.647		366.721		2399		2		0
285.033		178.23		2334		2		0
269.187		273.961		3041		1		0
270.041		271.454		0		1		0
325.834		271.334		2242		2		0
330.438		265.003		2239		2		0
Frame 46
295.359		255.396		2330		2		0
289.472		211.324		2309		2		0
283.27		167.175		2338		2		0
267.417		149.005		2219		2		0
267.252		188.206		2450		2		0
270.099		223.645		2563		2		0
268.363		256.832		0		1		0
268.515		268.585		3042		1		0
308.462		178.865		2250		2		0
325.971		215.67		2246		2		0
326.871		254		2213		2		0
323.826		263.053		2222		2		0
284.889		255.956		2369		2		0
283.444		307.612		2389		2		0
281.823		356.573		2410		2		0
281.444		369.14		2366		2		0
306.217		254.853		2296		2		0
311.448		306.122		2342		2		0
308.828		356.623		2406		2		0
303.732		366.739		2399		2		0
284.839		178.253		2342		2		0
269.66		273.505		3027		1		0
270.304		270.946		0		1		0
324.4		271.4		2243		2		0
329.223		266.556		2246		2		0
Frame 47
295.183		255.434		2325		2		0
289.353		211.309		2305		2		0
283.232		167.116		2341		2		0
267.509		148.778		2221		2		0
267.231		188.116		2449		2		0
270.093		223.202		2571		2		0
268.383		256.311		0		1		0
268.532		268.033		3045		1		0
308.737		178.748		2255		2		0
325.617		215.487		2250		2		0
325.74		253.808		2215		2		0
322.689		263.07		2222		2		0
284.579		255.979		2361		2		0
283.41		307.377		2388		2		0
281.815		356.569		2407		2		0
281.373		369.175		2367		2		0
306.119		254.894		2291		2		0
311.313		306.159		2333		2		0
308.819		356.575		2412		2		0
303.789		366.679		2406		2		0
284.762		178.2		2340		2		0
269.753		272.943		0		1		0
270.317		270.387		2420		1		0
322.501		271.501		2235		2		0
328.189		265.439		2240		2		0
Frame 48
294.774		255.449		2331		2		0
289.199		211.239		2311		2		0
283.301		166.948		2341		2		0
267.854		148.267		2228		2		0
267.178		187.839		2442		2		0
269.989		222.865		2571		2		0
268.297		255.926		2428		1		0
268.443		267.631		0		1		0
309.015		178.651		2266		2		0
325.092		215.116		2256		2		0
325.124		253.398		2223		2		0
321.461		262.964		2223		2		0
284.022		255.922		2360		2		0
283.179		307.185		2382		2		0
281.794		356.594		2406		2		0
281.367		369.176		2370		2		0
305.797		254.957		2295		2		0
311.269		306.25		2340		2		0
308.833		356.71		2407		2		0
303.853		366.8		2407		2		0
284.754		178.057		2344		2		0
269.655		272.671		0		1		0
270.225		269.98		2407		1		0
320.287		271.429		2240		2		0
326.917		264.084		2240		2		0
Frame 49
294.628		255.343		2327		2		0
289.152		211.082		2318		2		0
283.548		166.708		2349		2		0
268.196		147.787		2232		2		0
266.802		186.056		2449		2		0
269.868		222.705		2566		2		0
267.707		255.595		2424		1		0
267.849		267.275		0		1		0
308.739		178.373		2276		2		0
324.736		214.827		2262		2		0
324.423		253.027		2227		2		0
320.254		262.065		2222		2		0
283.843		255.748		2358		2		0
282.916		307.367		2376		2		0
281.792		356.72		2409		2		0
281.364		369.143		2367		2		0
305.669		254.888		2300		2		0
311.131		306.243		2332		2		0
308.803		356.782		2402		2		0
303.898		366.86		2398		2		0
284.906		177.822		2371		2		0
269.174		272.216		0		1		0
269.625		269.617		2409		1		0
319.858		270.429		2235		2		0
325.365		263.361		2237		2		0
Frame 50
294.368		255.055		2330		2		0
289.132		210.722		2322		2		0
284.023		166.293		2354		2		0
269.37		146.681		2238		2		0
266.153		184.796		2449		2		0
269.62		222.651		2561		2		0
267.397		255.591		2424		1		0
267.54		267.276		0		1		0
308.803		177.925		2286		2		0
324.272		214.454		2271		2		0
323.68		252.493		2229		2		0
319.276		261.617		2230		2		0
283.549		255.364		2354		2		0
282.375		307.392		2380		2		0
281.814		356.721		2410		2		0
281.251		369.216		2370		2		0
305.459		254.689		2299		2		0
310.981		306.256		2337		2		0
308.7		356.83		2410		2		0
303.909		366.888		2400		2		0
285.241		177.398		2348		2		0
268.927		272.227		0		1		0
269.316		269.62		2401		1		0
318.667		269.667		2237		2		0
323.848		265.001		2236		2		0
Frame 51
294.025		254.62		2325		2		0
289.164		210.255		2315		2		0
284.54		165.77		2342		2		0
270.884		144.979		2236		2		0
265.784		184.277		2448		2		0
268.916		221.906		2556		2		0
266.689		255.052		2426		1		0
266.832		266.779		0		1		0
309.147		177.486		2297		2		0
323.89		213.759		2283		2		0
322.919		251.606		2229		2		0
318.616		260.679		2236		2		0
283.094		254.792		2355		2		0
282.053		307.443		2372		2		0
281.89		356.742		2414		2		0
281.188		369.1		2365		2		0
305.211		254.366		2302		2		0
310.533		306.446		2336		2		0
308.645		356.881		2403		2		0
304.146		366.966		2402		2		0
285.631		176.881		2357		2		0
268.118		271.59		0		1		0
268.612		269.129		2413		1		0
316.86		270.286		2250		2		0
323.558		264.222		2246		2		0
Frame 52
293.599		254.13		2331		2		0
289.349		209.566		2316		2		0
285.738		164.84		2322		2		0
271.936		144.157		2251		2		0
265.479		183.677		2447		2		0
267.814		221.222		2546		2		0
266.016		254.479		2418		1		0
266.16		266.235		0		1		0
309.41		177.451		2303		2		0
323.694		213.52		2294		2		0
322.442		251.151		2236		2		0
318.343		259.478		2243		2		0
282.659		254.312		2353		2		0
281.796		307.309		2373		2		0
281.842		356.978		2406		2		0
281.2		369.107		2363		2		0
304.749		253.82		2308		2		0
310.038		306.951		2340		2		0
308.625		356.956		2409		2		0
308.707		370.668		2374		2		0
286.547		176.004		2356		2		0
267.449		271.058		0		1		0
267.942		268.589		0		1		0
315.287		269.859		2248		2		0
322.834		264.503		2250		2		0
Frame 53
293.125		253.551		2329		2		0
289.455		208.847		2326		2		0
286.412		164.172		2359		2		0
273.376		142.998		2252		2		0
264.966		182.902		2445		2		0
266.716		221.136		2534		2		0
264.919		254.569		0		1		0
265.064		266.374		0		1		0
309.953		177.193		2316		2		0
323.175		213.607		2302		2		0
321.954		250.928		2239		2		0
318.323		259.853		2246		2		0
282.157		253.736		2352		2		0
281.505		307.546		2374		2		0
281.785		356.909		2408		2		0
281.169		369.051		2367		2		0
304.315		253.257		2313		2		0
309.867		307.032		2340		2		0
308.607		356.966		2405		2		0
308.758		370.555		2375		2		0
287.101		175.31		2362		2		0
266.36		271.217		0		1		0
266.851		268.738		0		1		0
316.168		269.445		2258		2		0
323.423		261.103		2258		2		0
Frame 54
291.789		252.849		2338		2		0
289.326		208.209		2335		2		0
287.03		163.519		2368		2		0
274.978		142.119		2259		2		0
264.591		182.411		2440		2		0
265.191		221.19		2524		2		0
262.812		254.995		2535		1		0
262.164		259.668		2557		1		0
310.323		177.174		2327		2		0
322.893		213.525		2313		2		0
321.358		250.709		2251		2		0
318.441		259.874		2254		2		0
280.808		252.91		2354		2		0
281.269		307.883		2370		2		0
281.786		356.972		2405		2		0
281.206		369.096		2370		2		0
302.916		252.712		2321		2		0
309.71		307.37		2344		2		0
308.588		357.242		2401		2		0
308.83		370.503		2380		2		0
287.539		174.686		2369		2		0
262.498		263		2570		2		0
263		260.501		2546		2		0
316.347		269.419		2264		2		0
323.479		260.649		2258		2		0
Frame 55
290.699		252.348		2339		2		0
289.108		207.725		2330		2		0
287.597		163.124		2372		2		0
276.457		141.383		2270		2		0
264.19		182.214		2438		2		0
263.528		221.265		2509		2		0
259.99		255.167		2511		2		0
260.997		262.482		2515		1		0
310.902		177.048		2333		2		0
322.615		213.808		2322		2		0
321.421		250.737		2262		2		0
319.006		259.004		2258		2		0
279.488		252.386		2357		2		0
281.144		308.091		2375		2		0
281.741		356.921		2411		2		0
281.454		368.887		2370		2		0
302.111		252.278		2326		2		0
309.55		307.6		2347		2		0
308.596		357.298		2393		2		0
308.829		370.477		2381		2		0
287.914		174.269		2374		2		0
262.495		268.749		2525		2		0
263.915		265.085		2504		2		0
317.771		268.462		2262		2		0
324.32		259.037		2271		2		0
Frame 56
290.591		252.229		2346		2		0
289.22		207.331		2338		2		0
288.241		162.623		2374		2		0
278.228		140.66		2273		2		0
263.8		182.197		2438		2		0
262.411		220.981		2501		2		0
258.438		255.178		2476		2		0
258.378		262.688		2478		2		0
311.172		176.931		2347		2		0
322.306		214.376		2332		2		0
321.414		251.074		2273		2		0
319.612		258.267		2270		2		0
279.36		252.304		2361		2		0
281.091		308.115		2375		2		0
281.704		357.098		2401		2		0
281.206		369.273		2371		2		0
302.011		252.066		2334		2		0
309.187		307.736		2351		2		0
308.58		357.425		2396		2		0
308.815		370.377		2373		2		0
288.428		173.771		2376		2		0
260		270.502		2488		2		0
263.665		261.835		2481		2		0
317.162		268.357		2277		2		0
324.078		262.077		2278		2		0
Frame 57
290.658		251.978		2354		2		0
289.474		206.863		2333		2		0
288.565		162.247		2380		2		0
279.565		140.139		2286		2		0
263.622		182.093		2434		2		0
260.7		220.731		2482		2		0
255.157		254.917		2446		2		0
254.323		263.284		2443		2		0
311.432		176.979		2356		2		0
322.16		214.377		2342		2		0
321.658		250.844		2282		2		0
320.247		257.736		2282		2		0
279.343		252.172		2367		2		0
280.896		308.274		2382		2		0
281.47		356.987		2408		2		0
281.405		369.118		2364		2		0
302.272		251.645		2339		2		0
308.665		307.736		2342		2		0
308.544		357.53		2402		2		0
306.142		367.78		2389		2		0
288.758		173.356		2381		2		0
254.249		271.25		2469		2		0
257.953		264.451		2448		2		0
318.155		268.078		2288		2		0
325.381		259.524		2286		2		0
Frame 58
290.898		251.609		2362		2		0
289.766		206.479		2345		2		0
288.791		161.997		2383		2		0
280.939		139.859		2288		2		0
263.543		181.748		2432		2		0
257.68		219.233		2462		2		0
251.23		253.385		2419		2		0
250.628		262.719		2418		2		0
311.619		177.046		2361		2		0
322.037		214.722		2354		2		0
322.42		251.12		2289		2		0
320.956		257.741		2290		2		0
279.401		251.972		2373		2		0
280.719		308.308		2383		2		0
281.411		357.003		2404		2		0
281.318		369.095		2373		2		0
302.747		251.183		2347		2		0
308.392		307.862		2354		2		0
308.481		357.583		2411		2		0
306.451		367.866		2397		2		0
289.013		173.071		2387		2		0
251.499		271.334		2432		2		0
254.224		261.407		2420		2		0
318.793		268.182		2292		2		0
326.501		260.499		2293		2		0
Frame 59
291.029		251.285		2366		2		0
289.902		206.215		2350		2		0
288.9		161.833		2385		2		0
282.05		139.681		2301		2		0
263.618		181.251		2430		2		0
256.026		217.988		2446		2		0
248.905		252.113		2387		2		0
247.919		261.74		2382		2		0
312.049		177.112		2371		2		0
322.07		214.863		2366		2		0
322.883		251.163		2300		2		0
321.556		257.673		2296		2		0
279.408		251.706		2377		2		0
280.559		308.232		2385		2		0
281.308		357.011		2411		2		0
281.378		369.137		2370		2		0
302.988		250.91		2357		2		0
308.137		307.81		2360		2		0
308.45		357.609		2403		2		0
306.909		367.946		2390		2		0
289.133		172.881		2388		2		0
247.669		270.835		2391		2		0
252.372		262.408		2399		2		0
319.617		268.155		2302		2		0
326.791		258.524		2310		2		0
Frame 60
291.25		250.955		2373		2		0
290.075		206.02		2356		2		0
289.014		161.753		2389		2		0
283.066		139.553		2302		2		0
263.678		180.894		2429		2		0
254.799		216.607		2431		2		0
246.842		250.426		2364		2		0
245.122		260.616		2349		2		0
312.344		177.278		2378		2		0
322		215.054		2372		2		0
323.202		251.14		2309		2		0
321.948		257.832		2307		2		0
279.484		251.417		2383		2		0
280.423		308.11		2389		2		0
281.152		357.029		2409		2		0
281.389		369.012		2363		2		0
303.297		250.597		2365		2		0
307.93		307.736		2363		2		0
308.448		357.58		2405		2		0
307.228		367.953		2383		2		0
289.265		172.775		2396		2		0
245.443		270.778		2356		2		0
249.501		265.501		2385		2		0
320.462		268.155		2317		2		0
327.112		260.277		2316		2		0
Frame 61
291.233		250.643		2381		2		0
290.054		205.856		2358		2		0
288.981		161.689		2396		2		0
284.003		139.581		2309		2		0
263.801		180.596		2426		2		0
254.267		215.461		2423		2		0
245.165		248.685		2340		2		0
242.814		258.946		2327		2		0
312.555		177.537		2388		2		0
321.719		215.16		2385		2		0
323.341		251.101		2318		2		0
322.384		257.657		2317		2		0
279.4		251.041		2391		2		0
280.245		308.113		2395		2		0
281.12		357.009		2411		2		0
281.432		369.03		2369		2		0
303.302		250.362		2376		2		0
307.789		307.706		2365		2		0
308.442		357.581		2402		2		0
307.548		367.997		2387		2		0
289.237		172.69		2401		2		0
241.847		268.848		2327		2		0
247.616		262.072		2350		2		0
321.001		268.001		2321		2		0
327.612		258.777		2331		2		0
Frame 62
291.313		250.471		2392		2		0
290.034		205.823		2366		2		0
288.872		161.739		2401		2		0
284.848		139.573		2319		2		0
264.009		180.319		2428		2		0
253.765		214.544		2410		2		0
243.894		247.302		2321		2		0
241.337		257.768		2301		2		0
312.898		177.875		2396		2		0
321.646		215.703		2398		2		0
323.458		251.543		2330		2		0
322.445		258.441		2326		2		0
279.412		250.767		2400		2		0
280.138		307.673		2393		2		0
280.884		356.78		2415		2		0
279.667		367.198		2374		2		0
303.409		250.27		2388		2		0
307.642		307.271		2375		2		0
308.465		357.51		2403		2		0
308.084		367.974		2389		2		0
289.15		172.724		2413		2		0
240.275		268.367		2302		2		0
246.35		258.728		2332		2		0
321.501		268.501		2328		2		0
327.386		261.693		2339		2		0
Frame 63
291.203		250.185		2401		2		0
290.038		205.779		2378		2		0
288.964		161.88		2408		2		0
285.875		139.768		2326		2		0
264.25		180.073		2432		2		0
253.443		214.087		2401		2		0
243.016		246.051		2301		2		0
240.198		256.989		2278		2		0
313.243		178.134		2407		2		0
321.66		215.941		2407		2		0
323.543		251.566		2339		2		0
322.879		260.392		2334		2		0
279.29		250.329		2409		2		0
279.906		307.569		2402		2		0
280.726		356.617		2412		2		0
279.803		367.061		2381		2		0
303.272		250.109		2399		2		0
307.529		307.095		2386		2		0
308.436		357.56		2407		2		0
308.356		368.05		2384		2		0
289.224		172.824		2420		2		0
239.334		267.086		2277		2		0
245.001		259.925		2304		2		0
321.459		268.957		2340		2		0
327.5		264.072		2352		2		0
Frame 64
291.24		250.069		2413		2		0
290.079		205.864		2388		2		0
289.003		162.077		2414		2		0
286.566		140.151		2327		2		0
264.466		179.941		2434		2		0
253.377		213.528		2397		2		0
242.749		245.071		2284		2		0
239.971		255.651		2256		2		0
313.592		178.358		2416		2		0
321.644		216.185		2414		2		0
323.493		251.819		2347		2		0
323.255		260.351		2344		2		0
279.348		250.171		2418		2		0
279.789		307.417		2407		2		0
280.692		356.624		2409		2		0
280.156		367.108		2376		2		0
303.251		250.015		2410		2		0
307.413		306.917		2390		2		0
308.386		357.488		2404		2		0
308.697		368.014		2387		2		0
289.264		173.001		2426		2		0
238.708		264.946		2246		2		0
244.594		258.263		2280		2		0
323.821		267.091		2349		2		0
328.287		258.931		2363		2		0
Frame 65
291.14		250.055		2425		2		0
290.18		206.13		2402		2		0
289.248		162.482		2423		2		0
287.243		140.583		2336		2		0
264.837		179.828		2441		2		0
253.449		213.167		2394		2		0
242.954		244.119		2272		2		0
240.898		254.489		2238		2		0
313.773		179.009		2424		2		0
321.707		216.685		2424		2		0
323.723		252.072		2357		2		0
323.48		260.433		2357		2		0
279.299		250.036		2431		2		0
279.708		307.299		2408		2		0
280.655		356.63		2413		2		0
280.351		367.159		2374		2		0
303.095		250.095		2421		2		0
307.254		306.643		2393		2		0
308.378		357.405		2414		2		0
308.922		367.966		2388		2		0
289.479		173.382		2437		2		0
239.801		264.403		2226		2		0
241.453		258.001		2224		2		0
323.526		267.251		2357		2		0
328.194		259.08		2360		2		0
Frame 66
291.146		250.083		2443		2		0
290.404		206.467		2410		2		0
289.622		162.934		2435		2		0
287.892		141.126		2345		2		0
265.294		179.793		2446		2		0
253.565		212.954		2390		2		0
243.726		243.616		2270		2		0
242.468		254.187		2220		2		0
313.959		180.012		2431		2		0
321.781		217.287		2432		2		0
323.897		252.545		2365		2		0
323.449		261.295		2361		2		0
279.331		249.95		2448		2		0
279.7		307.109		2415		2		0
280.56		356.723		2416		2		0
280.483		367.309		2372		2		0
303.062		250.24		2437		2		0
307.04		306.961		2398		2		0
308.378		357.47		2409		2		0
309.151		368.086		2381		2		0
289.82		173.819		2449		2		0
242		263.502		2223		2		0
246.304		254.443		2251		2		0
322		270		2374		2		0
327.715		266.286		2378		2		0
Frame 67
291.19		250.264		2458		2		0
290.519		207.084		2421		2		0
289.816		163.691		2436		2		0
288.651		142.015		2345		2		0
265.782		180.053		2451		2		0
253.846		212.997		2397		2		0
245.136		243.499		2269		2		0
245.049		254.406		2222		2		0
314.154		180.588		2442		2		0
321.983		217.418		2441		2		0
323.698		252.555		2376		2		0
323.448		261.866		2369		2		0
279.406		250.054		2467		2		0
279.658		307.121		2420		2		0
280.477		356.672		2412		2		0
280.441		367.33		2374		2		0
303.071		250.488		2454		2		0
306.882		307.405		2399		2		0
308.372		357.452		2409		2		0
309.184		368.14		2381		2		0
289.996		174.566		2455		2		0
245.354		264.414		2220		2		0
250.189		255.678		2247		2		0
322.5		270.334		2375		2		0
328.001		266.501		2390		2		0
Frame 68
291.311		250.757		2479		2		0
290.656		208.032		2438		2		0
290.001		164.864		2442		2		0
289.372		143.451		2350		2		0
266.335		180.74		2458		2		0
254.496		213.189		2402		2		0
247.171		243.645		2280		2		0
248.303		254.96		2221		2		0
314.214		181.769		2451		2		0
322.111		218.125		2447		2		0
323.725		253.05		2382		2		0
323.557		262.192		2374		2		0
279.573		250.517		2484		2		0
279.736		306.819		2414		2		0
280.459		356.651		2412		2		0
280.541		367.382		2377		2		0
303.135		251.008		2473		2		0
306.801		307.493		2397		2		0
308.389		357.494		2410		2		0
309.318		368.251		2383		2		0
290.167		175.706		2459		2		0
249.713		264.858		2210		2		0
251.631		254.375		2236		2		0
322.167		271.334		2385		2		0
328.462		264.848		2383		2		0
Frame 69
291.58		251.553		2496		2		0
291.039		209.491		2447		2		0
290.532		166.825		2443		2		0
290.106		145.171		2355		2		0
266.846		181.905		2467		2		0
255.727		214.283		2413		2		0
250.558		245.008		2287		2		0
251.731		256.271		2230		2		0
314.501		183.239		2456		2		0
322.163		219.072		2455		2		0
323.488		253.951		2383		2		0
323.606		262.715		2380		2		0
279.949		251.279		2505		2		0
279.8		306.675		2414		2		0
280.452		356.653		2416		2		0
280.655		367.496		2368		2		0
303.298		251.835		2503		2		0
306.595		307.757		2401		2		0
308.362		357.513		2409		2		0
309.405		368.381		2386		2		0
290.65		177.532		2473		2		0
252.644		265.589		2219		2		0
253.848		255.766		2226		2		0
322.728		272.455		2391		2		0
327.416		261.827		2385		2		0
Frame 70
291.599		253.224		2534		2		0
291.351		211.965		2470		2		0
291.103		169.775		2448		2		0
290.974		147.906		2358		2		0
267.465		184.413		2471		2		0
256.619		216.568		2427		2		0
254.911		248.195		2293		2		0
256.059		259.019		2237		2		0
314.841		186.203		2464		2		0
322.088		220.357		2466		2		0
323.581		255.009		2389		2		0
323.241		265.211		2384		2		0
280.051		252.895		2529		2		0
279.845		306.87		2411		2		0
280.497		356.803		2412		2		0
280.732		367.781		2373		2		0
303.232		253.563		2525		2		0
306.426		308.108		2402		2		0
308.35		357.499		2419		2		0
309.416		368.495		2380		2		0
291.16		180.396		2478		2		0
257.87		267.877		2228		2		0
259.143		259.536		2247		2		0
322.47		274.884		2393		2		0
325.135		268.801		2379		2		0
Frame 71
292.589		255.234		2562		2		0
292.041		214.856		2483		2		0
291.619		173.371		2453		2		0
291.95		152.234		2373		2		0
267.931		188.285		2477		2		0
257.739		220.657		2429		2		0
257.846		251.692		2308		2		0
260.545		262.702		2252		2		0
315.058		189.472		2468		2		0
322.247		223.361		2471		2		0
323.758		257.867		2398		2		0
323.256		269.157		2381		2		0
280.94		255.05		2551		2		0
279.861		307.136		2408		2		0
280.506		357.122		2414		2		0
280.652		368.269		2372		2		0
304.309		255.415		2547		2		0
306.08		309.257		2406		2		0
308.322		357.503		2410		2		0
309.287		368.659		2380		2		0
291.712		183.83		2485		2		0
263.801		271.336		2248		2		0
264.299		261.642		2261		2		0
321.434		278.815		2392		2		0
325.131		271.669		2383		2		0
Frame 72
293.474		257.709		2592		2		0
292.812		218.391		2500		2		0
292.218		177.679		2454		2		0
292.583		156.457		2378		2		0
268.659		192.006		2487		2		0
259.527		224.8		2445		2		0
261.376		255.743		2319		2		0
264.945		266.502		2279		2		0
314.959		194.206		2481		2		0
322.495		227.598		2477		2		0
323.883		261.781		2391		2		0
323.375		273.207		2380		2		0
281.861		257.743		2578		2		0
279.844		307.608		2409		2		0
280.392		356.813		2412		2		0
280.609		369.319		2370		2		0
305.145		257.674		2565		2		0
305.848		310.361		2403		2		0
308.394		357.585		2412		2		0
309.069		370.221		2365		2		0
292.358		187.991		2494		2		0
268.407		274.776		2266		2		0
269.582		266.609		2279		2		0
321.626		282.815		2390		2		0
326.037		275.691		2382		2		0
Frame 73
294.296		260.574		2619		2		0
293.567		223.738		2514		2		0
292.844		184.682		2474		2		0
293.078		162.583		2388		2		0
269.266		197.712		2501		2		0
259.371		230.177		2456		2		0
265.558		261.346		2337		2		0
269.475		271.774		2294		2		0
315.112		199.018		2492		2		0
323.271		232.296		2476		2		0
324.872		266.033		2381		2		0
323.541		277.444		2375		2		0
283.231		260.875		2604		2		0
279.809		308.478		2413		2		0
280.276		356.499		2412		2		0
280.5		369.262		2365		2		0
305.396		260.28		2587		2		0
305.652		311.264		2397		2		0
308.432		357.647		2404		2		0
309.08		370.331		2367		2		0
293.022		194.672		2503		2		0
274.468		280.004		2287		2		0
273.998		270.873		2307		2		0
321.557		287.058		2385		2		0
326.339		281.732		2380		2		0
Frame 74
295.364		264.417		2651		2		0
293.956		228.748		2533		2		0
292.56		190.62		2491		2		0
294.02		170.01		2408		2		0
270.257		202.824		2519		2		0
260.423		235.268		2469		2		0
268.955		267.289		2349		2		0
272.379		275.885		2320		2		0
314.602		205.344		2505		2		0
323.117		239.069		2478		2		0
325.256		272.213		2371		2		0
323.508		283.052		2369		2		0
283.839		265.119		2624		2		0
279.103		301.393		2426		2		0
280.482		356.591		2413		2		0
280.333		369.897		2362		2		0
306.928		263.721		2611		2		0
306.385		300.95		2411		2		0
308.226		358.086		2411		2		0
309.595		371.33		2356		2		0
292.908		200.35		2521		2		0
277.474		284.906		2310		2		0
276.716		274.598		2330		2		0
322.9		292.16		2373		2		0
327.878		283.967		2375		2		0
Frame 75
295.396		268.572		2668		2		0
294.216		234.336		2551		2		0
293.014		197.601		2515		2		0
294.304		176.507		2430		2		0
270.651		209.381		2536		2		0
260.687		241.514		2490		2		0
270.507		271.234		2376		2		0
275.868		282.536		2340		2		0
314.253		211.182		2525		2		0
324.683		250.18		2469		2		0
325.199		283.534		2371		2		0
323.02		292.166		2356		2		0
284.076		269.387		2644		2		0
278.766		299.837		2430		2		0
280.466		356.566		2416		2		0
280.313		370.212		2365		2		0
306.758		267.766		2614		2		0
306.368		300.93		2412		2		0
308.162		358.212		2411		2		0
309.623		371.349		2365		2		0
293.318		207.054		2542		2		0
281.57		291.646		2337		2		0
281.538		284.689		2341		2		0
321.588		298.585		2365		2		0
328.199		295.503		2393		2		0
Frame 76
294.797		272.628		2693		2		0
293.657		239.528		2579		2		0
292.518		204.297		2544		2		0
294.487		183.643		2450		2		0
270.393		215.104		2560		2		0
263.153		247.658		2506		2		0
272.376		278.92		2393		2		0
273.203		278.642		2392		2		0
314.052		217.529		2548		2		0
323.523		250.166		2500		2		0
324.346		282.483		2376		2		0
322.854		290.736		2369		2		0
283.413		273.14		2644		2		0
278.45		298.757		2387		2		0
280.422		356.61		2424		2		0
280.54		369.714		2377		2		0
306.223		272.136		2611		2		0
306.376		301.735		2412		2		0
308.07		358.319		2412		2		0
309.779		371.857		2360		2		0
292.798		213.372		2574		2		0
279.439		288.562		2366		2		0
274.51		272.527		2419		2		0
322.608		300.351		2351		2		0
327.139		293.403		2371		2		0
Frame 77
294.072		277.628		2697		2		0
293.163		244.882		2599		2		0
292.239		210.326		2585		2		0
294.534		190.435		2478		2		0
270.234		220.429		2590		2		0
265.607		253.168		2531		2		0
275.443		284.599		2420		2		0
277.4		292.009		2406		2		0
313.395		223.201		2584		2		0
322.097		255.535		2515		2		0
321.705		287.631		2382		2		0
319.612		298.849		2358		2		0
282.898		278.026		2640		2		0
277.877		297.881		2387		2		0
280.411		356.611		2413		2		0
280.568		369.651		2366		2		0
305.28		277.186		2616		2		0
306.702		302.624		2411		2		0
307.984		358.317		2403		2		0
309.799		371.698		2365		2		0
292.471		219.149		2612		2		0
282.372		302.001		2381		2		0
281.022		292.038		2406		2		0
319.112		308.781		2351		2		0
323.71		300.057		2354		2		0
Frame 78
292.914		283.253		2731		2		0
292.3		250.033		2650		2		0
291.691		215.385		2634		2		0
294.085		196.216		2520		2		0
269.829		225.076		2633		2		0
267.042		257.406		2564		2		0
276.071		288.141		2453		2		0
277.263		295.706		2432		1		0
312.622		228.318		2631		2		0
319.79		260.286		2546		2		0
320.588		289.606		2384		2		0
316.925		300.69		2369		2		0
281.807		283.302		2604		2		0
276.996		299.888		2429		2		0
280.495		357.558		2412		2		0
280.55		369.68		2373		2		0
304.07		283.212		2592		2		0
307.02		303.103		2415		2		0
307.937		358.277		2411		2		0
309.871		371.767		2364		2		0
291.842		224.191		2653		2		0
281.272		306		2415		2		0
281.409		293.584		2450		2		0
316.735		310.402		2354		2		0
322.002		300.283		2383		2		0
Frame 79
292.801		287.098		2699		2		0
291.844		254.301		2683		2		0
290.876		220.009		2684		2		0
293.532		201.358		2562		2		0
270.283		230.163		2681		2		0
268.786		262.069		2603		2		0
277.002		289.103		2462		2		0
277.978		295.181		2444		1		0
311.495		230.954		2685		2		0
316.799		266.299		2566		2		0
316.375		295.5		2412		2		0
313.534		304.187		2384		2		0
281.723		287.325		2476		2		0
276.747		300.759		2438		2		0
279.828		358.25		2416		2		0
279.36		372.845		2355		2		0
303.911		286.896		2592		2		0
307.126		303.122		2411		2		0
307.942		358.27		2418		2		0
310.083		372.015		2358		2		0
291.111		228.721		2698		2		0
280		303.5		2420		2		0
282.069		292.446		2461		2		0
311.446		311.334		2379		2		0
317.875		307.375		2388		2		0
Frame 80
292.004		288.432		2704		2		0
291.168		254.838		2707		2		0
290.263		220.282		2726		2		0
292.582		202.052		2606		2		0
269.952		230.693		2732		2		0
269.531		262.227		2646		2		0
278.726		287.977		2485		2		0
279.75		296.31		2448		2		0
310.869		232.585		2726		2		0
314.943		267.675		2615		2		0
309.397		294.88		2426		2		0
307.829		300.171		2421		2		0
280.985		288.49		2482		2		0
276.647		300.891		2451		2		0
279.629		358.285		2411		2		0
279.033		372.971		2350		2		0
303.043		288.399		2543		2		0
307.108		303.007		2405		2		0
307.993		358.417		2422		2		0
310.3		372.124		2348		2		0
290.49		229.014		2734		2		0
283.501		305.874		2428		2		0
284.688		295.446		2475		2		0
306.032		306.779		2410		2		0
313.398		300.591		2421		2		0
Frame 81
291.144		287.288		2730		2		0
290.162		253.156		2769		2		0
289.337		218.598		2761		2		0
291.92		199.648		2639		2		0
269.228		228.244		2757		2		0
269.672		259.368		2689		2		0
278.302		284.243		2519		2		0
277.866		288.286		2505		1		0
309.834		230.541		2756		2		0
313.141		261.946		2695		2		0
308.898		286.328		2494		1		0
306.939		292.682		2465		1		0
280.15		287.384		2505		2		0
276.716		300.502		2467		2		0
279.478		358.299		2428		2		0
278.705		372.948		2345		2		0
302.159		287.212		2556		2		0
306.75		301.987		2431		2		0
308.208		358.597		2421		2		0
311.353		372.655		2345		2		0
289.526		227.271		2760		2		0
280.894		297.105		2458		2		0
282.089		284.897		2530		2		0
304.175		301.999		2439		2		0
313.38		291.199		2473		2		0
Frame 82
291.253		285.007		2725		2		0
289.977		249.868		2776		2		0
288.572		214.421		2786		2		0
291.046		197.055		2678		2		0
268.648		225.677		2782		2		0
269.144		256.246		2713		2		0
277.95		281.541		2556		2		0
278.638		287.54		2527		1		0
309.033		228.047		2778		2		0
311.733		259.043		2721		2		0
309.458		282.707		2530		2		0
307.348		289.458		2512		1		0
280.245		285.287		2535		2		0
276.893		299.74		2476		2		0
279.25		357.974		2428		2		0
278.542		372.468		2341		2		0
302.281		284.721		2591		2		0
305.926		301.366		2453		2		0
308.69		358.659		2433		2		0
311.931		372.314		2354		2		0
288.934		223.274		2788		2		0
279.826		296.176		2489		2		0
284.8		289.6		2520		2		0
303.923		298.153		2451		2		0
311.966		290.934		2493		2		0
Frame 83
291.237		283.88		2738		2		0
289.939		248.614		2818		2		0
288.612		213.464		2803		2		0
290.289		195.57		2712		2		0
268.667		225.583		2815		2		0
267.316		256.485		2720		2		0
278.498		280.75		2580		2		0
278.761		285.418		2559		1		0
308.265		226.118		2807		2		0
312.25		256.682		2750		2		0
309.119		282.188		2564		2		0
306.536		288.934		2546		1		0
280.213		284.232		2561		2		0
276.993		299.109		2481		2		0
279.373		358.132		2431		2		0
278.477		372.543		2354		2		0
302.281		283.527		2599		2		0
305.448		300.514		2462		2		0
308.977		358.324		2438		2		0
312.393		371.863		2354		2		0
288.944		222.242		2813		2		0
280.356		293.349		2515		2		0
284.459		285.452		2567		2		0
303.249		297.249		2471		2		0
311.401		291.897		2519		2		0
Frame 84
291.108		283.096		2753		2		0
289.58		247.509		2840		2		0
287.967		212.441		2840		2		0
289.666		195.104		2750		2		0
267.727		222.592		2839		2		0
264.157		252.042		2761		2		0
276.468		276.209		2631		2		0
277.884		283.863		2604		1		0
307.531		225.113		2837		2		0
312.476		255.26		2780		2		0
309.322		277.341		2606		2		0
307.297		285.557		2555		2		0
280.079		283.38		2598		2		0
276.866		299.16		2490		2		0
279.43		358.086		2437		2		0
278.61		372.337		2355		2		0
302.158		282.812		2626		2		0
305.306		300.498		2469		2		0
309.252		357.801		2443		2		0
312.477		370.961		2367		2		0
288.373		221.147		2842		2		0
279.74		292.466		2533		2		0
283.164		282.658		2617		2		0
305.251		294		2507		2		0
312.505		288.4		2562		2		0
Frame 85
290.862		282.932		2779		2		0
289.1		247.494		2858		2		0
287.462		212.85		2874		2		0
288.965		195.589		2775		2		0
267.418		223.112		2869		2		0
262.477		252.321		2790		2		0
275.978		275.501		2666		2		0
277.37		283.323		2632		1		0
306.841		225.504		2866		2		0
312.568		255.218		2797		2		0
311.142		276.595		2628		2		0
307.694		283.957		2574		2		0
279.819		283.211		2629		2		0
276.71		299.476		2489		2		0
279.347		358.019		2437		2		0
278.825		372.104		2349		2		0
301.929		282.655		2645		2		0
305.26		300.432		2468		2		0
309.419		357.81		2439		2		0
312.841		371.098		2367		2		0
287.857		221.448		2863		2		0
280.006		291.5		2560		2		0
282.121		281.864		2647		2		0
305.143		292.285		2515		2		0
313.003		285.904		2591		2		0
Frame 86
290.638		283.357		2751		2		0
288.685		248.339		2861		2		0
286.8		214.322		2903		2		0
288.346		196.799		2815		2		0
267.016		224.645		2903		2		0
261.765		253.286		2818		2		0
275.518		276.254		2674		2		0
275.013		278.773		2667		1		0
306.401		226.879		2896		2		0
312.635		256.199		2823		2		0
307.642		275.004		2631		2		0
305.889		284.48		2582		1		0
279.612		283.637		2633		2		0
276.573		299.808		2490		2		0
279.334		358.043		2438		2		0
278.972		372.154		2356		2		0
301.688		283.081		2633		2		0
305.437		300.28		2472		2		0
309.667		357.739		2443		2		0
313.322		371.136		2364		2		0
287.27		222.725		2901		2		0
277.366		287.18		2607		2		0
279.829		276.539		2673		2		0
302.711		291.857		2528		2		0
308.126		287.874		2556		2		0
Frame 87
290.767		283.677		2729		2		0
288.642		248.615		2886		2		0
286.36		214.789		2920		2		0
287.947		197.713		2847		2		0
266.912		225.624		2925		2		0
262.381		254.477		2842		2		0
274.841		275.032		2680		2		0
275.543		277.672		2674		2		0
305.791		227.405		2924		2		0
312.022		256.413		2838		2		0
307.472		279.567		2600		1		0
304.899		289.13		2553		1		0
279.732		284.063		2630		2		0
276.543		299.985		2492		2		0
279.337		358.036		2432		2		0
279.042		372.144		2349		2		0
301.818		283.319		2630		2		0
305.698		299.921		2475		2		0
310.172		357.764		2437		2		0
314.595		371.199		2361		2		0
286.951		223.141		2928		2		0
282.717		284.355		2624		2		0
280.715		274.285		2694		2		0
302.47		296.157		2488		2		0
309.008		292.988		2532		2		0
Frame 88
290.595		283.899		2697		2		0
288.277		248.946		2884		2		0
286.073		215.153		2933		2		0
287.593		198.24		2852		2		0
266.765		226.348		2937		2		0
263.982		255.248		2861		2		0
275.007		275.171		2683		2		0
276.27		276.365		2680		2		0
305.41		227.516		2934		2		0
311.525		256.371		2849		2		0
306.297		272.319		2656		2		0
305.163		279.978		2598		2		0
279.565		284.267		2624		2		0
276.608		299.631		2492		2		0
279.309		358.284		2426		2		0
278.829		372.449		2352		2		0
301.641		283.556		2627		2		0
305.938		299.513		2481		2		0
311.698		358.287		2431		2		0
316.225		371.871		2358		2		0
286.616		223.495		2945		2		0
280.787		283.427		2625		2		0
280.118		273.485		2702		2		0
302.598		288.8		2562		2		0
309.766		280.814		2599		2		0
Frame 89
290.79		283.882		2676		2		0
288.328		248.757		2902		2		0
285.88		214.933		2953		2		0
287.344		198.3		2874		2		0
266.848		226.437		2949		2		0
265.268		255.021		2866		2		0
276.634		275.714		2687		2		0
280.026		281.032		2653		1		0
305.211		227.279		2944		2		0
310.632		255.927		2865		2		0
304.639		267.348		2696		2		0
303.479		273.593		2666		2		0
279.75		284.314		2632		2		0
276.676		299.29		2489		2		0
279.268		358.312		2427		2		0
278.637		372.456		2354		2		0
301.85		283.474		2613		2		0
306.172		299.435		2480		2		0
312.974		359.34		2430		2		0
317.584		372.227		2347		2		0
286.486		223.271		2948		2		0
284.008		289.416		2599		2		0
285.248		279.872		2670		2		0
302.142		281.142		2597		2		0
305.715		273.228		2656		2		0
Frame 90
290.735		283.757		2661		2		0
288.151		248.383		2915		2		0
285.603		214.424		2957		2		0
287.075		197.977		2891		2		0
266.946		226.287		2955		2		0
266.359		254.712		2862		2		0
276.551		275.866		2698		2		0
282.053		282.888		2638		2		0
305.21		226.78		2951		2		0
310.43		255.213		2860		2		0
297.417		270.614		2710		2		0
300.964		272.992		2672		2		0
279.68		284.21		2630		2		0
276.693		299.293		2487		2		0
279.154		358.297		2424		2		0
277.778		372.361		2346		2		0
301.799		283.295		2596		2		0
306.24		299.475		2479		2		0
313.418		359.376		2424		2		0
318.165		371.733		2355		2		0
286.231		222.779		2957		2		0
284.839		291.667		2588		2		0
287.633		281.539		2656		2		0
300.198		281.2		2618		2		0
304.003		272.024		2676		2		0
Frame 91
290.707		283.573		2665		2		0
288.073		248.074		2904		2		0
285.503		214.153		2967		2		0
286.897		197.831		2899		2		0
266.911		225.974		2958		2		0
266.733		254.509		2861		2		0
276.602		276.377		2706		2		0
282.05		282.982		2656		1		0
305.26		226.627		2955		2		0
312.273		255.037		2881		2		0
303.875		274.074		2685		2		0
301.667		273.537		2677		2		0
279.631		284.021		2633		2		0
276.736		299.221		2490		2		0
279.092		358.325		2426		2		0
277.67		372.377		2349		2		0
301.791		283.116		2617		2		0
306.403		299.515		2477		2		0
313.96		359.6		2425		2		0
318.628		371.753		2364		2		0
286.133		222.48		2958		2		0
284.505		291.752		2586		2		0
288		285.195		2648		2		0
298.606		281.461		2646		2		0
310.456		278.535		2694		2		0
Frame 92
290.59		283.461		2670		2		0
287.978		247.904		2904		2		0
285.502		214.001		2967		2		0
286.828		197.784		2900		2		0
266.966		226.031		2954		2		0
266.597		254.238		2863		2		0
281.558		274.163		2704		2		0
285.462		281.236		2664		2		0
305.298		226.553		2951		2		0
311.197		255.26		2870		2		0
299.768		268.874		2713		1		0
300.199		272.085		2699		2		0
279.455		283.873		2653		2		0
276.762		299.271		2489		2		0
279.07		358.356		2429		2		0
277.506		372.641		2353		2		0
301.721		283.039		2628		2		0
306.531		299.65		2477		2		0
314.038		359.693		2422		2		0
318.989		371.832		2366		2		0
286.104		222.318		2963		2		0
294.599		287.2		2632		2		0
292.853		280.714		2692		2		0
297.289		278.411		2665		2		0
308.002		276.223		2713		2		0
Frame 93
290.555		283.396		2679		2		0
287.956		247.836		2899		2		0
285.506		213.972		2965		2		0
286.787		197.759		2900		2		0
266.959		226.048		2950		2		0
266.489		254.348		2867		2		0
280.421		274.577		2705		2		0
283.639		281.661		2663		1		0
305.323		226.546		2953		2		0
310.818		255.31		2872		2		0
303.289		265.21		2778		2		0
299.814		272.261		2711		2		0
279.41		283.8		2650		2		0
276.762		299.285		2486		2		0
279.055		358.38		2425		2		0
277.483		372.723		2357		2		0
301.697		282.982		2639		2		0
306.639		299.696		2474		2		0
314.047		359.683		2420		2		0
319.299		372.089		2345		2		0
286.102		222.28		2959		2		0
286.114		289.111		2623		2		0
290.122		282.496		2688		2		0
297.213		278.652		2676		2		0
307.859		275.92		2725		2		0
Frame 94
290.525		283.369		2679		2		0
287.955		247.803		2890		2		0
285.54		213.943		2960		2		0
286.804		197.788		2907		2		0
266.984		226.102		2952		2		0
266.24		254.538		2869		2		0
280.183		274.078		2711		2		0
282.833		281.054		2675		1		0
305.333		226.543		2947		2		0
310.518		255.359		2874		2		0
303.114		265.236		2781		1		0
299.623		272.256		2706		2		0
279.362		283.778		2657		2		0
276.755		299.377		2489		2		0
279.069		358.3		2423		2		0
278.403		371.508		2359		2		0
301.68		282.951		2640		2		0
306.965		300.208		2471		2		0
314.292		359.686		2418		2		0
319.443		372.235		2349		2		0
286.127		222.252		2960		2		0
285.801		289		2622		2		0
288.538		281.624		2687		2		0
296.704		278.445		2674		2		0
307.223		276.662		2710		2		0
Frame 95
290.503		283.367		2667		2		0
287.957		247.795		2888		2		0
285.573		213.92		2955		2		0
286.823		197.782		2897		2		0
267.053		226.214		2944		2		0
266.079		254.725		2873		2		0
280		273.992		2713		2		0
282.566		280.582		2673		1		0
305.417		226.598		2946		2		0
314.148		254.674		2918		2		0
298.917		269.62		2711		2		0
299.468		272.136		2707		2		0
279.322		283.778		2657		2		0
276.663		300.25		2487		2		0
279.004		357.967		2415		2		0
278.444		371.312		2362		2		0
301.666		282.946		2637		2		0
306.971		300.321		2472		2		0
314.303		359.689		2418		2		0
319.469		372.271		2352		2		0
286.148		222.235		2953		2		0
285.25		287.25		2633		2		0
289.73		281.7		2686		2		0
295.302		278.615		2680		2		0
306.799		276.996		2724		2		0
Frame 96
290.303		283.35		2664		2		0
287.938		247.782		2879		2		0
285.695		213.831		2946		2		0
286.864		197.791		2901		2		0
267.306		225.969		2944		2		0
265.798		254.593		2871		2		0
277.142		275.582		2704		2		0
277.618		276.133		2700		1		0
305.587		226.7		2940		2		0
314.228		254.831		2899		2		0
298.904		269.528		2710		2		0
299.77		272.448		2699		2		0
279.068		283.693		2657		2		0
276.619		300.457		2483		2		0
278.982		357.617		2418		2		0
278.706		370.802		2366		2		0
301.513		282.985		2636		2		0
307.034		301.336		2472		2		0
314.321		359.709		2417		2		0
319.499		372.398		2354		2		0
286.209		222.178		2942		2		0
282.113		283.665		2658		2		0
282.223		273.058		2720		2		0
295.214		278.276		2675		2		0
307.065		276.968		2718		2		0
Frame 97
290.169		283.328		2659		2		0
287.948		247.763		2877		2		0
286.058		213.707		2941		2		0
287.092		197.725		2893		2		0
267.33		225.944		2942		2		0
265.8		254.572		2868		2		0
277.547		275.145		2706		2		0
277.865		275.962		2706		1		0
305.915		226.719		2933		2		0
314.45		254.91		2893		2		0
300.712		271.665		2705		2		0
299.984		272.785		2697		2		0
278.928		283.646		2661		2		0
276.577		300.676		2487		2		0
278.955		357.596		2421		2		0
278.732		370.739		2371		2		0
301.392		282.991		2640		2		0
307.013		301.34		2472		2		0
314.362		359.743		2414		2		0
319.6		372.485		2347		2		0
286.457		222.091		2937		2		0
283.445		283.221		2654		2		0
282.233		272.89		2726		2		0
294.729		279.262		2665		2		0
308.301		278.093		2696		2		0
Frame 98
290.051		283.35		2665		2		0
287.986		247.796		2877		2		0
286.438		213.763		2930		2		0
287.286		197.727		2878		2		0
267.37		225.922		2932		2		0
265.833		254.563		2870		2		0
277.872		274.883		2707		2		0
277.958		275.894		2702		2		0
306.294		226.883		2930		2		0
315.06		255.125		2905		2		0
299.397		270.003		2697		2		0
299.871		272.355		2695		2		0
278.814		283.63		2662		2		0
276.514		301.097		2483		2		0
278.925		357.516		2415		2		0
278.846		370.581		2367		2		0
301.272		283.053		2624		2		0
306.98		301.355		2472		2		0
314.382		359.784		2418		2		0
319.61		372.52		2351		2		0
286.753		222.152		2934		2		0
282.554		283.646		2660		2		0
282.996		272.992		2725		2		0
294.763		278.537		2680		2		0
307.001		277.998		2708		2		0
Frame 99
289.961		283.41		2668		2		0
288.068		247.874		2869		2		0
286.794		213.834		2925		2		0
287.505		197.749		2874		2		0
267.745		226.003		2925		2		0
265.812		254.847		2868		2		0
278.133		274.887		2707		2		0
277.825		276.757		2699		2		0
306.631		227.042		2921		2		0
313.252		255.832		2866		2		0
303.841		265.828		2763		2		0
299.824		272.876		2692		2		0
278.726		283.656		2664		2		0
276.439		301.266		2481		2		0
278.93		357.341		2420		2		0
278.944		370.117		2372		2		0
301.184		283.156		2632		2		0
307.039		302.411		2473		2		0
314.291		359.713		2421		2		0
319.179		372.055		2360		2		0
287.057		222.238		2930		2		0
284.402		283.399		2658		2		0
283.002		272.813		2750		2		0
294.465		279.175		2675		2		0
307.146		277.274		2708		2		0
Frame 100
289.867		283.499		2673		2		0
288.155		248.04		2871		2		0
287.094		213.954		2916		2		0
287.765		197.829		2862		2		0
268.203		226.21		2916		2		0
265.812		255.313		2862		2		0
278.086		274.915		2700		2		0
277.949		276.943		2696		1		0
307.078		227.372		2909		2		0
313.234		256.411		2858		2		0
298.728		271.559		2694		2		0
296.897		275.106		2682		2		0
278.643		283.708		2655		2		0
276.387		301.494		2483		2		0
278.896		357.368		2415		2		0
278.955		370.111		2367		2		0
301.083		283.294		2629		2		0
307.007		302.593		2468		2		0
314.233		359.852		2410		2		0
318.915		371.905		2358		2		0
287.318		222.383		2924		2		0
281.464		284.999		2647		2		0
282.494		273.487		2718		2		0
295.704		280.497		2659		2		0
300.845		279.321		2668		2		0
Frame 101
289.712		283.768		2665		2		0
288.237		248.288		2874		2		0
287.342		214.234		2909		2		0
287.978		197.975		2867		2		0
268.401		226.403		2916		2		0
265.82		255.589		2865		2		0
277.78		275.351		2706		2		0
277.649		277.265		2700		1		0
307.247		227.557		2914		2		0
313.195		256.68		2857		2		0
298.8		271.916		2692		2		0
296.836		276.808		2680		2		0
278.499		283.904		2660		2		0
276.355		301.595		2487		2		0
278.873		357.379		2416		2		0
278.993		370.044		2372		2		0
300.923		283.647		2630		2		0
307.038		302.871		2472		2		0
314.238		359.851		2419		2		0
318.68		371.688		2360		2		0
287.53		222.663		2926		2		0
280.183		285.363		2639		2		0
282.436		274.68		2704		2		0
294.328		283.166		2652		2		0
303.251		282.495		2647		2		0
Frame 102
289.607		283.972		2669		2		0
288.373		248.642		2847		2		0
287.703		214.578		2904		2		0
288.244		198.334		2854		2		0
268.59		226.537		2916		2		0
265.821		255.779		2864		2		0
276.46		276.352		2702		2		0
277.597		280.215		2686		1		0
307.472		227.778		2905		2		0
313.25		256.981		2861		2		0
297.611		271.138		2691		2		0
296.854		275.415		2684		2		0
278.407		284.047		2649		2		0
276.344		301.65		2479		2		0
278.872		357.447		2416		2		0
279.026		369.993		2378		2		0
300.811		283.925		2641		2		0
307.085		303.035		2468		2		0
314.224		359.851		2413		2		0
318.672		371.541		2367		2		0
287.842		223.017		2915		2		0
280.603		288.5		2606		2		0
282.223		276.576		2691		2		0
295.408		281.081		2659		2		0
299.378		279.494		2664		2		0
Frame 103
289.451		284.149		2654		2		0
288.526		248.841		2854		2		0
288.286		214.795		2897		2		0
288.559		198.51		2852		2		0
268.863		226.756		2905		2		0
265.871		256.093		2858		2		0
276.759		276.472		2703		2		0
277.015		278.779		2697		1		0
307.773		228.044		2901		2		0
313.37		257.348		2850		2		0
298.502		270.835		2705		1		0
296.9		275.881		2681		2		0
278.295		284.16		2652		2		0
276.341		301.653		2485		2		0
278.891		357.201		2416		2		0
279.021		369.954		2373		2		0
300.603		284.177		2628		2		0
307.061		302.997		2472		2		0
314.227		359.985		2412		2		0
318.631		371.507		2364		2		0
288.304		223.238		2911		2		0
279.717		287.143		2615		2		0
281.753		275.342		2694		2		0
295.374		281.074		2657		2		0
300.133		279.302		2665		2		0
Frame 104
289.363		284.297		2657		2		0
288.62		248.997		2856		2		0
288.515		214.883		2891		2		0
288.735		198.546		2836		2		0
268.999		226.981		2907		2		0
265.854		256.372		2866		2		0
276.851		276.668		2700		2		0
276.881		278.324		2696		1		0
307.94		228.192		2902		2		0
313.542		257.542		2853		2		0
300.704		273.852		2688		2		0
297.6		277.959		2666		2		0
278.198		284.281		2650		2		0
276.337		301.746		2482		2		0
278.887		357.193		2410		2		0
279.052		369.929		2372		2		0
300.531		284.34		2631		2		0
307.057		302.926		2469		2		0
314.218		359.98		2409		2		0
318.444		371.308		2366		2		0
288.508		223.356		2903		2		0
279.418		286.416		2627		2		0
283.001		278.5		2681		2		0
292.913		285.081		2645		2		0
303.93		282.849		2644		2		0
Frame 105
289.33		284.429		2656		2		0
288.766		249.179		2871		2		0
288.799		215.073		2895		2		0
288.854		198.606		2833		2		0
269.151		227.101		2897		2		0
265.913		256.524		2862		2		0
277.405		276.48		2703		2		0
277.1		278.115		2699		1		0
308.138		228.367		2896		2		0
313.635		257.759		2855		2		0
304.467		277.183		2708		2		0
300.647		283.23		2633		2		0
278.172		284.386		2646		2		0
276.317		301.811		2482		2		0
278.897		357.202		2422		2		0
279.065		369.899		2371		2		0
300.496		284.492		2624		2		0
307.063		302.909		2468		2		0
314.206		359.989		2408		2		0
318.072		371.021		2367		2		0
288.765		223.547		2909		2		0
279.905		286.206		2624		2		0
282.14		275.708		2695		2		0
297.54		292		2583		2		0
307.503		283.996		2636		2		0
Frame 106
289.284		284.536		2653		2		0
288.822		249.325		2855		2		0
288.878		215.214		2886		2		0
289.074		198.68		2829		2		0
269.233		227.169		2894		2		0
265.938		256.609		2864		2		0
277.355		276.544		2698		2		0
277.777		276.695		2698		2		0
308.325		228.519		2894		2		0
313.783		257.938		2857		2		0
302.691		275.451		2698		2		0
298.753		276.684		2677		2		0
278.123		284.475		2648		2		0
276.318		301.827		2481		2		0
278.908		357.17		2416		2		0
279.106		369.823		2375		2		0
300.456		284.612		2626		2		0
307.12		302.912		2472		2		0
314.181		359.941		2403		2		0
317.999		370.865		2371		2		0
288.845		223.693		2904		2		0
282.157		284.46		2648		2		0
281.797		272.591		2716		2		0
293.833		282.833		2648		2		0
303.713		280.537		2671		2		0
Frame 107
289.354		284.595		2657		2		0
288.98		249.471		2855		2		0
288.993		215.346		2885		2		0
289.143		198.75		2829		2		0
269.313		227.217		2893		2		0
265.979		256.681		2859		2		0
277.703		276.514		2695		2		0
281.413		283.166		2655		2		0
308.438		228.533		2896		2		0
313.797		257.984		2857		2		0
300.46		273.735		2685		2		0
297.535		278.37		2668		2		0
278.205		284.536		2642		2		0
276.314		301.817		2484		2		0
278.874		357.198		2420		2		0
279.135		369.797		2378		2		0
300.515		284.667		2631		2		0
307.206		302.952		2464		2		0
314.144		359.936		2411		2		0
317.995		370.854		2373		2		0
288.977		223.828		2905		2		0
283.672		292.002		2584		2		0
287.454		283.178		2659		2		0
295.458		283.232		2637		2		0
302.163		282.374		2648		2		0
Frame 108
289.431		284.749		2654		2		0
289.081		249.616		2856		2		0
289.074		215.455		2885		2		0
289.259		198.764		2828		2		0
269.362		227.311		2892		2		0
266.039		256.795		2858		2		0
277.918		276.437		2704		2		0
279.137		277.209		2690		2		0
308.568		228.603		2891		2		0
313.848		258.073		2849		2		0
300.139		273.408		2690		2		0
297.222		278.512		2669		2		0
278.285		284.682		2652		2		0
276.297		301.859		2484		2		0
278.868		357.22		2417		2		0
279.029		369.872		2378		2		0
300.59		284.823		2628		2		0
307.201		302.896		2471		2		0
314.157		359.905		2413		2		0
317.992		370.866		2365		2		0
289.065		223.945		2903		2		0
284.847		284.383		2642		2		0
283.997		274.245		2707		2		0
294.985		283.535		2648		2		0
300.301		283.198		2637		2		0
Frame 109
289.461		284.868		2652		2		0
289.168		249.765		2853		2		0
289.184		215.59		2879		2		0
289.317		198.786		2823		2		0
269.406		227.426		2891		2		0
266.09		256.937		2858		2		0
278.986		275.807		2699		2		0
279.061		276.696		2693		2		0
308.696		228.679		2889		2		0
313.898		258.171		2849		2		0
302.225		274.489		2690		2		0
297.719		278.816		2668		2		0
278.315		284.787		2647		2		0
276.29		301.861		2486		2		0
278.864		357.227		2419		2		0
279.033		369.877		2377		2		0
300.624		284.958		2625		2		0
307.201		302.858		2471		2		0
314.148		359.916		2403		2		0
317.976		370.881		2372		2		0
289.171		224.085		2894		2		0
284.185		284.271		2642		2		0
283.376		274.587		2712		2		0
295.053		283.664		2637		2		0
301.668		283.33		2633		2		0
Frame 110
289.493		284.923		2652		2		0
289.251		249.885		2862		2		0
289.284		215.739		2873		2		0
289.321		198.85		2832		2		0
269.475		227.529		2893		2		0
266.076		257.047		2857		2		0
279.037		275.845		2697		2		0
282.19		282.137		2657		2		0
308.747		228.736		2890		2		0
313.937		258.234		2851		2		0
301.802		274.362		2693		2		0
298.496		276.159		2670		2		0
278.363		284.843		2650		2		0
276.29		301.859		2484		2		0
278.863		357.218		2416		2		0
279.035		369.862		2376		2		0
300.645		285.009		2612		2		0
307.282		303.187		2464		2		0
314.173		359.877		2409		2		0
317.944		370.795		2372		2		0
289.269		224.228		2887		2		0
284.667		291.333		2601		2		0
288.197		282.659		2664		2		0
296.352		281.177		2649		2		0
302.945		280.254		2679		2		0
Frame 111
289.519		285.006		2649		2		0
289.334		250.019		2864		2		0
289.403		215.884		2881		2		0
289.341		198.874		2828		2		0
269.529		227.536		2892		2		0
266.072		257.06		2857		2		0
279.06		275.797		2694		2		0
282.22		282.07		2659		2		0
308.822		228.811		2889		2		0
313.96		258.322		2849		2		0
303.211		274.957		2718		2		0
298.213		279.09		2657		2		0
278.401		284.915		2644		2		0
276.282		301.872		2484		2		0
278.871		357.449		2421		2		0
279.057		369.977		2372		2		0
300.664		285.104		2622		2		0
307.303		303.225		2467		2		0
314.159		359.745		2411		2		0
317.755		370.554		2372		2		0
289.379		224.372		2895		2		0
284.5		290		2612		2		0
289.125		283.874		2659		2		0
295.188		283.529		2644		2		0
303.139		282.423		2647		2		0
Frame 112
289.555		285.083		2650		2		0
289.346		250.088		2855		2		0
289.357		215.938		2878		2		0
289.351		198.883		2814		2		0
269.535		227.577		2892		2		0
266.094		257.11		2856		2		0
277.088		276.987		2695		2		0
281.315		280.972		2672		2		0
308.884		228.886		2886		2		0
313.989		258.411		2850		2		0
300.2		272.985		2690		2		0
297.036		278.414		2667		2		0
278.439		284.999		2642		2		0
276.286		301.895		2485		2		0
278.875		357.444		2421		2		0
279.068		369.989		2374		2		0
300.699		285.174		2612		2		0
307.245		303.065		2470		2		0
314.146		359.751		2414		2		0
317.758		370.545		2379		2		0
289.352		224.431		2899		2		0
285.88		288.81		2623		2		0
285.996		278.882		2687		2		0
293.994		283.082		2647		2		0
300.233		282.304		2636		2		0
Frame 113
289.559		285.125		2651		2		0
289.377		250.152		2860		2		0
289.407		216.01		2876		2		0
289.32		198.949		2818		2		0
269.53		227.595		2885		2		0
266.084		257.131		2856		2		0
277.205		276.995		2696		2		0
281.01		281.647		2672		2		0
308.91		228.925		2882		2		0
314.017		258.455		2850		2		0
302.488		275.535		2700		2		0
298.501		281.372		2649		2		0
278.448		285.036		2637		2		0
276.272		301.914		2478		2		0
278.904		357.439		2418		2		0
279.098		369.967		2373		2		0
300.697		285.219		2615		2		0
307.25		303.067		2465		2		0
314.155		359.772		2410		2		0
317.759		370.591		2372		2		0
289.397		224.502		2892		2		0
284.004		290.375		2607		2		0
286.422		280.18		2671		2		0
296.494		289.667		2609		2		0
304.431		283.854		2632		2		0
Frame 114
289.594		285.16		2649		2		0
289.41		250.195		2852		2		0
289.432		216.046		2885		2		0
289.315		198.985		2816		2		0
269.501		227.626		2892		2		0
266.086		257.169		2855		2		0
277.644		276.813		2699		2		0
281.242		281.644		2667		2		0
308.911		228.933		2889		2		0
314.079		258.46		2856		2		0
301.945		275.098		2682		2		0
298.652		276.508		2671		2		0
278.495		285.078		2632		2		0
276.266		301.906		2481		2		0
278.897		357.357		2420		2		0
279.125		369.909		2375		2		0
300.722		285.248		2623		2		0
307.209		302.974		2464		2		0
314.129		359.797		2414		2		0
317.766		370.653		2375		2		0
289.425		224.54		2892		2		0
284.502		290.499		2607		2		0
286.78		280.417		2679		2		0
296.917		281.526		2658		2		0
303.213		280.986		2668		2		0
Frame 115
289.614		285.218		2656		2		0
289.441		250.265		2858		2		0
289.462		216.121		2877		2		0
289.292		199.031		2819		2		0
269.497		227.648		2892		2		0
266.028		257.188		2856		2		0
277.426		276.84		2701		2		0
278.99		278.529		2693		1		0
308.934		228.956		2882		2		0
314.11		258.483		2849		2		0
301.917		274.965		2684		2		0
298.793		276.667		2670		2		0
278.525		285.138		2636		2		0
276.266		301.92		2481		2		0
278.907		357.345		2424		2		0
279.122		369.946		2372		2		0
300.738		285.302		2628		2		0
307.181		302.94		2467		2		0
314.055		360.035		2412		2		0
317.776		370.689		2374		2		0
289.455		224.614		2895		2		0
283.457		286.453		2631		2		0
282.671		274.436		2709		2		0
295.193		281.196		2646		2		0
303.221		280.723		2673		2		0
Frame 116
289.57		285.279		2654		2		0
289.419		250.342		2857		2		0
289.454		216.164		2874		2		0
289.294		199.058		2812		2		0
269.498		227.646		2892		2		0
265.974		257.176		2862		2		0
277.155		276.836		2697		2		0
280.896		281.474		2670		2		0
308.959		228.993		2889		2		0
314.111		258.525		2853		2		0
301.903		274.903		2684		2		0
298.621		276.478		2672		2		0
278.487		285.172		2631		2		0
276.266		301.913		2482		2		0
278.921		357.392		2418		2		0
279.093		370.104		2368		2		0
300.686		285.403		2617		2		0
307.214		303.02		2469		2		0
314.033		360.043		2410		2		0
317.76		370.708		2370		2		0
289.443		224.665		2892		2		0
284.256		289.916		2619		2		0
287.166		281.998		2673		2		0
296.985		281.494		2653		2		0
303.783		279.71		2689		2		0
