back
Frame 0
258.538		238.756		1660		2		0
257.479		175.451		1635		2		0
256.358		111.404		1672		2		0
256.672		75.9931		1517		2		0
221.294		135.543		1667		2		0
214.89		193.69		1714		2		0
215.231		238.59		1693		2		0
218.058		251.051		1683		2		0
291.427		135.57		1658		2		0
302.809		191.113		1688		2		0
304.595		236.605		1674		2		0
301.377		249.46		1651		2		0
243.007		239.08		1694		2		0
241.845		308.607		1765		2		0
251.129		366.286		1902		2		0
243.749		385.34		1901		2		0
274.153		238.446		1685		2		0
282.325		309.721		1756		2		0
277.955		369.676		1871		2		0
277.361		390.574		1854		2		0
256.642		127.518		1654		2		0
220.501		263.716		1690		2		0
225.113		246.866		1693		2		0
298.545		263.73		1662		2		0
309.233		250.902		1679		2		0
Frame 1
258.537		238.758		1662		2		0
257.479		175.457		1636		2		0
256.36		111.413		1672		2		0
256.672		75.9973		1516		2		0
221.297		135.547		1669		2		0
214.89		193.691		1721		2		0
215.237		238.591		1696		2		0
218.007		250.937		1691		2		0
291.406		135.585		1654		2		0
302.78		191.14		1694		2		0
304.59		236.622		1671		2		0
301.395		249.383		1653		2		0
243.007		239.081		1696		2		0
241.836		308.59		1768		2		0
251.114		366.309		1909		2		0
243.349		385.143		1898		2		0
274.15		238.448		1684		2		0
282.327		309.732		1756		2		0
278.001		369.708		1885		2		0
277.443		390.613		1854		2		0
256.644		127.527		1659		2		0
221.335		263.78		1691		2		0
225.008		246.475		1696		2		0
298.804		263.5		1661		2		0
309.238		249.821		1682		2		0
Frame 2
258.535		238.755		1662		2		0
257.475		175.459		1635		2		0
256.357		111.424		1670		2		0
256.668		76.0007		1518		2		0
221.298		135.55		1666		2		0
214.894		193.693		1720		2		0
215.24		238.592		1692		2		0
218.047		250.973		1689		2		0
291.391		135.591		1657		2		0
302.757		191.141		1690		2		0
304.592		236.619		1670		2		0
301.412		249.449		1655		2		0
243.005		239.078		1698		2		0
241.841		308.583		1767		2		0
251.116		366.361		1912		2		0
243.783		385.438		1893		2		0
274.148		238.445		1687		2		0
282.324		309.812		1754		2		0
277.564		369.437		1875		2		0
278.025		390.317		1848		2		0
256.64		127.535		1656		2		0
220.265		263.2		1690		2		0
225.168		246.812		1698		2		0
298.803		263.5		1666		2		0
309.281		250.479		1683		2		0
Frame 3
258.536		238.754		1665		2		0
257.474		175.459		1637		2		0
256.354		111.426		1669		2		0
256.666		75.9987		1518		2		0
221.302		135.558		1667		2		0
214.891		193.702		1718		2		0
215.24		238.601		1691		2		0
218.186		251.117		1687		2		0
291.378		135.591		1661		2		0
302.753		191.134		1692		2		0
304.581		236.609		1672		2		0
301.389		249.342		1655		2		0
243.007		239.077		1694		2		0
241.856		309.067		1769		2		0
251.204		366.379		1912		2		0
246.542		385.772		1888		2		0
274.149		238.444		1684		2		0
282.322		309.955		1752		2		0
277.753		369.461		1872		2		0
278.06		390.376		1849		2		0
256.638		127.537		1653		2		0
220.834		263.835		1693		2		0
225.222		246.925		1698		2		0
299.801		262.869		1657		2		0
309.197		250.818		1683		2		0
Frame 4
258.531		238.756		1661		2		0
257.467		175.463		1638		2		0
256.348		111.429		1670		2		0
256.662		76.0002		1518		2		0
221.305		135.56		1668		2		0
214.888		193.696		1719		2		0
215.236		238.594		1686		2		0
218.107		251.005		1692		2		0
291.366		135.603		1660		2		0
302.715		191.191		1697		2		0
304.58		236.659		1672		2		0
301.412		249.409		1652		2		0
243.003		239.078		1694		2		0
241.855		309.069		1768		2		0
251.114		366.389		1910		2		0
244.003		385.587		1892		2		0
274.143		238.448		1689		2		0
282.247		309.723		1755		2		0
277.844		369.558		1885		2		0
277.862		390.485		1847		2		0
256.631		127.54		1657		2		0
220.463		263.539		1693		2		0
225.476		247.133		1697		2		0
298.911		263.547		1665		2		0
309.227		250.182		1682		2		0
Frame 5
258.537		238.754		1662		2		0
257.465		175.47		1635		2		0
256.332		111.453		1673		2		0
256.658		76.0159		1519		2		0
221.305		135.562		1670		2		0
214.881		193.688		1716		2		0
215.239		238.583		1692		2		0
218.062		251.171		1688		2		0
291.343		135.62		1657		2		0
302.709		191.189		1692		2		0
304.579		236.654		1674		2		0
301.369		249.494		1653		2		0
243.007		239.077		1694		2		0
241.846		308.941		1766		2		0
251.305		366.475		1909		2		0
243.395		385.285		1909		2		0
274.151		238.444		1685		2		0
282.276		309.942		1757		2		0
277.895		369.549		1885		2		0
277.991		390.481		1859		2		0
256.62		127.559		1656		2		0
220.742		263.914		1693		2		0
225.162		247.185		1693		2		0
299.188		263.455		1659		2		0
309.208		250.816		1681		2		0
Frame 6
258.539		238.753		1659		2		0
257.459		175.474		1637		2		0
256.304		111.465		1670		2		0
256.647		76.0215		1518		2		0
221.302		135.565		1670		2		0
214.878		193.695		1714		2		0
215.233		238.588		1694		2		0
218.058		251.081		1689		2		0
291.326		135.624		1657		2		0
302.705		191.22		1690		2		0
304.565		236.682		1673		2		0
301.35		249.331		1653		2		0
243.009		239.076		1690		2		0
241.817		308.82		1771		2		0
251.256		366.343		1908		2		0
245.691		385.921		1891		2		0
274.154		238.443		1687		2		0
282.241		309.588		1751		2		0
278.074		369.564		1879		2		0
277.881		390.494		1851		2		0
256.599		127.569		1659		2		0
220.354		263.716		1691		2		0
225.177		246.695		1698		2		0
299.43		262.787		1657		2		0
309.059		249.765		1683		2		0
Frame 7
258.538		238.753		1660		2		0
257.443		175.479		1633		2		0
256.269		111.476		1669		2		0
256.634		76.0394		1519		2		0
221.284		135.583		1667		2		0
214.879		193.701		1715		2		0
215.232		238.592		1693		2		0
217.892		251.098		1686		2		0
291.308		135.648		1659		2		0
302.688		191.2		1691		2		0
304.557		236.657		1672		2		0
301.23		249.345		1653		2		0
243.008		239.077		1697		2		0
241.815		308.804		1769		2		0
251.251		366.35		1909		2		0
246.85		386.077		1888		2		0
274.152		238.441		1685		2		0
282.25		309.695		1756		2		0
278.058		369.672		1881		2		0
277.895		390.607		1862		2		0
256.569		127.579		1656		2		0
220.847		264.079		1693		2		0
225.189		246.668		1697		2		0
299.431		262.787		1661		2		0
309.191		250.611		1677		2		0
Frame 8
258.53		238.743		1662		2		0
257.43		175.477		1636		2		0
256.255		111.479		1669		2		0
256.609		76.038		1520		2		0
221.254		135.571		1668		2		0
214.871		193.692		1720		2		0
215.215		238.581		1695		2		0
217.91		250.996		1684		2		0
291.293		135.662		1657		2		0
302.654		191.197		1688		2		0
304.568		236.644		1671		2		0
301.358		249.336		1657		2		0
243.002		239.066		1696		2		0
241.819		308.765		1772		2		0
251.252		366.305		1916		2		0
247.515		385.793		1888		2		0
274.143		238.432		1691		2		0
282.226		309.255		1756		2		0
278.085		369.76		1880		2		0
278.09		390.702		1854		2		0
256.555		127.58		1659		2		0
220.427		263.645		1690		2		0
225.242		247.052		1700		2		0
299.269		262.735		1655		2		0
309.126		249.901		1679		2		0
Frame 9
258.521		238.741		1660		2		0
257.411		175.48		1636		2		0
256.231		111.487		1673		2		0
256.587		76.0429		1520		2		0
221.229		135.559		1670		2		0
214.866		193.676		1716		2		0
215.212		238.562		1689		2		0
217.755		250.926		1687		2		0
291.261		135.674		1656		2		0
302.641		191.195		1689		2		0
304.561		236.64		1669		2		0
301.233		249.399		1653		2		0
242.991		239.065		1695		2		0
241.81		308.758		1771		2		0
251.208		366.323		1900		2		0
247.663		385.893		1883		2		0
274.136		238.429		1686		2		0
282.236		309.5		1751		2		0
278.07		369.753		1878		2		0
277.397		390.671		1857		2		0
256.532		127.587		1657		2		0
219.93		263.201		1693		2		0
225.295		247.015		1700		2		0
298.445		263.557		1664		2		0
309.093		250.273		1682		2		0
Frame 10
258.513		238.74		1660		2		0
257.392		175.484		1635		2		0
256.201		111.496		1673		2		0
256.567		76.0557		1520		2		0
221.225		135.563		1670		2		0
214.856		193.623		1718		2		0
215.185		238.506		1696		2		0
217.862		251.12		1688		2		0
291.232		135.69		1659		2		0
302.628		191.199		1691		2		0
304.562		236.644		1673		2		0
301.198		249.208		1654		2		0
242.983		239.065		1701		2		0
241.806		308.729		1769		2		0
251.203		366.403		1913		2		0
247.875		386.067		1877		2		0
274.129		238.427		1683		2		0
282.222		309.669		1751		2		0
278.09		369.839		1872		2		0
277.973		390.793		1851		2		0
256.504		127.595		1662		2		0
220.581		263.752		1691		2		0
225.228		246.822		1697		2		0
299.433		262.787		1656		2		0
309.077		250.45		1685		2		0
Frame 11
258.495		238.715		1664		2		0
257.357		175.476		1638		2		0
256.15		111.51		1672		2		0
256.538		76.0789		1520		2		0
221.202		135.553		1670		2		0
214.848		193.618		1714		2		0
215.173		238.497		1695		2		0
217.698		250.557		1685		2		0
291.182		135.675		1662		2		0
302.608		191.194		1694		2		0
304.55		236.632		1675		2		0
301.256		249.299		1655		2		0
242.973		239.046		1699		2		0
241.778		308.685		1772		2		0
251.151		366.465		1904		2		0
245.156		386.093		1893		2		0
274.105		238.396		1687		2		0
282.218		309.871		1756		2		0
277.627		369.69		1890		2		0
278.397		390.608		1847		2		0
256.457		127.603		1659		2		0
220.285		263.573		1692		2		0
224.851		248.753		1694		2		0
299.215		262.931		1657		2		0
309.107		250.351		1686		2		0
Frame 12
258.466		238.682		1662		2		0
257.311		175.446		1638		2		0
256.089		111.473		1672		2		0
256.499		76.0681		1521		2		0
221.172		135.51		1672		2		0
214.843		193.609		1720		2		0
215.158		238.485		1694		2		0
217.73		250.47		1687		2		0
291.157		135.675		1659		2		0
302.578		191.184		1692		2		0
304.553		236.614		1674		2		0
301.143		249.263		1656		2		0
242.952		239.016		1701		2		0
241.707		308.586		1775		2		0
251.186		366.451		1903		2		0
246.933		385.876		1891		2		0
274.067		238.361		1686		2		0
282.193		309.967		1759		2		0
277.744		369.722		1877		2		0
278.122		390.654		1850		2		0
256.4		127.569		1661		2		0
220.467		263.001		1696		2		0
225.014		246.848		1701		2		0
299.069		262.869		1656		2		0
308.966		250.77		1679		2		0
Frame 13
258.42		238.645		1662		2		0
257.261		175.424		1640		2		0
256.041		111.454		1673		2		0
256.466		76.0769		1521		2		0
221.156		135.512		1669		2		0
214.838		193.623		1721		2		0
215.132		238.491		1694		2		0
217.625		250.324		1689		2		0
291.129		135.667		1660		2		0
302.553		191.173		1692		2		0
304.523		236.595		1676		2		0
301.168		249.194		1655		2		0
242.913		238.978		1702		2		0
241.69		308.554		1771		2		0
251.168		366.437		1903		2		0
244.106		385.647		1892		2		0
274.012		238.325		1689		2		0
282.214		310.014		1760		2		0
277.406		369.248		1885		2		0
278.55		390.02		1857		2		0
256.352		127.55		1657		2		0
220.618		263.078		1695		2		0
225.048		245.817		1701		2		0
298.835		262.668		1665		2		0
308.937		251.19		1680		2		0
Frame 14
258.415		238.592		1668		2		0
257.233		175.409		1636		2		0
255.999		111.452		1671		2		0
256.44		76.0847		1520		2		0
221.137		135.497		1669		2		0
214.812		193.613		1719		2		0
215.143		238.474		1695		2		0
217.747		250.284		1688		2		0
291.1		135.66		1658		2		0
302.531		191.171		1689		2		0
304.499		236.591		1671		2		0
301.122		249.043		1656		2		0
242.914		238.927		1704		2		0
241.665		308.515		1770		2		0
251.146		366.431		1911		2		0
246.018		385.854		1880		2		0
274.004		238.271		1692		2		0
282.2		310.024		1761		2		0
277.707		369.3		1883		2		0
278.318		390.171		1845		2		0
256.313		127.546		1658		2		0
220		263.144		1697		2		0
224.921		246.777		1695		2		0
298.932		262.623		1668		2		0
308.696		251.187		1676		2		0
Frame 15
258.429		238.5		1668		2		0
257.2		175.394		1639		2		0
255.948		111.458		1675		2		0
256.414		76.0871		1520		2		0
221.117		135.483		1670		2		0
214.792		193.561		1722		2		0
215.129		238.408		1696		2		0
217.657		250.289		1691		2		0
291.059		135.635		1663		2		0
302.492		191.162		1694		2		0
304.462		236.57		1677		2		0
301.055		248.78		1657		2		0
242.941		238.845		1708		2		0
241.656		308.479		1772		2		0
251.143		366.466		1908		2		0
246.982		385.987		1890		2		0
274.004		238.167		1700		2		0
282.204		310.073		1761		2		0
277.724		369.466		1880		2		0
278.319		390.362		1856		2		0
256.266		127.55		1650		2		0
220.183		263.577		1700		2		0
225.129		250.408		1702		2		0
299.155		261.847		1663		2		0
308.463		249.227		1683		2		0
Frame 16
258.419		238.402		1672		2		0
257.152		175.389		1641		2		0
255.881		111.487		1675		2		0
256.347		76.1372		1519		2		0
221.065		135.475		1669		2		0
214.767		193.486		1722		2		0
215.127		238.301		1696		2		0
217.628		250.116		1692		2		0
291.006		135.613		1661		2		0
302.461		191.112		1692		2		0
304.379		236.511		1680		2		0
300.989		248.924		1662		2		0
242.948		238.752		1708		2		0
241.65		308.587		1772		2		0
251.145		366.503		1903		2		0
245.35		386.212		1891		2		0
273.983		238.065		1697		2		0
282.206		310.081		1764		2		0
277.788		369.859		1873		2		0
278.439		390.776		1847		2		0
256.202		127.575		1659		2		0
220.401		262.902		1693		2		0
223.869		245.742		1695		2		0
299.004		261.787		1659		2		0
308.473		249.93		1686		2		0
Frame 17
258.317		238.275		1672		2		0
257.046		175.381		1646		2		0
255.786		111.515		1671		2		0
256.199		76.2229		1518		2		0
221.025		135.483		1672		2		0
214.756		193.387		1729		2		0
215.132		238.163		1704		2		0
217.668		249.915		1696		2		0
290.95		135.616		1657		2		0
302.392		191.062		1695		2		0
304.319		236.452		1681		2		0
301.013		248.719		1662		2		0
242.883		238.632		1713		2		0
241.64		308.535		1769		2		0
251.151		366.502		1909		2		0
245.408		386.229		1885		2		0
273.845		237.931		1694		2		0
282.12		309.155		1764		2		0
277.777		370.069		1875		2		0
278.571		391.029		1848		2		0
256.103		127.6		1659		2		0
220.557		262.669		1699		2		0
224.724		246.607		1700		2		0
299.01		261.771		1666		2		0
308.214		249.106		1692		2		0
Frame 18
258.205		238.072		1678		2		0
256.96		175.365		1646		2		0
255.733		111.543		1673		2		0
256.034		76.2705		1519		2		0
220.918		135.483		1681		2		0
214.691		193.127		1731		2		0
215.149		237.798		1706		2		0
217.675		249.685		1701		2		0
290.82		135.622		1663		2		0
302.342		190.976		1699		2		0
304.227		236.333		1685		2		0
300.995		248.626		1667		2		0
242.805		238.425		1714		2		0
241.635		308.453		1773		2		0
251.068		366.558		1911		2		0
245.207		386.25		1890		2		0
273.698		237.73		1700		2		0
282.076		309.288		1762		2		0
277.777		369.968		1878		2		0
278.575		390.937		1852		2		0
256.041		127.627		1667		2		0
219.585		262.167		1705		2		0
224.283		246.678		1706		2		0
298.952		261.846		1672		2		0
308.052		248.419		1696		2		0
Frame 19
258.157		237.89		1685		2		0
256.898		175.367		1654		2		0
255.687		111.572		1672		2		0
255.843		76.3391		1516		2		0
220.823		135.46		1682		2		0
214.648		192.922		1735		2		0
215.116		237.476		1705		2		0
217.831		249.134		1704		2		0
290.685		135.581		1665		2		0
302.309		190.783		1702		2		0
304.197		236.098		1686		2		0
300.738		248.224		1669		2		0
242.798		238.239		1724		2		0
241.626		308.37		1771		2		0
251.074		366.568		1906		2		0
245.209		386.259		1890		2		0
273.615		237.552		1705		2		0
282.107		308.871		1761		2		0
277.772		369.989		1887		2		0
278.558		390.962		1849		2		0
255.988		127.66		1663		2		0
220		261.667		1708		2		0
223.899		244.709		1705		2		0
298.933		261.104		1676		2		0
308.179		248.393		1695		2		0
Frame 20
258.109		237.723		1686		2		0
256.826		175.416		1653		2		0
255.615		111.662		1674		2		0
255.489		76.5084		1515		2		0
220.742		135.446		1686		2		0
214.62		192.653		1744		2		0
215.111		237.035		1707		2		0
217.272		248.818		1702		2		0
290.54		135.588		1663		2		0
302.308		190.623		1701		2		0
304.224		235.899		1689		2		0
300.983		248.022		1676		2		0
242.807		238.07		1726		2		0
241.619		308.249		1778		2		0
251.064		366.577		1900		2		0
246.01		386.506		1886		2		0
273.519		237.388		1714		2		0
282.105		308.984		1765		2		0
277.804		369.961		1881		2		0
278.329		390.933		1851		2		0
255.912		127.755		1663		2		0
219.615		260.925		1707		2		0
224.07		245.238		1717		2		0
298.807		260.906		1676		2		0
308.464		248.819		1696		2		0
Frame 21
258.083		237.454		1696		2		0
256.725		175.492		1667		2		0
255.504		111.779		1669		2		0
254.952		76.7829		1513		2		0
220.574		135.52		1689		2		0
214.582		192.411		1752		2		0
215.041		236.632		1718		2		0
217.177		248.278		1712		2		0
290.324		135.584		1664		2		0
302.349		190.285		1702		2		0
304.311		235.478		1690		2		0
301.278		247.766		1675		2		0
242.87		237.814		1733		2		0
241.614		308.185		1774		2		0
249.893		365.764		1910		2		0
249.483		385.202		1879		2		0
273.407		237.105		1715		2		0
282.08		308.552		1766		2		0
277.822		369.991		1881		2		0
277.993		390.961		1849		2		0
255.802		127.876		1665		2		0
219.839		261.082		1715		2		0
223.77		245.172		1714		2		0
298.884		261.113		1686		2		0
308.93		247.139		1700		2		0
Frame 22
258.011		237.264		1699		2		0
256.611		175.658		1664		2		0
255.371		112.005		1673		2		0
254.318		77.2304		1513		2		0
220.415		135.601		1687		2		0
214.671		192.326		1754		2		0
214.859		236.36		1727		2		0
217.047		247.875		1721		2		0
290.096		135.588		1663		2		0
302.479		190.182		1707		2		0
304.517		235.322		1695		2		0
301.598		247.645		1681		2		0
242.885		237.618		1738		2		0
241.623		308.098		1777		2		0
250.15		365.924		1907		2		0
249.315		385.484		1878		2		0
273.254		236.92		1721		2		0
282.102		308.697		1762		2		0
277.867		370.041		1885		2		0
278.13		391.007		1858		2		0
255.671		128.109		1671		2		0
219.511		260.733		1722		2		0
223.479		244.347		1724		2		0
299.209		261.195		1694		2		0
309.428		246.139		1710		2		0
Frame 23
257.99		237.079		1709		2		0
256.524		175.908		1674		2		0
255.229		112.357		1675		2		0
253.491		77.8664		1509		2		0
220.212		135.803		1698		2		0
214.739		192.2		1766		2		0
214.739		236.016		1732		2		0
216.555		247.706		1726		2		0
289.77		135.584		1664		2		0
302.681		189.894		1708		2		0
304.718		234.984		1699		2		0
302.112		247.76		1681		2		0
242.926		237.456		1748		2		0
241.641		307.962		1780		2		0
250.432		366.065		1903		2		0
244.18		385.551		1898		2		0
273.165		236.711		1723		2		0
282.094		308.735		1767		2		0
277.932		370.085		1882		2		0
278.164		391.039		1837		2		0
255.539		128.466		1669		2		0
218.872		260.132		1728		2		0
223.446		245.439		1735		2		0
299.726		261.013		1696		2		0
309.606		246.302		1709		2		0
Frame 24
258.108		236.924		1722		2		0
256.422		176.241		1679		2		0
254.972		112.834		1665		2		0
252.494		78.641		1510		2		0
219.973		136.152		1695		2		0
214.757		192.191		1774		2		0
214.508		235.805		1743		2		0
216.289		247.402		1739		2		0
289.289		135.672		1667		2		0
302.935		189.838		1710		2		0
305.054		234.871		1700		2		0
302.843		247.693		1685		2		0
243.154		237.315		1764		2		0
241.617		307.835		1784		2		0
250.518		366.223		1904		2		0
245.932		386.272		1887		2		0
273.184		236.541		1740		2		0
282.143		309.614		1768		2		0
277.95		370.132		1887		2		0
278.187		391.085		1850		2		0
255.318		128.927		1677		2		0
218.2		259.801		1739		2		0
222.709		245.09		1743		2		0
299.787		261.189		1701		2		0
310.096		249.954		1710		2		0
Frame 25
258.11		236.922		1730		2		0
256.348		176.697		1688		2		0
254.789		113.417		1669		2		0
251.231		79.9692		1507		2		0
219.768		136.709		1704		2		0
214.705		192.451		1791		2		0
214.541		235.761		1754		2		0
215.957		247.254		1750		2		0
288.758		135.868		1668		2		0
303.285		189.776		1712		2		0
305.434		234.766		1699		2		0
303.708		248.12		1684		2		0
243.186		237.316		1776		2		0
241.593		307.722		1786		2		0
249.515		366.18		1902		2		0
245.607		386.044		1894		2		0
273.155		236.536		1752		2		0
282.148		309.272		1766		2		0
278.021		370.225		1875		2		0
278.415		391.2		1843		2		0
255.166		129.493		1679		2		0
218.201		259.935		1751		2		0
222.609		244.766		1753		2		0
300.106		261.548		1702		2		0
311.599		250.451		1711		2		0
Frame 26
258.325		237.086		1741		2		0
256.217		177.484		1698		2		0
254.322		114.531		1668		2		0
249.985		81.4023		1504		2		0
219.619		137.526		1715		2		0
214.75		193.157		1800		2		0
214.417		236.223		1773		2		0
215.654		247.779		1764		2		0
288.047		136.195		1671		2		0
303.624		189.698		1714		2		0
305.911		234.606		1700		2		0
304.489		247.748		1685		2		0
243.448		237.536		1788		2		0
241.611		308.736		1794		2		0
249.702		366.362		1906		2		0
244.9		385.864		1895		2		0
273.323		236.643		1754		2		0
282.25		309.647		1769		2		0
278.09		370.346		1870		2		0
278.132		391.3		1843		2		0
254.779		130.567		1681		2		0
218.8		260.601		1773		2		0
221.879		244.121		1769		2		0
301.705		261.73		1702		2		0
312.379		245.724		1716		2		0
Frame 27
258.531		237.455		1754		2		0
256.104		178.456		1708		2		0
253.847		115.888		1649		2		0
248.513		83.4197		1507		2		0
219.357		138.746		1722		2		0
214.926		193.712		1813		2		0
214.368		236.481		1789		2		0
215.508		247.966		1785		2		0
287.218		136.912		1674		2		0
303.952		189.904		1717		2		0
306.419		234.713		1704		2		0
305.257		248.581		1688		2		0
243.804		237.987		1799		2		0
241.804		309.615		1799		2		0
250.367		366.649		1909		2		0
244.924		385.95		1894		2		0
273.378		236.93		1766		2		0
282.309		309.814		1768		2		0
278.17		370.535		1885		2		0
278.128		391.458		1861		2		0
254.407		131.837		1687		2		0
217.266		260.134		1788		2		0
221.959		246.103		1788		2		0
302		262.835		1702		2		0
313.333		247.497		1716		2		0
Frame 28
259.089		237.95		1771		2		0
256.075		179.764		1717		2		0
253.185		117.815		1671		2		0
246.696		86.0662		1509		2		0
218.963		140.75		1726		2		0
215.152		195.039		1830		2		0
214.262		237.411		1804		2		0
215.357		248.609		1808		2		0
286.165		137.874		1677		2		0
304.266		190.106		1720		2		0
306.909		234.812		1705		2		0
305.875		249.145		1691		2		0
244.542		238.602		1812		2		0
241.87		309.216		1802		2		0
250.6		366.708		1906		2		0
244.761		385.827		1893		2		0
273.774		237.31		1781		2		0
282.497		310.772		1772		2		0
277.568		370.279		1881		2		0
278.496		391.225		1853		2		0
253.914		133.63		1692		2		0
217.095		261.092		1818		2		0
221.429		247.02		1808		2		0
302.545		263.729		1705		2		0
313.929		250.573		1712		2		0
Frame 29
259.358		238.615		1782		2		0
255.949		181.28		1729		2		0
252.496		120.16		1676		2		0
244.706		89.1184		1508		2		0
218.788		143.054		1735		2		0
215.302		196.429		1844		2		0
214.214		238.416		1827		2		0
215.422		249.726		1832		2		0
284.96		139.297		1682		2		0
304.557		190.569		1725		2		0
307.331		235.179		1703		2		0
306.802		249.423		1694		2		0
244.855		239.302		1833		2		0
241.941		308.689		1806		2		0
250.57		366.955		1902		2		0
244.379		386.085		1893		2		0
274.01		237.935		1794		2		0
282.578		310.794		1766		2		0
277.836		370.411		1880		2		0
278.45		391.313		1849		2		0
253.388		135.778		1700		2		0
217		262.112		1838		2		0
221.515		249.61		1831		2		0
304.565		263.688		1700		2		0
314.759		249.067		1720		2		0
Frame 30
259.817		239.414		1798		2		0
255.753		183.193		1746		2		0
251.56		122.938		1673		2		0
242.899		92.3499		1512		2		0
218.665		145.683		1749		2		0
215.232		198.143		1862		2		0
215		239.603		1852		2		0
215.028		248.451		1847		2		0
283.597		141.147		1689		2		0
304.725		191.143		1721		2		0
307.826		235.624		1707		2		0
307.256		251.209		1694		2		0
245.387		240.159		1845		2		0
242.153		309.291		1810		2		0
250.634		366.947		1907		2		0
244.986		386.254		1893		2		0
274.399		238.672		1804		2		0
282.702		310.743		1775		2		0
277.532		369.829		1872		2		0
278.659		390.741		1854		2		0
252.641		138.387		1710		2		0
216.475		262.633		1858		2		0
222.049		247.17		1861		2		0
304.898		264.895		1706		2		0
316.001		254.182		1733		2		0
Frame 31
259.913		240.323		1812		2		0
255.555		185.042		1760		2		0
250.95		125.597		1688		2		0
240.782		96.2212		1516		2		0
218.775		148.641		1759		2		0
215.408		200.63		1883		2		0
214.643		241.715		1879		2		0
215.234		249.266		1872		2		0
282.43		142.887		1688		2		0
304.828		191.878		1727		2		0
308.318		236.252		1704		2		0
307.578		252.308		1695		2		0
245.649		241.093		1856		2		0
242.17		308.247		1811		2		0
250.599		366.945		1910		2		0
244.656		386.272		1896		2		0
274.351		239.554		1825		2		0
282.943		310.815		1778		2		0
277.414		369.604		1875		2		0
278.739		390.484		1857		2		0
252.142		140.869		1711		2		0
216.137		262.909		1889		2		0
222.665		247.396		1893		2		0
305.959		265.771		1702		2		0
315.74		253.576		1719		2		0
Frame 32
260.765		241.669		1826		2		0
255.373		185.989		1772		2		0
249.906		126.416		1661		2		0
238.781		100.101		1520		2		0
218.766		152.232		1777		2		0
215.757		202.3		1904		2		0
215.382		242.723		1905		2		0
215.68		250.403		1899		2		0
280.956		145.092		1696		2		0
304.906		192.496		1726		2		0
308.71		236.8		1707		2		0
307.894		253.475		1698		2		0
246.712		242.654		1873		2		0
242.245		308.66		1825		2		0
250.433		367.19		1911		2		0
245.151		386.973		1884		2		0
274.996		240.691		1837		2		0
283.148		311.392		1784		2		0
277.344		369.587		1878		2		0
277.751		390.333		1845		2		0
251.446		141.664		1729		2		0
217.168		264.056		1922		2		0
222.454		249.708		1911		2		0
306.168		266.957		1701		2		0
315.816		256.369		1723		2		0
Frame 33
260.627		242.879		1844		2		0
254.618		188.487		1786		2		0
248.35		128.962		1655		2		0
236.422		104.661		1528		2		0
218.708		155.704		1789		2		0
216.12		205.875		1926		2		0
215.722		245.581		1926		2		0
216.319		251.788		1924		2		0
279.738		147.357		1703		2		0
304.815		193.156		1733		2		0
308.844		237.414		1701		2		0
308.143		254.129		1701		2		0
246.827		243.805		1890		2		0
242.337		308.3		1838		2		0
250.312		366.959		1899		2		0
245.281		386.876		1883		2		0
274.614		241.951		1850		2		0
283.393		312.147		1791		2		0
277.336		369.533		1871		2		0
278.261		390.368		1856		2		0
250.05		144.283		1734		2		0
217.499		264.889		1950		2		0
222.937		251.223		1932		2		0
307.487		266.998		1700		2		0
316.722		256.999		1729		2		0
Frame 34
261.449		244.181		1868		2		0
254.515		190.84		1804		2		0
247.148		131.944		1672		2		0
234.38		108.65		1541		2		0
218.628		160.003		1807		2		0
216.247		209.182		1956		2		0
216.4		248.346		1958		2		0
217.588		257.83		2009		2		0
278.364		150.249		1712		2		0
304.629		193.955		1738		2		0
309.093		239.331		1704		2		0
308.042		256.006		1703		2		0
248.06		245.275		1907		2		0
242.715		308.22		1837		2		0
249.176		366.735		1914		2		0
246.049		387.096		1880		2		0
275.091		243.091		1858		2		0
283.815		312.756		1799		2		0
277.914		369.998		1876		2		0
278.029		390.863		1851		2		0
249.096		147.195		1752		2		0
218.499		267.5		1990		2		0
223.946		255.347		1970		2		0
307.565		268.967		1707		2		0
315.135		257.776		1727		2		0
Frame 35
262.07		245.407		1877		2		0
254.325		193.526		1816		2		0
245.755		136.134		1683		2		0
232.426		113.181		1550		2		0
218.622		162.56		1821		2		0
216.966		211.365		1968		2		0
217.473		249.768		1985		2		0
218.484		258.653		2037		2		0
276.737		153.335		1726		2		0
304.142		195.322		1742		2		0
309.007		241.803		1704		2		0
307.73		258.841		1706		2		0
248.718		246.461		1926		2		0
243.101		308.516		1844		2		0
249.334		366.984		1907		2		0
245.893		387.309		1877		2		0
275.642		244.339		1873		2		0
283.966		313.311		1810		2		0
278.358		370.351		1881		2		0
278.094		391.257		1853		2		0
248.016		151.052		1761		2		0
218.501		267.501		2021		2		0
224.784		257.092		2009		2		0
307.802		271.998		1710		2		0
315.395		260.69		1723		2		0
Frame 36
262.432		245.202		1899		2		0
253.838		197.189		1839		2		0
244.58		140.349		1702		2		0
230.255		118.13		1567		2		0
218.674		165.994		1843		2		0
217.289		212.922		1995		2		0
218.647		250.427		2022		2		0
219.616		259.534		2067		2		0
275.175		156.749		1741		2		0
303.058		198.022		1745		2		0
308.642		243.568		1709		2		0
307.52		260.156		1707		2		0
249.683		245.763		1943		2		0
243.49		308.944		1847		2		0
249.459		367.013		1907		2		0
245.719		387.243		1881		2		0
275.421		244.639		1897		2		0
283.973		314.242		1814		2		0
278.759		370.395		1886		2		0
278.033		391.286		1841		2		0
246.977		155.3		1781		2		0
220.999		269		2059		2		0
225.654		258.267		2037		2		0
307.705		273.025		1709		2		0
315.581		263.374		1725		2		0
Frame 37
264.205		247.852		1923		2		0
254.614		199.098		1858		2		0
244.293		143.586		1726		2		0
228.788		123.009		1582		2		0
218.525		173.712		1874		2		0
218.405		219.508		2032		2		0
220.374		256.091		2061		2		0
221.1		263.528		2117		2		0
274.43		160.153		1750		2		0
302.615		205.467		1749		2		0
307.684		249.647		1717		2		0
306.516		264.654		1706		2		0
251.58		248.998		1957		2		0
239.522		305.644		1861		2		0
245.396		383.501		1895		2		0
253.238		369.558		1915		2		0
277.078		246.757		1909		2		0
286.794		305.17		1810		2		0
279.16		370.057		1882		2		0
272.96		389.707		1895		2		0
247.029		158.339		1800		2		0
223		269.75		2096		2		0
226.702		260.603		2080		2		0
306.703		277.654		1716		2		0
315.215		267.142		1737		2		0
Frame 38
264.778		249.828		1943		2		0
254.7		202.289		1886		2		0
243.311		147.892		1739		2		0
227.194		127.882		1599		2		0
218.502		176.325		1896		2		0
218.632		221.109		2055		2		0
221.017		256.563		2095		2		0
222.199		264.373		2156		2		0
273.178		164.242		1770		2		0
301.873		207.214		1761		2		0
307.325		251.346		1719		2		0
305.891		267.366		1706		2		0
252.243		251.1		1975		2		0
239.467		304.852		1866		2		0
245.021		382.434		1894		2		0
256.521		370.234		1936		2		0
277.58		248.549		1931		2		0
286.788		305.349		1818		2		0
279.409		369.934		1883		2		0
272.173		389.13		1881		2		0
246.327		162.221		1817		2		0
224.816		270.636		2129		2		0
227.297		262.119		2109		2		0
305.532		280.793		1717		2		0
315.168		270		1747		2		0
Frame 39
265.561		251.487		1965		2		0
254.724		205.281		1904		2		0
242.294		152.839		1776		2		0
225.828		133.796		1626		2		0
218.805		180.947		1920		2		0
218.939		224.135		2082		2		0
222.724		258.569		2129		2		0
222.465		263.121		2152		2		0
272.233		168.104		1795		2		0
300.781		209.833		1770		2		0
306.333		255.471		1727		2		0
304.866		270.304		1708		2		0
253.093		252.728		1992		2		0
240.048		303.77		1882		2		0
250.086		369.096		1918		2		0
246.401		387.419		1876		2		0
278.314		250.217		1944		2		0
286.471		304.597		1823		2		0
279.438		369.89		1891		2		0
271.128		388.528		1922		2		0
245.584		166.65		1841		2		0
221.714		271.429		2164		2		0
229.249		259.879		2143		2		0
304.603		283.723		1720		2		0
312.469		271.687		1725		2		0
Frame 40
264.463		252.879		1987		2		0
253.565		208.079		1929		2		0
241.15		157.003		1810		2		0
224.977		138.377		1650		2		0
218.659		184.238		1952		2		0
219.598		225.661		2119		2		0
222.823		259.431		2166		2		0
223.439		264.353		2182		2		0
271.076		171.488		1810		2		0
299.539		214.768		1772		2		0
305.201		258.216		1736		2		0
303.542		272.781		1705		2		0
252.127		253.981		2017		2		0
241.473		302.935		1885		2		0
250.615		370.047		1920		2		0
246.191		387.597		1880		2		0
277.101		251.754		1961		2		0
286.303		302.593		1828		2		0
279.471		369.912		1882		2		0
269.576		387.558		1974		2		0
244.426		170.453		1871		2		0
225.163		274.333		2211		2		0
229.636		260.816		2176		2		0
303.415		285.915		1718		2		0
312.143		275.618		1735		2		0
Frame 41
264.918		254.002		2017		2		0
253.717		210.28		1953		2		0
240.91		160.935		1814		2		0
224.012		144.021		1685		2		0
218.741		188.231		1984		2		0
220.397		227.57		2133		2		0
222.758		259.831		2205		2		0
223.916		267.466		2222		2		0
269.922		174.489		1833		2		0
298.435		216.403		1788		2		0
304.265		259.563		1734		2		0
302.133		275.735		1706		2		0
252.707		255.315		2037		2		0
241.949		303.081		1900		2		0
250.993		370.325		1929		2		0
245.921		387.353		1878		2		0
277.436		252.676		1977		2		0
285.477		302.855		1841		1		0
279.583		369.888		1886		2		0
269.511		387.428		1979		2		0
244.289		173.884		1906		2		0
225.247		275.749		2250		2		0
229.364		263.814		2206		2		0
301.87		288.913		1718		2		0
311.048		279.522		1734		2		0
Frame 42
263.988		256.388		2045		2		0
252.677		214.276		1992		2		0
239.894		166.647		1850		2		0
223.098		150.252		1722		2		0
218.861		193.5		2021		2		0
221.181		230.006		2175		2		0
223.667		262.808		2250		2		0
224.034		269.229		2261		2		0
268.853		178.938		1860		2		0
296.557		217.927		1799		2		0
299.435		270.584		1720		2		0
300.528		280.65		1702		2		0
251.851		257.857		2053		2		0
242.498		300.557		1919		2		0
250.492		369.794		1929		2		0
245.965		386.948		1877		2		0
276.429		254.895		1999		2		0
284.603		300.8		1847		1		0
279.662		369.88		1882		2		0
269.31		387.223		1971		2		0
243.25		179.155		1934		2		0
225.713		276.429		2290		2		0
227.506		271.156		2289		2		0
299.969		293.042		1736		2		0
310.314		280.938		1737		2		0
Frame 43
266.342		259.651		2052		2		0
255.262		218.705		2022		2		0
242.547		173.25		1955		2		0
224.33		154.77		1756		2		0
219.163		195.768		2057		2		0
222.348		232.738		2202		2		0
224.056		264.204		2286		2		0
224.317		267.006		2289		2		0
267.505		182.574		1893		2		0
294.267		219.708		1812		2		0
298.979		270.729		1726		2		0
298.625		281.692		1703		2		0
255.257		261.978		2094		2		0
240.564		303.428		1932		2		0
250.173		369.672		1922		2		0
243.996		387.361		1870		2		0
277.914		257.407		2021		2		0
283.301		290.971		1882		2		0
281.544		375.798		1889		2		0
271.298		381.861		1917		2		0
245.921		185.167		1963		2		0
225.001		277.667		2319		2		0
228.501		266.499		2273		2		0
297.694		294.84		1727		2		0
308		281.348		1735		2		0
Frame 44
263.025		262.717		2114		2		0
252.145		220.943		2063		2		0
240.56		174.453		1971		2		0
222.859		159.354		1801		2		0
219.148		200.725		2101		2		0
222.709		235.389		2250		2		0
224.087		265.525		2314		2		0
224.1		271.174		2335		2		0
266.28		186.437		1931		2		0
291.908		221.29		1827		2		0
298.232		270.92		1726		2		0
296.419		282.28		1701		2		0
251.451		264.232		2092		2		0
240.565		301.48		1943		2		0
248.169		370.358		1927		2		0
244.108		388.894		1868		2		0
274.9		261.173		2041		2		0
281.122		303.379		1873		2		0
279.858		369.735		1886		2		0
268.512		386.266		1998		2		0
243.672		186.522		2002		2		0
224.501		277.5		2361		2		0
225.715		274.291		2344		2		0
294.814		295.569		1722		2		0
306.573		284.856		1730		2		0
Frame 45
262.589		264.589		2147		2		0
251.238		224.19		2102		2		0
238.74		179.391		1989		2		0
222.69		163.288		1847		2		0
219.494		203.276		2125		2		0
223.473		239.461		2289		2		0
224.383		269.918		2360		2		0
223.377		270.553		2378		2		0
265.105		190.22		1968		2		0
289.035		222.347		1841		2		0
296.064		271.705		1727		2		0
293.608		282.78		1704		2		0
251.207		266.118		2123		2		0
240.218		299.872		1975		2		0
246.519		370.802		1926		2		0
244.345		386.634		1875		2		0
274.343		263.003		2063		2		0
281.099		303.381		1878		2		0
279.71		370.009		1885		2		0
275.066		390.129		1849		2		0
241.987		191.057		2049		2		0
224.499		277		2396		2		0
224.999		269.902		2360		2		0
292.309		295.964		1727		2		0
303.252		284.053		1726		2		0
Frame 46
261.481		269.823		2198		2		0
251.783		229.581		2147		2		0
241.283		186.145		2095		2		0
223.227		168.492		1905		2		0
219.516		207.546		2183		2		0
224.317		240.867		2324		2		0
224.186		269.789		2397		2		0
224.082		269.867		2397		2		0
263.099		194.686		2011		2		0
285.89		222.533		1860		2		0
291.678		271.185		1724		2		0
289.901		281.212		1703		2		0
250.759		271.214		2136		2		0
239.462		300.611		1994		2		0
245.845		370.939		1925		2		0
243.08		388.04		1859		2		0
272.464		268.397		2076		2		0
278.662		305.574		1908		1		0
279.775		370.157		1887		2		0
275.639		390.369		1869		2		0
243.993		197.341		2093		2		0
224		273		2430		2		0
226		269.499		2393		2		0
287.646		294.092		1721		2		0
299.271		283.08		1721		2		0
Frame 47
261.989		273.355		2244		2		0
251.64		233.745		2191		2		0
240.475		190.958		2141		2		0
223.902		173.062		1971		2		0
220.695		214.399		2241		2		0
223.993		246.379		2378		2		0
224.834		276.934		0		2		0
227.698		285.108		2110		1		0
261.618		198.513		2068		2		0
281.987		224.025		1878		1		0
285.059		259.188		1750		2		0
284.989		274.734		1711		2		0
251.616		275.293		2172		2		0
238.229		302.492		2008		2		0
245.278		370.934		1926		2		0
240.361		387.389		1870		2		0
272.649		271.438		2090		2		0
277.947		306.079		1926		1		0
279.815		370.049		1894		2		0
276.129		390.289		1852		2		0
243.341		201.944		2141		2		0
227.585		288.081		2088		1		0
229.628		284.866		2094		1		0
284.226		287.533		1728		2		0
293.182		274.445		1728		2		0
Frame 48
261.001		277.287		2281		2		0
250.756		237.509		2247		2		0
239.865		195.367		2195		2		0
224.359		177.4		2039		2		0
221.034		218.134		2287		2		0
224.61		250.972		2431		2		0
228.644		279.351		2196		2		0
231.583		287.399		2085		1		0
260.201		204.874		2121		2		0
280.292		227.532		1877		2		0
279.543		255.27		1760		2		0
280.106		270.372		1718		2		0
250.781		278.631		2186		2		0
237.675		304.499		2021		2		0
244.467		372.494		1917		2		0
239.477		388.668		1855		2		0
271.475		275.918		1757		2		0
273.161		306.541		1958		1		0
279.741		370.247		1897		2		0
271.79		391.788		1929		1		0
242.656		206.15		2190		2		0
231.441		290.274		2037		1		0
233.492		287.182		2078		1		0
280.564		279.521		1715		2		0
287.798		270.554		1726		2		0
Frame 49
258.722		282.129		2307		2		0
249.321		241.846		2299		2		0
239.66		199.861		2262		2		0
224.979		183.023		2120		2		0
221.662		223.572		2361		2		0
225.256		254.201		2491		2		0
224.978		280.246		2569		2		0
222.995		283.037		3397		1		0
258.045		210.229		2197		2		0
277.1		215.276		1998		2		0
278.303		244.201		1806		2		0
273.981		259.477		1750		2		0
248.591		284.183		2186		2		0
237.113		306.43		2045		2		0
244.104		372.845		1923		2		0
239.395		388.961		1838		2		0
269.135		280.055		2092		2		0
270.095		318.847		2006		1		0
280.271		380.161		1875		2		0
269.861		394.873		1959		1		0
242.115		210.511		2258		2		0
222		293		2626		2		0
224.768		282.795		0		1		0
271.706		270.291		1768		2		0
282.198		268.203		1773		2		0
Frame 50
257.934		287.173		2321		2		0
248.553		246.939		2356		2		0
239.199		205.497		2339		2		0
225.875		188.605		2206		2		0
223.213		228.906		2409		2		0
225.178		259.149		2552		2		0
229.444		286.799		2178		2		0
232.262		294.517		2086		1		0
256.351		212.816		2260		2		0
276.309		214.77		2023		2		0
270.163		238.102		1839		2		0
267.777		246.135		1793		2		0
247.94		289.089		2209		2		0
233.431		300.453		2072		2		0
244.407		373.519		1912		2		0
239.664		389.022		1826		2		0
268.221		285.266		2086		2		0
279.611		299.809		1985		2		0
277.347		374.567		1898		2		0
281.337		392.46		1815		2		0
241.552		215.899		2330		2		0
231.17		304.285		2062		1		0
234.091		294.364		2094		1		0
264.452		255.692		1781		2		0
273.866		250.742		1783		2		0
Frame 51
258.937		292.486		2363		2		0
248.922		251.159		2415		2		0
239.008		210.402		2420		2		0
226.606		194.79		2307		2		0
224.576		235.671		2477		2		0
225.188		263.93		2633		2		0
237.152		287.613		2187		2		0
239.884		295.092		2155		1		0
254.85		215.606		2347		2		0
276.169		214.373		2046		2		0
265.292		230.486		1899		2		0
262.489		237.454		1847		2		0
249.941		295.145		2263		2		0
233.853		301.803		2100		2		0
247.19		374.289		1900		2		0
239.778		388.555		1805		2		0
268.127		289.776		2087		2		0
278.552		298.99		2015		2		0
276.833		375.171		1898		2		0
281.774		392.092		1829		2		0
241.481		220.548		2397		2		0
238.743		304.552		2102		1		0
241.711		294.948		2164		1		0
258.51		244.24		1837		2		0
268.264		238.24		1850		2		0
Frame 52
263.162		297.499		2142		2		0
250.705		256.68		2474		2		0
238.624		217.215		2509		2		0
227.645		202.03		2416		2		0
225.23		241.029		2558		2		0
226.295		270.807		2700		2		0
237.939		292.97		2223		2		0
234.558		300.783		2144		2		0
252.486		218.715		2425		2		0
275.729		218.337		2092		2		0
264.865		222.401		1990		2		0
260.319		227.392		1946		2		0
253.909		301.229		2342		2		0
234.823		303.116		2132		2		0
245.966		373.756		1888		2		0
238.092		386.434		1764		2		0
272.589		293.706		2061		2		0
277.569		302.905		2031		2		0
278.409		382.78		1866		2		0
282.745		396.332		1798		2		0
241.614		226.965		2474		2		0
233.516		309.831		2111		1		0
236.28		300.685		2150		1		0
256.864		232.247		1947		2		0
266.188		228.448		1942		2		0
Frame 53
264.628		305.093		2123		2		0
250.947		263.457		2528		2		0
238.161		224.651		2601		2		0
227.915		209.158		2530		2		0
227.074		250.774		2634		2		0
227.92		277.501		2755		2		0
220.284		299.092		2900		2		0
213.338		301.662		0		2		0
259.357		235.77		2530		2		0
282.193		221.244		2293		2		0
267.397		221.456		2064		2		0
259.611		223.908		2044		2		0
254.323		309.381		2389		2		0
234.417		304.866		2187		2		0
243.288		372.844		1872		2		0
237.242		387.063		1788		2		0
275.046		300.346		2069		2		0
274.145		304.712		2062		2		0
277.932		382.132		1859		2		0
282.089		395.452		1768		2		0
241.282		234.108		2549		2		0
212		303		2883		2		0
212		303		2883		2		0
256.154		224.252		2096		2		0
266.479		220.529		2081		2		0
Frame 54
261.087		303.318		2202		2		0
248.65		265.116		2604		2		0
238.603		231.458		2691		2		0
228.357		216.413		2635		2		0
227.09		257.382		2744		2		0
227.36		287.789		2847		2		0
216.079		313.989		2756		2		0
216.749		314.749		2737		2		0
257.679		239.839		2626		2		0
283.566		228.469		2399		2		0
270.206		224.217		2245		2		0
263.361		226.157		2220		2		0
251.509		308.982		2375		2		0
230.256		311.473		2206		2		0
241.732		378.651		1832		1		0
234.743		383.112		1787		2		0
270.686		296.871		2129		2		0
272.191		305.85		2102		2		0
275.91		376.756		1873		2		0
279.256		392.235		1697		2		0
241.02		239.542		2647		2		0
216		315		2715		2		0
217.45		314.018		2735		1		0
261.493		224.253		0		2		0
269.884		223.003		2230		2		0
Frame 55
247.642		312.569		2371		2		0
243.195		272.288		2695		2		0
239.352		237.593		2788		2		0
229.88		222.098		2743		2		0
227.783		259.07		2837		2		0
228.008		291.222		2908		2		0
216.248		312.353		2763		2		0
216.313		313.097		2750		1		0
257.052		246.584		2719		2		0
285.174		240.08		2535		2		0
266.867		236.175		2410		2		0
265.399		233.667		2385		1		0
241.624		315.881		2290		2		0
239.309		363.575		1928		2		0
9999		9999		9999		1		0
9999		9999		9999		1		0
253.796		309.183		2444		2		0
277.212		327.772		2067		2		0
281.471		402.274		1922		1		0
284.378		420.217		1773		1		0
240.264		245.809		2764		2		0
212		317		2680		2		0
219.126		313.122		2751		2		0
262.666		234.667		2380		2		0
268.666		232.502		2361		2		0
Frame 56
247.245		312.535		2425		2		0
244.137		275.058		2757		2		0
241.615		243.462		2909		2		0
232.426		228.485		2854		2		0
226.173		266.131		2929		2		0
224.496		296.352		2992		2		0
217.23		310.265		2768		2		0
215.252		311.529		2761		2		0
258.105		251.618		2821		2		0
287.343		251.131		2624		2		0
267.454		247.093		0		1		0
259.292		248.904		2824		1		0
241.496		315.76		2347		2		0
238.905		363.4		1939		2		0
9999		9999		9999		1		0
9999		9999		9999		1		0
252.941		309.372		2496		2		0
277.237		328.971		2105		1		0
267.404		365.727		1980		2		0
269.285		380.872		1867		1		0
242.209		250.887		2864		2		0
217.142		311.427		2764		2		0
256.574		249.96		2813		1		0
262.474		247.835		2823		1		0
Frame 57
248.468		309.011		2439		2		0
245.515		275.932		2846		2		0
243.043		248.304		2988		2		0
235.192		232.923		2965		2		0
229.127		266.889		3000		2		0
225.057		293.341		3070		2		0
218.101		307.852		2804		2		0
218.069		306.897		2813		2		0
260.984		255.067		2933		2		0
289.344		255.115		2698		1		0
269.041		257.574		2927		1		0
261.09		259.584		2915		1		0
240.778		312.329		2333		2		0
223.427		368.512		1862		2		0
9999		9999		9999		1		0
9999		9999		9999		1		0
256.202		305.678		2531		2		0
274.812		334.528		2098		2		0
265.416		368.842		2035		1		0
267.146		384.028		1936		1		0
243.623		254.775		2965		2		0
218.005		312.666		2744		2		0
224.876		305.997		2857		2		0
258.439		260.667		2889		1		0
264.213		258.592		2938		1		0
Frame 58
247.221		307.257		2422		2		0
245.119		276.225		2885		2		0
243.463		250.737		3075		2		0
237.811		234.9		3067		2		0
229.109		266.312		3066		2		0
223.653		291.735		3096		2		0
218.048		307.422		2804		2		0
217.399		308.287		2788		1		0
262.744		257.937		3001		2		0
292.192		258.88		3831		1		0
273.423		261.572		3004		1		0
265.861		263.593		2986		1		0
240.146		310.577		2318		2		0
218.969		363.426		1887		2		0
9999		9999		9999		1		0
9999		9999		9999		1		0
254.353		304.472		2522		2		0
270.666		339.362		2086		2		0
260.407		374.598		2068		1		0
261.787		389.914		1966		1		0
243.85		256.681		3037		2		0
218.499		313		2717		2		0
220.402		307.692		2815		2		0
263.33		264.653		2953		1		0
268.892		262.659		3014		1		0
Frame 59
247.738		306.022		2459		2		0
246.638		275.975		2903		2		0
245.726		251.191		3127		2		0
240.529		236.234		3163		2		0
230.137		268.801		3144		2		0
221.469		290.863		3098		1		0
217.807		303.793		2849		2		0
215.663		306.962		2834		2		0
261.726		260.769		3043		2		0
290.603		261.526		3715		1		0
290.84		283.367		2972		2		0
283.928		285.763		0		1		0
240.776		308.372		2344		2		0
219.486		355.009		1903		1		0
9999		9999		9999		1		0
9999		9999		9999		1		0
254.675		303.764		2529		2		0
271.937		336.603		2102		2		0
261.986		371.254		2068		1		0
263.459		386.277		1970		1		0
245.939		256.971		3108		2		0
217		312		2730		2		0
218.572		304.281		2835		2		0
281.57		286.874		2573		1		0
286.93		284.972		3011		1		0
Frame 60
248.158		307.234		2551		2		0
247.715		277.511		2939		2		0
247.348		253.024		3203		2		0
243.695		238.863		3246		2		0
231.575		274.903		3164		2		0
219.401		296.435		2998		1		0
216.059		299.989		2923		2		0
214.864		303.783		2899		2		0
262.352		261.775		3095		2		0
293.316		261.592		3694		1		0
294.35		282.706		2984		1		0
291.907		287.628		2789		1		0
241.156		310.198		2532		2		0
219.551		349.015		1959		1		0
9999		9999		9999		1		0
9999		9999		9999		1		0
255.194		304.258		2576		2		0
275.224		321.871		2187		2		0
265.834		354.673		1897		1		0
267.503		368.255		2039		1		0
247.434		258.732		3173		2		0
215.999		307.5		2804		2		0
217.429		302.28		2872		2		0
290		288.001		2774		2		0
290		287.5		2778		2		0
Frame 61
252.465		306.374		2645		2		0
251.35		278.252		2791		2		0
250.422		254.905		3245		2		0
245.248		240.994		3312		2		0
232.801		273.273		3225		2		0
221.294		294.793		0		1		0
217.807		297.546		2962		1		0
216		297.309		2976		2		0
263.536		263.01		3136		2		0
291.431		263.881		3601		1		0
306.376		283.03		3072		2		0
312.441		284.019		3054		2		0
245.528		308.453		2692		2		0
225.32		348.675		2117		1		0
9999		9999		9999		1		0
9999		9999		9999		1		0
259.428		304.29		2651		2		0
278.784		322.421		2197		1		0
269.902		354.157		1983		1		0
271.76		367.23		2016		1		0
250.639		260.362		3235		2		0
217		298		2950		2		0
217.751		296.245		2984		2		0
312		281		3141		2		0
313.8		286.196		3024		2		0
Frame 62
253.695		307.45		2746		2		0
252.039		279.603		2761		2		0
250.535		256.665		3326		2		0
249.146		242.687		3358		2		0
235.427		271.24		3235		2		0
223.993		292.64		2337		1		0
220.714		295.227		1993		1		0
220.648		296.105		1977		1		0
267.405		263.721		3203		2		0
294.235		262.785		3538		1		0
309.655		282.528		3104		2		0
315.255		289.081		2974		2		0
246.133		308.512		2766		2		0
225.879		349.991		2164		1		0
9999		9999		9999		1		0
9999		9999		9999		1		0
261.546		307.164		2740		2		0
278.551		324.011		0		1		0
269.787		355.356		2000		1		0
271.608		368.29		2103		1		0
250.904		262.008		3273		2		0
221.694		296.792		2005		1		0
222.406		295.035		0		1		0
314.502		291		2914		2		0
313		291		2916		2		0
Frame 63
257.681		306.76		2776		2		0
256.951		279.162		2750		2		0
256.346		256.277		3340		2		0
250.346		243.358		3404		2		0
238.822		267.982		3298		2		0
227.507		289.179		2318		1		0
224.501		291.501		2034		1		0
224.666		292.576		2016		2		0
266.451		263.597		3200		2		0
293.185		262.655		3538		1		0
312.04		283.171		3095		2		0
316.216		289.966		2955		2		0
250.684		308.463		2785		2		0
202.729		355.31		2166		2		0
9999		9999		9999		1		0
9999		9999		9999		1		0
264.207		305.38		2782		2		0
286.395		322.33		2197		1		0
278.202		353.032		2046		1		0
280.487		365.595		2109		1		0
256.487		261.624		3287		2		0
225.736		293.227		2015		1		0
226.403		291.521		0		1		0
318.502		292.251		2913		2		0
316.75		291.749		2924		2		0
Frame 64
258.266		304.127		2793		2		0
256.922		276.239		2782		2		0
255.64		253.045		3380		2		0
254.652		240.097		3439		2		0
244.23		264.316		3284		2		0
233.039		285.319		2352		1		0
230.442		287.355		2304		1		0
225.836		310.636		2033		2		0
267.556		263.309		3232		2		0
296.834		260.62		3607		1		0
314.018		283.141		3098		2		0
317.786		290.087		2954		2		0
251.027		304.221		2814		2		0
197.958		348.653		2224		2		0
199.848		420.734		1803		1		0
9999		9999		9999		1		0
265.671		303.343		2783		2		0
284.844		316.53		2000		1		0
276.732		346.384		2018		1		0
278.89		358.343		2131		1		0
255.957		258.469		3360		2		0
223.001		304		2002		2		0
228.447		298.555		2038		2		0
320		293		2908		2		0
316.8		291.399		2928		2		0
Frame 65
262.529		303.563		2827		2		0
261.8		276.551		2800		2		0
261.117		254.195		3434		2		0
255.229		242.204		3462		2		0
245.37		264.458		3302		2		0
234.149		285.531		2352		1		0
231.62		287.588		2291		1		0
231.114		287.441		2291		2		0
267.982		262.613		3243		2		0
298.969		263.384		3589		1		0
319.6		286.017		3076		1		0
322.179		294.442		2947		1		0
255.153		304.282		2831		2		0
197.962		348.406		2227		2		0
199.844		420.326		1816		1		0
9999		9999		9999		1		0
269.43		302.822		0		2		0
292.465		317.816		2475		1		0
284.793		347.541		2170		1		0
287.401		359.481		2132		1		0
261.314		259.422		3319		2		0
229.258		282.667		2369		1		0
232.893		279.212		2414		1		0
324.469		297.432		2961		1		0
321.246		295.812		2887		1		0
Frame 66
262.839		302.463		2816		2		0
261.918		276.304		2787		2		0
261.163		254.164		3407		2		0
257.066		241.708		3472		2		0
244.241		264.054		3310		2		0
233.15		284.868		2358		1		0
230.586		286.853		2130		1		0
230.185		286.711		2130		2		0
271.93		262.302		3262		2		0
302.302		263.454		3630		1		0
299.066		273.776		3360		1		0
285.204		319.411		1997		2		0
255.713		302.989		2837		2		0
198.071		348.23		2226		1		0
199.965		420.084		1797		1		0
9999		9999		9999		1		0
269.769		301.836		2617		2		0
292.533		317.778		1985		1		0
284.864		347.504		2161		1		0
287.476		359.443		2125		1		0
261.357		259.376		3326		2		0
228.343		281.994		2082		1		0
231.94		278.593		2451		1		0
283.5		314.5		1978		2		0
289.79		308.683		2011		2		0
Frame 67
264.977		301.145		2759		2		0
263.348		274.78		2847		2		0
261.899		252.833		3423		2		0
258.729		240.16		3487		2		0
244.071		264.21		3338		2		0
234.458		283.283		2390		1		0
233.035		285.099		2359		2		0
232.238		277.941		0		2		0
272.122		262.222		3268		2		0
302.569		263.329		3650		1		0
299.414		275.701		3351		1		0
298.226		280.363		3248		1		0
257.685		301.596		2800		2		0
199.939		344.604		2245		1		0
202.033		415.193		1865		1		0
191.443		420.171		1794		1		0
272.265		300.644		2562		2		0
293.362		315.454		2007		1		0
285.793		344.856		2045		1		0
288.441		356.564		2129		1		0
262.241		257.974		3374		2		0
230.349		272.932		3550		1		0
234.06		269.513		3589		1		0
297.137		276.573		3345		1		0
301.442		272.862		3385		1		0
Frame 68
261.012		299.607		2773		2		0
263.013		274.315		2866		2		0
263.428		252.251		3406		2		0
261.06		238.509		3486		2		0
244.579		264.41		3344		2		0
237.29		282.998		2462		1		0
235.428		286.723		2405		2		0
238.106		280.264		2500		2		0
272.221		262.159		3264		2		0
302.315		264.576		3636		1		0
299.382		277.136		3314		1		0
298.277		281.872		0		1		0
251.851		299.226		2771		2		0
171.695		338.412		2560		1		0
169.305		409.14		0		1		0
156.525		413.69		1824		1		0
269.885		299.832		2684		2		0
295.263		314.107		2026		1		0
287.858		343.185		2042		1		0
290.6		354.695		2132		1		0
263.027		257.424		3370		2		0
236.273		275.236		3256		1		0
239.944		271.758		3288		1		0
297.184		278.08		3292		1		0
301.505		274.341		3372		1		0
Frame 69
261.098		299.346		2777		2		0
262.956		274.069		2878		2		0
263.553		252.277		3412		2		0
261.846		238.346		3487		2		0
245.143		264.405		3350		2		0
234.438		282.701		3067		1		0
233.387		287.948		0		2		0
227.627		307.141		2051		2		0
272.73		262.004		3265		2		0
302.434		263.799		3630		1		0
300.798		274.621		3374		1		0
305.755		272.618		3407		1		0
252.281		299		2601		2		0
221.43		326.446		2070		2		0
239.972		357.015		2191		1		0
231.815		358.645		2196		1		0
269.75		299.552		2720		2		0
295.465		314.195		2570		1		0
288.065		343.302		2044		1		0
290.82		354.828		2118		1		0
263.154		257.394		3385		2		0
227.526		300.903		2023		2		0
234.876		298.313		2027		2		0
304.741		268.805		3483		1		0
308.924		265.218		3614		1		0
Frame 70
262.198		298.518		2751		2		0
263.901		273.1		2941		2		0
264.932		251.625		3425		2		0
261.868		237.884		3497		2		0
245.158		264.554		3371		2		0
236.008		282.877		3089		1		0
235.336		288.702		0		2		0
231.388		311.761		2033		2		0
273.065		261.623		3284		2		0
302.458		263.236		3625		1		0
300.924		274.367		3382		1		0
301.679		281.795		3247		1		0
253.798		298.232		2500		2		0
220.004		322.852		0		2		0
239.98		346.517		2222		1		0
232.039		347.477		2221		1		0
270.568		298.727		2688		2		0
282.316		307.958		2486		2		0
274.433		336.132		2240		1		0
276.37		347.014		2180		1		0
264.69		256.572		3388		2		0
230.686		307.154		2040		2		0
236.949		317.843		2053		2		0
300.645		278.11		3296		1		0
304.811		274.476		3385		1		0
Frame 71
262.407		298.311		2709		2		0
264.107		272.862		2979		2		0
265.255		251.486		3421		2		0
262.239		237.686		3488		2		0
245.317		264.553		3354		2		0
237.467		283.138		3085		1		0
237.138		292.929		2673		2		0
235.339		320.149		2038		2		0
273.953		261.51		3277		2		0
303.102		263.185		3619		1		0
298.871		278.253		3292		1		0
300.794		279.819		3280		1		0
254.041		298.079		2536		2		0
217.931		319.474		2416		2		0
243.97		334.651		2206		1		0
236.545		334.89		2057		1		0
270.733		298.495		2706		2		0
282.338		308.012		2473		1		0
274.45		336.211		2233		1		0
276.389		347.106		2184		1		0
264.97		256.431		3388		2		0
236.384		316.266		2042		2		0
241.816		326.059		2059		2		0
299.728		276.03		3336		1		0
304.001		272.333		3413		1		0
Frame 72
262.595		298.334		2694		2		0
264.196		272.835		2982		2		0
265.341		251.489		3438		2		0
263.051		237.533		3487		2		0
245.259		265.69		3338		2		0
238.367		283.945		3104		1		0
238.475		293.708		2749		2		0
238.568		329.381		2036		2		0
274.18		261.504		3282		2		0
302.251		266.634		3544		1		0
295.725		280.773		3057		1		0
292.046		288.701		2821		1		0
254.253		298.168		2551		2		0
221.674		321.186		2434		2		0
245.829		341.147		2119		1		0
238.282		341.782		2051		1		0
270.899		298.471		2692		2		0
282.425		309.661		2456		2		0
274.479		338.156		2237		1		0
276.436		349.244		2181		1		0
265.057		256.432		3390		2		0
235.892		325.666		2023		2		0
243.628		320.991		2048		2		0
291		289		2752		2		0
295.305		281.104		3030		1		0
Frame 73
262.767		298.039		2689		2		0
264.212		272.523		2999		2		0
265.294		251.291		3434		2		0
263.422		237.252		3475		2		0
249.982		263.523		3330		2		0
238.678		286.166		3073		1		0
239.588		295.459		2730		2		0
241.654		337.132		2021		2		0
274.372		261.418		3262		2		0
291.402		278.242		3163		2		0
291.097		291.048		2698		2		0
290.032		290.195		2699		2		0
254.439		297.894		2628		2		0
221.595		321.168		2437		2		0
245.814		341.121		2030		1		0
238.264		341.754		2028		1		0
271.051		298.173		2655		2		0
283.669		307.329		2466		2		0
275.813		335.621		2225		1		0
265.36		338.77		2263		2		0
265.031		256.223		3373		2		0
244.333		334.002		2022		2		0
245.847		329.152		2033		2		0
291.999		294.999		2655		2		0
286.864		286.285		2719		2		0
Frame 74
262.733		298.036		2689		2		0
264.172		272.509		2982		2		0
265.264		251.293		3434		2		0
263.327		237.082		3464		2		0
246.122		264.533		3335		2		0
238.392		286.454		3070		1		0
239.619		296.115		2717		2		0
238.073		296.465		2735		2		0
274.531		261.445		3284		2		0
291.566		278.383		3164		1		0
284.42		288.683		2688		2		0
284.584		286.494		2702		2		0
254.419		297.896		2603		2		0
222.106		321.294		2461		2		0
246.606		341.504		2025		1		0
239.084		342.162		2003		1		0
271.002		298.166		2636		2		0
283.632		307.319		2453		2		0
275.769		335.631		2231		1		0
265.218		339.873		2257		2		0
265.001		256.224		3393		2		0
240.251		297.499		2671		2		0
240.439		292.336		2755		2		0
287		290.5		2688		2		0
277.286		284.428		2745		2		0
Frame 75
262.268		298.349		2701		2		0
263.734		272.876		2979		2		0
264.883		251.815		3409		2		0
263.706		237.729		3466		2		0
246.084		264.569		3312		2		0
238.496		285.923		3068		1		0
229.009		297.361		2860		2		0
228.604		304.146		2722		2		0
274.536		261.778		3288		2		0
291.602		278.672		3148		2		0
284.312		289.013		2666		2		0
284.851		287.038		2694		2		0
253.986		298.172		2573		2		0
221.784		321.844		2461		2		0
246.963		341.849		2000		1		0
239.455		342.528		2018		1		0
270.504		298.52		2646		2		0
283.301		309.482		2436		2		0
275.343		338.174		2214		1		0
264.57		343.158		2224		1		0
264.609		256.712		3381		2		0
226.333		306.221		2679		2		0
237.5		294.5		2777		2		0
287.5		291.5		2669		2		0
277.885		284.443		2741		2		0
Frame 76
262.186		298.482		2689		2		0
263.712		272.963		2970		2		0
264.932		251.881		3397		2		0
263.44		237.712		3452		2		0
245.838		264.748		3321		2		0
238.609		285.03		3085		1		0
228.957		296.932		2882		2		0
227.87		303.984		2740		2		0
274.489		262.117		3274		2		0
291.542		278.975		3151		2		0
288.975		276.421		3213		1		0
283.692		284.492		2765		2		0
253.901		298.278		2559		2		0
221.174		322.099		2464		2		0
246.653		341.654		1987		1		0
239.141		342.32		1994		1		0
270.426		298.676		2647		2		0
283.14		309.968		2442		2		0
275.155		338.749		2202		1		0
264.325		343.823		2222		1		0
264.643		256.787		3366		2		0
226.733		306.388		2695		2		0
231.166		306.326		2730		2		0
282.997		285.799		2745		2		0
281.085		282.664		2767		2		0
Frame 77
261.555		298.76		2671		2		0
263.291		272.855		2976		2		0
264.641		251.626		3406		2		0
262.835		237.395		3447		2		0
244.401		267.09		3285		2		0
238.1		284.899		3109		1		0
226.715		299.056		2891		2		0
226.929		302.735		2779		2		0
273.954		262.194		3277		2		0
290.932		279.186		3135		2		0
288.652		277.332		3203		1		0
283.617		284.991		2748		2		0
253.216		298.734		2547		2		0
220.035		322.767		2453		2		0
246.451		341.506		2005		1		0
238.938		342.162		1997		1		0
269.847		298.777		2672		2		0
282.558		310.572		2432		2		0
274.52		339.464		2209		1		0
263.6		342.093		2228		2		0
264.332		256.565		3383		2		0
226.002		305.429		2718		2		0
228.4		305.198		2726		2		0
282.665		286.332		2711		2		0
281.508		282.897		2768		2		0
Frame 78
261.377		298.949		2667		2		0
262.991		273.174		2959		2		0
264.263		252.023		3407		2		0
262.398		237.63		3449		2		0
246.08		265.657		3296		2		0
238.103		284.644		3106		1		0
218.774		299.101		2933		2		0
219.717		299.911		2928		2		0
273.631		262.262		3271		2		0
284.971		277.329		3016		1		0
280.556		289.303		2683		2		0
280.822		289.668		2683		2		0
253.061		298.816		2541		2		0
220.014		322.965		2451		2		0
246.639		341.703		1995		1		0
239.134		342.371		1985		1		0
269.603		299.158		2642		2		0
282.648		310.329		2431		2		0
274.618		339.195		2206		1		0
263.736		341.431		2234		1		0
263.968		256.949		3382		2		0
215		305		2844		2		0
223.402		298.394		2864		2		0
281.411		294.646		2615		2		0
273.993		290.059		2700		2		0
Frame 79
260.781		299.394		2643		2		0
262.32		273.638		2961		2		0
263.59		252.439		3398		2		0
262.147		238.205		3438		2		0
245.352		265.838		3289		2		0
237.758		284.403		3113		1		0
219.69		300.802		2907		1		0
220.218		301.053		2888		2		0
273.207		262.363		3268		2		0
284.859		277.444		3020		1		0
280.475		289.363		2655		2		0
279.861		289.014		2653		2		0
252.485		299.247		2542		2		0
219.587		323.481		2438		2		0
246.879		341.869		1998		1		0
239.385		342.548		1973		1		0
269.02		299.578		2651		2		0
282.834		309.736		2433		2		0
274.827		338.533		2201		1		0
263.975		340.589		2249		1		0
263.292		257.38		3368		2		0
216		305		2822		2		0
224.748		301.249		2841		2		0
280.8		293.599		2613		2		0
272.428		291.284		2686		2		0
Frame 80
260.642		299.498		2675		2		0
262.219		273.716		2963		2		0
263.521		252.492		3404		2		0
260.975		238.156		3438		2		0
244.678		265.793		3311		2		0
237.611		284.33		3098		1		0
219.771		300.697		2911		1		0
220.379		300.87		2892		2		0
272.732		262.481		3260		2		0
284.738		277.522		3014		1		0
280.395		289.369		2662		2		0
280.309		288.818		2678		2		0
252.341		299.327		2562		2		0
219.132		324.738		2422		2		0
243.295		346.533		1990		1		0
235.495		347.502		1983		1		0
268.881		299.704		2671		2		0
282.705		309.345		2438		2		0
274.697		338.101		2207		1		0
263.846		340.11		2255		1		0
263.216		257.439		3366		2		0
222		304		2762		2		0
227		297.996		2868		2		0
282.998		294.332		2599		2		0
272.536		289.45		2697		2		0
Frame 81
260.077		299.927		2666		2		0
261.687		274.105		2951		2		0
263.024		252.836		3402		2		0
260.724		238.568		3429		2		0
244.288		265.954		3306		2		0
237.574		284.329		3106		1		0
219.925		300.712		2916		1		0
220.563		301.068		2890		2		0
272.503		262.536		3248		2		0
284.708		277.587		2992		1		0
280.768		293.427		2608		2		0
282.114		290.996		2653		2		0
251.796		299.768		2553		2		0
219.339		324.876		2423		2		0
245.674		345.128		2057		1		0
238.034		346.01		1968		1		0
268.307		300.107		2664		2		0
282.694		309.278		2436		2		0
274.685		338.03		2208		1		0
263.834		340.033		2252		1		0
262.711		257.794		3376		2		0
218		306		2729		2		0
225.798		300.799		2870		2		0
281.134		291.57		2631		2		0
273.133		290.68		2694		2		0
Frame 82
259.793		299.868		2647		2		0
261.421		274.026		2949		2		0
262.774		252.734		3390		2		0
260.015		238.554		3430		2		0
244.228		265.985		3320		2		0
237.327		284.01		3105		1		0
218.393		298.657		2955		2		0
218.325		300.433		2923		1		0
272.081		262.477		3264		2		0
284.537		277.558		2988		1		0
280.662		293.381		2609		2		0
281.97		290.798		2651		2		0
251.538		299.739		2541		2		0
219.815		325.321		2410		2		0
246.204		346.41		2177		1		0
238.559		347.374		1967		1		0
267.994		300.009		2690		2		0
282.64		309.252		2435		2		0
274.628		338.007		2210		1		0
263.775		340.008		2249		1		0
262.457		257.698		3362		2		0
214		306		2823		2		0
224.073		296.282		2870		2		0
278.664		290.166		2661		2		0
272.618		290.654		2701		2		0
Frame 83
259.697		299.89		2655		2		0
261.36		274.052		2952		2		0
262.732		252.764		3385		2		0
259.521		238.579		3428		2		0
244.146		266.038		3313		2		0
237.32		284.005		3108		1		0
218.304		298.667		2951		2		0
218.647		300.364		2915		1		0
271.972		262.486		3267		2		0
284.647		277.608		3007		1		0
283.669		292.222		2637		2		0
285.194		290.808		2659		2		0
251.446		299.783		2555		2		0
219.916		325.46		2414		2		0
246.239		346.831		2197		1		0
238.586		347.821		1961		1		0
267.89		300.01		2689		2		0
282.541		309.154		2433		2		0
274.526		337.897		2208		1		0
264.825		342.769		2237		2		0
262.412		257.727		3357		2		0
214		306		2823		2		0
223.952		296.847		2875		2		0
288		296		2632		2		0
277.501		289.499		2674		2		0
Frame 84
259.291		299.855		2651		2		0
260.958		273.956		2967		2		0
262.313		252.612		3409		2		0
259.275		238.35		3436		2		0
244.002		265.974		3302		2		0
237.327		283.955		3123		1		0
218.241		298.698		2949		2		0
218.496		300.233		2918		1		0
271.863		262.476		3256		2		0
284.605		277.616		3017		1		0
280.786		293.02		2615		2		0
280.543		290.132		2652		2		0
251.046		299.765		2556		2		0
219.719		325.488		2416		2		0
246.32		346.718		2184		1		0
238.674		347.701		1966		1		0
267.483		299.957		2685		2		0
282.474		308.978		2437		2		0
274.461		337.696		2206		1		0
263.668		344.002		2218		2		0
261.998		257.588		3344		2		0
214.499		305		2858		2		0
223.95		296.683		2875		2		0
278.85		291.428		2656		2		0
272.57		289.997		2723		2		0
Frame 85
259.121		299.829		2648		2		0
260.848		273.968		2963		2		0
262.245		252.642		3402		2		0
258.679		238.568		3429		2		0
243.795		265.986		3333		2		0
237.37		284.181		3110		1		0
218.233		298.684		2945		2		0
218.397		300.349		2918		1		0
271.703		262.451		3255		2		0
276.488		273.594		2993		1		0
279.424		289.677		2670		2		0
280.116		291.195		2635		2		0
250.884		299.773		2545		2		0
219.736		325.465		2415		2		0
246.364		346.742		0		1		0
238.721		347.727		1950		1		0
267.302		299.897		2696		2		0
282.458		308.955		2439		2		0
274.444		337.671		2202		1		0
263.407		344.135		2216		2		0
261.922		257.615		3370		2		0
214.753		305.15		2867		2		0
224.204		296.955		2878		2		0
281.999		295.832		2587		2		0
272.195		293.29		2673		2		0
Frame 86
258.749		299.786		2621		2		0
260.614		273.969		2966		2		0
262.111		252.669		3408		2		0
258.084		238.821		3443		2		0
243.852		266.042		3325		2		0
237.394		284.225		3111		1		0
218.201		298.786		2948		2		0
219.055		300.045		2912		1		0
271.664		262.461		3245		2		0
276.386		273.585		2992		1		0
279.67		289.675		2665		2		0
279.455		291.466		2638		2		0
250.464		299.685		2539		2		0
219.512		325.612		2417		2		0
246.31		346.989		2010		1		0
238.658		347.99		1963		1		0
266.963		299.89		2725		2		0
282.44		308.95		2435		2		0
274.425		337.665		2205		1		0
263.478		343.863		2230		2		0
261.766		257.637		3364		2		0
217.983		302.509		2892		2		0
223.713		297.214		2863		2		0
279.285		296.285		2578		2		0
271.533		291.716		2698		2		0
Frame 87
258.303		299.726		2622		2		0
260.316		273.94		2978		2		0
261.937		252.665		3403		2		0
257.943		238.82		3435		2		0
243.881		266.073		3319		2		0
237.298		284.353		3111		1		0
226.526		299.476		2893		2		0
226.012		302.355		2789		2		0
271.62		262.463		3248		2		0
276.375		273.57		2999		1		0
275.803		291.727		2659		2		0
275.602		292.565		2651		2		0
249.993		299.583		2540		2		0
219.351		325.662		2410		2		0
246.412		347.055		1978		1		0
238.763		348.06		1967		1		0
266.53		299.869		2732		2		0
282.27		308.613		2453		2		0
274.258		337.274		2212		1		0
263.473		343.592		2225		2		0
261.564		257.628		3359		2		0
225.502		306		2732		2		0
231		302		2783		2		0
275.09		298.091		2580		2		0
268.142		296.562		2687		2		0
Frame 88
257.82		299.892		2617		2		0
260.079		274.097		2963		2		0
261.848		252.828		3394		2		0
257.732		239.066		3439		2		0
242.333		268.856		3325		2		0
236.922		285.84		3065		1		0
226.172		299.985		2881		2		0
225.838		303.545		2763		2		0
271.35		262.446		3264		2		0
276.141		273.518		2994		1		0
275.668		291.761		2674		2		0
275.497		292.702		2662		2		0
249.475		300.05		2523		2		0
218.996		325.993		2407		2		0
229.42		335.715		2282		1		0
216.663		342.745		2248		1		0
265.987		299.778		2764		2		0
282.22		308.436		2451		2		0
274.21		337.069		2208		1		0
263.65		343.223		2226		2		0
261.444		257.786		3353		2		0
224.125		306.375		2709		2		0
230.933		302.133		2792		2		0
274.097		298.702		2579		2		0
268.165		297.16		2687		2		0
Frame 89
256.511		300.489		2589		2		0
259.659		274.237		2966		2		0
261.818		252.83		3409		2		0
257.485		239.212		3431		2		0
243.867		266.838		3315		2		0
236.724		285.485		3065		1		0
218.743		298.214		2958		2		0
219.152		299.978		2925		2		0
271.309		262.466		3253		2		0
276.195		273.588		2994		1		0
275.727		291.907		2690		2		0
275.49		292.844		2679		2		0
248.152		301.347		2508		2		0
217.853		326.86		2388		2		0
228.197		336.384		2287		1		0
215.427		343.095		2244		1		0
264.493		299.692		2760		2		0
282.272		308.408		2448		2		0
249.027		334.293		2286		1		0
244.217		347.126		1967		2		0
261.361		257.802		3361		2		0
215		305		2836		2		0
224.877		295.875		2882		2		0
274.141		299.144		2586		2		0
268.502		297.45		2695		2		0
Frame 90
256.129		300.674		2588		2		0
259.41		274.379		2968		2		0
261.77		252.88		3406		2		0
257.438		239.294		3447		2		0
243.796		266.752		3329		2		0
236.182		286.597		3062		1		0
220.657		300.555		2890		2		0
221.481		300.594		2871		2		0
271.125		262.445		3262		2		0
273.981		271.168		3010		1		0
278.346		286.148		2717		2		0
277.997		288.699		2702		2		0
247.783		301.407		2515		2		0
217.595		326.962		2392		2		0
228.054		336.472		2298		1		0
215.312		343.152		2245		1		0
264.12		300.069		2763		2		0
282.265		308.409		2449		2		0
248.941		334.332		2263		1		0
244.119		347.841		1971		2		0
261.269		257.874		3364		2		0
215		305		2845		2		0
223.249		300.249		2845		2		0
278.998		293.714		2624		2		0
271.362		290.978		2726		2		0
Frame 91
250.048		301.72		2512		2		0
257.373		274.612		2974		2		0
261.646		252.845		3409		2		0
257.205		239.374		3442		2		0
242.325		266.626		3337		2		0
237.367		283.565		3118		1		0
220.777		300.411		2896		2		0
222.02		300.178		2860		2		0
271.17		262.485		3264		2		0
286.003		277.819		0		1		0
285.427		290.407		2675		2		0
283.906		288.994		2697		2		0
241.14		302.192		2524		2		0
235.026		329.095		2282		2		0
203.827		330.667		2320		1		0
203.161		341.087		2267		1		0
259.169		301.174		2631		2		0
282.142		308.293		2439		1		0
248.656		334.222		2264		1		0
243.908		347.916		1988		1		0
260.875		257.854		3369		2		0
223		302		2829		2		0
225.625		299.369		2890		2		0
282.918		290.153		2667		2		0
275.834		288.331		2702		2		0
Frame 92
250.058		301.727		2510		2		0
257.103		274.626		2966		2		0
261.537		252.785		3403		2		0
257.158		239.318		3443		2		0
243.788		266.564		3326		2		0
236.105		283.537		3108		1		0
220.898		300.244		2891		2		0
221.423		300.413		2869		2		0
271.194		262.545		3269		2		0
288.134		277.991		3192		1		0
286.321		290.385		2677		2		0
286.448		287.874		2721		2		0
241.165		302.112		2529		2		0
234.945		329.345		2284		2		0
203.821		329.921		2326		1		0
203.185		340.736		2269		1		0
259.15		301.268		2621		2		0
282.026		308.134		2441		1		0
248.469		334.076		2261		1		0
243.748		347.905		1974		1		0
260.669		257.81		3372		2		0
218		306		2744		2		0
225.752		299.998		2893		2		0
283.598		287.799		2699		2		0
280.5		287		2706		2		0
Frame 93
250.107		301.948		2519		2		0
256.858		274.797		2971		2		0
261.444		252.841		3400		2		0
257.051		239.364		3447		2		0
243.855		266.551		3322		2		0
236.679		285.511		3069		1		0
220.328		300.859		2893		2		0
221.677		300.641		2872		2		0
271.191		262.548		3259		2		0
287.168		276.176		3223		1		0
285.769		288.704		2713		2		0
283.456		286.182		2727		2		0
241.206		302.516		2523		2		0
234.934		329.562		2289		2		0
199.946		315.413		2816		1		0
201.752		328.397		2339		1		0
259.124		301.254		2630		2		0
281.959		308.154		2460		1		0
248.327		334.138		2267		1		0
243.595		348.126		1958		1		0
260.501		257.906		3379		2		0
218		306		2745		2		0
226.016		300.227		2866		1		0
279.494		286.5		2706		2		0
276		287		2736		2		0
Frame 94
250.12		301.991		2520		2		0
256.765		274.845		2970		2		0
261.423		252.846		3396		2		0
257.022		239.38		3436		2		0
243.273		267.799		3316		2		0
237.342		290.089		3020		1		0
219.698		301.511		2896		1		0
220.985		301.46		2884		2		0
271.207		262.564		3258		2		0
286.551		277.45		0		1		0
285.356		290.239		2672		2		0
284.355		288.203		2700		2		0
241.22		302.573		2523		2		0
234.923		329.64		2288		2		0
199.87		315.469		2828		1		0
201.734		328.479		2338		1		0
259.119		301.294		2628		2		0
255.511		259.667		3357		2		0
225.94		301.695		2845		1		0
220.919		312.43		2600		1		0
260.444		257.925		3375		2		0
216.001		306.999		2776		2		0
225.339		301.047		2845		1		0
284.622		288.624		2700		2		0
276.999		287.499		2729		2		0
Frame 95
250.954		301.439		2522		2		0
256.791		274.82		2969		2		0
261.369		252.894		3419		2		0
257.006		239.406		3433		2		0
243.443		267.052		3305		2		0
236.885		286.706		3056		1		0
226.485		300.058		2859		2		0
227.478		303.934		2764		1		0
271.227		262.595		3260		2		0
286.578		276.436		3208		1		0
285.345		289.152		2681		2		0
284.816		287.523		2698		2		0
242.279		301.53		2518		2		0
235.406		328.882		2288		2		0
200.432		314.681		2829		1		0
201.937		327.736		2349		1		0
259.869		301.153		2628		2		0
254.024		261.017		3312		2		0
225.454		303.309		2767		1		0
220.36		314.229		2575		1		0
260.4		257.959		3365		2		0
225.124		306.999		2710		2		0
232.181		302.263		2788		2		0
279.664		286.999		2723		2		0
276.549		286.682		2732		2		0
Frame 96
250.768		301.408		2533		2		0
256.688		274.781		2972		2		0
261.348		252.873		3405		2		0
256.99		239.398		3437		2		0
243.457		266.588		3323		2		0
237.306		285.627		3094		1		0
226.293		299.95		2888		2		0
225.96		304.099		2741		2		0
271.204		262.621		3265		2		0
286.154		273.824		3259		1		0
283.414		287.418		2701		2		0
280.706		283.426		2758		2		0
242.071		301.542		2531		2		0
235.314		328.909		2287		2		0
200.287		314.705		2830		1		0
201.865		327.764		2350		1		0
259.594		301.107		2632		2		0
254.537		260.798		3316		2		0
225.552		303.189		2763		1		0
220.466		314.1		2578		1		0
260.351		257.935		3352		2		0
225.11		306.881		2713		2		0
230.852		302.565		2792		2		0
284.499		284.499		2737		2		0
279.496		283		2788		1		0
Frame 97
250.605		301.985		2523		2		0
256.601		274.903		2968		2		0
261.307		252.903		3407		2		0
256.965		239.413		3436		2		0
243.725		266.381		3330		2		0
236.428		287.501		3038		1		0
217.83		298.938		2972		2		0
219.062		300.514		2908		2		0
271.171		262.615		3246		2		0
286.148		273.786		3258		1		0
282.522		288.242		2687		2		0
279.869		283.874		2752		2		0
241.813		302.533		2527		2		0
235.128		329.555		2282		2		0
207.029		335.171		2280		1		0
204.731		344.941		2248		1		0
259.42		301.416		2632		2		0
255.091		260.05		3327		2		0
225.748		302.979		2801		1		0
220.677		313.867		2591		1		0
260.295		257.979		3371		2		0
215		305		2844		2		0
223.778		297.439		2868		2		0
286		285		2758		2		0
276.399		283.4		2775		2		0
Frame 98
251.081		301.5		2535		2		0
256.613		274.88		2963		2		0
261.202		252.986		3406		2		0
256.983		239.406		3437		2		0
243.97		266.313		3332		2		0
236.528		287.225		3029		1		0
218.145		298.784		2950		2		0
219.154		300.2		2913		2		0
271.173		262.618		3258		2		0
286.17		275.107		3227		1		0
285.221		287.658		2713		2		0
283.753		285.186		2733		2		0
242.354		301.781		2532		2		0
252.525		330.861		2371		2		0
226.97		336.159		2305		1		0
232.01		346.825		2210		1		0
259.896		301.145		2624		2		0
257.697		260.187		3301		2		0
227.335		302.59		2786		1		0
222.351		313.45		2604		1		0
260.211		258.04		3369		2		0
215.499		305		2872		2		0
224.001		296.063		2868		2		0
282.426		284.999		2740		2		0
277.499		284		2756		2		0
Frame 99
250.741		301.866		2520		2		0
256.517		274.937		2979		2		0
261.17		252.984		3402		2		0
256.993		239.386		3444		2		0
242.931		266.693		3359		2		0
236.554		287.246		3025		1		0
218.14		298.793		2961		2		0
219.375		300.181		2911		2		0
271.17		262.637		3268		2		0
285.998		274.449		3232		1		0
282.905		285.266		2728		2		0
277.466		283.291		2763		1		0
241.945		302.495		2527		2		0
235.151		329.719		2271		2		0
207.163		334.921		2290		1		0
204.912		345.143		2243		1		0
259.466		301.26		2633		2		0
257.224		259.767		3345		2		0
226.865		302.547		2797		1		0
229.243		313.363		2631		2		0
260.162		258.05		3354		2		0
215		305		2844		2		0
223.842		297.12		2862		2		0
279		288		2711		2		0
273.778		283.11		2785		2		0
Frame 100
250.583		301.866		2509		2		0
256.426		274.957		2980		2		0
261.131		252.999		3413		2		0
256.906		239.406		3443		2		0
242.928		266.633		3339		2		0
237.266		288.051		3042		1		0
217.415		299.2		2951		2		0
218.704		300.61		2918		2		0
271.124		262.632		3265		2		0
285.969		274.337		3245		1		0
285.703		286.371		2711		2		0
282.302		283.699		2750		1		0
241.82		302.455		2536		2		0
235.057		329.659		2282		2		0
207.06		334.852		2294		1		0
204.847		345.042		2243		1		0
259.217		301.329		2623		2		0
256.749		259.836		3354		2		0
226.513		302.19		2799		1		0
228.929		312.951		2643		2		0
260.099		258.073		3366		2		0
216.499		304		2864		2		0
223.051		298.443		2863		2		0
280.249		283		2765		2		0
278.33		283		2772		2		0
Frame 101
250.588		302.006		2497		2		0
256.42		274.979		2981		2		0
261.124		252.998		3409		2		0
256.934		239.45		3436		2		0
245.233		265.871		3310		2		0
236.721		288.299		3036		1		0
217.296		299.275		2945		2		0
218.939		300.541		2909		2		0
271.132		262.635		3280		2		0
285.792		274.162		3243		1		0
285.57		286.254		2722		2		0
284.166		284.495		2746		1		0
241.793		302.651		2530		2		0
234.974		329.792		2289		2		0
206.951		335.006		2289		1		0
204.758		345.134		2243		1		0
259.3		301.394		2621		2		0
257.838		260.874		3333		2		0
226.861		304.531		2739		1		0
229.397		315.495		2602		1		0
260.092		258.076		3383		2		0
215		305		2847		2		0
223.476		297.237		2871		2		0
288		289		2722		2		0
279		283		2780		2		0
