front
Frame 0
245.078		177.648		3688		2		0
244.036		148.247		3659		2		0
243.051		118.214		3660		2		0
245.039		103.293		3513		2		0
226.127		128.426		3653		2		0
218.527		156.684		3737		2		0
215.217		178.675		3699		2		0
214.226		184.401		3700		2		0
260.297		130.384		3711		2		0
267.601		158.119		3817		2		0
272.602		179.073		3788		2		0
272.713		184.922		3780		2		0
237.472		177.775		3692		2		0
235.114		217.95		3818		2		0
239.37		248.792		3925		2		0
239.872		255.07		3921		2		0
252.69		177.538		3713		2		0
254.719		217.195		3821		2		0
252.476		249.197		3945		2		0
248.275		255.752		4004		2		0
243.305		125.786		3647		2		0
215.001		192.5		3707		2		0
217.496		185.639		3713		2		0
273.5		192.5		3787		2		0
274.566		186.697		3791		2		0
Frame 1
245.086		177.652		3703		2		0
244.053		148.258		3636		2		0
243.073		118.237		3664		2		0
245.073		103.23		3520		2		0
226.155		128.381		3667		2		0
218.529		156.639		3750		2		0
215.214		178.72		3703		2		0
214.3		185.112		3701		2		0
260.314		130.396		3689		2		0
267.58		158.087		3820		2		0
272.602		179.051		3787		2		0
272.562		184.784		3794		2		0
237.498		177.781		3726		2		0
235.129		217.947		3815		2		0
239.31		248.677		3943		2		0
239.813		254.953		3927		2		0
252.687		177.54		3716		2		0
254.737		217.209		3834		2		0
252.623		248.504		3935		2		0
248.185		255.479		4008		2		0
243.324		125.805		3661		2		0
214.501		192.334		3707		2		0
217.426		185.335		3712		2		0
273.5		192.501		3806		2		0
274.546		188.273		3795		2		0
Frame 2
245.103		177.655		3710		2		0
244.081		148.261		3645		2		0
243.103		118.244		3653		2		0
245.08		103.231		3518		2		0
226.175		128.353		3664		2		0
218.522		156.559		3736		2		0
215.257		178.762		3705		2		0
214.412		185.655		3715		2		0
260.364		130.427		3700		2		0
267.601		158.082		3834		2		0
272.604		179.053		3787		2		0
272.751		185.044		3785		2		0
237.511		177.786		3707		2		0
235.136		217.95		3815		2		0
239.375		248.743		3947		2		0
239.876		255.022		3932		2		0
252.705		177.538		3732		2		0
254.735		217.21		3832		2		0
252.607		248.63		3930		2		0
248.068		255.548		3965		2		0
243.353		125.81		3647		2		0
214.714		193.429		3719		2		0
218.001		186.573		3725		2		0
273.24		192.368		3795		2		0
274.537		188.139		3785		2		0
Frame 3
245.109		177.653		3695		2		0
244.108		148.272		3639		2		0
243.157		118.286		3662		2		0
245.093		103.236		3520		2		0
226.235		128.27		3673		2		0
218.519		156.523		3738		2		0
215.264		178.723		3705		2		0
214.372		185.577		3708		2		0
260.354		130.397		3708		2		0
267.592		158.089		3820		2		0
272.564		179.1		3793		2		0
272.665		184.244		3789		2		0
237.528		177.783		3702		2		0
235.144		217.989		3799		2		0
239.373		248.754		3939		2		0
239.869		255.033		3938		2		0
252.705		177.537		3712		2		0
254.735		217.197		3813		2		0
252.371		248.662		3927		2		0
253.155		254.919		3937		2		0
243.398		125.842		3651		2		0
214.246		193.352		3727		2		0
217.418		186.421		3716		2		0
273.201		191.401		3789		2		0
274.607		187.412		3781		2		0
Frame 4
245.08		177.673		3702		2		0
244.106		148.284		3628		2		0
243.17		118.306		3659		2		0
245.133		103.248		3513		2		0
226.226		128.249		3665		2		0
218.537		156.455		3744		2		0
215.225		178.755		3713		2		0
214.482		186.005		3706		2		0
260.407		130.515		3704		2		0
267.588		158.088		3809		2		0
272.553		179.103		3791		2		0
272.603		183.988		3796		2		0
237.507		177.79		3710		2		0
235.135		218.008		3814		2		0
239.383		249.24		3926		2		0
239.874		255.529		3938		2		0
252.661		177.575		3713		2		0
254.754		217.186		3817		2		0
252.443		248.583		3975		2		0
253.224		254.839		3969		2		0
243.406		125.859		3665		2		0
214.8		193.601		3723		2		0
217.247		185.803		3709		2		0
273.8		191.4		3801		2		0
275.334		180.166		3805		2		0
Frame 5
245.109		177.704		3714		2		0
244.117		148.298		3648		2		0
243.158		118.311		3659		2		0
245.215		103.413		3519		2		0
226.244		128.258		3659		2		0
218.529		156.438		3750		2		0
215.197		178.71		3711		2		0
214.449		185.406		3709		2		0
260.426		130.53		3689		2		0
267.604		158.168		3818		2		0
272.582		179.163		3792		2		0
272.663		184.084		3790		2		0
237.533		177.815		3708		2		0
235.17		218.009		3815		2		0
239.404		249.185		3918		2		0
239.903		255.472		3925		2		0
252.687		177.607		3724		2		0
254.755		217.205		3820		2		0
252.351		248.825		3922		2		0
253.137		255.081		3958		2		0
243.401		125.866		3652		2		0
214.5		193.501		3720		2		0
217.544		185.946		3707		2		0
273.5		191.501		3792		2		0
274.667		188.999		3790		2		0
Frame 6
245.096		177.717		3676		2		0
244.133		148.322		3640		2		0
243.223		118.362		3655		2		0
245.23		103.403		3510		2		0
226.302		128.263		3677		2		0
218.528		156.415		3739		2		0
215.195		178.737		3713		2		0
214.321		185.441		3705		2		0
260.462		130.637		3722		2		0
267.57		158.216		3810		2		0
272.581		179.668		3801		2		0
272.425		184.642		3800		2		0
237.506		177.82		3716		2		0
235.185		218.008		3806		2		0
239.573		249.035		3930		2		0
240.057		255.32		3922		2		0
252.683		177.631		3729		2		0
254.778		217.187		3844		2		0
252.425		248.854		3954		2		0
247.404		255.306		3999		2		0
243.449		125.907		3656		2		0
214.614		193.209		3743		2		0
217.501		187.501		3723		2		0
273.481		192.274		3814		2		0
274.5		186.751		3800		2		0
Frame 7
245.095		177.717		3697		2		0
244.157		148.326		3640		2		0
243.298		118.38		3672		2		0
245.232		103.409		3524		2		0
226.325		128.26		3675		2		0
218.546		156.288		3741		2		0
215.216		178.677		3712		2		0
214.361		185.195		3712		2		0
260.367		130.527		3706		2		0
267.6		158.189		3828		2		0
272.615		179.792		3807		2		0
272.351		185.232		3793		2		0
237.503		177.818		3715		2		0
235.181		218.016		3809		2		0
239.568		248.755		3927		2		0
240.085		255.03		3929		2		0
252.684		177.632		3720		2		0
254.779		217.211		3823		2		0
252.436		248.859		3932		2		0
246.369		256.342		3998		2		0
243.51		125.921		3645		2		0
215.001		193.501		3727		2		0
217.501		185.835		3727		2		0
272.998		192.5		3817		2		0
274.509		187.836		3790		2		0
Frame 8
245.092		177.687		3698		2		0
244.157		148.324		3642		2		0
243.296		118.387		3662		2		0
245.234		103.412		3517		2		0
226.341		128.241		3674		2		0
218.585		156.295		3761		2		0
215.246		178.765		3704		2		0
214.5		185.758		3715		2		0
260.318		130.4		3712		2		0
267.585		158.185		3817		2		0
272.479		180.221		3791		2		0
272.108		185.811		3786		2		0
237.498		177.789		3715		2		0
235.182		218.02		3804		2		0
239.583		248.718		3934		2		0
240.125		254.992		3924		2		0
252.681		177.595		3729		2		0
254.789		217.191		3841		2		0
252.289		248.697		3913		2		0
246.639		256.195		3946		2		0
243.509		125.924		3656		2		0
215		193.501		3732		2		0
217.216		185.362		3708		2		0
272.799		193.4		3815		2		0
273.861		187.793		3780		2		0
Frame 9
245.103		177.718		3708		2		0
244.132		148.342		3631		2		0
243.184		118.389		3666		2		0
245.252		103.402		3510		2		0
226.352		128.245		3659		2		0
218.591		156.285		3732		2		0
215.253		178.935		3711		2		0
214.453		185.945		3716		2		0
260.313		130.41		3697		2		0
267.585		158.196		3826		2		0
272.408		179.437		3791		2		0
272.165		184.931		3793		2		0
237.525		177.823		3694		2		0
235.18		218.022		3818		2		0
239.578		248.719		3911		2		0
240.11		254.991		3949		2		0
252.68		177.622		3721		2		0
254.791		217.257		3825		2		0
252.404		248.763		3932		2		0
246.915		256.097		3999		2		0
243.426		125.932		3659		2		0
214.817		193.242		3738		2		0
214.1		188.601		3695		2		0
273.201		192.549		3801		2		0
274.2		183.201		3814		2		0
Frame 10
245.099		177.725		3697		2		0
244.14		148.351		3646		2		0
243.211		118.406		3670		2		0
245.266		103.4		3520		2		0
226.336		128.279		3650		2		0
218.597		156.319		3744		2		0
215.265		178.916		3705		2		0
214.531		186.178		3704		2		0
260.322		130.434		3714		2		0
267.591		158.212		3815		2		0
272.281		179.366		3799		2		0
272.171		184.88		3793		2		0
237.521		177.829		3702		2		0
235.209		218.077		3797		2		0
238.881		248.505		3916		2		0
239.385		254.777		3906		2		0
252.673		177.633		3722		2		0
254.797		217.262		3829		2		0
252.22		249.027		3931		2		0
247.021		256.061		3985		2		0
243.447		125.947		3655		2		0
215.2		193.4		3725		2		0
217.078		185.463		3711		2		0
272.999		192.5		3801		2		0
274		189.168		3792		2		0
Frame 11
245.093		177.715		3709		2		0
244.143		148.355		3634		2		0
243.23		118.45		3670		2		0
245.27		103.358		3522		2		0
226.345		128.27		3643		2		0
218.64		156.248		3766		2		0
215.273		178.898		3706		2		0
214.39		185.946		3705		2		0
260.32		130.431		3696		2		0
267.531		158.137		3816		2		0
272.252		179.344		3799		2		0
272.225		184.659		3792		2		0
237.501		177.819		3697		2		0
235.188		218.003		3802		2		0
239.182		248.464		3930		2		0
239.688		254.731		3936		2		0
252.675		177.618		3729		2		0
254.801		217.261		3838		2		0
252.213		249.153		3949		2		0
247.249		256.004		4002		2		0
243.46		125.977		3658		2		0
215.201		193.4		3734		2		0
217.105		185.655		3717		2		0
273.287		192.501		3818		2		0
274.143		184.142		3802		2		0
Frame 12
245.091		177.713		3709		2		0
244.147		148.368		3642		2		0
243.244		118.495		3661		2		0
245.277		103.331		3520		2		0
226.343		128.303		3659		2		0
218.615		156.218		3734		2		0
215.262		178.909		3700		2		0
214.377		185.978		3706		2		0
260.316		130.415		3704		2		0
267.49		158.055		3811		2		0
272.229		179.235		3790		2		0
272.102		185.001		3790		2		0
237.486		177.814		3720		2		0
235.175		218.049		3817		2		0
239.214		248.513		3922		2		0
239.727		254.785		3934		2		0
252.676		177.617		3708		2		0
254.766		217.341		3831		2		0
252.224		249.183		3953		2		0
247.258		255.97		4002		2		0
243.471		126.013		3634		2		0
214.667		193.334		3723		2		0
217.625		186.878		3706		2		0
272.999		192.5		3795		2		0
274		188.497		3780		2		0
Frame 13
245.093		177.717		3696		2		0
244.155		148.383		3651		2		0
243.255		118.525		3668		2		0
245.298		103.336		3517		2		0
226.341		128.309		3672		2		0
218.577		156.186		3750		2		0
215.238		178.894		3700		2		0
214.147		185.297		3705		2		0
260.298		130.387		3674		2		0
267.635		158.416		3827		2		0
272.273		179.534		3787		2		0
272.134		184.842		3792		2		0
237.489		177.819		3714		2		0
235.193		218.109		3790		2		0
239.216		248.538		3944		2		0
239.726		254.811		3906		2		0
252.676		177.62		3724		2		0
254.764		217.298		3834		2		0
252.101		249.264		3954		2		0
247.371		255.947		3974		2		0
243.482		126.039		3659		2		0
214.499		193.5		3723		2		0
217.245		186.054		3719		2		0
273.039		192.5		3803		2		0
274.004		188.421		3798		2		0
Frame 14
245.089		177.714		3700		2		0
244.159		148.375		3639		2		0
243.275		118.504		3663		2		0
245.318		103.347		3522		2		0
226.366		128.297		3688		2		0
218.512		156.38		3731		2		0
215.171		178.797		3708		2		0
213.899		184.778		3709		2		0
260.31		130.4		3711		2		0
267.593		158.228		3826		2		0
272.224		179.348		3793		2		0
272.023		184.756		3792		2		0
237.478		177.808		3704		2		0
235.12		217.886		3811		2		0
239.306		248.414		3937		2		0
239.804		254.683		3919		2		0
252.674		177.619		3707		2		0
254.746		217.238		3833		2		0
252.433		248.915		3932		2		0
247.389		255.941		4017		2		0
243.496		126.023		3649		2		0
213.832		192.333		3724		2		0
216.534		184.801		3703		2		0
273.199		192.4		3786		2		0
274.005		188.22		3780		2		0
Frame 15
245.093		177.708		3716		2		0
244.167		148.391		3642		2		0
243.276		118.598		3668		2		0
245.322		103.352		3511		2		0
226.391		128.321		3661		2		0
218.504		156.19		3752		2		0
215.13		178.808		3703		2		0
214.243		185.05		3700		2		0
260.39		130.404		3686		2		0
267.577		158.21		3831		2		0
272.21		179.321		3790		2		0
272.052		184.663		3787		2		0
237.481		177.805		3718		2		0
235.173		217.87		3811		2		0
239.403		248.436		3965		2		0
239.945		254.698		3919		2		0
252.681		177.609		3725		2		0
254.729		217.229		3819		2		0
252.357		248.96		3939		2		0
247.479		255.871		4007		2		0
243.501		126.09		3657		2		0
213.713		192.428		3724		2		0
216.971		185.72		3707		2		0
272.666		192.334		3795		2		0
274.1		185.797		3797		2		0
Frame 16
245.094		177.724		3713		2		0
244.194		148.405		3643		2		0
243.36		118.611		3663		2		0
245.339		103.404		3520		2		0
226.394		128.325		3651		2		0
218.504		156.186		3739		2		0
215.063		178.744		3700		2		0
213.957		184.629		3704		2		0
260.349		130.414		3701		2		0
267.566		158.22		3817		2		0
272.095		179.799		3787		2		0
271.907		184.946		3783		2		0
237.475		177.818		3700		2		0
235.182		218.045		3832		2		0
239.364		248.525		3917		2		0
239.889		254.788		3936		2		0
252.688		177.63		3725		2		0
254.72		217.224		3839		2		0
252.372		248.965		3943		2		0
247.478		255.871		3985		2		0
243.567		126.105		3641		2		0
214.2		192.4		3701		2		0
216.003		187.632		3709		2		0
272.8		192.401		3787		2		0
273.77		186.921		3768		2		0
Frame 17
245.097		177.735		3707		2		0
244.196		148.405		3639		2		0
243.358		118.598		3664		2		0
245.349		103.431		3517		2		0
226.417		128.317		3663		2		0
218.466		156.151		3756		2		0
214.879		178.341		3693		2		0
213.745		184.685		3693		2		0
260.334		130.411		3684		2		0
267.382		157.881		3832		2		0
272.069		179.25		3781		2		0
271.879		184.932		3778		2		0
237.473		177.828		3705		2		0
235.21		218.025		3802		2		0
239.364		248.518		3951		2		0
239.887		254.781		3908		2		0
252.699		177.642		3708		2		0
254.708		217.235		3841		2		0
252.323		249.005		3939		2		0
247.531		255.775		4058		2		0
243.567		126.099		3630		2		0
213.716		192.43		3706		2		0
217.287		186.717		3714		2		0
272.799		192.4		3771		2		0
274.334		182.333		3766		2		0
Frame 18
245.095		177.738		3700		2		0
244.182		148.413		3631		2		0
243.299		118.594		3654		2		0
245.358		103.456		3507		2		0
226.416		128.319		3649		2		0
218.412		156.106		3745		2		0
214.722		178.124		3690		2		0
213.32		183.686		3689		2		0
260.327		130.412		3674		2		0
267.387		157.873		3812		2		0
272.179		178.73		3759		2		0
271.876		183.742		3756		2		0
237.465		177.833		3696		2		0
235.204		218.016		3831		2		0
239.398		248.485		3937		2		0
239.932		254.751		3941		2		0
252.699		177.646		3698		2		0
254.69		217.255		3830		2		0
252.386		249.016		3953		2		0
247.354		255.723		4008		2		0
243.522		126.101		3648		2		0
213.372		191.375		3687		2		0
216.308		183.767		3697		2		0
272.499		191.5		3771		2		0
274.167		184.083		3757		2		0
Frame 19
245.058		177.756		3709		2		0
244.178		148.421		3638		2		0
243.312		118.602		3647		2		0
245.358		103.48		3504		2		0
226.396		128.381		3637		2		0
218.191		155.955		3741		2		0
214.302		177.168		3676		2		0
213.269		183.181		3665		2		0
260.421		130.566		3687		2		0
266.807		156.372		3798		2		0
272.17		177.294		3755		2		0
271.665		183.525		3736		2		0
237.434		177.835		3715		2		0
235.198		217.985		3813		2		0
239.4		248.493		3929		2		0
239.935		254.764		3931		2		0
252.653		177.68		3714		2		0
254.656		217.114		3837		2		0
252.856		248.304		3959		2		0
247.424		255.678		4012		2		0
243.528		126.111		3649		2		0
213.835		191.003		3674		2		0
216.456		184.18		3661		2		0
271.998		191.501		5290		2		0
274.375		180.496		3742		2		0
Frame 20
245.039		177.75		3708		2		0
244.156		148.416		3637		2		0
243.257		118.562		3654		2		0
245.37		103.405		3510		2		0
226.371		128.374		3642		2		0
218.036		155.092		3719		2		0
213.855		175.867		3663		2		0
213.054		182.241		3634		2		0
260.343		130.466		3712		2		0
266.865		156.091		3817		2		0
272.261		176.229		3741		2		0
271.592		182.766		3715		2		0
237.404		177.83		3699		2		0
235.201		217.97		3800		2		0
238.182		248.316		3919		2		0
238.628		254.593		3913		2		0
252.643		177.674		3714		2		0
254.654		217.126		3817		2		0
252.593		248.683		3942		2		0
247.442		255.688		4018		2		0
243.483		126.084		3630		2		0
213.4		190.202		3633		2		0
215.501		184.003		3646		2		0
272.334		190.333		3690		2		0
274.143		181.708		3731		2		0
Frame 21
245.011		177.755		3692		2		0
244.147		148.473		3632		2		0
243.32		118.736		3645		2		0
245.34		103.472		3498		2		0
226.369		128.352		3655		2		0
217.917		154.987		3721		2		0
213.438		175.251		3642		2		0
212.891		181.729		3608		2		0
260.271		130.437		3678		2		0
267.007		155.935		3795		2		0
272.031		175.185		3705		2		0
271.639		181.748		3669		2		0
237.375		177.841		3691		2		0
235.201		217.963		3822		2		0
238.52		248.362		3946		2		0
238.957		254.658		3905		2		0
252.615		177.672		3722		2		0
254.626		217.251		3828		2		0
252.65		248.718		3959		2		0
247.46		255.788		4045		2		0
243.52		126.226		3644		2		0
213		188.002		3607		2		0
215.126		180.25		3614		2		0
271.501		189.499		3672		2		0
274.125		182.865		0		2		0
Frame 22
244.979		177.762		3699		2		0
244.125		148.488		3647		2		0
243.283		118.727		3635		2		0
245.281		103.758		3497		2		0
226.36		128.331		3643		2		0
217.89		154.827		3695		2		0
212.909		173.797		3615		2		0
212.681		180.766		3572		2		0
260.226		130.398		3692		2		0
267.216		155.757		3795		2		0
271.962		174.71		3703		2		0
271.319		180.684		3636		2		0
237.33		177.844		3708		2		0
235.168		217.956		3831		2		0
238.682		248.466		3940		2		0
239.095		254.777		3920		2		0
252.595		177.68		3716		2		0
254.64		217.202		3832		2		0
252.663		248.681		3938		2		0
247.614		255.67		0		2		0
243.487		126.229		3645		2		0
213.499		187.5		3586		2		0
215.8		182		3588		2		0
271.443		187.669		3636		2		0
273.166		185.667		3626		2		0
Frame 23
244.998		177.767		3696		2		0
244.112		148.514		3633		2		0
243.194		118.747		3633		2		0
245.234		103.797		3490		2		0
226.222		128.426		3642		2		0
217.764		154.086		3729		2		0
213.112		172.188		3592		2		0
212.289		178.3		3530		2		0
260.18		130.338		3678		2		0
267.059		154.996		3765		2		0
271.995		173.155		3646		2		0
271.219		178.403		3606		2		0
237.359		177.855		3721		2		0
235.163		217.97		3831		2		0
238.879		248.571		3947		2		0
239.332		254.887		3928		2		0
252.608		177.683		3701		2		0
254.657		217.156		3827		2		0
249.975		248.75		3991		2		0
250.673		255.045		3970		2		0
243.421		126.252		3633		2		0
211.847		182.851		3520		2		0
214.888		178.995		3553		2		0
270.875		185.502		3589		2		0
272.6		184.001		3590		2		0
Frame 24
244.978		177.771		3695		2		0
244.088		148.563		3643		2		0
243.182		118.843		3618		2		0
245.1		103.842		3484		2		0
226.159		128.391		3640		2		0
217.47		151.449		3703		2		0
213.4		169.16		3571		2		0
212.672		175.163		3497		2		0
260.231		130.353		3666		2		0
266.953		154.843		3777		2		0
271.124		171.103		3620		2		0
270.862		176.883		3584		2		0
237.347		177.858		3698		2		0
235.119		217.925		3810		2		0
238.99		248.531		3949		2		0
239.404		254.865		3927		2		0
252.579		177.687		3699		2		0
254.654		217.15		3842		2		0
250.408		249.07		3988		2		0
251.074		255.394		3961		2		0
243.404		126.34		3621		2		0
212.334		180.67		3476		2		0
215.078		175.222		3519		2		0
270.714		182.646		3528		2		0
273.575		177.269		3586		2		0
Frame 25
244.976		177.779		3697		2		0
244.055		148.635		3641		2		0
243.09		118.933		3602		2		0
244.993		103.749		3488		2		0
226.069		128.355		3629		2		0
217.588		151.222		3691		2		0
213.853		167.404		3543		2		0
213.001		173.792		3462		2		0
260.243		130.353		3675		2		0
266.795		154.275		3750		2		0
270.865		170.426		3584		2		0
270.192		175.145		3525		2		0
237.342		177.862		3703		2		0
235.087		217.913		3819		2		0
239.344		248.69		3945		2		0
239.744		255.044		3936		2		0
252.581		177.701		3726		2		0
254.658		217.123		3826		2		0
250.714		249.138		3986		2		0
251.365		255.477		3938		2		0
243.33		126.43		3632		2		0
213.558		178.84		3458		2		0
212.335		173.995		3457		2		0
269.252		180.334		3503		2		0
271.625		178.749		3506		2		0
Frame 26
244.968		177.803		3714		2		0
244.016		148.727		3625		2		0
243.018		118.983		3595		2		0
244.786		103.933		3478		2		0
226.036		128.509		3632		2		0
217.755		150.706		3663		2		0
213.93		166.494		3497		2		0
213.729		172.165		3417		2		0
260.331		130.374		3676		2		0
266.643		153.875		3719		2		0
270.239		168.044		3540		2		0
269.114		173.616		3498		2		0
237.327		177.896		3701		2		0
235.066		217.936		3813		2		0
239.335		248.711		3949		2		0
239.691		255.097		3941		2		0
252.58		177.719		3713		2		0
254.649		217.094		3836		2		0
251.01		249.073		3967		2		0
251.622		255.442		3939		2		0
243.268		126.498		3621		2		0
214.871		175.205		3425		2		0
214.001		169.059		3430		2		0
268.18		177.366		3451		2		0
268.001		180		3509		2		0
Frame 27
244.95		177.856		3693		2		0
243.943		148.912		3627		2		0
242.884		119.22		3618		2		0
244.537		104.105		3474		2		0
225.799		128.526		3627		2		0
217.808		150.257		3650		2		0
215.043		163.029		3482		2		0
214.954		169.943		3365		2		0
260.286		130.4		3657		2		0
266.752		152.162		3695		2		0
270.273		165.487		3525		2		0
268.467		171.422		3451		2		0
237.31		177.981		3691		2		0
235.025		217.816		3800		2		0
239.319		248.687		3940		2		0
239.781		255.11		3899		2		0
252.562		177.746		3708		2		0
254.646		217.127		3819		2		0
251.631		248.735		3955		2		0
252.362		255.136		3971		2		0
243.152		126.728		3625		2		0
215.739		171.321		3380		2		0
216.065		166.872		3391		2		0
267.187		174.878		3422		2		0
269.833		174.67		3426		2		0
Frame 28
244.881		177.867		3698		2		0
243.823		149.047		3638		2		0
242.772		119.485		3618		2		0
244.372		104.203		3468		2		0
225.757		128.468		3631		2		0
217.674		150.62		3627		2		0
214.792		161.695		3441		2		0
216.602		167.048		3339		2		0
260.142		130.259		3644		2		0
266.513		152.12		3684		2		0
269.685		164.276		3462		2		0
267.97		169.258		3407		2		0
237.23		177.999		3699		2		0
235.016		217.817		3820		2		0
239.302		248.625		3931		2		0
239.58		255.087		3940		2		0
252.501		177.749		3714		2		0
254.625		217.136		3827		2		0
251.671		248.846		3969		2		0
252.22		255.288		3945		2		0
243.035		126.958		3626		2		0
218.749		168.251		3335		2		0
217.401		163.099		3361		2		0
267.071		172.36		3389		2		0
267.832		174.834		3414		2		0
Frame 29
244.729		177.889		3704		2		0
243.751		149.125		3631		2		0
242.844		119.571		3613		2		0
244.219		104.175		3459		2		0
225.764		128.59		3618		2		0
217.89		150.248		3608		2		0
214.837		159.862		3389		2		0
217.4		164.125		3305		2		0
260.14		130.252		3635		2		0
266.694		152.069		3653		2		0
269.331		162.525		3427		2		0
266.721		167.104		3352		2		0
237.032		178.009		3726		2		0
234.996		217.759		3813		2		0
239.426		248.704		3947		2		0
239.709		255.198		3933		2		0
252.389		177.775		3694		2		0
254.555		217.133		3808		2		0
251.038		249.005		3967		2		0
251.575		255.475		3986		2		0
243.068		127.045		3616		2		0
219.001		163.001		3291		2		0
218.166		160.332		3329		2		0
264.999		169.474		3349		2		0
265.878		172.376		3383		2		0
Frame 30
244.632		177.966		3699		2		0
243.618		149.285		3614		2		0
242.677		119.705		3590		2		0
244.107		104.248		3454		2		0
225.744		128.73		3597		2		0
215.702		149.137		3597		2		0
213.677		161.643		0		2		0
218.289		161.154		3279		2		0
260.024		130.128		3605		2		0
266.609		152.058		3612		2		0
269.511		161		3406		2		0
265.685		164.971		3306		2		0
236.98		178.06		3707		2		0
234.95		217.692		3808		2		0
239.254		248.706		3933		2		0
239.543		255.261		3912		2		0
252.239		177.879		3705		2		0
254.522		217.094		3814		2		0
251.912		249.035		3968		2		0
247.734		255.744		4021		2		0
242.911		127.196		3594		2		0
220		160.101		3271		2		0
218.5		157		3284		2		0
264.687		165.94		3308		2		0
264.603		170.201		3370		2		0
Frame 31
244.478		178.005		3679		2		0
243.575		149.43		3618		2		0
242.826		119.958		3567		2		0
243.991		104.466		3444		2		0
225.673		128.614		3582		2		0
215.881		149.015		3566		2		0
212.795		159.768		0		2		0
220.082		157.598		3251		2		0
259.958		130.177		3619		2		0
266.956		151.738		3617		2		0
268.339		157.632		3405		2		0
265.156		162.85		3283		2		0
236.837		178.069		3696		2		0
234.882		217.631		3807		2		0
239.109		248.736		3928		2		0
239.334		255.336		3922		2		0
252.083		177.957		3724		2		0
254.505		217.053		3826		2		0
251.787		249.2		3970		2		0
252.288		255.789		3946		2		0
243.005		127.421		3592		2		0
220.912		155.547		3238		2		0
217.793		155.205		3263		2		0
263.5		163.628		3282		2		0
261.8		166.201		3323		2		0
Frame 32
244.414		178.013		3684		2		0
243.416		149.526		3610		2		0
242.487		120.117		3580		2		0
243.781		104.714		3429		2		0
225.69		128.726		3582		2		0
216.114		148.574		3553		2		0
212.974		159.224		5142		1		0
220.316		154.988		3225		2		0
259.874		129.975		3624		2		0
267.048		151.372		3566		2		0
268.445		157.515		3325		1		0
264.282		160.757		3253		2		0
236.768		178.07		3695		2		0
234.835		217.587		3800		2		0
239.116		248.664		3916		2		0
239.39		255.299		3932		2		0
252.033		177.971		3719		2		0
254.488		217.155		3826		2		0
251.778		249.467		3945		2		0
246.737		256.073		3997		2		0
242.72		127.567		3579		2		0
222.003		154.704		3229		2		0
218.551		151.558		3254		2		0
263.314		160.16		3261		2		0
263.497		165.334		3304		2		0
Frame 33
244.271		178.031		3696		2		0
243.312		149.635		3616		2		0
242.5		120.249		3558		2		0
243.606		104.808		3412		2		0
225.559		128.465		3552		2		0
216.144		148.089		0		2		0
218.38		156.094		3288		2		0
221.785		151.751		3213		2		0
259.876		129.921		3608		2		0
267.199		149.827		3574		2		0
268.76		156.745		3302		1		0
263.744		159.067		3231		2		0
236.625		178.091		3695		2		0
234.813		217.605		3799		2		0
237.659		248.371		3946		2		0
237.927		255.071		3928		2		0
251.897		177.982		3698		2		0
254.494		216.999		3817		2		0
252.063		249.387		3944		2		0
246.908		256.018		3952		2		0
242.697		127.703		3578		2		0
223.628		149.127		3183		2		0
218.874		149		0		2		0
261.727		158.183		3217		2		0
260.858		162.144		3272		2		0
Frame 34
244.161		178.016		3713		2		0
243.158		149.754		3610		2		0
242.286		120.478		3538		2		0
243.548		105.143		3396		2		0
225.515		128.53		3569		2		0
214.837		147.597		3522		2		0
219.867		152.228		3227		2		0
222.295		149.891		3177		2		0
259.76		129.983		3582		2		0
267.519		150.336		3523		2		0
268.947		156.954		3281		1		0
263.339		156.667		3204		2		0
236.452		178.044		3695		2		0
234.758		217.62		3805		2		0
237.955		248.455		3928		2		0
238.078		255.243		3926		2		0
251.838		177.987		3706		2		0
254.471		216.92		3805		2		0
250.633		249.56		3984		2		0
251.027		256.333		3953		2		0
242.501		127.911		3565		2		0
225.2		147.2		3172		2		0
220.598		145.801		3243		2		0
260.624		156.376		3202		2		0
264.5		160.5		3247		2		0
Frame 35
243.953		178.069		3688		2		0
242.969		150.061		3602		2		0
242.146		120.958		3509		2		0
243.319		105.586		3383		2		0
225.622		128.207		3558		2		0
214.693		150.584		3379		2		0
224.962		148.594		3164		2		0
226.202		144.5		3141		2		0
259.665		129.919		3581		2		0
267.602		150.65		0		2		0
268.298		155.974		3284		2		0
262.573		154.965		3176		2		0
236.274		178.027		3700		2		0
234.722		217.64		3811		2		0
238.313		248.516		3924		2		0
238.428		255.387		3911		2		0
251.6		178.122		3704		2		0
254.421		216.997		3803		2		0
251.464		249.215		3951		2		0
247.447		256.088		3999		2		0
242.348		128.356		3559		2		0
227		144.5		3140		2		0
224.333		144.333		3148		2		0
260.456		154.169		3181		2		0
261.002		159.001		3225		2		0
Frame 36
243.848		178.139		3696		2		0
242.729		150.234		3593		2		0
241.632		121.072		3518		2		0
243.354		106.125		3371		2		0
225.481		128.133		3527		2		0
214.971		151.095		3329		2		0
224.397		147.885		3126		2		0
225.948		144.571		3124		1		0
259.645		129.883		3550		2		0
267.887		150.168		0		2		0
268.298		155.972		3272		2		0
263.125		154.074		3168		2		0
236.189		178.053		3684		2		0
234.66		217.528		3810		2		0
238.314		248.53		3949		2		0
238.321		255.479		3918		2		0
251.48		178.237		3700		2		0
254.403		216.913		3806		2		0
251.543		249.257		3965		2		0
247.383		256.048		3993		2		0
241.915		128.498		3537		2		0
226.001		142.75		3119		2		0
223.199		145.9		3138		2		0
260.387		152.781		3160		2		0
260.833		157.667		3200		2		0
Frame 37
243.704		178.083		3681		2		0
242.681		150.443		3570		2		0
241.755		121.651		3491		2		0
243.368		106.118		3346		2		0
225.664		127.827		3518		2		0
215.374		151.145		3320		2		0
224.584		147.955		3123		2		0
225.72		144.389		3104		1		0
259.768		130.122		3554		2		0
265.221		145.779		3508		2		0
269.238		160.098		0		2		0
261.125		152.947		3145		2		0
236.015		177.96		3689		2		0
234.58		217.55		3795		2		0
238.491		248.665		3932		2		0
238.626		255.686		3932		2		0
251.374		178.218		3699		2		0
254.34		216.909		3808		2		0
251.989		249.325		3963		2		0
247.359		255.76		4002		2		0
241.984		128.973		3532		2		0
227.375		141.875		3099		2		0
221.624		145.251		3140		2		0
259.543		150.73		3131		2		0
261.143		155.93		3170		2		0
Frame 38
243.523		178.167		3678		2		0
242.471		150.764		3569		2		0
241.558		122.025		3480		2		0
243.272		106.976		3328		2		0
225.548		127.765		3503		2		0
214.939		150.966		3351		2		0
223.033		155.537		0		2		0
225.588		145.208		3098		2		0
259.596		130.235		3542		2		0
265.743		145.318		3491		1		0
268.988		160.937		0		2		0
262.359		152.855		3134		2		0
235.794		178.042		3686		2		0
234.521		217.547		3808		2		0
238.032		248.642		3938		2		0
238.196		255.777		3917		2		0
251.233		178.297		3695		2		0
254.298		216.892		3797		2		0
252.118		249.284		3905		2		0
247.434		255.611		3999		2		0
241.782		129.362		3503		2		0
227.918		141.916		3087		2		0
222.052		144.251		3115		2		0
258.331		151.669		3124		2		0
260.789		155.913		3152		2		0
Frame 39
243.504		178.193		3673		2		0
242.582		151.337		3545		2		0
241.711		123.13		3465		2		0
243.254		107.821		3302		2		0
225.454		127.886		3478		2		0
215.196		146.664		3419		2		0
230.876		140.819		3062		1		0
226.312		144.848		3055		2		0
259.621		130.733		3517		2		0
265.769		145.009		3464		1		0
268.959		162.406		0		2		0
262.631		153.371		3115		2		0
235.736		178.073		3672		2		0
234.396		217.657		3792		2		0
238.098		248.63		3961		2		0
238.196		255.947		3923		2		0
251.257		178.315		3675		2		0
254.104		216.99		3786		2		0
252.371		249.344		3914		2		0
247.397		255.433		4023		2		0
241.933		130.336		3489		2		0
227.467		142		3048		2		0
222.939		145.181		3093		2		0
258		152.167		3090		2		0
258.499		156		3156		2		0
Frame 40
243.164		178.495		3661		2		0
242.308		152.029		3538		2		0
241.552		123.954		3415		2		0
243.491		109.382		3283		2		0
225.441		129.097		3433		2		0
215.888		152.532		3288		2		0
224.579		147.6		3055		2		0
226.887		145.495		3035		2		0
259.669		131.303		3484		2		0
267.317		151.852		3175		2		0
262.931		165.483		5869		2		0
261.814		153.517		3073		2		0
235.387		178.337		3640		2		0
234.064		217.493		3802		2		0
237.132		248.11		3916		2		0
237.478		255.526		3922		2		0
250.924		178.653		3658		2		0
253.978		217.326		3784		2		0
251.382		249.459		3955		2		0
247.016		256.02		4028		2		0
241.74		131.147		3466		2		0
230.002		142		3032		2		0
223.808		143.003		3057		2		0
259.693		150.924		3056		2		0
258.003		155.465		3098		2		0
Frame 41
242.951		178.624		3649		2		0
242.355		152.724		3519		2		0
241.991		125.323		3404		2		0
243.474		110.2		3253		2		0
225.218		129.197		3425		2		0
215.829		147.785		3356		2		0
223.813		152.292		3075		2		0
227.065		146.936		3019		2		0
259.657		131.373		3458		2		0
267.008		151.848		0		2		0
264.581		161.961		3249		2		0
261.614		154.137		3058		2		0
235.145		178.439		3648		2		0
233.588		217.42		3769		2		0
237.663		248.304		3909		2		0
238.316		255.898		3920		2		0
250.736		178.803		3667		2		0
253.735		218.124		3761		2		0
249.931		250.697		3975		2		0
250.815		258.302		3957		2		0
242.067		132.338		3456		2		0
230.391		143.501		3003		2		0
224.424		144.431		3027		2		0
258.433		152.22		3037		2		0
258.004		156.803		3060		2		0
Frame 42
242.291		179.512		3648		2		0
242.068		154.179		3508		2		0
242.16		126.97		3363		2		0
243.326		111.312		3230		2		0
225.232		130.69		3403		2		0
218.619		148.257		3311		2		0
226.899		147.359		2997		2		0
227.812		148.397		2990		2		0
259.771		133.414		3426		2		0
267.357		155.135		3125		2		0
266.854		161.362		3185		2		0
260.869		155.597		3017		2		0
234.629		179.24		3656		2		0
232.787		222.866		3774		2		0
237.665		250.08		3907		2		0
237.66		257.88		3956		2		0
249.912		179.791		3663		2		0
253.795		223.205		3776		2		0
250.544		252.544		3946		2		0
250.783		260.359		3937		2		0
242.118		133.981		3427		2		0
231.19		145		2981		2		0
224.535		146.081		3009		2		0
258.499		153.683		3012		2		0
258.166		159.333		3053		2		0
Frame 43
242.034		180.29		3659		2		0
241.705		155.579		3481		2		0
241.437		128.814		3339		2		0
243.266		113.008		3197		2		0
225.303		132.76		3378		2		0
215.96		157.94		3208		2		0
226.836		151.839		2967		2		0
228.248		150.582		2957		2		0
259.999		136.763		3409		2		0
267.776		158.738		3083		2		0
264.016		160.922		3028		2		0
261.34		157.642		2997		2		0
234.451		180.015		3648		2		0
232.617		222.959		3745		2		0
237.789		250.508		3920		2		0
237.584		258.496		3931		2		0
249.584		180.566		3650		2		0
254.028		222.845		3731		2		0
250.062		252.185		3941		2		0
250.084		260.181		3942		2		0
241.512		135.718		3396		2		0
230.935		147.066		2952		2		0
228.215		146.447		2963		2		0
258.192		155.55		2987		2		0
258.82		161.273		3019		2		0
Frame 44
241.798		180.393		3643		2		0
241.866		156.151		3474		2		0
242.592		131.349		3314		2		0
243.665		114.754		3172		2		0
225.174		134.558		3344		2		0
215.853		154.607		3248		2		0
220.651		157.144		3069		2		0
228.487		152.993		2938		2		0
260.1		137.395		3378		2		0
267.791		159.061		3079		2		0
266.654		162.935		3044		2		0
261.219		160.798		2971		2		0
234.24		179.835		3624		2		0
232.427		223.242		3752		2		0
237.837		250.727		3928		2		0
238.154		259.072		3889		2		0
249.351		180.881		3648		2		0
254.213		222.92		3732		2		0
249.769		253.416		3929		2		0
250.286		261.778		0		2		0
242.309		137.634		3381		2		0
231.145		150.001		2936		2		0
233.604		149.606		2947		2		0
257.94		159.472		2975		2		0
259.339		164.556		3007		2		0
Frame 45
241.664		181.115		3625		2		0
241.721		158.641		3445		2		0
241.989		133.718		3294		2		0
243.659		117.543		3142		2		0
224.912		136.901		3307		2		0
214.999		157.624		0		2		0
221.081		164.3		3077		2		0
228.942		156.354		2925		2		0
260.521		140.328		3361		2		0
266.8		163.765		3020		2		0
267.643		163.897		3053		2		0
261.759		164.215		2963		2		0
234.089		180.69		3630		2		0
232.198		223.454		3721		2		0
237.984		250.861		3922		2		0
237.835		259.438		0		2		0
249.204		181.614		3649		2		0
254.055		224.499		3714		2		0
250.078		253.781		3930		2		0
250.124		262.377		0		2		0
241.888		140.399		3348		2		0
231.503		153.374		2906		2		0
229.554		151.777		2938		2		0
257.908		162.365		2941		2		0
260.671		167.835		2973		2		0
Frame 46
241.683		181.129		3578		2		0
241.797		159.402		3432		2		0
241.956		135.784		3255		2		0
244.269		121.32		3112		2		0
225.234		138.102		3287		2		0
216.506		158.6		3215		2		0
223.85		164.044		2967		2		0
228.739		159.87		2895		2		0
260.99		142.492		3323		2		0
267.185		165.261		0		2		0
267.085		168.681		3010		2		0
262.118		168.539		2939		2		0
234.156		180.882		3620		2		0
231.183		220.56		3709		2		0
238.177		249.054		3909		2		0
237.703		257.854		3907		2		0
249.204		181.587		3633		2		0
253.74		220.546		3683		2		0
251.6		249.724		3876		2		0
251.331		258.532		3907		2		0
241.915		141.844		3320		2		0
232.114		156.778		2876		2		0
225.098		157.602		2904		2		0
258.738		167.481		2927		2		0
259.852		172.386		2950		2		0
Frame 47
241.352		184.488		3586		2		0
241.529		163.176		3409		2		0
241.737		139.084		3244		2		0
244.332		123.202		3087		2		0
224.854		141.44		3255		2		0
217.531		161.898		3184		2		0
223.937		166.483		2910		2		0
228.916		163.862		2870		2		0
260.736		145.447		3311		2		0
267.413		168.944		0		2		0
264.943		169.023		2925		1		0
262.317		173.093		2912		2		0
233.939		184.436		3618		2		0
230.821		221.069		3678		2		0
238.436		249.114		3897		2		0
238.349		257.842		3936		2		0
248.738		184.383		3619		2		0
253.799		221.611		3685		2		0
249.204		253.415		3932		2		0
244.297		259.04		3942		2		0
241.669		145.586		3298		2		0
232.071		160.468		2854		2		0
225.598		167.305		2896		2		0
258.723		172.14		2903		2		0
260.732		177.182		2945		2		0
Frame 48
241.375		184.972		3560		2		0
241.419		164.885		3392		2		0
241.271		143.188		3230		2		0
244.153		127.689		3051		2		0
224.717		143.539		3224		2		0
217.3		164.229		3176		2		0
226.034		171.866		2856		2		0
229.067		168.306		2832		2		0
260.812		148.273		3269		2		0
267.141		172.055		0		2		0
264.464		171.027		3205		1		0
262.523		177.565		2884		2		0
233.961		184.931		3580		2		0
230.611		222.97		3679		2		0
238.4		249.315		3878		2		0
237.994		258.34		3904		2		0
248.756		184.976		3608		2		0
253.835		221.904		3675		2		0
249.155		253.46		3933		2		0
243.156		258.197		3926		2		0
241.328		148.802		3273		2		0
232.215		165.791		2833		2		0
225.952		171.04		2864		2		0
259.489		177.749		2895		2		0
260.671		181.667		2904		2		0
Frame 49
241.137		190.857		3594		2		0
244.069		168.535		3360		2		0
247.335		143.565		3109		2		0
244.948		129.898		3013		2		0
225.023		146.484		3196		2		0
216.995		168.635		3152		2		0
228.589		167.464		0		1		0
229.281		172.6		2809		2		0
261.11		152.476		3236		2		0
266.996		176.122		3162		2		0
264.602		177.519		0		1		0
262.956		182.501		2864		2		0
233.898		190.946		3588		2		0
230.633		224.171		3643		2		0
238.294		250.058		3879		2		0
238.093		258.847		3894		2		0
248.316		190.767		3606		2		0
253.665		224.375		3652		2		0
248.929		253.459		3929		2		0
248.897		262.227		0		2		0
246.483		150.083		3226		2		0
232.8		169.001		2792		2		0
226.739		176.042		2832		2		0
259.471		182.414		2856		2		0
260.781		186.556		2888		2		0
Frame 50
241.137		192.01		3572		2		0
240.877		172.144		3327		2		0
240.574		148.831		3155		2		0
244.6		133.426		2979		2		0
224.997		148.931		3176		2		0
218.552		171.885		3092		2		0
223.309		179.546		2829		2		0
229.392		177.238		2768		2		0
261.805		154.783		3214		2		0
266.906		179.123		3166		2		0
264.881		182.099		0		1		0
263.284		187.35		2836		2		0
233.91		192.404		3572		2		0
230.729		225.572		3619		2		0
233.76		250.142		3824		2		0
240.118		255.215		3905		2		0
248.3		191.655		3594		2		0
253.841		224.81		3628		2		0
250.594		250.559		3840		2		0
245.464		255.853		3956		2		0
240.655		154.93		3217		2		0
232.754		174.001		2769		2		0
224.949		178.715		2804		2		0
259.783		186.785		2827		2		0
263.79		191.072		2850		2		0
Frame 51
240.519		196.187		3570		2		0
240.725		175.602		3297		2		0
240.918		153.09		3126		2		0
245.512		137.608		2949		2		0
225.145		153.3		3122		2		0
217.814		176.063		3065		2		0
222.918		186.373		2907		1		0
229.788		181.721		2749		2		0
262.289		158.905		3184		2		0
267.454		183.828		3137		2		0
265.271		185.796		3130		1		0
263.721		192.328		2821		2		0
233.61		196.852		3535		2		0
230.585		228.42		3604		2		0
233.847		251.562		3803		2		0
240.665		255.814		3889		2		0
247.45		194.998		3561		2		0
254.429		228.277		3599		2		0
248.679		253.358		3904		2		0
243.385		257.481		3897		2		0
240.864		159.092		3185		2		0
234.2		179.6		2732		2		0
226.15		178.695		2750		2		0
260.595		193.131		2815		2		0
264.14		196.532		2841		2		0
Frame 52
241.061		198.158		3553		2		0
241.149		179.01		3286		2		0
241.089		156.909		3080		2		0
245.37		142.005		2930		2		0
224.913		157.182		3104		2		0
218.936		180.366		3020		2		0
223.313		188.608		2812		1		0
230.499		186.354		2714		2		0
263.062		162.273		3152		2		0
268.097		187.661		3126		2		0
265.47		192.199		0		1		0
263.859		198.012		2785		2		0
233.817		197.19		3516		2		0
230.748		230.79		3579		2		0
233.048		253.532		3735		2		0
239.589		255.756		3865		2		0
248.088		199.512		3526		2		0
254.914		232.268		3583		2		0
250.683		253.494		3870		2		0
244.367		256.567		3936		2		0
241.102		162.626		3149		2		0
234.002		183.752		2704		2		0
226.179		184.005		2715		2		0
260.4		196.401		2772		2		0
260.568		202.427		2804		2		0
Frame 53
240.773		201.512		3510		2		0
240.716		183.138		3250		2		0
240.646		162.183		3058		2		0
245.032		145.85		2888		2		0
225.018		161.853		3065		2		0
219.506		185.636		2971		2		0
225.154		194.677		2750		1		0
231.242		191.068		2676		2		0
263.685		166.575		3110		2		0
267.52		192.433		3106		2		0
271.992		200.438		2852		2		0
264.912		203.461		2760		2		0
233.569		200.93		3495		2		0
230.36		234.499		3533		2		0
233.679		255.677		3860		2		0
240.275		256.646		3878		2		0
247.96		201.536		3515		2		0
255.398		234.963		3544		2		0
252.676		255.62		3846		2		0
248.347		257.109		3935		2		0
240.664		167.701		3103		2		0
234.002		188.287		2664		2		0
228.283		186.716		2675		2		0
261		202.167		2741		2		0
260.856		208.143		2797		2		0
Frame 54
242.488		205.721		3451		2		0
241.815		187.011		3221		2		0
241.04		165.734		3029		2		0
245.472		151.012		2856		2		0
225.067		167.246		3026		2		0
219.751		190.427		2950		2		0
226.612		197.407		2677		2		0
232.382		195.818		2634		2		0
264.163		171.03		3072		2		0
268.258		196.937		3044		2		0
272.991		207.095		2819		1		0
265.237		209.496		2719		2		0
235.797		204.891		3464		2		0
230.187		238.936		3501		2		0
233.9		257.39		3821		2		0
240.691		257.493		3845		2		0
249.171		206.55		3489		2		0
256.072		239.372		3535		2		0
260.226		259.953		0		2		0
252.893		258.538		3931		2		0
241.244		171.324		3069		2		0
237.667		193.001		2637		2		0
228.996		192.502		2647		2		0
261.499		207.501		2627		2		0
262.751		214.167		2746		2		0
Frame 55
242.526		209.181		3427		2		0
242.444		192.142		3183		2		0
242.344		172.841		2999		2		0
246.118		156.57		2818		2		0
225.302		172.743		2989		2		0
219.063		199.068		2814		2		0
232.255		200.506		2601		2		0
234.188		199.846		2593		2		0
264.344		176.751		3035		2		0
268.463		203.208		3007		2		0
272.245		211.891		2775		2		0
267.314		215.033		2683		2		0
235.95		208.332		3432		2		0
232.139		243.196		3484		2		0
236.304		257.178		3716		2		0
240.928		256.088		3851		2		0
249.106		210.031		3447		2		0
256.798		241.062		3501		2		0
260.45		269.565		3505		1		0
260.685		279.733		3302		1		0
242.371		177.904		3050		2		0
238.004		195.502		2584		2		0
230.641		197.005		2601		2		0
263.823		214.414		2667		2		0
263.001		221		2712		2		0
Frame 56
243.421		214.875		3415		2		0
242.929		197.93		3113		2		0
242.36		178.569		2956		2		0
246.726		163.257		2790		2		0
226.071		178.012		2939		2		0
220.252		201.962		2874		2		0
229.059		212.015		0		2		0
235.264		205.021		2558		2		0
265.363		182.531		2998		2		0
268.907		209.518		2967		2		0
274.231		218.836		2726		2		0
267.577		221.953		2627		2		0
236.412		214.485		3397		2		0
228.939		248.247		3436		2		0
234.844		266.74		3562		1		0
234.601		276.789		3360		1		0
250.393		215.265		3419		2		0
263.32		245.527		3535		2		0
255.462		273.878		3393		1		0
255.495		284.281		3192		1		0
242.51		183.665		2992		2		0
238.173		201.668		2544		2		0
230.518		203.486		2567		2		0
265.05		222.051		2630		2		0
265.301		228.201		2662		2		0
Frame 57
244.924		221.88		3393		2		0
244.505		204.919		0		2		0
244.019		185.513		2897		2		0
248.072		170.897		2737		2		0
225.798		185.924		2899		2		0
220.273		211.251		2814		2		0
228.372		221.055		2708		1		0
237.15		210.716		2505		2		0
266.001		190.044		2956		2		0
267.682		217.663		2922		2		0
273.247		227.208		2635		1		0
268.394		229.512		2567		2		0
238.127		220.461		3385		2		0
230.344		246.287		3385		2		0
230.857		256.058		3399		2		0
230.678		266.652		3536		1		0
251.75		223.307		3406		2		0
260.815		246.758		3462		2		0
260.671		255.901		3472		2		0
260.917		266.28		3545		2		0
244.148		190.624		2946		2		0
241.531		207.579		2504		2		0
232.891		208.689		2512		2		0
265.842		230.19		2575		2		0
263.165		235.333		2609		2		0
Frame 58
246.209		227.313		3358		2		0
245.981		211.225		0		2		0
245.712		192.656		2818		2		0
248.21		177.622		2675		2		0
227.455		194.493		2844		2		0
221.255		220.989		2750		2		0
231.852		226.046		0		1		0
240.062		218.228		2456		2		0
267.195		198.655		2903		2		0
267.64		226.598		2849		2		0
273.719		234.303		2602		2		0
269.42		238.855		2506		2		0
239.391		226.415		0		2		0
226.823		259.782		3372		2		0
245.326		277.635		3346		1		0
237.451		271.35		3431		1		0
253.031		228.212		3389		2		0
263.23		257.627		3481		1		0
271.914		276.377		3348		1		0
267.693		269.954		3505		1		0
245.784		197.563		2881		2		0
243.532		215.47		2451		2		0
234.927		217.935		2455		2		0
266.399		240.488		2503		2		0
268.249		244.878		2531		2		0
Frame 59
246.654		236.333		0		2		0
246.474		220.48		0		2		0
246.26		202.111		2761		2		0
250.285		188.122		2610		2		0
228.535		203.398		2791		2		0
224.441		230.867		2705		2		0
233.288		242.987		0		1		0
242.658		229.804		2396		2		0
268.025		208.707		2834		2		0
268.09		237.39		2779		2		0
274.44		246.218		2533		1		0
270.157		250.319		2434		2		0
239.807		234.818		2416		2		0
227.257		267.641		3372		1		0
231.686		271.832		3365		1		0
231.335		278.636		3344		1		0
253.528		237.858		3339		2		0
262.036		262.018		3444		1		0
265.813		270.014		3479		1		0
259.754		269.406		3447		1		0
246.317		206.972		2830		2		0
248.336		228.167		2384		2		0
244.601		224		2423		2		0
267.323		251.679		2431		2		0
267.843		256.258		2459		2		0
Frame 60
252.467		247.693		2368		2		0
252.64		232.356		2933		2		0
252.838		214.573		2652		2		0
252.559		200.714		2563		2		0
229.824		215.134		2740		2		0
225.959		243.452		2661		2		0
242.65		246.623		2346		2		0
246.127		245.708		2332		2		0
269.235		221.998		2781		2		0
268.857		251.395		2697		2		0
275.586		261.586		2466		1		0
268.889		264.905		2380		2		0
245.165		244.47		2339		2		0
233.119		277.305		3343		1		0
237.561		281.467		3196		1		0
237.121		288.261		3060		1		0
259.901		250.978		3348		2		0
268.401		271.419		0		1		0
272.098		279.343		3234		1		0
266.048		278.896		3260		1		0
252.786		219.28		2729		2		0
250.255		244.083		2323		2		0
249.881		241.553		2336		2		0
266.373		266.563		2359		2		0
263.113		267.671		2376		2		0
Frame 61
253.378		261.683		2238		2		0
253.141		246.53		0		2		0
252.863		228.908		2614		2		0
254.723		214.422		2492		2		0
230.215		230.108		2670		2		0
228.191		260.435		2553		2		0
240.206		256.247		3323		1		0
248.663		266.461		2273		2		0
270.348		236.114		2730		2		0
268.518		267.149		2597		2		0
269.522		280.208		2328		1		0
268.958		282.914		2325		2		0
245.743		256.369		0		2		0
232.743		290.73		2969		1		0
237.276		294.824		2912		1		0
236.832		301.563		2814		1		0
261.259		267.174		3377		2		0
268.722		284.479		2295		1		0
272.482		292.251		0		1		0
266.319		292.043		0		1		0
252.937		233.578		2691		2		0
255		262.501		2192		2		0
254.2		268.499		2274		2		0
268.727		284.454		2295		2		0
264.714		286.715		2324		2		0
Frame 62
246.971		270.874		3585		2		0
245.988		256.095		2855		2		0
244.831		238.763		2634		2		0
255.725		228.377		2425		2		0
231.412		241.865		2610		2		0
230.158		278.604		2509		2		0
241.923		293.664		2324		2		0
248.405		294.147		2221		2		0
272.44		249.005		2661		2		0
270.104		280.322		2592		2		0
272.487		301.224		2310		2		0
271.017		304.003		2273		2		0
239.7		266.681		0		2		0
225.271		301.18		2793		1		0
230.046		305.289		2736		1		0
229.693		312.098		2622		1		0
254.363		275.142		3457		2		0
262.605		294.503		0		1		0
266.635		302.285		0		1		0
260.149		302.272		2715		1		0
245.139		243.371		2636		2		0
253.999		295		2231		2		0
251.991		297.336		2221		2		0
270		308.616		2248		2		0
269.5		311		2279		2		0
Frame 63
247.006		284.75		3102		2		0
246.626		271.758		3570		2		0
246.18		256.542		2562		2		0
258.931		247.385		2373		2		0
231.969		267.055		2539		2		0
233.91		300.823		2444		2		0
237.273		325.227		2395		2		0
245.3		327.792		2201		2		0
276.159		256.297		2596		2		0
273.77		295.543		2565		2		0
273.404		324.031		2329		2		0
273.69		326.362		2290		2		0
240.255		285.177		0		2		0
223.168		319.04		2502		1		0
228.022		322.982		2466		1		0
227.699		329.593		2369		1		0
253.712		284.33		3101		2		0
260.96		311.953		2604		1		0
265.074		319.388		2498		1		0
258.484		319.717		2490		1		0
246.299		260.585		2578		2		0
248.886		328.723		2183		2		0
254		332		2256		2		0
273.528		333.355		2226		2		0
278.669		328.989		2316		2		0
Frame 64
243.527		259.075		2488		2		0
242.27		244.999		2645		2		0
240.909		229.82		2991		2		0
252.744		227.489		3067		2		0
235.615		235.391		2889		2		0
231.232		262.974		2488		2		0
235.625		306.194		2481		2		0
233.289		308.893		2482		1		0
269.818		227.587		5466		1		0
269.691		260.407		2327		2		0
269.348		296.877		2609		1		0
274.621		302.987		2567		2		0
237.554		262.288		2483		2		0
224.064		286.56		2535		1		0
228.328		290.369		2492		1		0
228.035		296.644		2515		1		0
249.343		255.949		0		2		0
257.357		280.85		2379		1		0
261.07		288.095		0		1		0
256.695		289.756		0		1		0
241.26		233.726		2880		2		0
235		318.5		2434		2		0
228.609		309.662		2525		2		0
276.999		307		2568		2		0
279.093		300.275		2579		2		0
Frame 65
242.641		263.956		2525		2		0
241.007		250.71		2732		2		0
239.282		235.986		2990		2		0
251.137		233.976		3038		1		0
230.434		246.321		2844		2		0
228.34		278.522		2448		2		0
233.855		323.05		2469		1		0
235.511		315		2476		1		0
268.455		233.69		0		1		0
272.861		265.853		2527		2		0
276.452		302.406		2539		1		0
276.73		308.152		2557		1		0
235.783		269.512		2479		2		0
222.529		292.312		2844		1		0
226.842		296.09		2468		1		0
226.566		302.34		2482		1		0
249.181		258.379		2581		2		0
256.104		286.456		2249		1		0
259.873		293.634		2265		1		0
255.423		295.483		2322		1		0
239.726		239.795		2859		2		0
236		315		2483		2		0
230.811		315.695		2486		1		0
279.501		311		2549		2		0
281.335		308.114		2562		2		0
Frame 66
242.957		270.373		2453		2		0
241.468		258.008		2677		2		0
239.814		244.31		2903		2		0
251.948		242.731		2931		1		0
228.095		263.585		2722		2		0
227.711		298.341		2411		2		0
235.104		334.792		2351		1		0
240.955		337.203		2260		1		0
269.56		241.911		0		1		0
271.912		269.713		2460		1		0
273.61		303.975		2176		1		0
284		308		2295		1		0
237.818		273.909		2435		2		0
222.694		300.428		2789		1		0
227.078		304.185		2444		1		0
226.795		310.43		2478		1		0
247.986		266.915		2525		2		0
256.834		294.335		2196		1		0
260.649		301.458		2177		1		0
256.148		303.589		2196		1		0
240.244		247.872		2833		2		0
241.47		337.233		2239		1		0
236.008		337.651		2345		1		0
287.095		311.169		2596		1		0
289.077		307.961		2647		1		0
Frame 67
245.516		274.397		2378		2		0
244.467		262.995		2618		2		0
243.152		250.092		2870		2		0
255.62		248.829		0		1		0
228.283		268.164		2691		2		0
233.375		303.984		2333		2		0
242.706		344.162		2184		1		0
248.853		346.839		2276		1		0
273.204		247.631		0		1		0
273.634		274.904		2417		1		0
267.749		293.927		2191		2		0
266.852		303.123		2131		1		0
240.02		274.556		2397		2		0
225.388		305.921		2410		1		0
229.785		309.656		2388		1		0
229.463		315.884		2417		1		0
250.174		274.33		2396		2		0
259.8		299.682		2171		1		0
263.585		306.752		2114		1		0
259.135		309.074		2116		1		0
243.495		253.451		2778		2		0
249.389		346.882		2273		1		0
243.71		347.174		2198		1		0
265.081		312.308		2121		2		0
278.701		312.801		2157		2		0
Frame 68
249.99		320.474		0		2		0
249.252		310.561		2159		2		0
248.365		298.611		2280		2		0
264.88		300.606		2100		1		0
232.02		301.229		2283		2		0
234.582		329.446		2373		1		0
243.738		363.389		1922		1		0
249.916		366.501		1942		1		0
271.644		286.695		2309		2		0
264.395		323.665		2055		1		0
252.824		317.355		2101		1		0
248.3		314.89		2294		1		0
242.171		317.777		2444		2		0
225.742		358.225		1970		1		0
231.108		362.067		1923		1		0
230.712		368.68		1932		1		0
258.032		323.251		2066		2		0
267.663		349.628		2186		1		0
272.037		356.785		1967		1		0
266.936		361.548		1936		1		0
248.603		301.823		2286		2		0
250.454		366.571		1941		1		0
244.757		366.589		1936		1		0
245.915		325.359		2539		1		0
261.652		325.447		2039		1		0
Frame 69
249.057		324.666		0		2		0
248.21		314.231		2096		2		0
247.205		301.743		2216		2		0
263.895		304.005		2041		1		0
231.415		302.798		2244		2		0
230.861		330.557		2363		1		0
221.836		305.16		0		2		0
216.149		298.389		2738		1		0
275.452		292.804		2263		2		0
286.861		332.791		2361		1		0
267.781		307.827		2042		2		0
257.915		305.575		2036		1		0
241.425		318.89		2292		2		0
224.525		361.478		1923		1		0
229.97		365.317		1911		1		0
229.592		371.941		1909		1		0
257.568		330.097		2040		2		0
266.96		352.725		2102		1		0
271.402		359.87		1939		1		0
266.215		364.806		1926		1		0
247.474		305.091		2204		2		0
218.452		292.887		2868		2		0
209.889		299.082		2726		2		0
261		300		2040		2		0
251.185		308.988		2065		2		0
Frame 70
253.856		327.189		1993		2		0
253.145		314.727		2004		2		0
252.287		299.656		2172		2		0
269.946		301.84		2070		1		0
230.933		306.083		2193		2		0
231.096		334.297		2317		1		0
221.62		306.588		0		1		0
214.467		301.184		2651		2		0
274.458		297.992		2212		2		0
287.308		335.947		2304		1		0
262.548		312.925		1984		2		0
255.796		310.785		1995		1		0
244.831		318.634		2136		2		0
228.082		361.334		1941		1		0
233.618		365.274		1904		1		0
233.165		372.066		1895		1		0
263.463		336.291		1954		2		0
271.518		352.361		2176		1		0
275.94		359.693		1981		1		0
270.805		364.747		1904		1		0
252.518		303.711		2080		2		0
220.501		295.499		2804		2		0
209.006		299.983		2672		2		0
253.247		309.243		2000		2		0
248.641		307.629		2060		2		0
Frame 71
253.883		334.27		1953		2		0
253.234		321.386		1967		2		0
252.448		305.711		2120		2		0
270.624		308.446		2048		1		0
230.542		312.161		2149		1		0
218.816		308.689		2583		2		0
202.344		299.576		2664		2		0
200.838		295.563		2777		2		0
287.577		310.829		2210		2		0
307.275		325.492		2354		2		0
320.914		348.75		2061		2		0
326.896		363.549		1931		2		0
245.043		321.933		2051		2		0
227.712		367.483		1880		1		0
233.369		371.409		1841		1		0
232.914		378.201		1848		1		0
263.392		346.453		1973		2		0
282.659		391.7		1782		2		0
288.797		400.777		1745		1		0
299.377		400.238		1753		2		0
252.66		309.939		2011		2		0
197.5		294		2861		2		0
197.162		296.163		2825		2		0
330.258		371.894		1906		2		0
314		357.494		1979		2		0
Frame 72
252.469		313.617		1985		2		0
251.111		299.691		2144		2		0
249.574		283.917		2557		2		0
264.245		284.71		2557		1		0
231.396		289.708		2535		1		0
196.563		315.374		2519		2		0
217.749		294.632		2917		2		0
227.377		284.466		0		2		0
278.964		288.85		2952		1		0
300.201		318.229		2527		2		0
314.986		342.388		2142		2		0
322.868		352.789		2029		2		0
245.013		302.238		2127		2		0
228.803		340.556		2238		1		0
233.648		344.28		2220		1		0
233.241		350.619		2198		1		0
260.446		325.786		1911		2		0
272.076		398.655		1725		2		0
326.938		400.927		1765		2		0
303.665		401.331		1725		2		0
249.977		288.053		2384		2		0
229.999		280.333		0		2		0
224.653		287.017		2814		2		0
327.999		361.399		1941		2		0
322.499		360		1959		2		0
Frame 73
288.275		337.312		2265		2		0
305.601		340.578		2173		2		0
325.996		344.405		2232		2		0
338.609		349.288		2346		2		0
235.758		289.805		2512		2		0
199.058		307.146		2608		2		0
205.867		325.637		2419		2		0
195.536		327.663		2380		2		0
265.432		272.902		3368		2		0
280.101		288.067		2962		1		0
292.465		305.056		0		1		0
303.116		308.948		2597		2		0
286.732		332.241		2165		2		0
288.909		395.854		1741		1		0
293.47		399.131		1717		1		0
291.975		405.021		1688		1		0
290.037		343.105		2238		2		0
272.795		402.675		1702		2		0
327.221		401.944		1739		2		0
303.794		402.694		1716		2		0
320.567		343.389		2230		2		0
197.333		334.832		2280		2		0
210.203		332.399		2346		2		0
305.836		320.332		2502		2		0
297.247		308.491		2597		2		0
Frame 74
255.532		313.236		2046		2		0
259.763		301.965		2137		2		0
264.44		289.504		2446		2		0
272.233		305.546		2098		2		0
188.504		245.743		4344		1		0
193.157		287.012		0		2		0
198.959		315.17		2512		2		0
197.253		333.858		2271		2		0
231.406		292.363		2503		2		0
273.593		308.614		2080		2		0
313.589		329.399		2288		2		0
318.187		331.03		2323		1		0
248.602		299.39		2141		2		0
240.597		346.888		2176		1		0
245.439		350.642		1885		1		0
244.837		357.056		2016		1		0
263.566		329.274		1860		2		0
268.013		364.614		1925		2		0
320.571		364.913		1918		1		0
312.768		373.476		1840		2		0
263.225		292.741		2355		2		0
200.166		338.666		2215		2		0
202.373		330.117		2325		2		0
323.318		332.766		2398		2		0
317.485		335.11		2247		2		0
Frame 75
245.989		305.656		2091		2		0
247.22		293.236		2328		2		0
248.526		280.049		2622		2		0
240.167		286.877		2522		2		0
178.922		240.055		4781		1		0
187.631		273.875		3914		1		0
196.88		307.664		2680		1		0
196.447		313.964		2579		1		0
218.033		282.912		3214		1		0
255.162		299.277		2146		2		0
292.658		319.837		2098		2		0
307.295		319.392		2469		2		0
240.203		294.442		2354		2		0
228.553		335.562		2033		1		0
233.253		339.234		2059		1		0
232.863		345.466		2150		1		0
252.596		318.458		2017		2		0
262.2		352.398		1829		2		0
312.283		352.708		2060		1		0
308.209		361.936		1987		1		0
248.192		283.421		2548		2		0
199.089		317.835		2531		1		0
201.178		310.893		2603		1		0
316.001		327		2443		2		0
298.752		332.244		2340		2		0
Frame 76
244.096		305.492		2081		2		0
244.33		293.061		2343		2		0
244.218		280.061		2617		2		0
241.354		288.95		2466		2		0
175.065		240.093		4737		1		0
185.643		272.949		4018		1		0
195.898		305.938		2715		1		0
195.578		312.123		2621		1		0
213.81		282.931		3152		1		0
251.009		299.027		2139		2		0
288.969		318.232		2076		2		0
307.216		320.061		2457		2		0
238.92		297.543		2290		2		0
224.921		335.547		2045		1		0
229.662		339.216		2029		1		0
229.325		345.445		2125		1		0
250.191		314.841		2019		2		0
260.866		350.469		1801		2		0
311.277		350.83		2073		1		0
307.192		360.597		2009		1		0
244.552		283.368		2554		2		0
198.194		315.941		2574		1		0
200.322		309.09		2646		1		0
312.192		326.443		2437		2		0
308.333		328.665		2373		2		0
Frame 77
246.228		308.507		2057		2		0
246.329		295.545		2257		2		0
246.268		281.966		2599		2		0
240.133		290.171		2444		2		0
175.969		241.249		4709		1		0
186.77		275.355		3839		1		0
196.717		309.267		2665		1		0
197.365		332.483		2357		1		0
215.371		284.841		3104		1		0
253.305		301.152		2132		2		0
292.947		320.496		2066		2		0
310.592		323.166		2424		2		0
241.147		301.613		2123		2		0
226.404		337.858		2013		1		0
231.187		341.545		2012		1		0
230.824		347.814		2120		1		0
251.429		315.788		2007		2		0
262.861		352.114		1812		2		0
313.882		352.433		2053		1		0
309.294		362.367		1984		1		0
246.342		285.445		2499		2		0
200.293		337.271		2283		1		0
202.503		328.755		2389		1		0
316.456		328.995		2420		2		0
309.987		325.14		2418		2		0
Frame 78
245.357		310.804		2031		2		0
246.291		296.187		2268		2		0
246.691		282.022		2579		2		0
240.832		290.263		2450		2		0
176.27		241.252		4678		1		0
186.99		260.941		0		1		0
198.51		283.86		0		1		0
188.993		295.419		3357		1		0
215.748		284.899		3124		1		0
253.748		300.999		2132		1		0
293.049		320.753		2056		1		0
307.119		327.823		2415		1		0
240.447		303.68		2111		2		0
226.739		337.964		1994		1		0
231.523		341.655		2007		1		0
231.155		347.928		2093		1		0
250.475		318.96		1995		2		0
262.164		355.147		1779		2		0
313.726		355.402		2034		1		0
308.888		365.264		1952		1		0
246.595		285.595		2516		2		0
191.566		298.967		0		1		0
194.126		292.561		3161		1		0
313.095		333.845		2294		1		0
306.454		329.905		2393		1		0
Frame 79
245.16		311.565		2015		2		0
246.168		296.927		2303		2		0
246.822		282.316		2584		2		0
242.454		290.537		2446		2		0
176.292		241.459		4663		1		0
187.113		260.58		4384		1		0
198.766		282.925		0		1		0
189.188		294.668		3356		1		0
215.831		285.191		3109		1		0
253.939		301.231		2142		1		0
293.364		320.939		2057		1		0
307.475		327.991		2410		1		0
240.158		304.91		2096		2		0
226.824		338.283		1996		1		0
231.613		341.974		2003		1		0
231.243		348.249		2090		1		0
250.427		319.217		1990		2		0
261.925		355.339		1778		2		0
314.063		359.122		1979		1		0
308.002		368.511		1927		2		0
246.668		285.981		2531		2		0
191.764		298.193		0		1		0
194.215		292.213		3152		1		0
313.462		334.022		2262		1		0
306.578		329.964		2403		1		0
Frame 80
244.994		312.027		2020		2		0
246.045		297.394		2265		2		0
246.881		282.6		2586		2		0
242.421		290.874		2459		2		0
176.225		241.643		4653		1		0
187.388		260.556		4341		1		0
199.411		282.683		0		1		0
189.646		294.32		0		1		0
215.831		285.475		3122		1		0
254.024		301.537		2149		1		0
293.56		321.262		2054		1		0
307.71		328.319		2409		1		0
239.964		305.419		2079		2		0
226.843		338.61		1991		1		0
231.639		342.303		1999		1		0
231.268		348.583		2069		1		0
250.355		319.476		1983		2		0
261.928		355.55		1788		1		0
314.018		359.209		1980		1		0
308.024		368.617		1927		2		0
246.676		286.32		2486		2		0
192.237		297.836		3019		1		0
194.637		291.699		3148		1		0
313.71		334.364		2263		1		0
306.916		330.299		2378		1		0
Frame 81
244.978		312.122		2033		2		0
246.06		297.485		2287		2		0
246.982		282.626		2582		2		0
242.192		290.989		2446		2		0
176.276		241.643		4739		1		0
187.432		260.595		4412		1		0
199.444		282.765		3318		1		0
189.732		294.458		3409		1		0
215.911		285.502		3150		1		0
254.095		301.702		2145		1		0
293.636		321.538		2058		1		0
307.787		328.635		2412		1		0
239.955		305.556		2083		2		0
226.917		338.661		1994		1		0
231.715		342.356		2004		1		0
231.342		348.638		2077		1		0
250.353		319.506		1991		2		0
262.063		355.296		1798		2		0
314.247		360.567		1974		1		0
308.149		369.866		1905		2		0
246.752		286.368		2483		2		0
192.328		297.982		3020		1		0
194.702		291.807		3140		1		0
313.791		334.686		2266		1		0
307.041		330.625		2369		1		0
Frame 82
244.895		312.181		2028		2		0
245.954		297.611		2271		2		0
246.904		282.794		2587		2		0
239.299		294.005		2394		2		0
176.098		241.731		0		1		0
187.149		261.028		4311		1		0
199.033		283.57		3275		1		0
189.362		295.319		0		1		0
215.782		285.672		3164		1		0
254.107		301.828		2155		1		0
293.765		321.628		2058		1		0
307.951		328.709		2412		1		0
239.863		305.57		2115		2		0
226.823		338.882		2004		1		0
231.629		342.579		2007		1		0
231.257		348.866		2095		1		0
250.296		319.586		1996		2		0
262.027		355.199		1795		2		0
314.277		361.393		1975		1		0
307.919		370.624		1899		2		0
246.66		286.534		2480		2		0
191.953		298.877		3017		1		0
194.464		292.439		3112		1		0
313.962		334.765		2274		1		0
307.245		330.758		2375		1		0
Frame 83
244.662		311.86		2036		2		0
245.81		297.282		2255		2		0
246.917		282.321		2593		2		0
245.551		290.388		2429		2		0
176.29		241.413		4664		1		0
187.2		260.807		4338		1		0
198.932		283.434		3273		1		0
189.25		295.091		0		1		0
215.882		285.2		3167		1		0
253.946		301.456		2143		1		0
293.393		321.327		2072		1		0
307.515		328.439		2410		1		0
239.538		304.891		2097		2		0
226.881		338.351		2005		1		0
231.675		342.046		2019		1		0
231.303		348.327		2113		1		0
250.174		319.466		1992		2		0
261.917		354.94		1789		1		0
314.157		361.701		1976		1		0
307.899		370.943		1897		2		0
246.628		286.11		2502		2		0
191.831		298.632		2998		1		0
194.298		292.355		3096		1		0
313.515		334.486		2280		1		0
306.774		330.343		2388		1		0
Frame 84
244.579		311.954		2022		2		0
245.701		297.635		2245		2		0
246.931		282.963		2595		2		0
245.019		291.623		2417		2		0
175.814		241.704		4712		1		0
187.057		261.818		4421		1		0
199.094		285.21		3194		1		0
189.422		296.931		0		1		0
215.66		285.852		3177		1		0
254.404		301.997		2122		1		0
294.382		321.79		2082		1		0
299		335.498		2320		1		0
239.46		305.006		2073		2		0
226.764		339.251		2021		1		0
231.59		342.958		2027		1		0
231.218		349.263		2141		1		0
250.098		319.556		1992		2		0
261.801		355.091		1803		2		0
313.955		361.446		1980		2		0
307.819		370.722		1898		2		0
246.602		286.678		2483		2		0
192.031		300.556		2941		1		0
194.591		294.017		3044		1		0
299		336		2300		2		0
298.212		337.739		2270		1		0
Frame 85
242.816		310.603		2032		2		0
243.131		295.864		2297		2		0
243.636		280.874		2618		2		0
244.525		288.608		2467		2		0
174.178		240.613		4743		1		0
184.988		259.491		0		1		0
196.591		281.487		0		1		0
187.16		292.98		3420		1		0
213.063		283.746		3195		1		0
250.214		299.48		2138		1		0
288.915		318.678		2065		1		0
302.798		325.569		2412		1		0
237.704		303.637		2092		2		0
224.336		336.502		2026		1		0
229.107		340.178		2028		1		0
228.777		346.42		2124		1		0
248.445		318.279		2003		2		0
259.258		353.682		1799		2		0
310.841		357.601		2002		1		0
305.552		367.081		1941		2		0
243.442		284.616		2537		2		0
189.647		296.412		0		1		0
192.266		290.207		0		1		0
302.814		326.012		2408		1		0
302.084		327.613		2408		1		0
Frame 86
243.204		310.361		2036		2		0
244.08		295.611		2264		2		0
245.352		280.569		2609		2		0
244.689		288.544		2466		2		0
175.752		240.351		4746		1		0
186.352		259.116		0		1		0
197.748		280.994		0		1		0
190.294		293.491		0		1		0
214.764		283.442		3239		1		0
251.814		299.447		2136		1		0
290.428		318.945		2080		1		0
304.293		325.948		2418		1		0
238.272		303.359		2084		2		0
225.791		336.228		2040		1		0
230.543		339.905		2022		1		0
230.192		346.151		2118		1		0
248.683		318.065		2010		2		0
259.507		353.467		1809		2		0
311.058		357.182		2003		1		0
305.772		366.669		1953		1		0
244.998		284.339		2521		2		0
192.881		296.955		3013		1		0
195.359		290.695		3111		1		0
304.316		326.393		2413		1		0
303.575		327.993		2416		1		0
Frame 87
243.52		310.124		2036		2		0
244.535		295.443		2252		2		0
245.835		280.433		2622		2		0
244.631		288.515		2463		2		0
176.234		240.256		4719		1		0
186.752		259.119		0		1		0
198.062		281.096		3305		1		0
189.403		293.117		0		1		0
215.261		283.307		3232		1		0
252.311		299.331		2108		1		0
290.911		318.844		2077		1		0
299		335		2339		1		0
238.704		303.029		2078		2		0
226.211		336.079		2049		1		0
230.955		339.757		2036		1		0
230.598		346.001		2136		1		0
248.881		317.912		2015		2		0
258.356		353.307		1800		2		0
310.019		356.824		2019		1		0
305.057		366.464		1947		2		0
245.479		284.205		2521		2		0
191.955		296.555		3055		1		0
194.202		290.413		3134		1		0
299		335.494		2339		1		0
298.222		337.207		2299		1		0
Frame 88
244.833		308.515		2044		2		0
246.601		293.373		2307		2		0
248.584		277.848		2669		2		0
248.301		285.629		2504		2		0
179.665		238.476		4792		1		0
189.094		256.904		0		1		0
199.314		278.374		0		1		0
190.885		290.275		0		1		0
218.423		280.718		3270		1		0
253.908		297.475		2160		1		0
291.22		317.663		2082		1		0
298.5		335		2337		1		0
240.348		301.132		2110		2		0
228.788		333.187		2019		1		0
233.442		336.854		2037		1		0
233.052		343.068		2113		1		0
249.844		316.62		2015		2		0
255.308		351.788		1818		2		0
306.707		354.749		2061		1		0
302.524		364.615		1978		2		0
248.059		281.778		2597		2		0
193.442		293.586		3090		1		0
195.852		287.59		3194		1		0
299		335.172		2337		2		0
298.5		335		2337		1		0
Frame 89
244.862		308.344		2042		2		0
246.611		293.314		2294		2		0
248.579		277.846		2686		2		0
249.955		285.428		2504		2		0
179.666		238.475		4779		1		0
189.085		256.984		0		1		0
199.286		278.534		0		1		0
190.95		290.444		0		1		0
218.418		280.716		3258		1		0
253.96		297.424		2168		1		0
291.309		317.561		2083		1		0
298.499		335		2347		1		0
240.343		300.968		2112		2		0
228.784		333.186		2031		1		0
233.437		336.852		2037		1		0
233.047		343.066		2119		1		0
249.896		316.459		2015		2		0
255.324		351.594		1824		2		0
306.726		354.666		2065		1		0
302.548		364.537		1979		2		0
248.055		281.768		2621		2		0
193.447		293.822		3099		1		0
195.771		287.887		3202		1		0
299		335.125		2338		2		0
298.499		335		2347		1		0
Frame 90
244.786		308.633		2042		2		0
246.377		294.142		2264		2		0
247.934		279.567		2625		2		0
246.849		287.626		2469		2		0
178.418		239.512		4781		1		0
188.505		258.49		0		1		0
199.375		280.573		3312		1		0
190.86		292.616		0		1		0
217.396		282.445		3244		1		0
254.239		298.848		2137		1		0
292.634		318.741		2081		1		0
298.333		333.495		2370		1		0
240.159		301.362		2104		2		0
228.022		335.242		2034		1		0
232.736		338.923		2043		1		0
232.353		345.17		2145		1		0
249.883		316.666		2015		2		0
256.762		351.752		1818		2		0
308.221		355.447		2042		1		0
303.791		365.228		1966		2		0
247.558		283.21		2520		2		0
193.449		296.035		3024		1		0
195.887		289.852		3172		1		0
299		335.173		2341		2		0
298.497		332.486		2375		2		0
Frame 91
244.781		308.772		2049		2		0
246.371		294.301		2251		2		0
247.94		279.604		2633		2		0
236.543		290.381		2469		2		0
178.412		239.542		4770		1		0
188.544		258.543		4468		1		0
199.46		280.65		3306		1		0
190.954		292.707		0		1		0
217.396		282.482		3247		1		0
254.268		298.883		2146		1		0
292.682		318.774		2089		1		0
306.483		325.92		2421		1		0
240.122		301.522		2102		2		0
228.024		335.282		2035		1		0
232.738		338.964		2040		1		0
232.355		345.211		2144		1		0
249.902		316.775		2020		2		0
256.964		351.85		1816		2		0
308.51		355.841		2046		1		0
304		365.616		1962		2		0
247.561		283.285		2528		2		0
193.545		296.129		3024		1		0
195.979		289.941		3176		1		0
307.202		327.347		2416		1		0
306.659		324.913		2432		1		0
Frame 92
244.79		308.813		2038		2		0
246.368		294.323		2271		2		0
247.92		279.608		2625		2		0
236.536		290.376		2460		2		0
178.41		239.554		4768		1		0
188.549		258.541		0		1		0
199.474		280.632		3310		1		0
190.98		292.699		0		1		0
217.384		282.485		3245		1		0
254.241		298.873		2146		1		0
292.642		318.752		2085		1		0
299		335		2339		1		0
240.121		301.591		2092		2		0
228.012		335.275		2022		1		0
232.725		338.956		2049		1		0
232.342		345.202		2132		1		0
249.928		316.806		2017		2		0
257.187		351.863		1825		2		0
308.729		355.847		2045		1		0
304.187		365.607		1959		1		0
247.548		283.297		2526		2		0
193.571		296.12		3023		1		0
195.975		289.856		3191		1		0
299.678		336.529		2306		1		0
299.167		333.986		2379		1		0
Frame 93
244.794		308.815		2049		2		0
246.369		294.327		2285		2		0
247.924		279.624		2643		2		0
236.74		290.993		2467		2		0
178.436		239.581		4781		1		0
188.685		258.296		4491		1		0
199.738		280.104		3314		1		0
191.139		292.172		3185		1		0
217.399		282.5		3246		1		0
254.23		298.861		2141		1		0
292.612		318.717		2084		1		0
298.5		335		2340		1		0
240.129		301.631		2102		2		0
228.021		335.271		2028		1		0
232.733		338.951		2043		1		0
232.35		345.195		2128		1		0
249.935		316.781		2020		2		0
257.266		351.819		1818		2		0
308.83		355.85		2044		1		0
304.271		365.611		1956		2		0
247.549		283.312		2516		2		0
193.731		295.573		3050		1		0
195.945		289.363		3191		1		0
299.008		335.018		2337		2		0
299.003		333.986		2379		1		0
Frame 94
244.787		308.897		2044		2		0
246.344		294.457		2279		2		0
247.9		279.718		2633		2		0
237.916		290.585		2460		2		0
178.382		239.649		4769		1		0
188.638		258.567		4423		1		0
199.69		280.587		3334		1		0
191.095		292.603		3164		1		0
217.36		282.594		3252		1		0
254.243		298.93		2153		1		0
292.669		318.765		2085		1		0
306.474		325.891		2421		1		0
240.101		301.783		2108		2		0
227.992		335.374		2030		1		0
232.706		339.054		2037		1		0
232.323		345.299		2133		1		0
249.938		316.804		2017		2		0
257.372		351.832		1818		2		0
308.953		355.895		2044		1		0
304.359		365.654		1954		2		0
247.52		283.425		2551		2		0
193.689		296.021		3024		1		0
196.021		289.693		3190		1		0
306.968		325.886		2421		1		0
306.651		324.884		2432		1		0
Frame 95
244.731		309.086		2037		2		0
246.248		294.617		2300		2		0
247.792		279.821		2635		2		0
239.613		288.563		2475		2		0
178.276		239.737		4785		1		0
188.486		258.784		0		1		0
199.482		280.94		3312		1		0
190.972		292.993		3196		1		0
217.249		282.695		3245		1		0
254.176		298.961		2152		1		0
292.638		318.73		2084		1		0
306.455		325.831		2421		1		0
240.02		302.002		2101		2		0
227.898		335.468		2022		1		0
232.614		339.147		2033		1		0
232.233		345.391		2134		1		0
249.908		316.934		2021		2		0
257.601		351.789		1806		2		0
309.292		356.645		2020		1		0
304.588		366.374		1952		1		0
247.412		283.544		2551		2		0
193.564		296.423		3039		1		0
195.963		290.067		3176		1		0
306.948		325.826		2421		1		0
306.65		324.881		2434		1		0
Frame 96
244.712		309.128		2041		2		0
246.21		294.676		2296		2		0
247.746		279.871		2627		2		0
239.98		288.587		2485		2		0
178.222		239.776		4769		1		0
188.441		258.849		0		1		0
199.446		281.034		3291		1		0
191.07		293.145		3161		1		0
217.198		282.745		3243		1		0
254.137		299.001		2133		1		0
292.609		318.762		2076		1		0
299		335		2328		1		0
239.977		302.115		2109		2		0
227.856		335.519		2021		1		0
232.573		339.198		2037		1		0
232.192		345.443		2123		1		0
249.905		316.935		2016		2		0
257.649		351.828		1819		2		0
309.304		356.358		2018		1		0
304.613		366.096		1950		2		0
247.364		283.6		2556		2		0
193.666		296.581		3044		1		0
196.072		290.286		3165		1		0
299.503		335		2328		1		0
299.879		334.612		2355		1		0
Frame 97
244.717		309.541		2044		2		0
246.21		295.167		2269		2		0
247.743		280.361		2609		2		0
240.459		289.054		2469		1		0
177.999		240.089		4751		1		0
188.361		259.319		4313		1		0
199.507		281.682		3297		1		0
191.352		293.923		3152		1		0
217.088		283.236		3230		1		0
254.346		299.413		2136		1		0
293.079		319.123		2086		1		0
306.978		326.195		2416		1		0
239.973		302.723		2116		2		0
227.794		336.097		2033		1		0
232.526		339.78		2032		1		0
232.145		346.033		2131		1		0
249.915		317.136		2014		2		0
255.956		352.465		1856		2		0
307.618		355.397		2047		1		0
303.043		365.268		1964		2		0
247.359		284.102		2515		2		0
193.968		297.397		3001		1		0
196.394		291.119		3140		1		0
307.472		326.19		2412		1		0
307.835		325.817		2420		1		0
Frame 98
244.699		309.574		2046		2		0
246.176		295.191		2273		2		0
247.67		280.382		2615		2		0
239.315		289.189		2464		2		0
177.944		240.114		4737		1		0
188.307		259.336		0		1		0
199.454		281.691		3299		1		0
191.488		293.989		3160		1		0
217.021		283.257		3231		1		0
254.274		299.407		2155		1		0
293.004		319.091		2091		1		0
306.902		326.154		2414		1		0
239.954		302.736		2126		2		0
227.735		336.107		2024		1		0
232.467		339.79		2030		1		0
232.087		346.042		2123		1		0
249.896		317.199		2013		2		0
255.841		352.524		1809		2		0
307.527		355.407		2042		1		0
302.795		365.307		1968		2		0
247.298		284.124		2525		2		0
194.109		297.467		3002		1		0
196.529		291.183		3145		1		0
307.396		326.149		2413		1		0
307.831		325.814		2418		1		0
Frame 99
244.552		309.865		2047		2		0
245.938		295.531		2280		2		0
247.335		280.747		2612		2		0
237.215		290.323		2456		2		0
177.502		240.359		4727		1		0
188.018		259.642		0		1		0
199.317		282.069		3280		1		0
191.119		294.386		3154		1		0
216.623		283.622		3241		1		0
254.097		299.669		2142		1		0
293.005		319.261		2083		1		0
306.955		326.285		2413		1		0
239.786		302.97		2098		2		0
227.415		336.52		2021		1		0
232.16		340.205		2040		1		0
231.784		346.461		2120		1		0
249.79		317.494		2016		2		0
255.663		352.888		1824		2		0
307.422		355.722		2047		1		0
302.528		365.7		1967		1		0
246.987		284.486		2529		2		0
193.731		297.878		3008		1		0
196.171		291.569		3141		1		0
307.45		326.28		2413		1		0
307.833		325.826		2419		1		0
Frame 100
244.546		310.013		2044		2		0
245.937		295.609		2292		2		0
247.341		280.772		2598		2		0
236.577		290.267		2467		2		0
177.486		240.37		4715		1		0
187.997		259.654		4432		1		0
199.292		282.086		3288		1		0
190.982		294.391		3155		1		0
216.619		283.648		3232		1		0
254.178		299.618		2160		1		0
293.156		319.129		2087		1		0
299		335		2331		1		0
239.76		303.079		2096		2		0
227.414		336.558		2027		1		0
232.16		340.243		2037		1		0
231.784		346.5		2127		1		0
249.81		317.668		2010		2		0
255.7		353.127		1820		2		0
307.517		355.982		2048		1		0
302.641		365.957		1969		2		0
246.99		284.522		2514		2		0
193.59		297.882		3022		1		0
196.061		291.424		3142		1		0
299.502		335		2331		1		0
299.862		334.594		2357		1		0
Frame 101
244.347		310.959		2046		2		0
245.675		297.052		2210		2		0
247.058		282.677		2621		2		0
234.39		292.185		2448		2		0
176.402		241.594		4700		1		0
187.563		261.391		4257		1		0
199.5		284.41		3259		1		0
191.062		296.913		3113		1		0
215.939		285.557		3190		1		0
254.694		301.152		2124		1		0
294.625		320.386		2093		1		0
299		335		2332		1		0
239.541		303.978		2097		2		0
226.956		338.776		2047		1		0
231.759		342.474		2054		1		0
231.386		348.762		2149		1		0
249.631		318.626		2009		2		0
257.152		354.134		1813		2		0
309.173		357.03		2005		1		0
303.951		366.955		1954		2		0
246.707		286.319		2503		2		0
193.705		300.522		2940		1		0
196.175		294.013		3074		1		0
299.502		335		2332		1		0
299.862		334.594		2357		1		0
Frame 102
244.271		310.686		2038		2		0
245.425		296.177		2237		2		0
246.479		280.769		2612		2		0
235.391		289.841		2480		2		0
176.757		240.396		4763		1		0
187.323		259.906		4436		1		0
198.659		282.563		3296		1		0
190.242		294.719		3177		1		0
215.793		283.645		3246		1		0
253.316		299.491		2162		1		0
292.265		318.86		2080		1		0
299		335		2331		1		0
239.427		303.701		2099		2		0
226.699		336.52		2022		1		0
231.451		340.203		2037		1		0
231.085		346.457		2126		1		0
249.586		318.353		2010		2		0
255.702		353.785		1840		2		0
307.696		356.716		2028		1		0
302.727		366.708		1956		2		0
246.228		284.71		2514		2		0
192.827		298.216		3017		1		0
195.306		291.899		3163		1		0
299.502		335		2331		1		0
299.862		334.594		2359		1		0
Frame 103
244.087		311.032		2032		2		0
245.222		296.758		2240		2		0
246.338		282.199		2592		2		0
234.127		292.257		2462		2		0
175.887		241.245		0		1		0
187.053		261.106		4310		1		0
198.992		284.174		3270		1		0
203.556		293.014		3049		1		0
215.296		285.083		3201		1		0
253.854		300.716		2130		1		0
293.623		319.945		2086		1		0
307.814		326.807		2415		1		0
239.175		304.433		2085		2		0
226.384		338.276		2045		1		0
231.186		341.973		2034		1		0
230.822		348.259		2156		1		0
249.468		318.445		2012		2		0
255.429		353.793		1823		2		0
307.648		358.017		2007		1		0
302.601		367.995		1948		2		0
246.051		285.826		2498		2		0
206.606		296.571		2970		1		0
208.488		290.148		3060		1		0
308.31		326.802		2412		1		0
308.652		326.404		2412		1		0
Frame 104
243.763		310.516		2047		2		0
244.741		295.747		2274		2		0
245.67		280.223		2616		2		0
233.188		289.861		2493		2		0
176.421		240.136		4745		1		0
186.862		259.126		0		1		0
198.082		281.216		3316		1		0
202.368		289.673		3135		1		0
215.187		283.092		3240		1		0
252.191		298.847		2162		1		0
290.723		318.083		2080		1		0
299		335		2336		1		0
238.817		303.172		2107		2		0
226.12		335.764		2025		1		0
230.853		339.437		2025		1		0
230.498		345.671		2116		1		0
249.225		318.302		2009		2		0
255.089		353.648		1845		2		0
307.299		359.43		2007		1		0
302.263		369.251		1918		2		0
245.45		284.217		2523		2		0
205.33		293.07		3042		1		0
207.241		286.923		3141		1		0
299.501		335		2336		1		0
299.855		334.59		2360		1		0
Frame 105
243.801		310.436		2040		2		0
244.796		295.718		2280		2		0
245.858		280.291		2607		2		0
233.284		289.911		2483		2		0
176.547		240.171		4710		1		0
187.001		259.188		0		1		0
198.236		281.309		3310		1		0
202.528		289.78		3141		1		0
215.351		283.161		3238		1		0
252.409		298.941		2168		1		0
290.984		318.21		2074		1		0
299		335		2336		1		0
238.845		303.162		2100		2		0
226.268		335.855		2028		1		0
231.002		339.529		2033		1		0
230.645		345.765		2118		1		0
249.234		318.183		2014		2		0
255.057		353.418		1836		2		0
307.259		359.128		2008		1		0
302.248		368.978		1935		2		0
245.553		284.229		2504		2		0
205.497		293.182		3044		1		0
207.395		287.218		3111		1		0
299.501		335		2336		1		0
299.855		334.59		2364		1		0
Frame 106
243.897		310.252		2036		2		0
244.992		295.561		2269		2		0
246.066		280.259		2614		2		0
234.579		290.232		2474		2		0
176.747		240.149		4717		1		0
187.17		259.24		4462		1		0
198.371		281.438		3303		1		0
202.65		289.937		3136		1		0
215.562		283.128		3244		1		0
252.591		298.957		2159		1		0
291.141		318.275		2079		1		0
299		335		2340		1		0
238.967		303.022		2094		2		0
226.447		335.819		2029		1		0
231.178		339.492		2044		1		0
230.818		345.728		2123		1		0
249.28		318.065		2010		2		0
256.838		353.315		1820		2		0
308.793		358.111		2005		1		0
303.669		367.868		1945		2		0
245.776		284.161		2513		2		0
205.621		293.343		3041		1		0
207.439		287.262		3112		1		0
299.5		335		2340		1		0
299.85		334.586		2364		1		0
Frame 107
243.974		310.262		2042		2		0
245.184		295.622		2259		2		0
246.602		280.542		2616		2		0
234.712		290.218		2477		2		0
177.002		240.27		4711		1		0
187.492		259.535		0		1		0
198.76		281.93		3313		1		0
203.066		290.509		3111		1		0
215.979		283.415		3242		1		0
253.293		299.33		2133		1		0
292.068		318.76		2089		1		0
298.499		335		2345		1		0
239.089		303.066		2091		2		0
226.839		336.228		2031		1		0
231.58		339.908		2031		1		0
231.213		346.156		2135		1		0
249.356		318.066		2007		2		0
255.969		353.413		1815		2		0
307.76		356.881		2030		1		0
302.868		366.713		1963		2		0
246.199		284.351		2521		2		0
206.062		293.945		3031		1		0
207.782		287.605		3105		1		0
299		335		2336		2		0
299.576		334.585		2364		1		0
Frame 108
244.016		310.236		2028		2		0
245.248		295.61		2261		2		0
246.668		280.555		2614		2		0
236.56		289.603		2482		2		0
177.032		240.265		4682		1		0
187.299		261.379		4341		1		0
198.245		285.659		3248		1		0
202.418		294.935		3023		1		0
216.03		283.429		3239		1		0
253.388		299.369		2125		1		0
292.19		318.821		2088		1		0
306.101		325.796		2421		1		0
239.137		303.055		2094		2		0
226.886		336.261		2036		1		0
231.629		339.942		2020		1		0
231.261		346.192		2136		1		0
249.409		318.024		2004		2		0
256.63		353.313		1811		2		0
308.349		356.574		2022		1		0
303.403		366.394		1958		2		0
246.276		284.358		2503		2		0
205.382		298.485		2931		1		0
207.291		292.077		3046		1		0
306.605		325.779		2421		1		0
306.927		325.385		2421		1		0
Frame 109
244.004		310.224		2036		2		0
245.223		295.618		2251		2		0
246.602		280.622		2622		2		0
236.795		289.748		2468		2		0
176.923		240.296		4765		1		0
187.468		259.818		0		1		0
198.786		282.483		3289		1		0
203.11		291.161		3092		1		0
215.941		283.498		3242		1		0
253.368		299.437		2131		1		0
292.22		318.887		2090		1		0
306.142		325.859		2416		1		0
239.118		303.064		2088		2		0
226.818		336.355		2028		1		0
231.564		340.037		2038		1		0
231.197		346.29		2139		1		0
249.375		317.977		2013		2		0
256.109		353.293		1824		2		0
307.911		356.576		2023		1		0
303.02		366.443		1954		2		0
246.227		284.408		2529		2		0
206.108		294.619		3005		1		0
207.991		288.368		3095		1		0
306.646		325.842		2416		1		0
306.929		325.388		2416		1		0
Frame 110
243.562		310.093		2039		2		0
244.625		295.502		2237		2		0
245.679		280.517		2616		2		0
238.488		289.34		2463		2		0
176.201		240.267		4711		1		0
186.815		259.636		0		1		0
198.2		282.126		3292		1		0
202.548		290.734		3115		1		0
215.086		283.391		3241		1		0
252.398		299.218		2132		1		0
291.15		318.53		2082		1		0
305.036		325.452		2417		1		0
238.7		302.94		2101		2		0
226.068		336.184		2033		1		0
230.816		339.862		2030		1		0
230.461		346.108		2135		1		0
248.932		317.879		2024		2		0
255.483		353.021		1837		2		0
307.397		356.905		2027		1		0
302.547		366.807		1962		2		0
245.417		284.301		2505		2		0
205.523		294.171		3014		1		0
207.43		287.956		3108		1		0
305.538		325.435		2417		1		0
306.134		325.13		2418		1		0
Frame 111
243.581		310.086		2040		2		0
244.714		295.51		2218		2		0
245.904		280.557		2616		2		0
241.275		289.051		2458		1		0
176.355		240.275		0		1		0
186.956		259.699		4421		1		0
198.327		282.251		3282		1		0
202.669		290.883		3111		1		0
215.284		283.433		3241		1		0
252.642		299.284		2119		1		0
291.428		318.631		2085		1		0
305.326		325.565		2420		1		0
238.732		302.932		2106		2		0
226.245		336.254		2028		1		0
230.994		339.934		2032		1		0
230.636		346.183		2137		1		0
248.941		317.876		2008		2		0
255.967		353.127		1810		2		0
308.087		357.978		2010		1		0
303.052		367.833		1941		2		0
245.601		284.332		2517		2		0
205.65		294.327		3005		1		0
207.553		288.278		3091		1		0
305.828		325.548		2420		1		0
306.518		325.262		2420		1		0
Frame 112
243.646		309.969		2047		2		0
244.782		295.458		2237		2		0
245.98		280.532		2619		2		0
240.352		289.131		2457		2		0
176.432		240.257		4717		1		0
187.006		259.688		4368		1		0
198.349		282.245		3286		1		0
202.681		290.879		3119		1		0
215.363		283.407		3249		1		0
252.703		299.271		2129		1		0
291.47		318.63		2089		1		0
305.363		325.57		2420		1		0
238.778		302.884		2095		2		0
226.311		336.226		2026		1		0
231.059		339.906		2033		1		0
230.7		346.155		2137		1		0
249.009		317.684		2012		2		0
256.499		352.862		1818		2		0
308.549		357.651		2009		1		0
303.488		367.486		1941		2		0
245.674		284.302		2511		2		0
205.662		294.323		3008		1		0
207.56		288.37		3088		1		0
305.865		325.552		2420		1		0
306.546		325.268		2420		1		0
Frame 113
243.584		309.849		2043		2		0
244.73		295.383		2221		2		0
245.93		280.487		2622		2		0
238.598		289.039		2470		2		0
176.409		240.229		4733		1		0
186.956		259.482		4371		1		0
198.275		281.853		3310		1		0
202.598		290.418		3120		1		0
215.324		283.361		3236		1		0
252.628		299.23		2130		1		0
291.361		318.593		2090		1		0
305.243		325.534		2423		1		0
238.718		302.785		2091		2		0
226.275		336.171		2030		1		0
231.022		339.851		2033		1		0
230.663		346.099		2143		1		0
248.948		317.565		2014		2		0
255.595		352.597		1825		2		0
307.76		357.959		2011		1		0
302.746		367.899		1950		2		0
245.624		284.25		2503		2		0
205.577		293.849		3044		1		0
207.486		287.685		3107		1		0
305.744		325.516		2423		1		0
306.43		325.233		2418		1		0
Frame 114
243.177		309.809		2037		2		0
244.147		295.383		2236		2		0
245.107		280.537		2620		2		0
236.144		289.449		2479		2		0
175.713		240.303		4707		1		0
186.36		259.489		0		1		0
197.774		281.78		0		1		0
202.132		290.311		3112		1		0
214.537		283.411		3229		1		0
251.821		299.13		2116		1		0
290.533		318.328		2081		1		0
304.404		325.209		2425		1		0
238.251		302.788		2090		2		0
225.592		336.179		2041		1		0
230.344		339.855		2033		1		0
229.996		346.099		2136		1		0
248.599		317.497		2007		2		0
256.178		352.497		1833		2		0
308.127		357.182		2009		1		0
303.087		367.054		1937		1		0
244.868		284.288		2514		2		0
205.093		293.734		3046		1		0
207.091		287.714		3110		1		0
304.904		325.191		2425		1		0
305.228		324.799		2437		1		0
Frame 115
242.926		309.706		2038		2		0
243.849		295.293		2223		2		0
244.768		280.462		2613		2		0
236.127		289.434		2471		2		0
175.452		240.263		4738		1		0
186.282		262.349		0		1		0
197.796		287.598		3211		1		0
202.166		297.205		2958		1		0
214.225		283.336		3223		1		0
251.457		299.013		2117		1		0
290.122		318.159		2086		1		0
303.977		325.022		2420		1		0
238.005		302.707		2099		2		0
225.318		336.082		2033		1		0
230.07		339.758		2031		1		0
229.726		345.999		2119		1		0
248.348		317.378		2007		2		0
255.232		352.415		1841		2		0
307.141		356.67		2023		1		0
302.284		366.606		1961		2		0
244.538		284.209		2517		2		0
205.097		300.787		2855		1		0
207.002		294.327		2990		1		0
304.476		325.004		2419		1		0
304.8		324.612		2433		1		0
Frame 116
243.305		309.597		2042		2		0
244.5		295.167		2214		2		0
245.81		280.312		2617		2		0
235.658		289.39		2485		2		0
176.41		240.136		4734		1		0
187.053		262.293		0		1		0
198.382		287.62		3213		1		0
202.685		297.26		2963		1		0
215.259		283.186		3238		1		0
252.446		299.061		2117		1		0
291.06		318.412		2096		1		0
304.899		325.349		2420		1		0
238.424		302.576		2089		2		0
226.203		335.943		2028		1		0
230.943		339.62		2043		1		0
230.587		345.863		2135		1		0
248.679		317.297		2013		2		0
255.271		352.357		1841		2		0
307.158		356.574		2029		1		0
302.342		366.518		1960		2		0
245.471		284.066		2520		2		0
205.631		300.846		2870		1		0
207.182		294.345		3006		1		0
305.399		325.331		2420		1		0
305.92		325.021		2420		1		0
Frame 117
243.3		309.571		2037		2		0
244.487		295.142		2232		2		0
245.774		280.289		2616		2		0
245.73		287.62		2467		2		0
176.39		240.123		4742		1		0
186.827		259.47		4439		1		0
198.016		281.922		3317		1		0
202.288		290.514		3119		1		0
215.229		283.162		3244		1		0
252.399		299.026		2103		1		0
290.995		318.366		2094		1		0
304.828		325.299		2423		1		0
238.423		302.568		2083		2		0
226.175		335.913		2032		1		0
230.915		339.59		2043		1		0
230.559		345.832		2124		1		0
248.668		317.243		2012		2		0
255.847		352.321		1803		2		0
307.673		356.448		2023		1		0
302.801		366.352		1959		2		0
245.442		284.042		2508		2		0
205.251		293.939		3047		1		0
207.168		287.744		3117		1		0
305.328		325.281		2419		1		0
305.868		324.99		2429		1		0
Frame 118
243.351		309.592		2038		2		0
244.587		295.224		2218		2		0
245.919		280.459		2605		2		0
245.764		287.879		2487		2		0
176.455		240.237		4754		1		0
186.936		259.45		4370		1		0
198.177		281.768		3325		1		0
202.47		290.312		3107		1		0
215.341		283.332		3237		1		0
252.62		299.164		2114		1		0
291.298		318.483		2098		1		0
305.155		325.406		2423		1		0
238.515		302.627		2099		2		0
226.281		336.106		2030		1		0
231.024		339.784		2049		1		0
230.666		346.029		2138		1		0
248.691		317.245		2013		2		0
255.257		352.438		1830		2		0
307.049		355.932		2050		1		0
302.218		365.838		1971		2		0
245.578		284.188		2541		2		0
205.442		293.736		3041		1		0
207.252		287.653		3108		1		0
305.656		325.388		2423		1		0
306.028		325.047		2421		1		0
Frame 119
243.461		309.573		2041		2		0
244.709		295.209		2217		2		0
246.044		280.444		2618		2		0
244.725		288.243		2456		2		0
176.579		240.229		4774		1		0
187.033		259.336		4460		1		0
198.25		281.544		3325		1		0
202.535		290.048		3114		1		0
215.469		283.316		3245		1		0
252.746		299.094		2112		1		0
261.501		322.337		1985		2		0
264.945		331.468		1855		1		0
238.64		302.607		2087		2		0
226.389		336.085		2031		1		0
231.131		339.763		2035		1		0
230.771		346.007		2145		1		0
248.783		317.229		2011		2		0
255.174		352.405		1804		2		0
306.921		355.56		2046		1		0
302.197		365.488		1971		2		0
245.703		284.174		2512		2		0
205.511		293.466		3032		1		0
207.32		287.466		3111		1		0
265.412		331.46		1867		1		0
265.842		331.016		1867		1		0
Frame 120
243.166		309.597		2039		2		0
244.234		295.271		2210		2		0
245.29		280.538		2611		2		0
247.597		287.499		2467		2		0
175.858		240.292		4737		1		0
186.467		259.361		0		1		0
197.84		281.526		0		1		0
202.183		290.011		3113		1		0
214.707		283.412		3232		1		0
252.085		299.033		2115		1		0
261.006		322.278		1988		2		0
264.515		331.408		1886		1		0
238.251		302.591		2092		2		0
225.741		336.195		2047		1		0
230.493		339.873		2048		1		0
230.142		346.118		2147		1		0
248.558		317.285		2016		2		0
254.969		352.439		1819		2		0
306.731		355.637		2045		1		0
302.04		365.569		1965		2		0
245.027		284.261		2511		2		0
205.148		293.428		3045		1		0
207.119		287.445		3108		1		0
264.981		331.4		1886		1		0
265.732		331.001		1884		1		0
Frame 121
242.968		309.473		2044		2		0
243.952		295.143		2198		2		0
244.902		280.408		2627		2		0
244.846		287.433		2463		2		0
175.598		240.229		4711		1		0
186.209		259.202		0		1		0
197.582		281.26		0		1		0
201.925		289.703		3141		1		0
214.369		283.281		3237		1		0
251.649		298.856		2116		1		0
260.675		322.021		1985		2		0
264.224		331.117		1898		1		0
238.057		302.489		2083		2		0
225.437		336.017		2060		1		0
230.187		339.693		2045		1		0
229.841		345.933		2142		1		0
248.361		317.142		2015		2		0
255.392		352.134		1823		2		0
307.089		355.715		2041		1		0
302.415		365.585		1966		2		0
244.668		284.131		2526		2		0
204.878		293.104		3047		1		0
206.978		287.29		3135		1		0
264.688		331.109		1898		1		0
265.448		330.826		1907		1		0
Frame 122
243.71		308.661		2037		2		0
245.223		293.96		2268		2		0
246.921		278.834		2682		2		0
236.971		286.96		2510		2		0
178.163		239.241		4761		1		0
187.927		257.704		0		1		0
198.461		279.197		0		1		0
202.484		287.425		3180		1		0
216.714		281.697		3254		1		0
252.802		297.723		2129		1		0
261.285		320.572		1997		2		0
264.619		329.538		1957		1		0
239.037		301.458		2091		2		0
227.341		334.134		2021		1		0
232.021		337.796		2043		1		0
231.651		344.007		2131		1		0
248.896		316.547		2022		2		0
256.19		351.424		1827		2		0
307.689		354.971		2059		1		0
303.025		364.773		1970		2		0
246.478		282.653		2593		2		0
205.424		290.728		3089		1		0
207.315		284.744		3221		1		0
265.08		329.526		1924		1		0
265.507		329.091		1924		1		0
Frame 123
243.832		308.51		2048		2		0
245.307		293.848		2256		2		0
246.938		278.793		2672		2		0
237.336		286.872		2508		2		0
178.212		239.213		4774		1		0
187.986		257.598		4457		1		0
198.533		279.007		0		1		0
202.561		287.205		3175		1		0
216.737		281.656		3258		1		0
252.803		297.667		2144		1		0
261.281		320.519		1998		2		0
264.612		329.486		1921		1		0
239.129		301.371		2086		2		0
227.358		334.088		2027		1		0
232.037		337.75		2049		1		0
231.667		343.96		2127		1		0
249.032		316.334		2016		2		0
255.594		351.209		1811		2		0
307.058		354.599		2059		1		0
302.51		364.44		1977		1		0
246.51		282.595		2599		2		0
205.502		290.5		3094		1		0
207.39		284.528		3219		1		0
265.115		329.812		1991		1		0
265.5		329.039		1991		1		0
Frame 124
243.894		308.497		2044		2		0
245.397		293.88		2279		2		0
247.07		278.952		2675		2		0
235.703		288.864		2501		2		0
178.248		239.221		4762		1		0
188.044		257.559		4519		1		0
198.613		278.916		0		1		0
202.65		287.095		3177		1		0
216.823		281.816		3252		1		0
253.025		297.816		2131		1		0
261.551		320.739		1996		2		0
264.902		329.736		1910		1		0
239.207		301.382		2096		2		0
227.446		334.291		2022		1		0
232.13		337.955		2051		1		0
231.758		344.17		2140		1		0
249.092		316.298		2017		2		0
255.202		351.019		1824		2		0
306.852		355.338		2044		1		0
302.271		365.217		1957		2		0
246.637		282.71		2583		2		0
205.594		290.388		3095		1		0
207.475		284.436		3217		1		0
265.344		329.81		0		1		0
265.743		329.488		0		1		0
Frame 125
244.025		308.855		2046		2		0
245.594		294.764		2224		2		0
247.206		280.444		2605		2		0
235.57		289.096		2476		2		0
177.84		239.851		4760		1		0
188.016		258.561		4490		1		0
198.966		280.345		3363		1		0
203.151		288.692		3154		1		0
216.57		283.318		3235		1		0
253.948		299.187		2114		1		0
262.529		322.575		1983		2		0
265.906		331.766		1896		1		0
239.352		301.787		2094		2		0
227.347		336.152		2041		1		0
232.082		339.833		2061		1		0
231.708		346.084		2157		1		0
249.201		316.626		2016		2		0
255.772		351.403		1840		2		0
307.454		355.698		2045		1		0
302.753		365.549		1961		2		0
246.805		284.056		2498		2		0
206.137		292.062		3049		1		0
208.011		285.961		3154		1		0
266.376		331.759		1887		1		0
266.805		331.314		1887		1		0
Frame 126
244.06		308.873		2040		2		0
245.615		294.77		2227		2		0
247.217		280.423		2591		2		0
235.433		288.88		2500		2		0
177.848		239.844		4736		1		0
188.058		258.446		4418		1		0
199.046		280.116		3315		1		0
203.247		288.42		3149		1		0
216.582		283.297		3233		1		0
253.962		299.152		2112		1		0
262.528		322.543		1985		2		0
265.899		331.735		1885		1		0
239.4		301.833		2088		2		0
227.357		336.131		2046		1		0
232.092		339.812		2058		1		0
231.718		346.062		2166		1		0
249.23		316.631		2011		2		0
256.516		351.438		1838		2		0
308.071		355.429		2037		1		0
303.309		365.223		1961		1		0
246.812		284.047		2516		2		0
206.236		291.783		3065		1		0
208.106		285.694		3163		1		0
266.368		331.728		1864		1		0
266.798		331.283		1864		1		0
Frame 127
243.351		308.818		2047		2		0
244.343		294.65		2203		2		0
244.979		280.071		2621		2		0
234.091		288.665		2488		2		0
176.203		239.748		4741		1		0
186.632		258.001		0		1		0
197.837		279.276		0		1		0
202.117		287.421		3175		1		0
214.512		282.944		3255		1		0
251.632		298.445		2118		1		0
260.651		321.573		1990		2		0
264.196		330.652		1876		1		0
238.501		301.781		2096		2		0
225.539		335.631		2064		1		0
230.278		339.304		2069		1		0
229.932		345.54		2155		1		0
248.669		316.571		2020		2		0
259.366		351.2		1833		2		0
310.523		355.318		2037		1		0
305.514		364.839		1963		2		0
244.866		283.769		2580		2		0
205.06		290.74		3090		1		0
207.144		284.94		3215		1		0
264.659		330.643		1876		1		0
265.395		330.302		1876		1		0
Frame 128
243.755		308.728		2045		2		0
245.007		294.446		2182		2		0
246.285		279.664		2637		2		0
234.446		288.269		2497		2		0
177.428		239.5		4752		1		0
187.57		257.722		4505		1		0
198.49		278.964		0		1		0
202.662		287.098		3173		1		0
215.877		282.534		3251		1		0
252.695		298.273		2117		1		0
261.377		321.365		1991		2		0
264.79		330.43		1929		1		0
239.041		301.636		2095		2		0
226.686		335.164		2037		1		0
231.402		338.835		2050		1		0
231.039		345.065		2157		1		0
248.962		316.526		2016		2		0
258.198		351.183		1817		2		0
309.449		354.969		2052		1		0
304.348		364.573		1963		2		0
245.962		283.416		2558		2		0
205.617		290.402		3099		1		0
207.521		284.577		3216		1		0
265.254		330.42		1899		1		0
265.865		330.21		1899		1		0
Frame 129
243.803		308.795		2044		2		0
245.092		294.554		2206		2		0
246.43		279.843		2633		2		0
233.317		287.722		2511		2		0
177.481		239.616		4765		1		0
187.668		257.911		0		1		0
198.635		279.233		0		1		0
202.826		287.399		3190		1		0
215.983		282.712		3244		1		0
252.91		298.431		2115		1		0
261.661		321.575		1993		2		0
265.101		330.663		1909		1		0
239.092		301.743		2081		2		0
226.788		335.37		2042		1		0
231.507		339.042		2064		1		0
231.143		345.275		2156		1		0
249.004		316.563		2015		2		0
255.229		351.368		1824		2		0
306.735		354.744		2062		1		0
302.104		364.596		1972		2		0
246.087		283.569		2526		2		0
205.788		290.716		3090		1		0
207.635		285.079		3168		1		0
265.567		330.653		1909		1		0
266.075		330.427		1914		1		0
Frame 130
244.012		308.508		2049		2		0
245.462		294.067		2247		2		0
247		279.145		2647		2		0
233.99		286.831		2537		2		0
178.246		239.141		4754		1		0
188.181		257.407		0		1		0
198.895		278.684		0		1		0
202.988		286.831		3195		1		0
216.668		282.014		3249		1		0
253.171		297.926		2124		1		0
261.74		320.974		1999		2		0
265.108		330.022		1953		1		0
239.357		301.296		2100		2		0
227.339		334.588		2033		1		0
232.035		338.258		2057		1		0
231.664		344.482		2138		1		0
249.159		316.406		2020		2		0
256.581		351.079		1818		2		0
307.97		354.786		2062		1		0
303.225		364.537		1975		2		0
246.608		282.92		2598		2		0
205.892		290.348		3086		1		0
207.811		284.161		3218		1		0
265.575		330.188		1953		1		0
266.006		329.631		1957		1		0
Frame 131
244.298		308.525		2046		2		0
245.887		294.094		2218		2		0
247.576		279.203		2631		2		0
234.297		286.775		2529		2		0
178.734		239.175		4760		1		0
188.601		257.523		4547		1		0
199.248		278.892		0		1		0
203.316		287.075		3170		1		0
217.221		282.071		3244		1		0
253.738		298.06		2110		1		0
262.174		321.148		1990		2		0
265.491		330.213		1945		1		0
239.694		301.344		2092		2		0
227.818		334.658		2033		1		0
232.511		338.328		2053		1		0
232.133		344.554		2146		1		0
249.399		316.405		2017		2		0
259.622		351.003		1821		2		0
310.888		355.363		2030		1		0
305.77		364.895		1955		2		0
247.144		282.968		2567		2		0
206.247		290.416		3078		1		0
208.032		284.544		3200		1		0
265.955		330.204		1945		1		0
266.276		329.983		1958		1		0
Frame 132
242.568		308.504		2042		2		0
242.86		294.091		2244		2		0
242.789		279.285		2637		2		0
239.309		287.45		2486		2		0
174.671		239.402		4734		1		0
185.124		257.269		0		1		0
196.347		278.086		0		1		0
200.626		286.043		3218		1		0
212.631		282.15		3238		1		0
249.081		297.3		2120		1		0
258.447		319.973		1999		2		0
262.122		328.859		1972		1		0
237.366		301.269		2094		2		0
223.836		334.537		2074		1		0
228.558		338.195		2071		1		0
228.24		344.401		2145		1		0
248.188		316.445		2013		2		0
258.903		350.791		1822		2		0
310.003		354.973		2052		1		0
304.843		364.397		1966		1		0
242.845		283.022		2565		2		0
203.496		289.286		3123		1		0
205.467		283.404		3271		1		0
262.577		328.846		1972		1		0
263.008		328.412		1977		1		0
Frame 133
243.178		308.811		2049		2		0
244.534		294.7		2213		2		0
246.608		280.292		2620		2		0
231.827		287.708		2525		2		0
177.455		239.913		4752		1		0
187.773		258.479		4440		1		0
198.867		280.097		0		1		0
203.106		288.376		3149		1		0
216.071		283.162		3238		1		0
253.28		298.804		2117		1		0
261.932		322.052		1983		2		0
265.335		331.183		1922		1		0
238.531		301.822		2098		2		0
226.891		335.884		2049		1		0
231.621		339.559		2071		1		0
231.254		345.799		2161		1		0
248.453		316.586		2017		2		0
257.716		351.148		1830		2		0
308.573		354.686		2057		1		0
303.741		364.118		1968		1		0
245.992		283.923		2555		2		0
206.084		291.73		3067		1		0
207.956		285.657		3178		1		0
265.802		331.175		1922		1		0
266.232		330.733		1925		1		0
Frame 134
243.391		309.055		2040		2		0
244.783		294.974		2212		2		0
246.597		280.447		2617		2		0
231.009		288.021		2520		2		0
177.31		239.972		4741		1		0
187.72		258.63		0		1		0
198.907		280.35		0		1		0
203.181		288.669		3152		1		0
215.995		283.32		3235		1		0
253.394		298.953		2122		1		0
262.056		322.292		1984		2		0
265.464		331.462		1896		1		0
238.716		302.063		2077		2		0
226.846		336.117		2061		1		0
231.584		339.796		2067		1		0
231.217		346.042		2157		1		0
248.619		316.774		2019		2		0
254.437		351.143		1830		2		0
305.424		354.43		2064		1		0
301.094		364.077		1974		1		0
246.076		284.118		2505		2		0
206.167		292.038		3051		1		0
208.04		285.939		3159		1		0
265.932		331.454		1896		1		0
266.362		331.01		1893		1		0
Frame 135
243.332		309.098		2037		2		0
244.631		295.014		2157		2		0
246.1		280.466		2629		2		0
233.435		288.707		2503		2		0
176.921		240.024		4723		1		0
187.375		258.594		4486		1		0
198.605		280.215		0		1		0
202.895		288.495		3160		1		0
215.534		283.337		3241		1		0
252.883		298.878		2110		1		0
261.642		322.144		1988		2		0
265.087		331.283		1893		1		0
238.59		302.089		2083		2		0
226.441		336.089		2061		1		0
231.181		339.765		2075		1		0
230.82		346.007		2164		1		0
248.578		316.844		2022		2		0
254.391		351.352		1857		2		0
305.36		354.551		2062		1		0
301.071		364.187		1981		1		0
245.715		284.147		2516		2		0
205.87		291.854		3077		1		0
207.692		285.655		3172		1		0
265.554		331.275		1893		1		0
265.857		330.67		1892		1		0
Frame 136
243.316		309.069		2036		2		0
244.54		294.895		2214		2		0
245.823		280.207		2619		2		0
233.971		288.931		2498		2		0
176.858		239.902		4757		1		0
187.223		258.313		0		1		0
198.363		279.756		0		1		0
202.617		287.966		3180		1		0
215.352		283.074		3239		1		0
252.462		298.568		2117		1		0
261.246		321.706		1990		2		0
264.7		330.792		1974		1		0
238.546		302.03		2097		2		0
226.257		335.729		2049		1		0
230.987		339.4		2070		1		0
230.63		345.633		2153		1		0
248.578		316.832		2018		2		0
256.086		351.486		1831		2		0
306.945		354.608		2058		1		0
302.459		364.123		1973		1		0
245.498		283.927		2556		2		0
205.575		291.3		3080		1		0
207.491		285.278		3178		1		0
265.165		330.782		1933		1		0
265.522		330.244		1933		1		0
