sit
Frame 0
243.117		221.116		2386		2		0
241.88		175.072		2356		2		0
240.556		128.306		2376		2		0
240.827		103.936		2291		2		0
217.009		146.752		2375		2		0
210.842		187.546		2424		2		0
209.561		221.608		2380		2		0
209.691		221.962		2380		2		0
265.389		146.953		2392		2		0
274.934		185.626		2447		2		0
281.483		218.583		2415		2		0
279.578		222.274		2412		2		0
232.435		221.462		2415		2		0
230.706		272.203		2484		2		0
234.342		315.747		2600		2		0
232.9		330.133		2560		2		0
253.764		220.781		2408		2		0
258.116		270.988		2487		2		0
255.695		315.693		2600		2		0
258.709		328.652		2573		2		0
240.896		140.087		2373		2		0
210.304		233.751		2395		2		0
205.877		224.18		2385		2		0
278.998		232.692		2434		2		0
283.311		224.014		2407		2		0
Frame 1
243.114		221.119		2383		2		0
241.876		175.07		2361		2		0
240.546		128.294		2380		2		0
240.831		103.934		2292		2		0
217.003		146.754		2370		2		0
210.835		187.52		2426		2		0
209.526		221.583		2378		2		0
209.239		221.455		2378		2		0
265.392		146.951		2395		2		0
274.935		185.624		2454		2		0
281.466		218.586		2414		2		0
279.449		222.511		2407		2		0
232.433		221.467		2409		2		0
230.551		271.982		2488		2		0
234.375		315.796		2592		2		0
232.863		330.193		2561		2		0
253.759		220.781		2412		2		0
258.198		271.104		2485		2		0
255.696		315.699		2594		2		0
258.674		328.634		2570		2		0
240.887		140.078		2373		2		0
210.356		233.589		2398		2		0
204.495		221.213		2390		2		0
278.465		232.824		2430		2		0
283.279		223.832		2403		2		0
Frame 2
243.114		221.121		2383		2		0
241.873		175.07		2358		2		0
240.537		128.287		2378		2		0
240.831		103.932		2292		2		0
216.994		146.732		2371		2		0
210.815		187.492		2425		2		0
209.518		221.558		2379		2		0
209.881		221.507		2379		2		0
265.392		146.949		2394		2		0
274.933		185.626		2455		2		0
281.441		218.59		2413		2		0
279.659		222.405		2410		2		0
232.435		221.469		2415		2		0
230.405		271.728		2492		2		0
234.365		315.723		2600		2		0
232.958		330.102		2561		2		0
253.759		220.784		2407		2		0
258.15		271.203		2486		2		0
255.75		315.395		2594		2		0
256.193		325.91		2580		2		0
240.88		140.073		2366		2		0
210.172		233.611		2393		2		0
204.742		221.48		2388		2		0
278.997		232.693		2427		2		0
283.563		223.82		2408		2		0
Frame 3
243.114		221.123		2383		2		0
241.87		175.071		2362		2		0
240.53		128.287		2381		2		0
240.831		103.931		2295		2		0
216.969		146.692		2377		2		0
210.791		187.316		2424		2		0
209.488		221.379		2382		2		0
209.472		221.596		2382		2		0
265.399		146.947		2387		2		0
274.926		185.618		2453		2		0
281.441		218.584		2413		2		0
279.668		222.313		2412		2		0
232.433		221.471		2410		2		0
230.377		271.705		2483		2		0
234.348		315.664		2596		2		0
232.948		330.065		2562		2		0
253.76		220.786		2410		2		0
258.096		270.651		2488		2		0
255.742		315.401		2597		2		0
256.201		325.915		2578		2		0
240.874		140.073		2372		2		0
210.166		233.685		2403		2		0
204.069		224.173		2395		2		0
278.998		232.692		2430		2		0
283.519		221.508		2415		2		0
Frame 4
243.113		221.124		2387		2		0
241.863		175.067		2360		2		0
240.515		128.274		2373		2		0
240.832		103.928		2283		2		0
216.966		146.673		2371		2		0
210.78		187.317		2415		2		0
209.444		221.381		2373		2		0
209.668		221.636		2373		2		0
265.398		146.936		2391		2		0
274.917		185.614		2450		2		0
281.456		218.574		2415		2		0
279.585		222.388		2408		2		0
232.432		221.476		2408		2		0
230.394		271.776		2483		2		0
234.365		315.767		2589		2		0
233.629		330.292		2558		2		0
253.761		220.785		2400		2		0
258.102		270.855		2483		2		0
255.707		315.396		2599		2		0
256.182		325.91		2581		2		0
240.861		140.063		2365		2		0
210.161		233.684		2391		2		0
204.169		220.36		2392		2		0
278.996		232.786		2433		2		0
283.19		223.825		2408		2		0
Frame 5
243.113		221.125		2391		2		0
241.861		175.064		2359		2		0
240.509		128.265		2377		2		0
240.829		103.916		2289		2		0
216.951		146.67		2376		2		0
210.745		187.289		2427		2		0
209.444		221.356		2378		2		0
209.376		221.656		2378		2		0
265.398		146.935		2390		2		0
274.915		185.612		2454		2		0
281.448		218.572		2412		2		0
279.702		222.304		2406		2		0
232.432		221.475		2415		2		0
230.416		271.834		2489		2		0
234.356		315.723		2598		2		0
233.639		330.212		2561		2		0
253.76		220.786		2405		2		0
258.11		270.718		2494		2		0
255.708		315.377		2595		2		0
258.975		327.919		2578		2		0
240.856		140.055		2367		2		0
210.729		233.779		2395		2		0
204.561		220.687		2392		2		0
278.783		232.643		2430		2		0
283.65		221.793		2420		2		0
Frame 6
243.094		221.132		2378		2		0
241.849		175.066		2360		2		0
240.505		128.26		2374		2		0
240.822		103.912		2293		2		0
216.915		146.652		2380		2		0
210.727		187.28		2413		2		0
209.391		221.344		2379		2		0
209.323		221.79		2379		2		0
265.399		146.933		2386		2		0
274.901		185.582		2447		2		0
281.44		218.552		2415		2		0
279.715		222.37		2410		2		0
232.415		221.482		2407		2		0
230.424		271.83		2477		2		0
234.368		315.978		2597		2		0
233.494		330.257		2557		2		0
253.739		220.795		2406		2		0
258.112		270.612		2489		2		0
255.716		315.335		2594		2		0
258.798		328.124		2569		2		0
240.85		140.052		2370		2		0
210.32		233.685		2390		2		0
204.005		221.185		2394		2		0
278.995		232.693		2428		2		0
283.575		221.755		2413		2		0
Frame 7
243.081		221.144		2384		2		0
241.836		175.075		2357		2		0
240.494		128.266		2374		2		0
240.819		103.912		2291		2		0
216.911		146.625		2375		2		0
210.714		187.288		2422		2		0
209.354		221.354		2376		2		0
209.38		221.716		2376		2		0
265.382		146.92		2392		2		0
274.9		185.582		2455		2		0
281.436		218.553		2416		2		0
279.664		222.334		2406		2		0
232.404		221.492		2415		2		0
230.438		272.034		2498		2		0
234.368		315.975		2592		2		0
233.455		330.243		2560		2		0
253.723		220.808		2417		2		0
258.079		270.717		2489		2		0
255.725		315.403		2603		2		0
258.769		328.169		2576		2		0
240.838		140.058		2370		2		0
210.244		233.811		2393		2		0
204.677		224.917		2385		2		0
278.994		232.693		2431		2		0
283.549		222.497		2409		2		0
Frame 8
243.063		221.155		2383		2		0
241.832		175.081		2364		2		0
240.496		128.27		2376		2		0
240.817		103.914		2291		2		0
216.898		146.627		2379		2		0
210.698		187.269		2426		2		0
209.355		221.342		2374		2		0
209.504		221.762		2374		2		0
265.362		146.92		2392		2		0
274.879		185.562		2452		2		0
281.421		218.53		2413		2		0
279.611		222.204		2408		2		0
232.384		221.504		2413		2		0
230.437		272.078		2491		2		0
234.355		316.136		2598		2		0
233.464		330.344		2559		2		0
253.709		220.817		2402		2		0
258.062		270.954		2487		2		0
255.727		315.524		2599		2		0
258.704		328.202		2574		2		0
240.838		140.062		2373		2		0
210.162		233.684		2396		2		0
204.001		223.598		2397		2		0
278.996		232.693		2433		2		0
283.108		224.133		2407		2		0
Frame 9
243.043		221.177		2381		2		0
241.812		175.092		2357		2		0
240.482		128.266		2372		2		0
240.792		103.877		2294		2		0
216.89		146.617		2378		2		0
210.694		187.271		2416		2		0
209.238		221.334		2373		2		0
209.247		221.748		2373		2		0
265.343		146.926		2389		2		0
274.858		185.553		2452		2		0
281.44		218.522		2415		2		0
279.678		222.31		2405		2		0
232.364		221.525		2410		2		0
230.407		272.249		2484		2		0
234.363		316.179		2589		2		0
233.458		330.353		2555		2		0
253.69		220.84		2402		2		0
258.042		271.157		2486		2		0
255.706		315.505		2594		2		0
258.712		328.197		2570		2		0
240.823		140.062		2371		2		0
210.32		233.684		2394		2		0
204.841		224.747		2388		2		0
278.996		232.692		2427		2		0
283.39		221.781		2414		2		0
Frame 10
243.013		221.189		2389		2		0
241.795		175.095		2358		2		0
240.474		128.264		2382		2		0
240.791		103.868		2291		2		0
216.871		146.614		2383		2		0
210.7		187.271		2419		2		0
209.128		221.333		2384		2		0
208.785		221.868		2379		2		0
265.337		146.913		2393		2		0
274.856		185.546		2459		2		0
281.364		218.537		2414		2		0
279.595		222.286		2419		2		0
232.342		221.532		2417		2		0
230.411		272.323		2488		2		0
234.359		316.079		2600		2		0
233.42		330.126		2558		2		0
253.652		220.857		2421		2		0
258.057		270.948		2492		2		0
255.712		315.394		2599		2		0
256.216		325.909		2585		2		0
240.813		140.061		2378		2		0
209.949		233.723		2386		2		0
205.38		225.522		2383		2		0
279.15		232.847		2424		2		0
283.334		224.376		2409		2		0
Frame 11
243.005		221.192		2383		2		0
241.788		175.095		2365		2		0
240.47		128.261		2376		2		0
240.787		103.867		2295		2		0
216.849		146.601		2381		2		0
210.684		187.248		2422		2		0
209.112		221.315		2374		2		0
209.259		221.851		2374		2		0
265.328		146.911		2386		2		0
274.845		185.561		2460		2		0
281.377		218.541		2417		2		0
279.581		222.402		2410		2		0
232.335		221.535		2419		2		0
230.331		272.211		2485		2		0
234.371		316.004		2593		2		0
233.426		330.096		2563		2		0
253.64		220.86		2407		2		0
258.053		271.062		2490		2		0
255.745		315.415		2600		2		0
256.252		325.93		2582		2		0
240.808		140.058		2374		2		0
210.106		233.75		2400		2		0
204.869		223.921		2397		2		0
278.997		232.693		2429		2		0
283.381		223.971		2408		2		0
Frame 12
243.007		221.206		2382		2		0
241.786		175.102		2357		2		0
240.466		128.262		2373		2		0
240.784		103.865		2290		2		0
216.842		146.598		2370		2		0
210.662		187.25		2414		2		0
209.11		221.321		2372		2		0
209.442		221.825		2372		2		0
265.329		146.922		2388		2		0
274.842		185.556		2459		2		0
281.382		218.536		2414		2		0
279.521		222.334		2408		2		0
232.335		221.549		2410		2		0
230.334		272.258		2490		2		0
234.337		316.005		2594		2		0
233.361		330.115		2557		2		0
253.646		220.873		2404		2		0
258.067		271.152		2490		2		0
255.712		315.498		2601		2		0
256.217		326.014		2577		2		0
240.804		140.06		2367		2		0
210.304		233.75		2399		2		0
204.235		220.34		2392		2		0
278.598		232.799		2433		2		0
283.043		224.626		2403		2		0
Frame 13
242.998		221.222		2381		2		0
241.78		175.113		2354		2		0
240.465		128.268		2373		2		0
240.782		103.866		2291		2		0
216.831		146.594		2374		2		0
210.65		187.237		2420		2		0
209.098		221.309		2377		2		0
209.206		221.96		2377		2		0
265.329		146.92		2392		2		0
274.84		185.556		2449		2		0
281.374		218.537		2417		2		0
279.566		222.154		2410		2		0
232.32		221.563		2410		2		0
230.339		272.247		2484		2		0
234.327		315.938		2598		2		0
233.335		330.05		2554		2		0
253.644		220.892		2406		2		0
258.073		270.959		2481		2		0
255.715		315.491		2590		2		0
256.222		326.006		2578		2		0
240.802		140.068		2371		2		0
210.113		233.791		2392		2		0
204.886		225.05		2395		2		0
279.165		232.75		2423		2		0
283.238		223.318		2410		2		0
Frame 14
242.987		221.238		2386		2		0
241.776		175.119		2356		2		0
240.465		128.269		2372		2		0
240.777		103.858		2285		2		0
216.829		146.594		2376		2		0
210.64		187.22		2419		2		0
209.076		221.29		2374		2		0
208.866		221.767		2376		2		0
265.315		146.938		2392		2		0
274.839		185.555		2448		2		0
281.328		218.548		2418		2		0
279.511		222.151		2410		2		0
232.305		221.575		2408		2		0
230.33		272.235		2485		2		0
234.3		315.896		2592		2		0
233.327		330.061		2561		2		0
253.637		220.914		2405		2		0
258.045		271.049		2493		2		0
255.702		315.453		2596		2		0
256.207		325.967		2579		2		0
240.801		140.069		2369		2		0
210.307		233.75		2404		2		0
204.465		225.277		2398		2		0
279.164		232.75		2426		2		0
283.274		224.318		2408		2		0
Frame 15
242.963		221.244		2386		2		0
241.764		175.119		2362		2		0
240.459		128.262		2373		2		0
240.762		103.846		2290		2		0
216.83		146.591		2377		2		0
210.648		187.212		2421		2		0
209.054		221.282		2381		2		0
209.301		221.613		2381		2		0
265.309		146.933		2388		2		0
274.831		185.555		2451		2		0
281.321		218.545		2420		2		0
279.371		222.203		2413		2		0
232.279		221.577		2414		2		0
230.367		272.037		2490		2		0
234.384		315.928		2594		2		0
233.318		330.065		2558		2		0
253.614		220.925		2407		2		0
258.026		271.151		2484		2		0
255.706		315.451		2589		2		0
256.207		325.966		2581		2		0
240.794		140.064		2371		2		0
210.161		233.684		2394		2		0
204.535		223.162		2389		2		0
278.997		232.692		2431		2		0
279.94		223.115		2412		2		0
Frame 16
242.959		221.244		2378		2		0
241.759		175.121		2360		2		0
240.455		128.266		2378		2		0
240.759		103.839		2283		2		0
216.829		146.58		2377		2		0
210.628		187.256		2421		2		0
209.061		221.325		2383		2		0
209.712		221.637		2383		2		0
265.307		146.931		2393		2		0
274.824		185.55		2446		2		0
281.317		218.541		2415		2		0
279.409		222.375		2407		2		0
232.271		221.577		2409		2		0
230.272		271.736		2477		2		0
234.388		315.937		2585		2		0
233.361		330.078		2560		2		0
253.612		220.925		2406		2		0
257.982		270.924		2492		2		0
255.687		315.444		2588		2		0
256.19		325.959		2575		2		0
240.79		140.067		2371		2		0
210.173		233.611		2395		2		0
204.386		221.959		2383		2		0
278.999		232.692		2429		2		0
283.334		223.828		2409		2		0
Frame 17
242.954		221.244		2385		2		0
241.756		175.12		2358		2		0
240.454		128.265		2372		2		0
240.759		103.839		2290		2		0
216.823		146.576		2377		2		0
210.62		187.255		2424		2		0
209.034		221.329		2381		2		0
209.345		221.632		2381		2		0
265.301		146.934		2391		2		0
274.813		185.579		2453		2		0
281.267		218.582		2417		2		0
279.409		222.002		2416		2		0
232.26		221.575		2418		2		0
230.284		271.776		2486		2		0
234.36		315.838		2589		2		0
233.463		329.715		2566		2		0
253.612		220.925		2413		2		0
257.959		270.867		2493		2		0
255.342		315.779		2590		2		0
258.105		329.552		2567		2		0
240.788		140.067		2376		2		0
210.477		233.589		2393		2		0
203.805		220.403		2418		2		0
279.329		232.084		2419		2		0
283.069		221.293		2419		2		0
Frame 18
242.959		221.24		2387		2		0
241.754		175.121		2359		2		0
240.449		128.268		2376		2		0
240.757		103.862		2290		2		0
216.813		146.57		2374		2		0
210.619		187.253		2422		2		0
209.043		221.33		2381		2		0
209.265		221.396		2381		2		0
265.287		146.939		2398		2		0
274.803		185.569		2459		2		0
281.253		218.567		2417		2		0
279.371		222.087		2409		2		0
232.269		221.567		2419		2		0
230.245		271.767		2482		2		0
234.339		315.817		2590		2		0
233.473		329.7		2562		2		0
253.615		220.923		2417		2		0
257.95		270.877		2492		2		0
255.367		315.718		2601		2		0
258.289		328.039		2572		2		0
240.784		140.068		2373		2		0
210.31		232.869		2415		2		0
204.419		224.224		2401		2		0
278.459		232.693		2429		2		0
283.082		224.598		2404		2		0
Frame 19
242.912		221.215		2395		2		0
241.712		175.111		2368		2		0
240.417		128.277		2382		2		0
240.766		103.88		2295		2		0
216.797		146.563		2382		2		0
210.563		187.296		2427		2		0
209.092		221.36		2382		2		0
209.016		221.493		2382		2		0
265.25		146.902		2403		2		0
274.758		185.503		2460		2		0
281.262		218.458		2418		2		0
279.593		221.968		2415		2		0
232.219		221.537		2421		2		0
230.212		271.569		2480		2		0
234.333		315.682		2595		2		0
233.433		329.669		2568		2		0
253.571		220.904		2409		2		0
257.917		271.035		2489		2		0
255.386		315.714		2599		2		0
257.541		328.207		2573		2		0
240.749		140.072		2379		2		0
210.142		232.864		2413		2		0
204.621		223.857		2404		2		0
279.535		232.077		2425		2		0
282.828		223.632		2409		2		0
Frame 20
242.9		221.186		2387		2		0
241.677		175.121		2366		2		0
240.351		128.356		2384		2		0
240.849		103.947		2298		2		0
216.778		146.526		2381		2		0
210.633		187.245		2428		2		0
209.022		221.29		2380		2		0
209.153		221.47		2380		2		0
265.235		146.895		2402		2		0
274.719		185.46		2461		2		0
281.269		218.391		2416		2		0
279.665		222.037		2414		2		0
232.199		221.497		2416		2		0
230.199		271.516		2480		2		0
234.26		315.677		2593		2		0
233.353		329.706		2560		2		0
253.565		220.884		2411		2		0
257.948		270.814		2489		2		0
255.429		315.779		2597		2		0
258.046		328.246		2572		2		0
240.692		140.13		2379		2		0
210.413		232.818		2415		2		0
204.434		222.719		2398		2		0
279.537		232.077		2419		2		0
283.042		223.244		2406		2		0
Frame 21
242.839		221.162		2394		2		0
241.617		175.174		2374		2		0
240.301		128.51		2387		2		0
241.133		104.14		2302		2		0
216.778		146.487		2388		2		0
210.61		187.168		2428		2		0
208.95		221.203		2386		2		0
209.048		221.467		2387		2		0
265.228		146.883		2395		2		0
274.709		185.39		2460		2		0
281.428		218.251		2421		2		0
280.26		221.378		2416		2		0
232.134		221.474		2424		2		0
230.154		271.532		2485		2		0
234.252		315.63		2600		2		0
233.261		329.669		2565		2		0
253.511		220.858		2414		2		0
257.946		270.743		2482		2		0
255.441		315.755		2594		2		0
258.072		328.188		2570		2		0
240.638		140.255		2383		2		0
210.254		232.875		2414		2		0
205.306		224.42		2390		2		0
280.165		231.75		2431		2		0
284.001		223.997		2409		2		0
Frame 22
242.796		221.123		2387		2		0
241.547		175.259		2370		2		0
240.208		128.757		2389		2		0
241.651		104.485		2299		2		0
216.856		146.472		2389		2		0
210.574		187.002		2434		2		0
208.95		220.978		2391		2		0
208.904		221.477		2389		2		0
265.246		146.949		2404		2		0
274.696		185.141		2458		2		0
281.657		217.915		2421		2		0
280.748		221.216		2417		2		0
232.103		221.431		2425		2		0
230.13		271.513		2491		2		0
234.252		315.631		2591		2		0
233.215		329.793		2564		2		0
253.457		220.824		2408		2		0
257.94		270.665		2491		2		0
255.474		315.749		2602		2		0
259.687		326.028		2589		2		0
240.55		140.458		2388		2		0
210.249		232.839		2407		2		0
205.687		225.374		2385		2		0
280.784		231		2426		2		0
284.692		220.335		2419		2		0
Frame 23
242.712		221.122		2397		2		0
241.44		175.337		2376		2		0
240.082		128.927		2393		2		0
242.775		105.008		2290		2		0
216.964		146.435		2395		2		0
210.511		186.777		2435		2		0
208.972		220.687		2385		2		0
208.847		221.205		2384		2		0
265.396		147.118		2405		2		0
274.691		184.944		2466		2		0
282.214		217.533		2417		2		0
281.674		220.352		2416		2		0
232.028		221.435		2429		2		0
230.132		271.498		2483		2		0
234.237		315.811		2595		2		0
233.188		329.958		2565		2		0
253.369		220.817		2417		2		0
257.889		270.826		2479		2		0
255.454		316.266		2594		2		0
259.304		328.96		2573		2		0
240.429		140.604		2386		2		0
210.319		232.684		2399		2		0
205.73		223.711		2395		2		0
281.249		230.917		2437		2		0
285.684		218.885		2426		2		0
Frame 24
242.676		221.05		2405		2		0
241.418		175.429		2379		2		0
240.082		129.196		2399		2		0
244.184		105.56		2290		2		0
217.161		146.302		2394		2		0
210.385		186.391		2437		2		0
209.015		220.231		2393		2		0
208.789		221.243		2393		2		0
265.715		147.352		2422		2		0
275.045		184.429		2465		2		0
283.48		216.53		2414		2		0
282.936		219.765		2415		2		0
232.018		221.35		2428		2		0
230.127		271.429		2485		2		0
234.218		315.859		2593		2		0
233.408		329.859		2567		2		0
253.296		220.762		2431		2		0
257.813		271.03		2485		2		0
255.467		316.167		2596		2		0
258.967		328.44		2568		2		0
240.422		140.826		2395		2		0
210.006		232.74		2404		2		0
203.266		218.994		2445		2		0
281.543		230.728		2433		2		0
286.644		219.955		2417		2		0
Frame 25
242.658		221.068		2404		2		0
241.47		175.613		2387		2		0
240.197		129.493		2398		2		0
246.003		106.395		2282		2		0
217.429		146.286		2398		2		0
210.22		186.044		2440		2		0
208.991		219.823		2393		2		0
208.648		221.004		2390		2		0
266.163		147.605		2436		2		0
275.731		183.788		2477		2		0
285.197		215.522		2419		2		0
284.868		219.06		2413		2		0
232.007		221.32		2438		2		0
230.124		271.433		2484		2		0
234.219		315.888		2594		2		0
233.357		330.244		2557		2		0
253.267		220.84		2430		2		0
257.604		272.141		2486		2		0
255.46		316.281		2600		2		0
258.867		328.455		2571		2		0
240.521		141.098		2395		2		0
210.425		232.89		2404		2		0
203.194		218.935		2428		2		0
285.248		228.918		2426		2		0
287.761		220.275		2408		2		0
Frame 26
242.611		221.182		2414		2		0
241.565		175.872		2389		2		0
240.433		129.876		2393		2		0
248.105		107.76		2283		2		0
217.722		146.25		2399		2		0
210.107		185.862		2456		2		0
208.653		219.604		2396		2		0
208.238		220.656		2396		2		0
266.674		148.12		2440		2		0
276.603		182.731		2494		2		0
288.17		213.53		2424		2		0
287.123		218.213		2419		2		0
231.96		221.353		2446		2		0
230.084		271.534		2481		2		0
234.267		316.042		2596		2		0
233.336		330.337		2561		2		0
253.216		221.055		2437		2		0
257.587		272.204		2491		2		0
255.439		316.486		2589		2		0
258.632		328.761		2572		2		0
240.718		141.447		2398		2		0
209.956		231.751		2408		2		0
202.871		218.295		0		2		0
287.497		227.859		2429		2		0
289.39		218.561		2410		2		0
Frame 27
242.561		221.364		2422		2		0
241.868		176.252		2402		2		0
241.201		130.5		2402		2		0
250.232		109.098		2281		2		0
218.172		146.209		2396		2		0
209.9		185.307		2444		2		0
208.243		218.978		2401		2		0
207.62		220.374		2403		2		0
267.014		148.666		2448		2		0
277.702		181.943		2508		2		0
290.269		212.124		2427		2		0
289.865		216.792		2421		2		0
231.905		221.442		2443		2		0
230.051		271.586		2489		2		0
234.213		316.046		2589		2		0
233.358		330.372		2556		2		0
253.166		221.322		2441		2		0
257.57		272.06		2487		2		0
255.456		316.805		2592		2		0
258.648		328.712		2572		2		0
241.345		142.002		2403		2		0
209.855		231.869		2418		2		0
202.166		217.239		2439		2		0
290.782		226.646		2427		2		0
293.385		212.756		2444		2		0
Frame 28
242.229		221.604		2419		2		0
242.119		176.759		2407		2		0
242.092		131.334		2402		2		0
252.358		110.543		2271		2		0
218.831		146.198		2395		2		0
209.472		184.885		2453		2		0
207.812		218.494		2411		2		0
206.798		220.168		2407		2		0
267.5		149.567		2452		2		0
278.712		181.295		2514		2		0
292.582		210.46		2435		2		0
292.72		215.634		2421		2		0
231.648		221.559		2457		2		0
229.972		271.617		2477		2		0
234.218		316.29		2591		2		0
233.287		330.417		2557		2		0
252.739		221.694		2456		2		0
257.526		272.068		2485		2		0
255.452		316.805		2600		2		0
258.651		328.729		2568		2		0
242.042		142.739		2411		2		0
208.455		230.851		2425		2		0
201.599		222.2		2441		2		0
293.997		225.44		2434		2		0
296.665		214.995		2426		2		0
Frame 29
241.854		221.861		2438		2		0
242.583		177.522		2413		2		0
243.575		132.644		2400		2		0
254.889		112.248		2275		2		0
220.102		146.029		2394		2		0
208.758		184.21		2454		2		0
206.939		217.868		2416		2		0
205.932		220.101		2411		2		0
267.784		150.214		2455		2		0
279.803		181.173		2526		2		0
294.818		209.573		2442		2		0
295.333		214.834		2428		2		0
231.362		221.756		2464		2		0
229.79		271.663		2485		2		0
234.349		316.503		2590		2		0
233.282		330.358		2561		2		0
252.248		221.991		2463		2		0
257.521		271.956		2476		2		0
255.452		316.839		2590		2		0
258.309		329.361		2569		2		0
243.234		143.907		2411		2		0
207.32		230.79		2433		2		0
200.571		217.816		2449		2		0
296.997		224.535		2437		2		0
298.901		214.464		2429		2		0
Frame 30
241.546		222.2		2448		2		0
242.936		178.225		2420		2		0
244.692		133.69		2408		2		0
257.27		114.372		2266		2		0
221.05		146.448		2396		2		0
208.171		183.729		2465		2		0
206.153		217.402		2419		2		0
204.803		219.074		2416		2		0
267.94		150.947		2465		2		0
281.058		181.247		2527		2		0
297.293		208.789		2451		2		0
297.563		214.051		2431		2		0
231.053		222.05		2467		2		0
229.55		271.718		2486		2		0
234.289		316.622		2592		2		0
233.14		330.244		2559		2		0
251.939		222.36		2472		2		0
257.522		271.767		2481		2		0
255.513		317.082		2593		2		0
258.459		329.417		2570		2		0
244.153		144.886		2410		2		0
206.006		229.875		2438		2		0
199.68		217.392		0		2		0
299.841		223.772		2442		2		0
301.346		214.04		2435		2		0
Frame 31
241.353		222.558		2457		2		0
243.457		179.178		2426		2		0
246.035		135.121		2414		2		0
259.073		116.054		2270		2		0
221.943		146.797		2392		2		0
207.529		183.226		2463		2		0
205.121		216.908		2428		2		0
204.068		219.18		2424		2		0
268.598		152.522		2471		2		0
282.481		182.142		2549		2		0
298.978		208.901		2459		2		0
299.469		213.343		2443		2		0
230.887		222.287		2478		2		0
229.075		271.676		2489		2		0
234.263		316.908		2591		2		0
233.104		330.245		2554		2		0
251.707		222.843		2479		2		0
257.42		271.631		2482		2		0
255.424		317.242		2596		2		0
258.436		329.303		2567		2		0
245.31		146.228		2423		2		0
205.174		229.778		2446		2		0
198.399		213.468		2463		2		0
302.598		223.203		2444		2		0
302.802		214.227		2441		2		0
Frame 32
241.086		223.013		2459		2		0
243.763		179.826		2439		2		0
246.758		135.78		2406		2		0
260.676		117.858		2272		2		0
222.859		147.205		2394		2		0
206.876		182.088		2461		2		0
204.359		215.781		2433		2		0
206.45		219.475		2440		2		0
269.1		153.6		2479		2		0
283.301		182.752		2548		2		0
300.686		208.998		2472		2		0
300.741		213.588		2456		2		0
230.624		222.65		2497		2		0
228.791		271.535		2492		2		0
234.233		317.048		2592		2		0
232.664		330.758		2563		2		0
251.432		223.385		2486		2		0
257.345		271.571		2481		2		0
255.434		317.266		2592		2		0
258.625		329.357		2567		2		0
245.932		146.892		2419		2		0
204.338		229.667		2450		2		0
200.403		220.215		2432		2		0
303.997		223.238		2464		2		0
305.212		214.993		2451		2		0
Frame 33
240.595		223.454		2472		2		0
244.024		180.628		2443		2		0
247.662		136.764		2404		2		0
261.805		119.082		2271		2		0
223.898		147.782		2393		2		0
206.601		181.67		2469		2		0
203.779		215.352		2443		2		0
204.858		219.036		2436		2		0
269.422		154.928		2481		2		0
284.083		183.559		2563		2		0
301.881		209.359		2484		2		0
301.767		213.993		2466		2		0
230.19		223.039		2494		2		0
228.354		271.394		2492		2		0
234.201		317.125		2592		2		0
232.634		330.705		2558		2		0
250.879		223.872		2498		2		0
257.328		271.502		2490		2		0
255.423		317.309		2591		2		0
258.743		329.402		2566		2		0
246.673		147.833		2417		2		0
204.107		229.751		2472		2		0
200.116		221.91		2439		2		0
304.682		223.754		2489		2		0
305.327		215.665		2465		2		0
Frame 34
240.429		223.987		2467		2		0
244.364		181.601		2452		2		0
248.49		137.914		2409		2		0
262.851		120.335		2281		2		0
224.631		148.266		2397		2		0
206.569		181.404		2464		2		0
203.191		215.027		2449		2		0
203.755		219.44		2443		2		0
269.755		156.03		2493		2		0
284.927		184.147		2570		2		0
302.528		210.24		2502		2		0
302.139		214.664		2486		2		0
230.039		223.474		2512		2		0
228.172		271.441		2500		2		0
234.079		317.313		2590		2		0
232.802		330.545		2560		2		0
250.695		224.505		2497		2		0
257.271		271.431		2493		2		0
255.104		317.595		2591		2		0
258.734		329.411		2565		2		0
247.4		148.965		2425		2		0
203.564		229.822		2472		2		0
199.767		221.462		2447		2		0
305.08		224.668		2500		2		0
306.706		216.172		2481		2		0
Frame 35
240.42		224.191		2488		2		0
244.713		182.239		2453		2		0
249.24		138.884		2414		2		0
263.581		121.134		2281		2		0
225.429		148.872		2408		2		0
206.571		181.026		2468		2		0
202.743		214.566		2450		2		0
203.498		219.348		2447		2		0
270.133		156.748		2504		2		0
285.116		184.724		2571		2		0
302.887		210.953		2522		2		0
301.882		215.431		2508		2		0
230.041		223.624		2511		2		0
227.986		271.4		2500		2		0
233.972		317.544		2587		2		0
232.798		330.562		2560		2		0
250.664		224.766		2516		2		0
257.105		271.289		2491		2		0
255.133		317.552		2599		2		0
258.717		329.376		2570		2		0
248.054		149.863		2434		2		0
203.429		229.772		2483		2		0
199.63		221.301		2452		2		0
304.922		225.361		2525		2		0
306.332		217.162		2499		2		0
Frame 36
240.534		224.479		2494		2		0
245.011		182.924		2474		2		0
249.667		139.727		2421		2		0
264.173		122.188		2276		2		0
225.947		149.448		2400		2		0
206.534		180.986		2471		2		0
202.716		214.489		2457		2		0
203.173		219.462		2455		2		0
270.312		157.462		2506		2		0
285.367		185.208		2582		2		0
302.548		212.177		2528		2		0
301.668		216.543		2518		2		0
230.178		223.866		2521		2		0
227.917		271.346		2502		2		0
233.859		317.64		2589		2		0
232.671		330.526		2557		2		0
250.762		225.086		2514		2		0
257.005		271.137		2496		2		0
255.153		317.667		2602		2		0
258.673		329.313		2567		2		0
248.461		150.683		2438		2		0
203.727		230.288		2481		2		0
198.662		221.639		2469		2		0
304.454		226.466		2541		2		0
305.522		217.911		2516		2		0
Frame 37
240.569		224.679		2498		2		0
245.181		183.511		2472		2		0
249.95		140.553		2431		2		0
264.569		122.909		2284		2		0
226.349		150.045		2410		2		0
206.559		180.927		2478		2		0
202.76		214.364		2472		2		0
203.279		220.101		2457		2		0
270.645		158.095		2517		2		0
285.235		185.804		2592		2		0
302.127		213.022		2553		2		0
300.938		217.659		2538		2		0
230.253		224.085		2529		2		0
227.861		271.313		2503		2		0
233.747		317.906		2591		2		0
232.694		330.515		2561		2		0
250.751		225.266		2530		2		0
257.048		271.062		2507		2		0
255.168		317.722		2602		2		0
258.684		329.339		2567		2		0
248.726		151.468		2445		2		0
204.013		230.612		2490		2		0
199.179		222.422		2470		2		0
303.455		227.465		2556		2		0
304.9		219.047		2541		2		0
Frame 38
240.466		224.981		2509		2		0
245.228		184.163		2481		2		0
250.142		141.474		2438		2		0
264.794		123.814		2283		2		0
226.757		150.916		2419		2		0
206.768		181.345		2488		2		0
202.995		214.701		2468		2		0
203.738		220.385		2460		2		0
270.718		158.737		2516		2		0
284.7		186.503		2603		2		0
301.517		213.643		2577		2		0
300.145		219.323		2552		2		0
230.215		224.335		2532		2		0
227.752		271.261		2515		2		0
233.717		318.173		2588		2		0
232.701		330.502		2559		2		0
250.599		225.613		2538		2		0
257.111		271.029		2500		2		0
255.172		317.792		2589		2		0
258.703		329.362		2564		2		0
248.886		152.33		2453		2		0
204.072		231.447		2487		2		0
199.396		223.028		2473		2		0
302.241		228.671		2583		2		0
303.941		219.044		2553		2		0
Frame 39
240.439		225.599		2515		2		0
245.195		184.995		2488		2		0
250.121		142.435		2438		2		0
264.86		124.975		2300		2		0
227.144		152.018		2425		2		0
206.931		181.984		2492		2		0
203.156		215.261		2472		2		0
204.001		221.534		2459		2		0
270.552		160.391		2533		2		0
284.484		187.984		2608		2		0
301.017		215.173		2594		2		0
298.957		220.183		2569		2		0
230.169		224.901		2542		2		0
227.698		271.18		2505		2		0
233.716		318.29		2595		2		0
232.778		330.558		2561		2		0
250.587		226.287		2537		2		0
257.116		271.212		2507		2		0
254.651		318.436		2596		2		0
258.833		329.404		2564		2		0
248.865		153.273		2467		2		0
205.079		232.644		2492		2		0
200.847		224.819		2465		2		0
300.747		229.835		2594		2		0
302.999		222.176		2568		2		0
Frame 40
240.485		226.124		2528		2		0
245.129		185.862		2499		2		0
249.941		143.696		2447		2		0
264.714		125.791		2301		2		0
227.271		153.055		2435		2		0
207.118		182.832		2502		2		0
203.51		216.04		2468		2		0
203.946		222.254		2466		2		0
270.407		161.058		2537		2		0
283.465		188.735		2628		2		0
300.072		215.735		0		2		0
297.857		221.722		2583		2		0
230.205		225.47		2550		2		0
227.693		271.217		2502		2		0
233.709		318.3		2592		2		0
232.786		330.56		2560		2		0
250.64		226.771		2550		2		0
257.451		271.596		2498		2		0
254.749		318.414		2585		2		0
258.961		329.543		2563		2		0
248.717		154.434		2466		2		0
205.254		233.501		2490		2		0
200.345		224.947		2475		2		0
299.15		231.618		2600		2		0
302.063		223.373		2576		2		0
Frame 41
240.857		226.642		2537		2		0
245.05		186.735		2522		2		0
249.462		144.897		2449		2		0
264.252		127.196		2316		2		0
227.148		154.491		2447		2		0
207.303		183.78		2508		2		0
204.059		216.902		2477		2		0
204.3		223.507		2464		2		0
270.027		162.1		2548		2		0
283.134		189.628		2633		2		0
298.862		217.101		2616		2		0
296.82		222.892		2596		2		0
230.509		226.097		2552		2		0
227.702		271.358		2497		2		0
233.636		318.38		2591		2		0
232.854		330.515		2562		2		0
251.08		227.19		2558		2		0
257.686		271.924		2509		2		0
254.851		318.367		2587		2		0
258.237		329.716		2562		2		0
248.34		155.551		2477		2		0
205.802		234.601		2487		2		0
200.25		231.501		2504		2		0
298.245		232.669		2620		2		0
301.054		225.157		2590		2		0
Frame 42
241.145		227.34		2556		2		0
245.022		188.089		2528		2		0
249.071		146.931		2463		2		0
263.54		128.912		2316		2		0
227.087		156.354		2462		2		0
207.314		185.317		2511		2		0
204.161		218.279		2486		2		0
204.279		224.705		2468		2		0
269.739		163.425		2558		2		0
282.806		190.82		2639		2		0
298.044		218.442		2633		2		0
295.82		224.404		2600		2		0
230.817		226.779		2566		2		0
227.644		272.046		2496		2		0
233.629		318.382		2590		2		0
232.914		330.52		2561		2		0
251.343		227.898		2566		2		0
258.081		272.396		2499		2		0
254.918		318.335		2597		2		0
259.042		329.861		2571		2		0
248.043		157.414		2476		2		0
205.862		235.715		2478		2		0
199.751		229.569		2500		2		0
297.163		234.501		2616		2		0
299.848		225.491		2601		2		0
Frame 43
241.527		228.677		2560		2		0
245.03		189.878		2538		2		0
248.676		149.148		2483		2		0
262.583		130.937		2327		2		0
226.91		158.323		2469		2		0
207.502		187.522		2526		2		0
204.47		220.294		2483		2		0
204.761		226.94		2472		2		0
269.395		165.033		2561		2		0
282.007		192.351		2652		2		0
297.557		219.613		2640		2		0
295.119		225.657		2608		2		0
231.157		228.189		2572		2		0
227.542		273.369		2490		2		0
233.656		318.291		2589		2		0
232.925		330.491		2558		2		0
251.773		229.168		2590		2		0
258.32		273.452		2502		2		0
254.926		318.343		2595		2		0
259.038		329.855		2573		2		0
247.75		159.531		2500		2		0
207.003		238.455		2491		2		0
199.889		228.252		2499		2		0
296.745		235.836		2640		2		0
298.522		227.956		2606		2		0
Frame 44
241.734		230.312		2576		2		0
245.265		190.797		2556		2		0
248.86		149.465		2482		2		0
261.171		133.076		2347		2		0
226.848		161.288		2483		2		0
207.402		189.813		2529		2		0
205.036		222.494		2489		2		0
204.912		229.56		2471		2		0
268.982		167.026		2575		2		0
281.998		194.903		2672		2		0
296.528		222.527		2640		2		0
294.629		228.212		2618		2		0
231.256		229.724		2593		2		0
227.584		274.692		2486		2		0
233.635		318.248		2592		2		0
232.99		330.536		2563		2		0
252.098		230.898		2603		2		0
259.447		274.485		2502		2		0
254.95		318.383		2593		2		0
259.162		329.741		2571		2		0
247.952		159.974		2521		2		0
206.932		240.572		2489		2		0
199.667		234.109		0		2		0
295.609		237.925		2650		2		0
298.296		230.178		2610		2		0
Frame 45
242.064		232.04		2610		2		0
245.432		192.974		2562		2		0
248.908		151.457		2470		2		0
259.772		135.737		2353		2		0
226.515		163.988		2499		2		0
207.374		193.508		2544		2		0
204.885		225.799		2488		2		0
204.904		231.938		2470		2		0
268.571		169.119		2585		2		0
281.796		195.872		2687		2		0
296.009		223.561		2646		2		0
294.402		229.956		2623		2		0
231.59		231.616		2605		2		0
227.503		276.15		2480		2		0
233.672		318.496		2585		2		0
232.739		330.894		2559		2		0
252.43		232.471		2605		2		0
260.566		275.367		2500		2		0
254.991		318.523		2593		2		0
259.202		329.701		2568		2		0
248.024		162.084		2539		2		0
205.701		242.601		2481		2		0
200.042		235.505		2494		2		0
295.349		239.931		2650		2		0
298.801		232.731		2619		2		0
Frame 46
242.405		233.971		2609		2		0
245.27		196.362		2587		2		0
248.465		154.831		2474		2		0
258.173		138.752		2369		2		0
226.27		167.549		2514		2		0
207.472		195.101		2555		2		0
204.831		227.31		2493		2		0
205.009		234.865		2469		2		0
268.258		171.479		2597		2		0
281.641		198.165		2685		2		0
295.819		225.729		2644		2		0
294.291		232.069		2630		2		0
231.994		233.534		2616		2		0
227.691		274.599		2479		2		0
233.677		318.551		2586		2		0
232.729		330.793		2560		2		0
252.712		234.408		2614		2		0
260.497		273.099		2487		2		0
255.008		318.597		2585		2		0
259.569		329.856		2573		2		0
247.626		165.563		2549		2		0
206.41		245.648		2487		2		0
200.253		238.81		2494		2		0
295.332		242.084		2645		2		0
297.392		233.999		2624		2		0
Frame 47
242.968		235.464		2639		2		0
245.399		198.159		2615		2		0
248.082		158.183		2498		2		0
256.368		142.413		2392		2		0
225.351		171.946		2541		2		0
207.504		200.767		2574		2		0
205.044		232.448		2504		2		0
204.917		239.561		2478		2		0
267.606		174.066		2622		2		0
283.02		203.676		2695		2		0
296.243		231.291		2651		2		0
294.221		234.178		2649		2		0
232.086		235.518		2630		2		0
226.161		269.878		2484		2		0
232.403		322.495		2598		2		0
234.319		334.563		2541		2		0
253.747		235.448		2634		2		0
262.786		266.657		2507		2		0
256.594		319.24		2592		2		0
259.179		331.162		2562		2		0
247.395		168.504		2569		2		0
206.388		247.891		2485		2		0
200.151		242.511		2506		2		0
295.33		244.084		2655		2		0
297.118		235.529		2635		2		0
Frame 48
243.188		238.256		2647		2		0
244.509		203.485		2637		2		0
245.805		165.258		2590		2		0
254.322		147.062		2419		2		0
224.741		175.464		2562		2		0
207.567		203.338		2585		2		0
204.983		234.732		2498		2		0
204.62		240.444		2483		2		0
267.1		177.122		2641		2		0
283.04		204.525		2703		2		0
295.702		232.409		2655		2		0
294.396		238.901		2649		2		0
232.72		238.48		2637		2		0
225.943		269.932		2492		2		0
232.163		322.688		2597		2		0
234.12		334.592		2535		2		0
253.555		238.034		2651		2		0
262.923		266.362		2497		2		0
256.623		318.997		2591		2		0
259.268		330.723		2565		2		0
245.475		175.067		2577		2		0
206.589		250.707		2490		2		0
200		245.226		2511		2		0
295.498		246.201		2656		2		0
298.095		238.473		2640		2		0
Frame 49
243.753		240.978		2663		2		0
244.687		205.33		2662		2		0
245.742		167.645		2599		2		0
253.611		149.398		2436		2		0
224.46		179.175		2582		2		0
207.715		206.419		2604		2		0
204.785		237.475		2507		2		0
204.455		245.033		2484		2		0
266.911		179.304		2652		2		0
283.039		206.648		2716		2		0
295.497		234.426		2669		2		0
294.271		241.168		2668		2		0
233.54		241.278		2654		2		0
226.053		269.094		2490		2		0
232.496		321.573		2592		2		0
234.177		333.457		2546		2		0
253.895		240.691		2665		2		0
263.169		266.174		2511		2		0
256.574		318.826		2594		2		0
258.942		330.583		2558		2		0
245.477		177.303		2603		2		0
206.399		254.402		2508		2		0
199.063		244.549		2515		2		0
295.285		249.001		2658		2		0
298.094		241.327		2648		2		0
Frame 50
243.849		243.932		2701		2		0
244.545		209.578		2683		2		0
245.232		172.796		2622		2		0
251.834		154.531		2466		2		0
224.34		182.383		2613		2		0
207.883		209.456		2620		2		0
204.542		239.63		2531		2		0
204.168		247.204		2502		2		0
266.688		183.185		2671		2		0
283.334		209.589		2740		2		0
294.428		237.713		2670		2		0
294.308		243.874		2663		2		0
233.797		244.031		2657		2		0
226.555		268.12		2511		2		0
233.068		320.263		2589		2		0
234.902		331.955		2553		2		0
253.807		243.831		2684		2		0
263.285		265.467		2512		2		0
256.15		317.918		2592		2		0
258.642		329.498		2566		2		0
245.057		182.242		2638		2		0
205.946		257.059		2527		2		0
199.045		249.55		2532		2		0
295.498		251.002		2666		2		0
298.1		243.499		2653		2		0
Frame 51
244.993		247.699		2740		2		0
245.054		212.802		2704		2		0
245.171		176.406		2639		2		0
250.627		159.103		2503		2		0
224.367		186.77		2638		2		0
207.921		215.047		2641		2		0
203.737		244.362		2537		2		0
203.901		251.523		2510		2		0
266.396		187.296		2698		2		0
283.619		213.694		2751		2		0
295.237		240.693		2677		2		0
293.621		244.987		2663		2		0
235.187		248.122		2677		2		0
226.684		267.77		2513		2		0
233.206		320.064		2587		2		0
234.71		331.676		2551		2		0
254.755		247.315		2682		2		0
263.8		266.455		2520		2		0
256.047		318.828		2583		2		0
258.216		330.361		2559		2		0
245.15		185.665		2662		2		0
204.911		259.571		2514		2		0
199.001		254.479		2537		2		0
295.168		254.5		2663		2		0
298.294		248.405		2675		2		0
Frame 52
245.932		252.301		2767		2		0
245.35		218.09		2744		2		0
244.647		181.93		2684		2		0
249.132		164.391		2540		2		0
224.255		191.416		2674		2		0
208.029		219.595		2670		2		0
203.449		248.456		2558		2		0
203.883		254.219		2529		2		0
266.05		192.041		2737		2		0
283.887		216.862		2776		2		0
294.711		244.012		2685		2		0
293.036		249.044		2674		2		0
236.176		252.529		2707		2		0
226.89		268.254		2504		2		0
233.896		320.263		2591		2		0
235.339		331.665		2555		2		0
255.627		252.045		2690		2		0
264.134		266.601		2516		2		0
255.719		318.785		2587		2		0
259.197		330.033		2564		2		0
244.828		191.138		2687		2		0
204.904		263.289		2532		2		0
198.583		258.665		2574		2		0
294.215		257.928		2666		2		0
296.872		248.483		2667		2		0
Frame 53
245.868		257.054		2796		2		0
244.886		222.989		2766		2		0
243.835		187.392		2733		2		0
248.048		170.641		2592		2		0
224.57		196.874		2706		2		0
208.337		224.848		2711		2		0
203.763		253.338		2581		2		0
204.036		259.58		2552		2		0
265.564		197.831		2755		2		0
284.415		222.266		2794		2		0
293.818		248.752		2703		2		0
292.754		255.658		2676		2		0
236.122		257.342		2679		2		0
227.413		268.431		2516		2		0
234.593		320.179		2590		2		0
232.885		331.888		2553		2		0
255.558		256.774		2687		2		0
264.466		267.067		2525		2		0
255.377		319.102		2581		2		0
259.186		330.128		2559		2		0
244.105		196.45		2723		2		0
205.242		266.958		2537		2		0
199.274		263.366		2585		2		0
292.898		263.802		2679		2		0
297.048		255.712		2686		2		0
Frame 54
245.234		260.671		2768		2		0
244.431		226.774		2802		2		0
243.62		191.856		2768		2		0
247.331		175.197		2628		2		0
224.654		202.08		2748		2		0
208.806		228.64		2739		2		0
203.911		256.89		2610		2		0
204.439		262.588		2572		2		0
265.508		201.557		2795		2		0
284.051		226.695		2808		2		0
292.236		253.634		2715		2		0
291.728		260.503		2691		2		0
235.476		260.978		2659		2		0
227.255		268.645		2522		2		0
234.49		320.403		2582		2		0
232.888		332.156		2549		2		0
254.93		260.373		2683		2		0
264.914		267.391		2524		2		0
255.813		320.247		2562		2		0
258.322		332.466		2529		2		0
243.813		200.823		2763		2		0
205.15		270.931		2560		2		0
199.791		263.855		2602		2		0
292.069		267.868		2691		2		0
296.3		261.299		2697		2		0
Frame 55
243.735		262.751		2761		2		0
243.958		228.01		2821		2		0
244.139		193.109		2811		2		0
246.816		176.371		2657		2		0
224.961		203.362		2793		2		0
209.819		232.766		2768		2		0
203.988		260.817		2655		2		0
205.252		265.889		2619		2		0
265.106		203.711		2835		2		0
282.591		229.727		2846		2		0
291.267		256.728		2744		2		0
290.481		263.615		2718		2		0
234.095		262.746		2625		2		0
227.026		268.684		2528		2		0
234.418		320.497		2575		2		0
232.825		332.272		2546		2		0
253.311		262.789		2673		2		0
265.101		267.403		2532		2		0
257.533		321.729		2533		2		0
258.834		335.233		2488		2		0
244.015		201.911		2804		2		0
205.131		274.706		2611		2		0
203.025		266.485		2621		2		0
291.546		272		2717		2		0
295.112		265.167		2723		2		0
Frame 56
243.819		262.894		2786		2		0
244.01		228.197		2855		2		0
243.953		192.932		2822		2		0
246.645		177.042		2679		2		0
224.996		202.768		2818		2		0
211.575		233.04		2806		2		0
205.018		262.235		2700		2		0
205.507		264.865		2692		2		0
264.839		203.264		2851		2		0
279.174		230.544		2865		2		0
287.642		258.412		2784		2		0
288.092		264.537		2770		2		0
234.182		262.935		2627		2		0
226.689		268.542		2537		2		0
233.658		320.946		2568		2		0
232.475		333.841		2525		2		0
253.391		262.889		2666		2		0
264.97		267.485		2542		2		0
260.824		325.119		2486		2		0
262.461		340.952		2414		2		0
243.957		201.818		2824		2		0
204.924		276.572		2683		2		0
215		266		2650		2		0
289.729		272.91		2752		2		0
293.223		268		2764		2		0
Frame 57
243.54		262.785		2805		2		0
243.68		227.792		2868		2		0
243.961		192.495		2861		2		0
246.673		176.78		2683		2		0
224.764		201.906		2835		2		0
213.294		234.152		2832		2		0
209.888		263.682		2752		2		0
207.403		266.021		2764		2		0
264.676		202.522		2874		2		0
275.722		231.539		2884		2		0
283.843		259.389		2830		2		0
284.904		263.574		2814		2		0
233.779		262.689		2627		2		0
226.606		268.626		2553		2		0
232.216		323.803		2526		2		0
232.769		334.868		2487		2		0
253.198		262.848		2671		2		0
264.262		270.951		2551		2		0
263.072		329.289		2408		2		0
265.789		344.333		2318		2		0
243.879		201.366		2855		2		0
205.996		276		2791		2		0
213.124		265.122		2749		2		0
286.776		272.112		2828		2		0
289.154		264.999		2806		2		0
Frame 58
243.46		262.357		2809		2		0
243.685		226.673		2883		2		0
244.065		190.958		2836		2		0
246.389		176.161		2721		2		0
224.281		200.546		2860		2		0
214.415		234.305		2871		2		0
209.864		262.985		2797		2		0
205.059		264.472		2809		2		0
264.334		201.764		2898		2		0
275.069		232		2904		2		0
282.581		260.151		2874		2		0
282.892		265.677		2866		2		0
233.699		262.098		2655		2		0
226.385		269.796		2556		2		0
231.663		326.296		2499		2		0
231.288		340.778		2434		2		0
253.147		262.561		2682		2		0
263.939		272.324		2569		2		0
263.578		328.721		2375		2		0
266.614		340.154		2267		2		0
243.964		199.894		2876		2		0
202.666		269.333		2827		2		0
212.499		262.5		2812		2		0
283.253		272.124		2872		2		0
286.819		265.91		2864		2		0
Frame 59
243.013		261.731		2779		2		0
243.498		225.929		2887		2		0
244.202		190.247		2896		2		0
246.333		175.186		2746		2		0
224.463		199.851		2886		2		0
214.449		232.663		2892		2		0
206.306		260.484		2825		2		0
203.933		263.589		2821		2		0
263.975		201.336		2904		2		0
274.223		232.593		2922		2		0
282.307		260.457		2893		2		0
281.403		266.164		2907		2		0
233.295		261.459		2675		2		0
226.194		271.55		2568		2		0
229.813		329.432		2455		2		0
229.832		340.756		2405		2		0
252.644		261.915		2704		2		0
263.544		273.23		2568		2		0
263.944		327.752		2336		2		0
266.841		338.131		2190		2		0
244.003		199.129		2879		2		0
202.2		269.401		2816		2		0
212.398		262.198		2846		2		0
281.892		272.332		2900		2		0
284.823		266.591		2891		2		0
Frame 60
242.789		261.268		2778		2		0
243.406		225.368		2902		2		0
244.267		190.095		2934		2		0
245.992		174.875		2773		2		0
224.53		199.671		2902		2		0
213.237		230.69		2916		2		0
207.204		258.94		2836		2		0
204.174		260.157		2833		2		0
263.454		201.43		2924		2		0
273.945		232.926		2937		2		0
282.172		260.601		2909		2		0
280.752		266.456		2907		2		0
233.105		260.969		2707		2		0
225.778		274.175		2569		2		0
228.191		332.518		2409		2		0
228.946		346.349		2345		2		0
252.415		261.512		2702		2		0
263.4		273.433		2569		2		0
264.06		326.372		2306		2		0
266.871		335.655		2178		2		0
244.031		198.801		2915		2		0
200.917		269.084		2833		2		0
212.425		262.315		2840		2		0
281.093		272.727		2938		2		0
284.401		267.8		2896		2		0
Frame 61
243.026		260.145		2794		2		0
243.435		225.075		2917		2		0
243.998		190.251		2955		2		0
245.657		174.539		2802		2		0
224.582		200.134		2931		2		0
212.454		229.974		2944		2		0
205.328		257.416		2858		2		0
202.148		260.845		2840		2		0
263.081		201.806		2947		2		0
274.069		233.362		2936		2		0
281.902		261.061		2907		2		0
280.552		267.036		2909		2		0
233.21		259.868		2712		2		0
226.181		273.855		2584		2		0
228.145		331.523		2393		2		0
228.093		343.962		2322		2		0
252.84		260.429		2704		2		0
263.144		273.679		2560		2		0
264.24		327.987		2253		2		0
267.636		338.402		2194		2		0
243.814		198.948		2927		2		0
199.916		270.084		2848		2		0
207.815		259.082		2892		2		0
281.019		273.248		2916		2		0
284.43		268.07		2905		2		0
Frame 62
242.088		260.303		2771		2		0
243.294		224.984		2923		2		0
243.781		190.299		2969		2		0
245.593		174.654		2818		2		0
224.586		200.544		2947		2		0
212.086		230.266		2947		2		0
203.219		256.359		2871		2		0
200.485		261.315		2854		2		0
262.911		202.41		2955		2		0
274.222		233.826		2951		2		0
281.868		261.456		2911		2		0
280.531		267.276		2905		2		0
232.356		259.901		2698		2		0
226.052		274.187		2573		2		0
227.501		331.706		2379		2		0
227.636		343.891		2289		2		0
251.866		260.723		2697		2		0
262.88		273.766		2559		2		0
263.946		328.695		2240		2		0
267.331		338.264		2191		2		0
243.657		198.889		2953		2		0
198.846		269.847		2860		2		0
204.838		261.653		2885		2		0
281.298		273.6		2914		2		0
283.475		266.732		2890		2		0
Frame 63
242.782		260.368		2768		2		0
243.308		224.989		2932		2		0
243.792		190.365		2983		2		0
245.477		174.805		2847		2		0
224.723		201.022		2973		2		0
211.893		230.243		2960		2		0
202.114		256.227		2889		2		0
199.38		261.583		2862		2		0
263.002		202.651		2978		2		0
274.098		233.34		2964		2		0
281.406		260.871		2904		2		0
279.87		265.499		2894		2		0
232.822		260.072		2697		2		0
226.048		274.125		2570		2		0
226.433		331.288		2358		2		0
226.6		343.304		2226		2		0
252.752		260.655		2682		2		0
262.705		273.61		2546		2		0
263.35		326.944		2275		2		0
266.052		337.653		2176		2		0
243.675		198.96		2962		2		0
197.5		270.001		2868		2		0
202.87		261.306		2873		2		0
281.004		274.099		2901		2		0
282.997		264.873		2890		2		0
Frame 64
242.785		260.343		2759		2		0
243.265		224.812		2942		2		0
243.649		190.213		2998		2		0
245.592		174.666		2866		2		0
224.819		200.946		2974		2		0
211.926		230.971		2973		2		0
201.655		256.305		2890		2		0
199.515		260.876		2886		2		0
263.112		202.778		2984		2		0
273.934		232.895		2960		2		0
281.044		260.238		2900		2		0
279.323		264.635		2884		2		0
232.824		260.049		2686		2		0
225.971		273.813		2567		2		0
225.141		330.465		2349		2		0
225.435		343.729		2193		2		0
252.755		260.627		2700		2		0
262.631		273.162		2542		2		0
263.049		325.683		2281		2		0
263.902		335.099		2142		2		0
243.568		198.793		2972		2		0
197.333		268.89		2877		2		0
202.448		262.218		2882		2		0
280.336		273.084		2895		2		0
283.234		266.291		2875		2		0
Frame 65
242.775		260.19		2771		2		0
243.374		224.426		2942		2		0
244.04		189.799		3014		2		0
245.592		174.411		2894		2		0
225.007		201.105		2995		2		0
212.667		230.822		2987		2		0
201.881		255.568		2911		2		0
199.8		260.284		2911		2		0
263.037		202.728		3009		2		0
273.82		232.441		2974		2		0
280.715		259.531		2892		2		0
278.602		265.507		2893		2		0
232.805		259.906		2689		2		0
225.9		273.754		2565		2		0
224.808		330.196		2334		2		0
224.139		340.112		2210		2		0
252.758		260.473		2697		2		0
262.588		273.153		2553		2		0
263.133		325.174		2283		2		0
263.861		334.704		2156		2		0
243.871		198.351		2990		2		0
196.401		268.601		2902		2		0
203.57		260.464		2907		2		0
278.007		272.3		2877		2		0
282.501		268.5		2880		2		0
Frame 66
242.792		259.892		2772		2		0
243.348		224.093		2945		2		0
243.898		189.658		3021		2		0
245.503		174.059		2906		2		0
224.997		201.118		3000		2		0
212.979		231.042		3005		2		0
202.361		255.955		2925		2		0
200.584		260.109		2919		2		0
262.984		202.442		3006		2		0
273.758		232.144		2978		2		0
280.371		259.017		2883		2		0
278.431		264.933		2887		2		0
232.822		259.643		2698		2		0
225.898		273.629		2568		2		0
224.003		329.525		2334		2		0
223.974		340.189		2196		2		0
252.774		260.142		2689		2		0
262.569		273.241		2554		2		0
263.219		325.115		2299		2		0
263.853		336.956		2172		2		0
243.763		198.147		3002		2		0
197.612		266.307		2927		2		0
201.1		265.5		2907		2		0
276.779		271.461		2873		2		0
281.833		268.251		2869		2		0
Frame 67
242.803		259.775		2770		2		0
243.424		223.933		2951		2		0
244.06		189.563		3038		2		0
245.514		173.848		2918		2		0
225.051		201.451		3007		2		0
213.605		231.654		3015		2		0
203.149		256.719		2932		2		0
201.624		260.908		2927		2		0
262.999		202.361		3003		2		0
274.013		232.846		2977		2		0
280.345		259.494		2884		2		0
278.306		265.037		2885		2		0
232.819		259.544		2699		2		0
225.927		273.559		2569		2		0
223.832		329.464		2329		2		0
223.903		340.067		2183		2		0
252.801		260.014		2692		2		0
262.537		273.327		2553		2		0
262.957		325.852		2306		2		0
263.568		337.731		2170		2		0
243.902		198.027		3010		2		0
199		269.429		2931		2		0
206.829		258.468		2943		2		0
276.233		272.113		2866		2		0
282.002		266.331		2862		2		0
Frame 68
242.812		259.627		2768		2		0
243.432		223.798		2949		2		0
244.045		189.5		3036		2		0
245.481		173.648		2924		2		0
224.941		201.599		3017		2		0
213.608		232.931		3020		2		0
203.649		258.432		2931		2		0
202.764		261.751		2938		2		0
263.013		202.348		3019		2		0
273.549		231.794		2986		2		0
279.991		258.012		2887		2		0
278.634		264.059		2877		2		0
232.82		259.444		2698		2		0
225.959		273.509		2561		2		0
223.865		329.439		2331		2		0
223.848		340.089		2200		2		0
252.82		259.813		2698		2		0
262.463		273.46		2562		2		0
262.747		325.489		2326		2		0
261.931		337.635		2180		2		0
243.895		197.94		3020		2		0
199.908		270.182		2946		2		0
208.001		259.668		2969		2		0
278.291		270.215		2865		2		0
283.002		266.297		2889		2		0
Frame 69
242.821		259.525		2770		2		0
243.466		223.64		2943		2		0
244.091		189.379		3037		2		0
245.467		173.463		2937		2		0
225.041		201.673		3020		2		0
213.778		233.44		3024		2		0
204.561		259.458		2947		2		0
203.951		262.34		2953		2		0
263.065		202.331		3014		2		0
273.583		231.819		3000		2		0
279.948		257.97		2901		2		0
278.717		264.448		2890		2		0
232.813		259.352		2690		2		0
225.976		273.504		2571		2		0
224.091		329.113		2340		2		0
223.813		340.465		2242		2		0
252.848		259.702		2692		2		0
262.472		273.645		2563		2		0
262.683		326.28		2337		2		0
262.191		338.01		2221		2		0
243.939		197.804		3013		2		0
201.399		270.301		2959		2		0
206.583		266.997		2996		2		0
278.634		270.626		2880		2		0
283.334		267.998		2887		2		0
Frame 70
242.823		259.316		2776		2		0
243.484		223.551		2947		2		0
244.121		189.312		3038		2		0
245.436		173.304		2931		2		0
225.009		201.618		3027		2		0
214.147		234.098		3034		2		0
204.949		260.145		2964		2		0
204.572		262.859		2964		2		0
263.044		202.278		3009		2		0
273.462		231.614		2992		2		0
279.916		257.708		2904		2		0
278.876		264.195		2882		2		0
232.794		259.164		2694		2		0
225.97		273.65		2562		2		0
224.351		330.012		2348		2		0
224.119		341.901		2259		2		0
252.87		259.482		2700		2		0
262.493		273.702		2564		2		0
262.488		327.118		2341		2		0
262.451		340.502		2250		2		0
243.966		197.734		3014		2		0
202.799		270.601		2966		2		0
206.224		266.056		2952		2		0
278.951		270.628		2886		2		0
282.797		268.607		2873		2		0
Frame 71
242.819		259.188		2774		2		0
243.485		223.484		2951		2		0
244.124		189.271		3035		2		0
245.388		173.121		2933		2		0
224.98		201.613		3014		2		0
214.57		234.943		3041		2		0
205.168		260.984		2971		2		0
205.257		262.746		2970		2		0
263.022		202.263		3017		2		0
273.477		231.677		2995		2		0
279.935		258.03		2907		2		0
278.985		264.619		2898		2		0
232.787		259.066		2696		2		0
225.993		273.964		2575		2		0
225.065		331.037		2357		2		0
224.925		343.44		2281		2		0
252.871		259.322		2692		2		0
262.516		274.001		2566		2		0
262.619		330.376		2352		2		0
262.432		343.189		2251		2		0
243.968		197.687		3005		2		0
203.999		271.5		2984		2		0
207.667		263.331		2961		2		0
278.363		270.93		2913		2		0
283.232		266.999		2903		2		0
Frame 72
242.838		259.125		2776		2		0
243.457		223.426		2938		2		0
244.018		189.194		3035		2		0
245.27		172.985		2937		2		0
224.901		201.655		3017		2		0
214.73		235.356		3038		2		0
205.372		261.455		2987		2		0
205.607		262.338		2987		2		0
262.976		202.204		3005		2		0
273.752		232.755		2990		2		0
280.141		259.353		2919		2		0
279.051		265.613		2913		2		0
232.796		259.018		2692		2		0
226.025		273.962		2579		2		0
225.748		331.234		2418		2		0
225.36		343.776		2299		2		0
252.901		259.245		2696		2		0
262.601		274.366		2562		2		0
262.747		331.707		2373		2		0
262.425		345.817		2261		2		0
243.887		197.618		2995		2		0
204.799		271.2		2991		2		0
209.799		256.599		2967		2		0
279.12		272.333		2913		2		0
282.846		267.31		2902		2		0
Frame 73
242.845		259.116		2770		2		0
243.408		223.403		2957		2		0
243.784		189.136		3031		2		0
245.233		172.955		2936		2		0
224.868		201.689		3008		2		0
214.692		235.628		3039		2		0
205.595		261.868		2984		2		0
205.683		262.428		2981		2		0
262.906		202.199		3008		2		0
273.843		233.663		2995		2		0
280.4		260.534		2921		2		0
279.238		266.258		2927		2		0
232.8		259.012		2704		2		0
226.089		274.327		2577		2		0
226.213		331.672		2394		2		0
225.788		344.546		2293		2		0
252.912		259.23		2710		2		0
262.669		274.177		2568		2		0
262.496		331.63		2382		2		0
262.774		343.401		2299		2		0
243.713		197.572		3010		2		0
204.998		271.124		2990		2		0
207.417		260.665		2965		2		0
279.231		273.001		2930		2		0
282.713		268		2909		2		0
Frame 74
242.85		259.112		2768		2		0
243.367		223.405		2951		2		0
243.59		189.156		3020		2		0
245.122		172.968		2938		2		0
224.793		201.699		3006		2		0
214.639		235.938		3036		2		0
205.515		262.07		2985		2		0
205.752		262.622		2985		2		0
262.743		202.197		3003		2		0
273.82		233.858		2982		2		0
280.47		261.019		2928		2		0
279.073		266.58		2930		2		0
232.806		259.011		2695		2		0
226.237		275.496		2560		2		0
226.429		332.623		2380		2		0
226.212		345.446		2295		2		0
252.915		259.221		2699		2		0
262.691		274.328		2567		2		0
262.605		331.788		2378		2		0
262.828		343.555		2295		2		0
243.565		197.588		3005		2		0
205.498		271.833		2982		2		0
210.251		256.996		2975		2		0
279.498		273.501		2931		2		0
282.333		266.936		2921		2		0
Frame 75
242.859		259.125		2765		2		0
243.319		223.417		2946		2		0
243.47		189.181		3023		2		0
244.994		172.975		2927		2		0
224.645		201.775		3012		2		0
214.554		236.197		3035		2		0
205.525		262.371		2987		2		0
205.647		263.201		2987		2		0
262.672		202.253		3005		2		0
273.737		234.386		2983		2		0
280.405		261.616		2946		2		0
278.919		267.389		2946		2		0
232.813		259.03		2698		2		0
226.413		275.718		2563		2		0
226.515		332.812		2387		2		0
226.343		345.817		2291		2		0
252.927		259.224		2696		2		0
262.729		274.382		2568		2		0
262.584		331.872		2390		2		0
263.45		346.527		2275		2		0
243.458		197.611		3010		2		0
205.498		272.833		2981		2		0
210.048		258.023		2984		2		0
278.669		274		2947		2		0
282		266.793		2925		2		0
Frame 76
242.873		259.125		2771		2		0
243.271		223.427		2948		2		0
243.363		189.209		3027		2		0
244.839		173.018		2931		2		0
224.556		201.806		3017		2		0
214.544		236.133		3031		2		0
205.624		262.341		2974		2		0
205.395		263.863		2980		2		0
262.598		202.28		3008		2		0
273.589		234.594		2994		2		0
280.27		261.865		2955		2		0
278.581		267.569		2945		2		0
232.828		259.039		2695		2		0
226.534		275.812		2565		2		0
226.573		333.015		2360		2		0
226.409		346.081		2284		2		0
252.937		259.217		2696		2		0
262.781		274.482		2563		2		0
262.667		331.977		2391		2		0
264.104		346.392		2266		2		0
243.362		197.635		3015		2		0
204.662		272.553		2987		2		0
209.573		259.996		2977		2		0
277.629		274.374		2948		2		0
281.438		268.374		2941		2		0
Frame 77
242.879		259.158		2771		2		0
243.241		223.483		2963		2		0
243.312		189.293		3024		2		0
244.671		173.123		2925		2		0
224.375		201.937		3013		2		0
214.459		236.227		3044		2		0
205.652		262.471		2979		2		0
205.129		264.554		2981		2		0
262.488		202.386		3010		2		0
273.513		235.125		2990		2		0
280.298		262.432		2957		2		0
278.284		267.254		2937		2		0
232.838		259.085		2689		2		0
226.655		275.861		2562		2		0
226.425		333.452		2351		2		0
226.333		346.432		2283		2		0
252.939		259.239		2706		2		0
262.834		274.485		2567		2		0
262.902		332.147		2394		2		0
264.617		345.958		2281		2		0
243.314		197.714		2998		2		0
204.218		272.888		2982		2		0
206.572		269.004		2991		2		0
277.402		274.2		2949		2		0
280.867		266.19		2946		2		0
Frame 78
242.897		259.188		2764		2		0
243.193		223.524		2947		2		0
243.171		189.359		3026		2		0
244.523		173.171		2923		2		0
224.239		202.033		3003		2		0
214.437		236.232		3035		2		0
205.66		262.497		2985		2		0
205.188		264.743		2986		2		0
262.36		202.415		2993		2		0
273.461		235.188		2986		2		0
280.265		262.512		2963		2		0
277.962		266.879		2934		2		0
232.862		259.146		2695		2		0
226.694		275.88		2564		2		0
226.464		333.603		2365		2		0
226.223		346.767		2282		2		0
252.95		259.248		2705		2		0
262.904		274.517		2566		2		0
263.097		332.199		2384		2		0
265.116		345.915		2274		2		0
243.196		197.775		3006		2		0
204.712		272.851		2983		2		0
207		267.809		2993		2		0
277		273.25		2939		2		0
280.287		266.499		2955		2		0
Frame 79
242.904		259.196		2753		2		0
243.154		223.534		2954		2		0
243.064		189.363		3027		2		0
244.434		173.164		2928		2		0
224.041		201.942		3005		2		0
214.39		236.201		3027		2		0
205.7		262.5		2985		2		0
205.275		264.581		2984		2		0
262.236		202.446		3003		2		0
273.388		235.119		2991		2		0
280.201		262.422		2973		2		0
277.818		266.482		2940		2		0
232.868		259.166		2688		2		0
226.795		275.979		2562		2		0
226.409		333.774		2359		2		0
226.324		346.826		2282		2		0
252.955		259.25		2698		2		0
263.015		274.576		2559		2		0
263.138		332.247		2388		2		0
265.447		345.788		2282		2		0
243.105		197.781		3003		2		0
205.16		273.021		2987		2		0
207		267.37		2982		2		0
277.503		272.499		2942		2		0
280.5		262.494		2973		2		0
Frame 80
242.912		259.208		2765		2		0
243.123		223.554		2944		2		0
243.002		189.392		3021		2		0
244.249		173.188		2928		2		0
223.826		201.968		3000		2		0
214.362		236.199		3025		2		0
205.754		262.526		2997		2		0
205.669		263.913		2989		2		0
262.13		202.464		3011		2		0
273.383		235.114		2989		2		0
280.135		262.431		2959		2		0
277.778		266.449		2937		2		0
232.879		259.191		2680		2		0
226.861		276.008		2554		2		0
226.433		333.805		2340		2		0
226.306		347.016		2275		2		0
252.96		259.252		2690		2		0
263.058		274.576		2556		2		0
263.231		332.255		2398		2		0
265.876		345.386		2277		2		0
243.048		197.809		3000		2		0
205.834		273.167		2985		2		0
206.667		266.892		2977		2		0
277		272.5		2939		2		0
280		266.077		2948		2		0
Frame 81
242.927		259.242		2762		2		0
243.099		223.595		2954		2		0
242.958		189.438		3022		2		0
244.173		173.197		2931		2		0
223.792		202.001		3007		2		0
214.34		235.93		3029		2		0
205.853		262.332		2998		2		0
205.884		264.014		2985		2		0
262.088		202.496		3015		2		0
273.322		235.034		2993		2		0
280.03		262.342		2967		2		0
277.914		266.462		2942		2		0
232.895		259.24		2693		2		0
226.871		276.012		2557		2		0
226.508		333.802		2354		2		0
226.316		347.162		2278		2		0
252.981		259.29		2693		2		0
263.131		274.661		2566		2		0
263.445		332.383		2390		2		0
266.04		345.286		2278		2		0
243.009		197.854		3005		2		0
205.712		272.999		2987		2		0
210.499		257		2995		2		0
277.202		272.6		2943		2		0
280.078		266.688		2946		2		0
Frame 82
242.936		259.254		2759		2		0
243.076		223.616		2960		2		0
242.905		189.464		3026		2		0
244.016		173.221		2935		2		0
223.751		202.007		3006		2		0
214.324		235.949		3027		2		0
205.836		262.358		2991		2		0
206.1		263.457		2979		2		0
262.006		202.508		3009		2		0
273.29		235.035		2986		2		0
280.003		262.325		2964		2		0
278.155		266.779		2927		2		0
232.903		259.256		2695		2		0
226.897		276.029		2559		2		0
226.549		333.837		2377		2		0
226.309		347.204		2279		2		0
252.992		259.3		2704		2		0
263.222		274.691		2565		2		0
263.534		332.405		2387		2		0
266.071		345.271		2276		2		0
242.962		197.88		3005		2		0
205.799		273.001		2998		2		0
206.935		266.794		2980		2		0
276.801		273.4		2935		2		0
280.8		267.195		2935		2		0
Frame 83
242.943		259.265		2761		2		0
243.052		223.641		2952		2		0
242.857		189.503		3028		2		0
243.921		173.233		2929		2		0
223.696		202.017		3012		2		0
214.265		235.977		3036		2		0
205.885		262.436		2991		2		0
206.23		262.856		2987		2		0
261.983		202.51		3002		2		0
273.302		235.024		2998		2		0
279.98		262.302		2943		2		0
278.528		266.74		2933		2		0
232.913		259.278		2697		2		0
226.946		276.097		2548		2		0
226.603		333.904		2359		2		0
226.345		347.293		2275		2		0
252.995		259.302		2714		2		0
263.231		274.689		2570		2		0
263.584		332.406		2387		2		0
266.127		345.206		2276		2		0
242.919		197.915		3012		2		0
206.199		272.401		2974		2		0
207.548		264.715		2978		2		0
277.42		273.194		2951		2		0
280.89		267.214		2931		2		0
Frame 84
242.948		259.272		2754		2		0
243.037		223.653		2952		2		0
242.831		189.516		3028		2		0
243.813		173.265		2929		2		0
223.664		202.047		3015		2		0
214.242		235.975		3036		2		0
205.89		262.439		3000		2		0
206.309		262.878		2989		2		0
261.956		202.534		3007		2		0
273.294		235.006		2985		2		0
279.977		262.279		2945		2		0
278.406		266.734		2932		2		0
232.919		259.288		2698		2		0
226.974		276.137		2560		2		0
226.618		333.954		2367		2		0
226.438		347.344		2278		2		0
252.998		259.304		2702		2		0
263.25		274.691		2562		2		0
263.577		332.38		2384		2		0
266.114		345.168		2275		2		0
242.895		197.928		3012		2		0
205.999		272.167		2989		2		0
209.626		257.124		2977		2		0
277.4		273.2		2945		2		0
281.001		267.212		2941		2		0
Frame 85
242.95		259.275		2761		2		0
243.024		223.663		2948		2		0
242.813		189.531		3027		2		0
243.768		173.263		2934		2		0
223.655		202.085		3009		2		0
214.205		235.983		3023		2		0
205.893		262.478		2993		2		0
206.284		262.718		2982		2		0
261.928		202.559		3007		2		0
273.305		235.058		2993		2		0
279.958		262.337		2944		2		0
278.528		266.978		2929		2		0
232.923		259.294		2698		2		0
226.983		276.136		2553		2		0
226.591		333.974		2364		2		0
226.417		347.308		2276		2		0
252.999		259.305		2701		2		0
263.238		274.685		2568		2		0
263.438		332.362		2389		2		0
266.045		345.182		2279		2		0
242.878		197.942		3010		2		0
205.999		272.166		2987		2		0
208.004		265.983		2975		2		0
278.004		272.999		2945		2		0
281.321		266.905		2947		2		0
Frame 86
242.955		259.287		2777		2		0
243.004		223.681		2953		2		0
242.776		189.55		3026		2		0
243.701		173.263		2930		2		0
223.65		202.084		3020		2		0
214.174		236.014		3028		2		0
205.905		262.523		3007		2		0
206.181		262.858		2991		2		0
261.904		202.571		3002		2		0
273.34		235.1		2990		2		0
279.946		262.398		2946		2		0
278.445		267.052		2937		2		0
232.927		259.311		2689		2		0
227.009		276.164		2564		2		0
226.533		333.995		2366		2		0
226.437		347.359		2272		2		0
253.003		259.311		2689		2		0
263.234		274.698		2567		2		0
263.343		332.335		2378		2		0
265.994		345.349		2273		2		0
242.844		197.961		3001		2		0
205.711		271.999		2983		2		0
209.288		257.282		2981		2		0
277.736		273.347		2945		2		0
280.881		266.695		2939		2		0
Frame 87
242.96		259.288		2764		2		0
242.973		223.681		2964		2		0
242.691		189.544		3033		2		0
243.659		173.274		2928		2		0
223.639		202.074		3015		2		0
214.168		236.021		3025		2		0
205.929		262.526		2994		2		0
206.438		262.171		2989		2		0
261.896		202.567		3004		2		0
273.339		235.109		2994		2		0
279.95		262.413		2953		2		0
278.296		266.958		2935		2		0
232.933		259.314		2688		2		0
227.035		276.177		2556		2		0
226.546		334.002		2350		2		0
226.46		347.373		2280		2		0
253.009		259.31		2688		2		0
263.23		274.694		2562		2		0
263.135		332.346		2374		2		0
265.84		345.306		2277		2		0
242.773		197.957		3012		2		0
205.712		271.999		2983		2		0
210.501		257.5		2967		2		0
277.803		273.399		2938		2		0
280.643		267.21		2945		2		0
Frame 88
242.972		259.3		2769		2		0
242.965		223.683		2963		2		0
242.67		189.533		3027		2		0
243.615		173.271		2930		2		0
223.615		202.145		3014		2		0
214.151		236.033		3039		2		0
205.95		262.544		2976		2		0
206.378		262.191		2973		2		0
261.894		202.565		3008		2		0
273.345		235.148		2999		2		0
279.955		262.452		2945		2		0
278.076		266.625		2927		2		0
232.94		259.334		2694		2		0
227.072		276.228		2558		2		0
226.56		334.068		2352		2		0
226.464		347.409		2273		2		0
253.028		259.315		2685		2		0
263.22		274.821		2568		2		0
263.047		332.508		2377		2		0
265.69		345.418		2282		2		0
242.755		197.95		3010		2		0
205.306		272.163		2986		2		0
208.67		262.153		2980		2		0
277.001		273.25		2931		2		0
279.859		269.855		2946		2		0
Frame 89
242.974		259.325		2764		2		0
242.958		223.708		2948		2		0
242.671		189.555		3021		2		0
243.589		173.261		2932		2		0
223.717		202.07		3015		2		0
214.14		236.063		3043		2		0
205.953		262.566		2995		2		0
206.459		262.18		2991		2		0
261.89		202.564		3002		2		0
273.344		235.143		2984		2		0
279.937		262.454		2955		2		0
278.02		266.648		2933		2		0
232.94		259.359		2689		2		0
227.091		276.224		2556		2		0
226.548		334.113		2348		2		0
226.456		347.313		2281		2		0
253.031		259.337		2689		2		0
263.213		274.85		2561		2		0
263.024		332.538		2374		2		0
265.574		345.564		2280		2		0
242.754		197.972		3010		2		0
205.713		272		2983		2		0
206.924		268.149		2975		2		0
277.502		272.5		2939		2		0
280.18		267.774		2947		2		0
Frame 90
242.976		259.322		2768		2		0
242.946		223.711		2965		2		0
242.653		189.564		3025		2		0
243.576		173.257		2933		2		0
223.671		202.088		3012		2		0
214.125		236.118		3031		2		0
205.934		262.632		3001		2		0
206.518		262.071		2988		2		0
261.875		202.557		3013		2		0
273.338		235.14		2997		2		0
279.897		262.462		2954		2		0
278.166		266.812		2935		2		0
232.941		259.359		2693		2		0
227.112		276.247		2561		2		0
226.609		334.118		2352		2		0
226.464		347.395		2274		2		0
253.03		259.323		2688		2		0
263.208		274.85		2565		2		0
262.913		332.52		2376		2		0
265.409		345.696		2281		2		0
242.737		197.98		3007		2		0
205.53		272.248		2993		2		0
207.144		265.21		2989		2		0
277.602		272.599		2932		2		0
280.752		268.999		2961		2		0
Frame 91
242.981		259.329		2766		2		0
242.941		223.72		2959		2		0
242.647		189.575		3032		2		0
243.553		173.249		2931		2		0
223.634		202.187		3010		2		0
214.15		236.145		3041		2		0
205.961		262.656		3015		2		0
206.554		261.916		3008		2		0
261.876		202.56		3007		2		0
273.324		235.106		2986		2		0
279.874		262.434		2955		2		0
277.976		266.679		2937		2		0
232.949		259.373		2691		2		0
227.129		276.223		2561		2		0
226.523		334.076		2346		2		0
226.375		347.489		2277		2		0
253.034		259.327		2698		2		0
263.181		274.899		2566		2		0
262.886		332.572		2380		2		0
265.36		345.808		2281		2		0
242.73		197.99		3007		2		0
205.999		272.167		2991		2		0
207		269.832		2974		2		0
277.161		273.183		2951		2		0
280.401		265.693		2955		2		0
Frame 92
242.986		259.34		2752		2		0
242.934		223.726		2965		2		0
242.638		189.577		3027		2		0
243.521		173.255		2935		2		0
223.631		202.219		3015		2		0
214.158		235.996		3046		2		0
206.052		262.541		3004		2		0
206.289		262.822		3004		2		0
261.875		202.561		3008		2		0
273.316		235.11		2996		2		0
279.873		262.452		2958		2		0
278.144		266.677		2931		2		0
232.953		259.387		2681		2		0
227.148		276.246		2555		2		0
226.521		334.105		2349		2		0
226.275		347.525		2281		2		0
253.04		259.334		2687		2		0
263.171		274.915		2568		2		0
262.879		332.585		2382		2		0
265.291		345.814		2285		2		0
242.722		197.993		3004		2		0
205.886		272.213		2999		2		0
210		256.667		2994		2		0
277.502		272.5		2944		2		0
280.361		266.856		2949		2		0
Frame 93
242.987		259.351		2763		2		0
242.933		223.735		2964		2		0
242.645		189.585		3020		2		0
243.506		173.248		2939		2		0
223.618		202.226		3015		2		0
214.156		235.999		3044		2		0
206.045		262.546		2998		2		0
206.298		262.7		2998		2		0
261.858		202.562		3002		2		0
273.313		235.061		2997		2		0
279.854		262.403		2945		2		0
278.144		266.567		2934		2		0
232.954		259.404		2690		2		0
227.161		276.246		2553		2		0
226.487		334.101		2348		2		0
226.26		347.505		2281		2		0
253.041		259.34		2687		2		0
263.152		274.878		2572		2		0
262.844		332.542		2374		2		0
265.298		345.615		2279		2		0
242.726		198.001		3009		2		0
205.769		272.29		3002		2		0
209.734		256.843		2994		2		0
277.502		272.5		2937		2		0
280.637		266.363		2940		2		0
Frame 94
242.988		259.361		2762		2		0
242.932		223.741		2961		2		0
242.649		189.589		3023		2		0
243.467		173.245		2934		2		0
223.811		202.13		3012		2		0
214.169		236.008		3039		2		0
206.065		262.55		3004		2		0
206.455		262.729		3004		2		0
261.851		202.564		3008		2		0
273.272		235.033		2994		2		0
279.845		262.348		2950		2		0
278.099		266.632		2937		2		0
232.954		259.408		2686		2		0
227.169		276.245		2552		2		0
226.479		334.093		2355		2		0
226.291		347.549		2280		2		0
253.043		259.355		2691		2		0
263.151		274.889		2566		2		0
262.818		332.556		2375		2		0
265.305		345.615		2281		2		0
242.728		198.004		3014		2		0
205.774		272.265		3018		2		0
207		268.333		2997		2		0
277.001		273.25		2941		2		0
280.75		268.249		2946		2		0
Frame 95
242.998		259.383		2753		2		0
242.922		223.758		2961		2		0
242.631		189.604		3025		2		0
243.449		173.27		2928		2		0
223.78		202.23		3022		2		0
214.179		236.046		3042		2		0
206.094		262.609		3015		2		0
206.341		263.028		3011		2		0
261.851		202.567		3007		2		0
273.266		235.027		2989		2		0
279.797		262.353		2954		2		0
278.104		266.73		2929		2		0
232.966		259.443		2688		2		0
227.183		276.24		2555		2		0
226.501		334.082		2350		2		0
226.297		347.564		2283		2		0
253.05		259.365		2698		2		0
263.166		274.982		2564		2		0
262.782		332.668		2387		2		0
265.331		345.7		2279		2		0
242.712		198.02		3015		2		0
205.999		272.166		3005		2		0
209.5		256		2990		2		0
277.048		273.215		2945		2		0
280.583		267.644		2944		2		0
Frame 96
242.998		259.388		2763		2		0
242.923		223.77		2965		2		0
242.648		189.626		3026		2		0
243.448		173.271		2935		2		0
223.742		202.312		3020		2		0
214.184		236.07		3049		2		0
206.168		262.678		3010		2		0
206.184		263.079		3005		2		0
261.821		202.585		3009		2		0
273.277		235.017		2985		2		0
279.832		262.346		2950		2		0
278.327		266.625		2936		2		0
232.971		259.455		2690		2		0
227.185		276.238		2556		2		0
226.482		334.099		2355		2		0
226.358		347.522		2280		2		0
253.049		259.366		2693		2		0
263.168		275.022		2560		2		0
262.72		332.725		2386		2		0
265.292		345.745		2279		2		0
242.723		198.038		3015		2		0
205.922		272.201		3004		2		0
207.309		264.762		2994		2		0
277.054		273.211		2949		2		0
281.025		266.958		2964		2		0
Frame 97
242.999		259.393		2761		2		0
242.924		223.777		2960		2		0
242.658		189.637		3031		2		0
243.443		173.276		2936		2		0
223.701		202.39		3014		2		0
214.215		236.114		3045		2		0
206.151		262.721		3012		2		0
206.241		263.224		3001		2		0
261.809		202.582		3012		2		0
273.283		234.996		2997		2		0
279.824		262.325		2953		2		0
278.109		266.537		2933		2		0
232.973		259.464		2690		2		0
227.199		276.248		2564		2		0
226.473		334.109		2355		2		0
226.358		347.545		2275		2		0
253.049		259.368		2692		2		0
263.175		275.028		2563		2		0
262.76		332.708		2382		2		0
265.434		345.823		2276		2		0
242.73		198.048		3001		2		0
206.199		272.4		3001		2		0
207.456		264.731		2992		2		0
277.502		272.5		2942		2		0
280.155		267.922		2945		2		0
Frame 98
243.004		259.404		2767		2		0
242.919		223.792		2958		2		0
242.649		189.658		3027		2		0
243.446		173.293		2933		2		0
223.706		202.431		3018		2		0
214.246		236.192		3037		2		0
206.104		262.78		3011		2		0
206.267		263.086		3010		2		0
261.804		202.583		3014		2		0
273.28		234.995		2995		2		0
279.837		262.324		2947		2		0
278.129		266.492		2935		2		0
232.977		259.475		2697		2		0
227.217		276.264		2555		2		0
226.555		334.137		2354		2		0
226.479		347.433		2284		2		0
253.054		259.377		2689		2		0
263.184		275.116		2558		2		0
262.748		332.816		2381		2		0
265.443		346.098		2268		2		0
242.722		198.067		3000		2		0
206.081		272.364		3003		2		0
207.32		264.828		2998		2		0
277.502		272.5		2938		2		0
280.502		266.476		2948		2		0
Frame 99
243.008		259.414		2766		2		0
242.916		223.795		2964		2		0
242.645		189.655		3030		2		0
243.457		173.296		2933		2		0
223.698		202.434		3009		2		0
214.285		236.065		3046		2		0
205.896		262.649		3032		2		0
206.206		262.926		3013		2		0
261.783		202.583		3012		2		0
273.271		234.967		2985		2		0
279.822		262.292		2957		2		0
278.087		266.625		2933		2		0
232.977		259.488		2688		2		0
227.219		276.274		2558		2		0
226.672		334.105		2355		2		0
226.53		347.521		2275		2		0
253.063		259.385		2689		2		0
263.2		275.018		2556		2		0
262.782		332.687		2384		2		0
265.439		346.091		2273		2		0
242.718		198.067		3010		2		0
205.948		272.215		3018		2		0
209.5		256.501		2999		2		0
277.48		272.549		2949		2		0
280.561		266.924		2938		2		0
Frame 100
243.008		259.417		2766		2		0
242.915		223.8		2954		2		0
242.646		189.659		3033		2		0
243.448		173.298		2938		2		0
223.694		202.432		3022		2		0
214.294		235.997		3042		2		0
205.92		262.582		3020		2		0
206.151		262.774		3008		2		0
261.783		202.585		2999		2		0
273.273		234.987		2995		2		0
279.782		262.309		2946		2		0
278.063		266.495		2933		2		0
232.977		259.491		2685		2		0
227.233		276.24		2550		2		0
226.679		334.043		2353		2		0
226.561		347.518		2278		2		0
253.064		259.391		2684		2		0
263.202		275.007		2560		2		0
262.778		332.677		2385		2		0
265.435		346.029		2267		2		0
242.718		198.071		3006		2		0
205.798		272.198		3007		2		0
209.499		257		2995		2		0
277.503		272.499		2945		2		0
280.573		267.258		2945		2		0
Frame 101
243.012		259.433		2767		2		0
242.904		223.816		2969		2		0
242.631		189.673		3031		2		0
243.447		173.297		2931		2		0
223.676		202.456		3013		2		0
214.303		236.045		3042		2		0
205.958		262.632		3018		2		0
206.27		262.659		3007		2		0
261.777		202.594		3008		2		0
273.271		234.99		2992		2		0
279.752		262.312		2954		2		0
278.15		266.75		2933		2		0
232.983		259.515		2697		2		0
227.241		276.258		2557		2		0
226.68		334.066		2353		2		0
226.582		347.537		2276		2		0
253.063		259.399		2698		2		0
263.197		275.011		2557		2		0
262.91		332.679		2393		2		0
265.435		346.097		2266		2		0
242.705		198.085		3013		2		0
205.798		272		3009		2		0
210		256.5		2997		2		0
277.367		272.948		2945		2		0
280.258		267.36		2945		2		0
Frame 102
243.014		259.447		2771		2		0
242.899		223.825		2961		2		0
242.625		189.683		3030		2		0
243.447		173.301		2931		2		0
223.668		202.484		3019		2		0
214.291		236.018		3040		2		0
206.067		262.634		3011		2		0
206.555		262.356		3011		2		0
261.757		202.607		3004		2		0
273.282		235.029		2991		2		0
279.781		262.355		2954		2		0
278.263		266.7		2937		2		0
232.984		259.529		2686		2		0
227.247		276.235		2555		2		0
226.676		334.036		2353		2		0
226.611		347.553		2279		2		0
253.067		259.409		2697		2		0
263.197		275.013		2561		2		0
262.908		332.684		2384		2		0
265.427		346.095		2266		2		0
242.699		198.094		3013		2		0
205.999		272.166		3010		2		0
210.401		256.8		2994		2		0
277.4		273.201		2948		2		0
280.601		265.99		2947		2		0
Frame 103
243.015		259.451		2773		2		0
242.895		223.83		2953		2		0
242.621		189.686		3027		2		0
243.442		173.322		2937		2		0
223.835		202.339		3020		2		0
214.298		236.152		3043		2		0
206.04		262.753		2998		2		0
206.287		262.971		2998		2		0
261.77		202.625		3009		2		0
273.283		235.074		2997		2		0
279.781		262.395		2951		2		0
278.048		266.709		2927		2		0
232.985		259.531		2693		2		0
227.246		276.236		2558		2		0
226.676		334.036		2355		2		0
226.612		347.546		2282		2		0
253.068		259.413		2694		2		0
263.196		274.994		2571		2		0
262.822		332.682		2379		2		0
265.373		346.002		2270		2		0
242.695		198.098		2997		2		0
205.847		272.376		3019		2		0
207.002		266.367		3000		2		0
277.835		272.667		2943		2		0
280.44		267.45		2942		2		0
Frame 104
243.021		259.466		2771		2		0
242.888		223.837		2960		2		0
242.602		189.696		3035		2		0
243.445		173.324		2935		2		0
223.823		202.339		3005		2		0
214.312		236.091		3051		2		0
206.113		262.695		2997		2		0
206.306		262.458		2997		2		0
261.765		202.625		3010		2		0
273.285		235.07		2984		2		0
279.802		262.392		2953		2		0
278.172		266.764		2936		2		0
232.986		259.55		2696		2		0
227.249		276.233		2556		2		0
226.641		334.038		2353		2		0
226.479		347.569		2276		2		0
253.075		259.424		2696		2		0
263.194		274.989		2558		2		0
262.822		332.677		2388		2		0
265.304		345.971		2278		2		0
242.68		198.106		3006		2		0
205.499		272		3000		2		0
210		256.25		2997		2		0
278.145		272.571		2944		2		0
280.438		267.075		2947		2		0
Frame 105
243.024		259.487		2775		2		0
242.89		223.851		2960		2		0
242.614		189.71		3027		2		0
243.423		173.332		2941		2		0
223.77		202.383		3024		2		0
214.308		236.16		3036		2		0
206.088		262.753		3014		2		0
206.45		262.617		3014		2		0
261.758		202.631		3015		2		0
273.268		235.055		3001		2		0
279.782		262.371		2949		2		0
278.234		266.497		2934		2		0
232.986		259.574		2698		2		0
227.264		276.254		2559		2		0
226.615		334.06		2348		2		0
226.492		347.595		2279		2		0
253.079		259.439		2695		2		0
263.188		275.001		2563		2		0
262.823		332.693		2379		2		0
265.307		345.989		2282		2		0
242.688		198.12		3010		2		0
205.998		272.167		3016		2		0
207		268.334		3001		2		0
277.501		272.5		2937		2		0
280.834		268.335		2946		2		0
Frame 106
243.03		259.499		2772		2		0
242.89		223.86		2966		2		0
242.614		189.721		3025		2		0
243.4		173.328		2938		2		0
223.763		202.416		3015		2		0
214.332		236.236		3046		2		0
206.055		262.813		3003		2		0
206.479		262.598		3003		2		0
261.748		202.62		3003		2		0
273.267		235.044		2991		2		0
279.763		262.364		2949		2		0
278.277		266.511		2926		2		0
232.992		259.595		2684		2		0
227.267		276.284		2561		2		0
226.574		334.079		2350		2		0
226.506		347.643		2278		2		0
253.083		259.443		2679		2		0
263.189		275.002		2556		2		0
262.822		332.693		2382		2		0
265.305		345.994		2283		2		0
242.688		198.13		3012		2		0
205.998		272.166		3016		2		0
208.238		263.129		0		2		0
277		273.251		2942		2		0
281.092		265.996		2968		2		0
Frame 107
243.032		259.506		2781		2		0
242.887		223.863		2964		2		0
242.607		189.72		3030		2		0
243.389		173.333		2939		2		0
223.742		202.422		3017		2		0
214.345		236.142		3045		2		0
206.125		262.727		3007		2		0
206.417		262.682		3007		2		0
261.734		202.622		3008		2		0
273.258		235.039		2991		2		0
279.757		262.35		2955		2		0
278.28		266.42		2929		2		0
232.992		259.599		2700		2		0
227.268		276.289		2554		2		0
226.568		334.086		2350		2		0
226.469		347.716		2280		2		0
253.09		259.454		2697		2		0
263.176		274.982		2555		2		0
262.811		332.685		2379		2		0
265.235		345.861		2280		2		0
242.682		198.131		3011		2		0
206		272.167		3013		2		0
209.801		256.4		2989		2		0
277.503		272.499		2935		2		0
280.567		266.229		2935		2		0
Frame 108
243.036		259.511		2779		2		0
242.883		223.872		2965		2		0
242.592		189.748		3028		2		0
243.381		173.341		2938		2		0
223.74		202.484		3021		2		0
214.343		236.155		3046		2		0
206.086		262.732		3003		2		0
206.327		262.851		3003		2		0
261.716		202.629		3012		2		0
273.241		235.024		2986		2		0
279.724		262.34		2949		2		0
278.246		266.706		2932		2		0
232.994		259.603		2697		2		0
227.274		276.285		2549		2		0
226.516		334.15		2349		2		0
226.494		347.552		2280		2		0
253.096		259.458		2690		2		0
263.177		274.993		2564		2		0
262.857		332.661		2382		2		0
265.322		345.965		2279		2		0
242.67		198.153		3003		2		0
205.977		272.462		3014		2		0
206.692		265.228		3002		2		0
278.091		272.586		2947		2		0
280.375		270.003		2965		2		0
Frame 109
243.036		259.51		2784		2		0
242.885		223.875		2967		2		0
242.61		189.763		3028		2		0
243.338		173.361		2944		2		0
223.696		202.435		3017		2		0
214.35		236.076		3045		2		0
206.122		262.66		3016		2		0
206.23		263.113		3010		2		0
261.705		202.608		3015		2		0
273.225		234.974		2998		2		0
279.7		262.283		2949		2		0
278.263		266.593		2933		2		0
232.995		259.602		2702		2		0
227.278		276.291		2556		2		0
226.573		334.108		2351		2		0
226.522		347.662		2284		2		0
253.094		259.456		2698		2		0
263.19		274.931		2562		2		0
262.882		332.578		2373		2		0
265.327		345.918		2280		2		0
242.682		198.164		3022		2		0
205.999		272.167		3010		2		0
207		268.877		3000		2		0
278.147		272.571		2942		2		0
280.644		267.138		2950		2		0
Frame 110
243.036		259.512		2775		2		0
242.885		223.876		2966		2		0
242.614		189.763		3034		2		0
243.332		173.363		2940		2		0
223.675		202.491		3018		2		0
214.32		236.125		3043		2		0
206.131		262.72		3008		2		0
206.336		262.954		3008		2		0
261.669		202.621		3015		2		0
273.224		234.968		2993		2		0
279.733		262.27		2951		2		0
278.144		266.516		2927		2		0
232.995		259.608		2686		2		0
227.281		276.285		2556		2		0
226.587		334.099		2346		2		0
226.533		347.661		2274		2		0
253.095		259.456		2678		2		0
263.187		274.937		2569		2		0
262.906		332.602		2379		2		0
265.322		345.902		2285		2		0
242.685		198.164		3005		2		0
206		272.167		3001		2		0
210.332		256.334		3000		2		0
277.501		272.5		2935		2		0
280.668		266.406		2934		2		0
Frame 111
243.042		259.521		2773		2		0
242.881		223.879		2974		2		0
242.59		189.774		3038		2		0
243.276		173.372		2949		2		0
223.633		202.555		3023		2		0
214.303		236.18		3054		2		0
206.108		262.769		3019		2		0
206.185		262.874		3019		2		0
261.642		202.646		3013		2		0
273.215		234.985		2992		2		0
279.71		262.283		2946		2		0
278.129		266.575		2929		2		0
232.996		259.619		2691		2		0
227.286		276.282		2553		2		0
226.661		334.101		2357		2		0
226.545		347.655		2284		2		0
253.104		259.458		2685		2		0
263.184		274.959		2569		2		0
262.917		332.623		2381		2		0
265.286		345.925		2282		2		0
242.667		198.172		3007		2		0
205.799		272		3010		2		0
209.952		256.279		2988		2		0
277.503		272.5		2937		2		0
280.504		268.652		2947		2		0
Frame 112
243.052		259.526		2770		2		0
242.88		223.879		2966		2		0
242.58		189.763		3029		2		0
243.149		173.36		2952		2		0
223.625		202.598		3015		2		0
214.301		236.073		3040		2		0
206.135		262.67		3023		2		0
206.384		263.06		3011		2		0
261.608		202.639		3008		2		0
273.209		235.009		2991		2		0
279.72		262.318		2952		2		0
278.136		266.688		2935		2		0
233.002		259.627		2703		2		0
227.287		276.284		2555		2		0
226.671		334.098		2350		2		0
226.501		347.776		2280		2		0
253.122		259.459		2692		2		0
263.184		274.96		2566		2		0
262.927		332.626		2384		2		0
265.279		345.959		2289		2		0
242.659		198.165		3006		2		0
206.076		272.336		3010		2		0
210.003		256.995		3006		2		0
277.501		272.499		2946		2		0
280.548		266.832		2944		2		0
Frame 113
243.053		259.524		2774		2		0
242.877		223.854		2967		2		0
242.582		189.687		3027		2		0
243.023		173.325		2952		2		0
223.605		202.604		3015		2		0
214.299		236.144		3043		2		0
206.12		262.736		3023		2		0
206.497		262.515		3023		2		0
261.583		202.649		3013		2		0
273.203		235.029		2991		2		0
279.663		262.327		2952		2		0
278.155		266.327		2942		2		0
232.998		259.624		2695		2		0
227.291		276.358		2554		2		0
226.674		334.19		2350		2		0
226.643		347.737		2278		2		0
253.126		259.454		2691		2		0
263.188		274.93		2567		2		0
262.909		332.583		2382		2		0
265.271		345.962		2283		2		0
242.659		198.103		3018		2		0
205.999		272.167		3006		2		0
210.292		256.571		2999		2		0
277.557		272.601		2950		2		0
281		264.396		2975		2		0
Frame 114
243.058		259.53		2779		2		0
242.877		223.853		2957		2		0
242.58		189.675		3032		2		0
242.935		173.345		2952		2		0
223.552		202.719		3017		2		0
214.297		236.196		3046		2		0
206.147		262.784		3001		2		0
206.386		262.948		3001		2		0
261.552		202.647		3006		2		0
273.217		235.138		2992		2		0
279.755		262.434		2948		2		0
278.149		266.556		2932		2		0
232.999		259.639		2697		2		0
227.295		276.348		2553		2		0
226.675		334.177		2343		2		0
226.663		347.725		2277		2		0
253.138		259.455		2689		2		0
263.184		274.996		2568		2		0
262.91		332.658		2381		2		0
265.292		346.034		2269		2		0
242.658		198.096		3011		2		0
205.999		272.167		3011		2		0
210.275		256.417		2990		2		0
277.001		273.251		2945		2		0
280.4		268		2953		2		0
Frame 115
243.062		259.522		2772		2		0
242.873		223.841		2970		2		0
242.57		189.649		3030		2		0
242.83		173.349		2949		2		0
223.497		202.749		3028		2		0
214.283		236.239		3049		2		0
206.152		262.833		3005		2		0
206.3		262.667		3005		2		0
261.531		202.643		3014		2		0
273.226		235.15		2990		2		0
279.765		262.442		2953		2		0
278.159		266.8		2928		2		0
233		259.638		2702		2		0
227.302		276.348		2556		2		0
226.646		334.191		2350		2		0
226.682		347.669		2276		2		0
253.149		259.432		2697		2		0
263.179		274.978		2565		2		0
262.917		332.641		2381		2		0
265.287		346.031		2274		2		0
242.65		198.073		3012		2		0
206.199		272.401		2999		2		0
210.063		256.863		3000		2		0
277.834		272.667		2942		2		0
280.539		265.977		2952		2		0
Frame 116
243.063		259.521		2769		2		0
242.867		223.834		2965		2		0
242.551		189.632		3032		2		0
242.695		173.385		2948		2		0
223.503		202.756		3020		2		0
214.245		236.298		3047		2		0
206.244		262.915		3003		2		0
206.125		263.552		3001		2		0
261.467		202.666		3010		2		0
273.253		235.215		2989		2		0
279.802		262.52		2945		2		0
278.248		266.712		2935		2		0
232.999		259.638		2687		2		0
227.311		276.358		2559		2		0
226.59		334.205		2356		2		0
226.701		347.655		2279		2		0
253.151		259.429		2690		2		0
263.171		274.98		2558		2		0
262.951		332.644		2388		2		0
265.312		346.198		2269		2		0
242.634		198.058		3015		2		0
206.499		273.501		3020		2		0
206.75		268.502		3003		2		0
277		273.25		2935		2		0
280.65		266.675		2946		2		0
