EndUpSit
Frame 0
240.312		238.402		1537		2		1
236.285		174.83		1555		2		1
232.852		112.799		1597		2		1
239.346		79.353		1521		2		1
198.965		140.322		1616		2		1
193.067		191.254		1656		2		1
190.906		242.113		1597		2		1
192.274		259.991		1578		2		1
272.036		137.625		1621		2		1
282.09		188.102		1646		2		1
288.259		238.381		1567		2		1
288.322		253.776		1558		2		1
225.462		239.148		1554		2		1
215.484		310.991		1656		2		1
212.412		378.674		1770		2		1
210.386		396.06		1762		2		1
255.114		237.675		1510		2		1
271.558		306.642		1640		2		1
280.088		377.506		1778		2		1
276.414		394.083		1789		1		1
233.663		128.207		1613		2		1
192.279		277.208		1582		2		1
182		260.889		1621		2		1
289.951		271.394		1545		2		1
279.634		258.952		1574		2		1
Frame 1
240.399		238.413		1536		2		1
236.332		174.848		1555		2		1
232.877		112.875		1600		2		1
239.429		79.4506		1521		2		1
199.046		140.396		1618		2		1
193.102		191.315		1655		2		1
191.027		242.155		1597		2		1
192.227		259.916		1577		2		1
272.08		137.648		1625		2		1
282.213		188.1		1648		2		1
288.917		238.269		1577		2		1
289.058		252.937		1557		2		1
225.555		239.174		1552		2		1
215.58		311.192		1646		2		1
212.437		378.74		1767		2		1
210.406		396.124		1765		2		1
255.187		237.675		1514		2		1
271.687		307.064		1645		2		1
280.122		378.097		1780		2		1
276.516		395.105		1788		2		1
233.704		128.261		1613		2		1
192.278		277.208		1577		2		1
182.249		262.741		1617		2		1
290.647		270.485		1549		2		1
278.529		249.292		1574		2		1
Frame 2
240.476		238.448		1542		2		1
236.41		174.884		1554		2		1
232.938		112.942		1599		2		1
239.522		79.5445		1522		2		1
199.179		140.496		1616		2		1
193.118		191.392		1653		2		1
191.081		242.22		1590		2		1
192.462		260.098		1572		2		1
272.109		137.674		1628		2		1
282.337		188.093		1650		2		1
289.201		238.191		1571		2		1
289.169		253.723		1557		2		1
225.63		239.208		1553		2		1
215.767		311.486		1648		2		1
212.702		379.021		1778		2		1
210.682		396.426		1760		2		1
255.261		237.707		1510		2		1
271.795		307.286		1635		2		1
279.772		378.24		1786		2		1
276.625		395.331		1785		2		1
233.775		128.319		1616		2		1
192.905		277.403		1575		2		1
183.108		254.982		1615		2		1
290.54		271.433		1549		2		1
278.682		251.922		1576		2		1
Frame 3
240.636		238.47		1545		2		1
236.533		174.923		1554		2		1
233.006		113.019		1603		2		1
239.571		79.6441		1520		2		1
199.274		140.551		1617		2		1
193.13		191.435		1650		2		1
191.226		242.246		1591		2		1
192.882		260.039		1569		2		1
272.338		137.966		1629		2		1
282.567		188.321		1655		2		1
289.442		238.345		1576		2		1
289.564		253.826		1561		2		1
225.797		239.242		1553		2		1
215.997		311.669		1653		2		1
212.818		379.231		1764		2		1
210.913		396.647		1764		2		1
255.41		237.72		1515		2		1
271.868		307.299		1643		2		1
279.651		378.136		1796		2		1
276.746		395.303		1778		1		1
233.863		128.383		1615		2		1
193.794		278.127		1577		2		1
183.235		259.697		1605		2		1
290.739		271.502		1551		2		1
278.75		249.419		1568		2		1
Frame 4
240.855		238.458		1542		2		1
236.698		174.952		1554		2		1
233.09		113.105		1601		2		1
239.65		79.7244		1525		2		1
199.357		140.577		1614		2		1
193.157		191.456		1645		2		1
191.609		242.238		1591		2		1
193.154		260.303		1567		2		1
272.347		137.969		1630		2		1
282.796		188.254		1659		2		1
289.871		238.168		1579		2		1
289.712		254.231		1560		2		1
226.019		239.249		1553		2		1
216.15		311.771		1653		2		1
212.995		379.331		1763		2		1
211.104		396.761		1762		2		1
255.628		237.689		1519		2		1
271.969		307.257		1648		2		1
279.784		378.192		1794		2		1
277.616		395.701		1779		1		1
233.974		128.451		1617		2		1
194.36		278.181		1573		2		1
183.399		263.494		1603		2		1
290.301		271.973		1557		2		1
280.999		259.291		1578		2		1
Frame 5
241.172		238.462		1544		2		1
236.882		174.975		1554		2		1
233.134		113.134		1603		2		1
239.74		79.7917		1526		2		1
199.489		140.624		1614		2		1
193.198		191.506		1645		2		1
191.811		242.288		1588		2		1
193.64		260.255		1565		2		1
272.385		137.954		1632		2		1
282.996		188.175		1663		2		1
290.377		238.001		1581		2		1
290.313		253.729		1567		2		1
226.344		239.276		1551		2		1
216.344		311.776		1651		2		1
213.182		379.464		1783		2		1
211.338		396.908		1763		2		1
255.971		237.669		1520		2		1
272.101		307.202		1656		2		1
279.994		377.897		1774		2		1
260.52		385.223		1941		2		1
234.049		128.478		1615		2		1
194.724		278.162		1570		2		1
184.273		259.622		1588		2		1
291.3		271.435		1560		2		1
280.371		256.703		1584		2		1
Frame 6
241.454		238.464		1543		2		1
237.067		174.991		1555		2		1
233.185		113.147		1602		2		1
239.849		79.8282		1527		2		1
199.624		140.668		1612		2		1
193.238		191.558		1642		2		1
192.111		242.339		1584		2		1
194.203		260.512		1565		2		1
272.428		137.941		1634		2		1
283.192		188.09		1663		2		1
291.342		237.268		1584		2		1
290.718		253.199		1571		2		1
226.618		239.298		1553		2		1
216.378		311.653		1645		2		1
213.379		379.5		1771		2		1
211.603		396.958		1761		2		1
256.264		237.648		1519		2		1
272.329		307.287		1659		2		1
279.677		377.656		1797		2		1
276.503		394.147		1782		2		1
234.13		128.493		1618		2		1
195.271		278.269		1570		2		1
184.688		261.998		1595		2		1
291.067		271.3		1567		2		1
280.807		251.115		1588		2		1
Frame 7
241.794		238.454		1547		2		1
237.242		174.983		1554		2		1
233.211		113.127		1601		2		1
239.974		79.8203		1529		2		1
199.748		140.698		1607		2		1
193.249		191.604		1638		2		1
192.359		242.404		1582		2		1
194.886		260.675		1562		2		1
272.461		137.939		1638		2		1
283.412		187.988		1665		2		1
291.922		236.615		1593		2		1
291.335		252.493		1578		2		1
226.937		239.324		1553		2		1
216.447		311.556		1657		2		1
213.612		379.499		1773		2		1
211.927		396.952		1767		2		1
256.622		237.598		1527		2		1
272.447		307.205		1653		2		1
279.582		377.561		1804		2		1
260.036		384.833		1953		2		1
234.187		128.476		1616		2		1
196.279		278.382		1565		2		1
185.333		262.722		1589		2		1
292.963		270.361		1569		2		1
280.616		247.155		1583		2		1
Frame 8
242.132		238.374		1546		2		1
237.409		174.948		1550		2		1
233.224		113.108		1601		2		1
240.076		79.7949		1526		2		1
199.713		140.627		1606		2		1
193.285		191.593		1633		2		1
192.656		242.433		1569		2		1
194.941		258.87		1566		2		1
272.499		137.9		1635		2		1
283.602		187.869		1669		2		1
292.305		236.348		1593		2		1
291.655		252.237		1581		2		1
227.291		239.271		1555		2		1
216.82		310.894		1650		2		1
213.757		379.526		1773		2		1
204.215		391.745		1899		2		1
256.935		237.489		1528		2		1
272.619		307.032		1651		2		1
279.278		377.333		1784		2		1
280.699		394.602		1780		2		1
234.224		128.453		1614		2		1
195.499		276.532		1561		2		1
185.779		262.337		1592		2		1
293.025		270.418		1576		2		1
281.485		250.4		1585		2		1
Frame 9
242.647		238.332		1546		2		1
237.655		174.917		1552		2		1
233.251		113.072		1602		2		1
240.224		79.7813		1531		2		1
200.181		140.681		1602		2		1
193.393		191.674		1629		2		1
192.91		242.589		1577		2		1
195.637		258.921		1562		2		1
273.148		137.994		1641		2		1
283.918		187.875		1674		2		1
292.735		236.334		1606		2		1
292.042		252.02		1588		2		1
227.783		239.272		1554		2		1
217.171		310.345		1650		2		1
214.118		379.545		1777		2		1
204.251		391.593		1897		2		1
257.478		237.395		1533		2		1
272.8		306.851		1661		2		1
279.045		377.259		1798		2		1
281.04		394.506		1780		2		1
234.289		128.417		1611		2		1
196.235		276.501		1566		2		1
186.056		258.368		1601		2		1
293.828		270.262		1583		2		1
281.693		250.003		1592		2		1
Frame 10
243.147		238.257		1549		2		1
237.854		174.847		1552		2		1
233.253		112.971		1598		2		1
240.336		79.7566		1531		2		1
200.428		140.624		1600		2		1
193.499		191.672		1626		2		1
193.194		242.686		1567		2		1
196.081		259.115		1561		2		1
273.446		137.95		1642		2		1
284.122		187.738		1677		2		1
293.223		236.059		1608		2		1
292.742		251.397		1593		2		1
228.259		239.236		1556		2		1
217.395		310.177		1649		2		1
214.402		379.68		1775		2		1
204.207		391.751		1907		2		1
257.984		237.276		1533		2		1
272.945		306.808		1669		2		1
278.302		377.62		1796		2		1
275.951		395.646		1777		2		1
234.329		128.336		1612		2		1
197.237		276.501		1563		2		1
186.198		261.085		1598		2		1
294.285		269.335		1591		2		1
283.164		252.415		1602		2		1
Frame 11
243.619		238.129		1555		2		1
238.104		174.736		1550		2		1
233.287		112.829		1601		2		1
240.474		79.6916		1528		2		1
200.625		140.421		1595		2		1
193.612		191.534		1623		2		1
193.627		242.598		1575		2		1
196.59		259.032		1560		2		1
273.579		137.927		1642		2		1
284.33		187.619		1680		2		1
293.595		235.899		1613		2		1
293.045		251.606		1597		2		1
228.723		239.166		1564		2		1
217.778		309.93		1657		2		1
214.852		379.768		1768		2		1
204.281		391.754		1900		2		1
258.439		237.083		1539		2		1
273.045		306.307		1658		2		1
277.84		377.225		1791		2		1
275.918		395.384		1774		2		1
234.409		128.209		1611		2		1
198		276.59		1568		2		1
187.943		265.246		1585		2		1
294.858		269.243		1596		2		1
282.873		250.443		1596		2		1
Frame 12
244.095		237.968		1552		2		1
238.321		174.61		1551		2		1
233.296		112.634		1600		2		1
240.571		79.5925		1530		2		1
200.732		140.329		1592		2		1
193.688		191.513		1619		2		1
193.977		242.658		1570		2		1
197.151		258.99		1560		2		1
273.676		137.867		1643		2		1
284.493		187.465		1680		2		1
293.906		235.844		1615		2		1
293.387		251.376		1603		2		1
229.183		239.084		1562		2		1
218.134		309.646		1650		2		1
215.647		379.945		1776		2		1
204.655		391.633		1906		2		1
258.902		236.838		1540		2		1
273.139		305.76		1659		2		1
277.368		376.794		1803		2		1
275.839		395.137		1774		1		1
234.467		128.053		1606		2		1
198.577		276.486		1565		2		1
187.116		263.643		1590		2		1
294.765		269.312		1612		2		1
283.584		250.67		1608		2		1
Frame 13
244.443		237.867		1555		2		1
238.55		174.492		1548		2		1
233.366		112.403		1599		2		1
240.68		79.4508		1532		2		1
200.961		140.153		1591		2		1
193.807		191.413		1616		2		1
194.263		242.662		1567		2		1
197.556		259.096		1558		2		1
273.743		137.802		1642		2		1
284.627		187.336		1685		2		1
294.158		235.722		1618		2		1
293.66		251.248		1608		2		1
229.52		239.046		1562		2		1
218.574		309.591		1649		2		1
216.544		379.797		1772		2		1
205.313		391.008		1899		2		1
259.239		236.665		1540		2		1
273.164		305.582		1673		2		1
277.008		376.661		1803		2		1
279.861		393.914		1788		2		1
234.58		127.866		1606		2		1
199.545		276.582		1563		2		1
188.971		262.788		1571		2		1
294.986		269.174		1617		2		1
283.539		247.084		1609		2		1
Frame 14
244.801		237.744		1557		2		1
238.772		174.369		1549		2		1
233.431		112.178		1599		2		1
240.769		79.3277		1533		2		1
201.183		139.938		1591		2		1
193.997		191.256		1615		2		1
194.741		242.555		1570		2		1
198.206		259.265		1559		2		1
273.823		137.733		1639		2		1
284.76		187.198		1687		2		1
294.479		235.437		1625		2		1
293.968		250.846		1616		2		1
229.879		238.971		1564		2		1
218.997		309.256		1656		2		1
217.002		379.904		1775		2		1
205.675		390.868		1912		2		1
259.564		236.5		1549		2		1
273.189		305.357		1676		2		1
276.467		376.183		1804		2		1
279.466		393.415		1792		2		1
234.686		127.68		1609		2		1
200.057		276.487		1564		2		1
189.335		264.53		1568		2		1
295.998		268.19		1621		2		1
284.546		252.186		1620		2		1
Frame 15
245.112		237.655		1557		2		1
238.949		174.276		1549		2		1
233.481		111.946		1595		2		1
240.836		79.2364		1531		2		1
201.296		139.897		1590		2		1
194.163		191.286		1614		2		1
195.188		242.64		1563		2		1
198.583		259.254		1555		2		1
273.867		137.715		1640		2		1
284.835		187.143		1688		2		1
294.607		235.292		1630		2		1
294.261		250.391		1619		2		1
230.209		238.926		1567		2		1
219.381		309.312		1654		2		1
217.338		379.779		1775		2		1
206.143		390.688		1911		2		1
259.842		236.377		1546		2		1
273.194		305.141		1677		2		1
276.146		376.078		1802		2		1
279.227		393.315		1795		2		1
234.775		127.507		1606		2		1
200.932		276.471		1563		2		1
190.028		262.106		1561		2		1
295.727		268.491		1628		2		1
285.14		251.7		1622		2		1
Frame 16
245.337		237.583		1558		2		1
239.101		174.203		1548		2		1
233.539		111.774		1599		2		1
240.925		79.0861		1531		2		1
201.431		139.798		1588		2		1
194.3		191.238		1613		2		1
195.656		242.612		1565		2		1
199.062		259.258		1554		2		1
273.893		137.706		1638		2		1
284.907		187.091		1689		2		1
294.682		235.204		1635		2		1
294.461		250.325		1623		2		1
230.462		238.891		1571		2		1
219.592		309.338		1655		2		1
217.46		379.8		1770		2		1
206.191		390.67		1908		2		1
260.033		236.275		1547		2		1
273.194		305.026		1683		2		1
275.848		375.722		1805		2		1
279.002		392.956		1799		2		1
234.859		127.372		1604		2		1
201.478		276.517		1562		2		1
189.854		262.375		1585		2		1
297.066		267.469		1617		2		1
284.584		250.551		1623		2		1
Frame 17
245.558		237.506		1560		2		1
239.235		174.145		1546		2		1
233.588		111.619		1598		2		1
240.981		79.0156		1535		2		1
201.484		139.725		1588		2		1
194.426		191.21		1611		2		1
195.992		242.604		1565		2		1
199.59		259.362		1555		2		1
273.96		137.678		1637		2		1
284.983		187.037		1689		2		1
294.774		235.037		1634		2		1
294.483		250.326		1624		2		1
230.696		238.852		1572		2		1
219.762		309.25		1661		2		1
217.563		379.725		1773		2		1
206.284		390.571		1915		2		1
260.238		236.166		1546		2		1
273.205		305.004		1673		2		1
275.747		375.695		1793		2		1
278.934		392.935		1791		2		1
234.935		127.257		1603		2		1
202.359		276.468		1565		2		1
191.001		263.151		1564		2		1
296.127		268.225		1631		2		1
284.801		248.61		1621		2		1
Frame 18
245.75		237.436		1559		2		1
239.375		174.099		1548		2		1
233.65		111.524		1595		2		1
241.057		78.9086		1521		2		1
201.579		139.64		1589		2		1
194.575		191.157		1611		2		1
196.338		242.54		1566		2		1
200.069		259.308		1554		2		1
274.024		137.634		1639		2		1
285.024		186.99		1684		2		1
294.84		234.897		1642		2		1
294.508		250.208		1624		2		1
230.92		238.822		1571		2		1
219.847		309.054		1671		2		1
217.62		379.728		1778		2		1
206.4		390.439		1910		2		1
260.407		236.064		1544		2		1
273.185		304.909		1668		2		1
275.595		375.729		1806		2		1
278.811		392.972		1791		1		1
235.018		127.179		1603		2		1
202.524		276.569		1561		2		1
191.679		261.989		1568		2		1
296.706		267.743		1627		2		1
285.353		248.845		1624		2		1
Frame 19
245.923		237.379		1562		2		1
239.493		174.064		1550		2		1
233.715		111.41		1598		2		1
241.154		78.7974		1522		2		1
201.615		139.616		1588		2		1
194.681		191.152		1613		2		1
196.62		242.516		1566		2		1
200.545		259.275		1554		2		1
274.135		137.604		1635		2		1
285.071		186.971		1684		2		1
294.862		234.847		1644		2		1
294.503		250.192		1625		2		1
231.1		238.793		1570		2		1
219.952		308.834		1666		2		1
217.659		379.752		1763		2		1
206.49		390.61		1910		2		1
260.57		235.98		1554		2		1
273.193		304.847		1674		2		1
275.516		375.759		1805		2		1
278.724		393.016		1783		1		1
235.102		127.095		1604		2		1
203.288		276.299		1560		2		1
192.401		265.445		1565		2		1
296.534		267.846		1627		2		1
285.092		247.825		1626		2		1
Frame 20
246.024		237.327		1562		2		1
239.563		174.043		1551		2		1
233.75		111.343		1592		2		1
241.301		78.6377		1522		2		1
201.623		139.59		1592		2		1
194.812		191.148		1615		2		1
196.921		242.501		1565		2		1
200.947		259.063		1555		2		1
274.238		137.557		1634		2		1
285.099		186.945		1682		2		1
294.857		234.841		1642		2		1
294.476		250.294		1622		2		1
231.218		238.766		1571		2		1
220.011		308.71		1667		2		1
217.701		379.746		1771		2		1
206.564		390.694		1913		2		1
260.659		235.91		1554		2		1
273.2		304.78		1680		2		1
275.374		375.782		1809		2		1
256.792		384.192		1946		2		1
235.15		127.045		1603		2		1
203.379		276.118		1560		2		1
192.972		262.646		1567		2		1
296.606		267.695		1623		2		1
284.767		248.694		1612		2		1
Frame 21
246.132		237.227		1563		2		1
239.643		173.974		1550		2		1
233.778		111.177		1593		2		1
241.426		78.4862		1520		2		1
201.624		139.546		1592		2		1
194.968		191.124		1617		2		1
197.229		242.464		1569		2		1
201.425		259.055		1558		2		1
274.336		137.466		1630		2		1
285.11		186.884		1679		2		1
294.86		234.824		1638		2		1
294.31		250.572		1624		2		1
231.338		238.671		1570		2		1
220.088		308.448		1663		2		1
217.72		379.763		1773		2		1
206.596		390.691		1908		2		1
260.758		235.809		1559		2		1
273.185		304.729		1682		2		1
275.304		375.796		1796		2		1
256.69		384.25		1945		2		1
235.2		126.914		1601		2		1
203.896		275.534		1564		2		1
192		261.5		1581		2		1
296.122		268.004		1622		2		1
285.572		253.647		1631		2		1
Frame 22
246.175		237.106		1563		2		1
239.695		173.93		1552		2		1
233.819		111.073		1594		2		1
241.531		78.3586		1520		2		1
201.63		139.486		1592		2		1
195.084		191.075		1621		2		1
197.504		242.397		1575		2		1
201.461		258.821		1560		2		1
274.41		137.407		1628		2		1
285.118		186.851		1677		2		1
294.815		234.83		1635		2		1
294.014		250.788		1620		2		1
231.385		238.532		1570		2		1
220.122		308.315		1670		2		1
217.717		379.856		1785		2		1
206.574		390.742		1908		2		1
260.8		235.706		1557		2		1
273.121		304.787		1677		2		1
275.237		375.801		1794		2		1
278.312		393.101		1788		2		1
235.248		126.834		1599		2		1
203.897		274.721		1563		2		1
192.096		263.072		1586		2		1
295.624		268.142		1616		2		1
285.714		253.619		1633		2		1
Frame 23
246.174		236.908		1561		2		1
239.754		173.862		1553		2		1
233.882		110.981		1587		2		1
241.626		78.1997		1520		2		1
201.65		139.38		1591		2		1
195.202		190.967		1625		2		1
197.732		242.266		1578		2		1
201.418		258.711		1565		2		1
274.552		137.245		1630		2		1
285.121		186.743		1674		2		1
294.761		234.847		1634		2		1
293.871		250.806		1620		2		1
231.403		238.298		1580		2		1
220.111		308.264		1670		2		1
217.746		379.896		1775		2		1
206.557		390.631		1911		2		1
260.794		235.544		1559		2		1
273.06		304.733		1677		2		1
275.144		375.886		1797		2		1
256.472		384.299		1945		2		1
235.308		126.757		1599		2		1
203.867		274.72		1570		2		1
192.425		261.963		1584		2		1
295.775		268.206		1622		2		1
284.563		249.817		1628		2		1
Frame 24
246.055		236.67		1563		2		1
239.774		173.792		1557		2		1
233.922		110.856		1589		2		1
241.749		77.9786		1513		2		1
201.642		139.186		1590		2		1
195.306		190.76		1626		2		1
197.917		242.035		1578		2		1
201.515		258.361		1567		2		1
274.692		137.038		1623		2		1
285.107		186.603		1672		2		1
294.627		234.886		1630		2		1
293.486		250.88		1619		2		1
231.282		238.008		1579		2		1
220.145		308.227		1665		2		1
217.8		380.015		1782		2		1
206.552		390.583		1906		2		1
260.684		235.356		1561		2		1
273.012		304.754		1677		2		1
275.16		376.005		1784		2		1
278.019		393.372		1785		2		1
235.342		126.664		1596		2		1
203.6		274.836		1573		2		1
192.063		260.372		1588		2		1
294.955		268.25		1617		2		1
284.801		250.98		1630		2		1
Frame 25
245.805		236.377		1571		2		1
239.784		173.708		1557		2		1
234.031		110.661		1581		2		1
241.878		77.7602		1514		2		1
201.64		139.082		1589		2		1
195.3		190.613		1630		2		1
197.816		241.831		1584		2		1
200.936		258.082		1574		2		1
274.851		136.89		1622		2		1
285.084		186.532		1668		2		1
294.419		234.958		1627		2		1
293.152		251.074		1617		2		1
231.03		237.646		1582		2		1
220.188		308.296		1673		2		1
217.81		380.5		1767		2		1
206.467		390.745		1908		2		1
260.451		235.128		1558		2		1
272.927		304.828		1671		2		1
275.184		376.084		1793		2		1
256.65		384.361		1950		2		1
235.417		126.522		1593		2		1
203.172		274.654		1577		2		1
191.561		261.362		1588		2		1
294.435		268.284		1616		2		1
284.535		250.269		1629		2		1
Frame 26
245.439		236.074		1580		2		1
239.732		173.577		1557		2		1
234.05		110.4		1577		2		1
242.047		77.4772		1510		2		1
201.604		138.943		1589		2		1
195.277		190.441		1631		2		1
197.617		241.473		1587		2		1
200.575		257.432		1578		2		1
275.033		136.733		1620		2		1
285.049		186.478		1665		2		1
294.155		235.181		1617		2		1
292.793		251.177		1614		2		1
230.582		237.222		1588		2		1
220.233		308.374		1674		2		1
217.783		380.705		1782		2		1
206.513		391.163		1904		2		1
260.162		234.93		1569		2		1
272.815		304.959		1678		2		1
275.342		376.408		1790		2		1
277.993		393.893		1781		2		1
235.422		126.324		1592		2		1
202.616		274.198		1584		2		1
190.881		261.232		1601		2		1
294.055		268.476		1617		2		1
283.688		249.19		1632		2		1
Frame 27
244.936		235.696		1587		2		1
239.659		173.45		1558		2		1
234.104		110.202		1578		2		1
242.269		77.2131		1509		2		1
201.59		138.748		1588		2		1
195.26		190.2		1634		2		1
197.482		241.476		1598		2		1
199.916		257.273		1584		2		1
275.2		136.615		1619		2		1
284.958		186.466		1668		2		1
293.838		235.419		1617		2		1
292.212		251.424		1616		2		1
230.053		236.685		1595		2		1
220.233		308.454		1675		2		1
217.816		380.839		1758		2		1
206.536		391.267		1905		2		1
259.706		234.694		1569		2		1
272.636		305.252		1674		2		1
275.497		376.733		1785		2		1
278.074		394.298		1781		2		1
235.444		126.182		1593		2		1
202.562		273.721		1592		2		1
190.605		258.112		1606		2		1
293.052		268.409		1614		2		1
283.854		250.594		1640		2		1
Frame 28
244.406		235.377		1593		2		1
239.564		173.353		1561		2		1
234.172		110.025		1576		2		1
242.531		77.0158		1505		2		1
201.628		138.571		1586		2		1
195.225		189.977		1635		2		1
197.002		241.304		1603		2		1
198.991		256.991		1590		2		1
275.353		136.59		1618		2		1
284.901		186.525		1662		2		1
293.139		235.79		1612		2		1
291.351		252.042		1609		2		1
229.606		236.273		1606		2		1
220.25		308.444		1674		2		1
217.784		381.077		1764		2		1
206.319		391.359		1902		2		1
259.094		234.484		1583		2		1
272.425		305.521		1674		2		1
275.659		377.087		1786		2		1
278.193		394.756		1774		2		1
235.468		126.067		1590		2		1
200.955		273.698		1601		2		1
189.457		256.303		1609		2		1
292.295		269.046		1619		2		1
283.169		252.368		1636		2		1
Frame 29
243.741		234.951		1604		2		1
239.442		173.268		1565		2		1
234.323		109.942		1570		2		1
242.839		76.9209		1495		2		1
201.077		138.46		1583		2		1
195.148		189.903		1637		2		1
196.573		241.261		1604		2		1
197.705		257.468		1595		2		1
275.522		136.632		1614		2		1
284.818		186.659		1660		2		1
292.36		235.846		1612		2		1
290.527		252.204		1607		2		1
229.024		235.737		1614		2		1
220.338		308.497		1685		2		1
217.771		381.241		1759		2		1
206.296		391.413		1907		2		1
258.356		234.168		1588		2		1
272.165		305.782		1682		2		1
275.686		377.179		1782		2		1
277.965		394.954		1778		2		1
235.531		126.009		1585		2		1
200.111		273.557		1605		2		1
188.222		258.825		1614		2		1
291.053		269.409		1611		2		1
282.44		252.611		1636		2		1
Frame 30
242.981		234.683		1620		2		1
239.347		173.352		1568		2		1
234.694		110.075		1571		2		1
243.218		76.9753		1493		2		1
201.543		138.288		1583		2		1
195.175		189.645		1637		2		1
196.174		241.003		1612		2		1
196.105		257.636		1603		2		1
275.684		136.699		1613		2		1
284.723		186.794		1660		2		1
291.209		236.58		1602		2		1
289.542		253.463		1602		2		1
228.384		235.283		1624		2		1
220.421		308.952		1683		2		1
217.673		381.616		1769		2		1
205.995		391.738		1902		2		1
257.484		234.084		1596		2		1
271.82		306.232		1670		2		1
275.777		377.853		1787		2		1
278.164		395.772		1769		2		1
235.716		126.096		1586		2		1
199.05		273.702		1615		2		1
189.215		259.998		1610		2		1
289.205		270.551		1610		2		1
281.427		256.088		1631		2		1
Frame 31
242.236		234.56		1626		2		1
239.161		173.523		1569		2		1
234.941		110.212		1574		2		1
244.503		77.0354		1483		2		1
201.931		138.271		1579		2		1
195.25		189.554		1635		2		1
195.616		240.892		1612		2		1
194.773		258.013		1606		2		1
275.907		136.872		1609		2		1
284.614		187.04		1659		2		1
290.725		236.877		1612		2		1
289.015		254.579		1597		2		1
227.753		234.973		1640		2		1
220.561		309.254		1686		2		1
217.71		381.885		1773		2		1
205.974		391.835		1902		2		1
256.632		234.148		1611		2		1
271.216		307.178		1682		2		1
275.837		378.195		1769		2		1
278.311		396.268		1772		2		1
235.841		126.225		1583		2		1
197.457		273.919		1617		2		1
187.769		259.978		1614		2		1
288.15		271.192		1607		2		1
280.729		251.717		1651		2		1
Frame 32
241.528		234.219		1644		2		1
238.994		173.855		1568		2		1
235.316		110.689		1561		2		1
245.132		77.5508		1474		2		1
201.597		138.383		1580		2		1
195.301		189.695		1631		2		1
195.12		240.98		1622		2		1
193.448		258.215		1609		2		1
276.206		137.172		1611		2		1
284.596		187.398		1660		2		1
290.119		237.306		1601		2		1
288.656		255.109		1593		2		1
227.145		234.499		1652		2		1
220.709		309.405		1695		2		1
217.644		382.614		1775		2		1
205.766		392.07		1893		2		1
255.819		233.947		1628		2		1
270.569		308.523		1675		2		1
275.815		378.702		1783		2		1
278.055		396.988		1776		1		1
236.06		126.606		1582		2		1
196.303		274.401		1623		2		1
187.748		261.082		1615		2		1
287.621		271.54		1597		2		1
281.08		249.758		1651		2		1
Frame 33
241.046		234.099		1661		2		1
238.939		174.657		1573		2		1
235.913		111.932		1563		2		1
245.742		78.415		1466		2		1
201.692		138.494		1578		2		1
195.255		189.769		1631		2		1
194.489		240.996		1635		2		1
192.156		258.509		1610		2		1
276.506		137.717		1612		2		1
284.695		187.955		1658		2		1
289.521		237.906		1613		2		1
288.526		256.29		1589		2		1
226.81		234.281		1673		2		1
220.934		309.736		1703		2		1
217.609		382.685		1793		2		1
206.002		392.047		1916		2		1
255.181		233.929		1645		2		1
270.34		309.032		1676		2		1
275.732		379.512		1774		2		1
277.888		397.987		1764		2		1
236.493		127.681		1579		2		1
194.078		274.876		1626		2		1
185.028		260.44		1619		2		1
287.281		272.484		1598		2		1
281.389		251.119		1638		2		1
Frame 34
240.916		234.1		1676		2		1
239.047		175.628		1569		2		1
236.602		113.642		1553		2		1
246.371		80.0787		1459		2		1
201.834		138.715		1574		2		1
195.061		189.992		1626		2		1
193.356		241.251		1607		2		1
190.831		259.547		1607		2		1
276.824		139.13		1607		2		1
284.956		189.311		1657		2		1
289.236		239.269		1609		2		1
288.696		257.814		1583		2		1
226.728		234.222		1685		2		1
221.02		309.848		1695		2		1
217.409		383.321		1763		2		1
205.59		392.431		1899		2		1
254.997		233.991		1662		2		1
270.227		309.419		1685		2		1
275.708		379.686		1783		2		1
277.72		398.372		1765		2		1
237.063		129.262		1577		2		1
192.098		274.8		1625		2		1
184.495		262.631		1614		2		1
287.472		273.36		1585		2		1
280.87		254.613		1651		2		1
Frame 35
241.462		234.26		1695		2		1
239.557		177.251		1577		2		1
237.408		116.06		1549		2		1
246.811		82.2359		1451		2		1
202.077		139.231		1571		2		1
194.915		190.482		1613		2		1
191.848		241.796		1602		2		1
188.867		260.671		1601		2		1
276.981		141.016		1609		2		1
285.433		191.072		1654		2		1
289.287		241.069		1611		2		1
289.755		259.21		1577		2		1
227.429		234.403		1702		2		1
221.173		309.847		1706		2		1
217.531		383.469		1786		2		1
205.558		392.363		1906		2		1
255.393		234.127		1681		2		1
270.014		309.742		1688		2		1
275.834		380.134		1779		2		1
277.705		399.107		1758		2		1
237.838		131.574		1577		2		1
190.477		275.861		1618		2		1
182.884		262.289		1605		2		1
289.017		274.502		1581		2		1
282.316		252.799		1690		2		1
Frame 36
242.373		234.875		1710		2		1
240.336		179.501		1584		2		1
238.279		119.559		1549		2		1
247.156		85.755		1442		2		1
202.601		140.236		1571		2		1
193.91		191.435		1608		2		1
189.398		243.005		1596		2		1
186.658		263.328		1588		2		1
277.142		143.725		1609		2		1
286.304		193.595		1648		2		1
289.858		243.699		1608		2		1
290.733		263.027		1566		2		1
228.37		235.113		1721		2		1
221.383		309.796		1696		2		1
217.526		383.74		1775		2		1
205.335		392.35		1902		2		1
256.274		234.647		1700		2		1
269.856		309.572		1691		2		1
275.96		380.54		1781		2		1
277.685		399.793		1754		2		1
238.736		134.878		1578		2		1
186.868		277.093		1603		2		1
180.139		268.017		1595		2		1
289.547		277.259		1573		2		1
283.245		256.246		1667		2		1
Frame 37
244.3		236.742		1733		2		1
241.685		183.49		1598		2		1
239.075		124.689		1543		2		1
246.954		91.1091		1438		2		1
207.234		149.824		1574		2		1
191.629		198.897		1598		2		1
186.483		250.872		1591		2		1
184.677		270.382		1576		2		1
277.502		147.713		1607		2		1
287.607		196.038		1644		2		1
292.209		245.908		1590		2		1
292.516		266.537		1558		2		1
230.223		237.275		1740		2		1
221.748		309.913		1702		2		1
217.58		384.089		1781		2		1
205.303		392.322		1895		2		1
258.267		236.212		1722		2		1
269.697		309.6		1698		2		1
276.027		380.618		1781		2		1
278.859		400.096		1760		2		1
239.715		139.869		1581		2		1
186.451		284.73		1599		2		1
176.79		275.052		1592		2		1
291.128		281.342		1567		2		1
284.715		263.425		1616		2		1
Frame 38
245.399		238.646		1756		2		1
242.666		187.773		1609		2		1
239.712		131.068		1552		2		1
247.827		97.712		1437		2		1
207.602		152.361		1571		2		1
190.158		201.533		1587		2		1
184.131		253.966		1571		2		1
182.284		274.715		1555		2		1
277.867		152.066		1611		2		1
289.285		199.388		1635		2		1
293.617		249.586		1584		2		1
294.371		271.186		1544		2		1
231.53		239.492		1758		2		1
221.978		309.95		1700		2		1
217.697		384.174		1763		2		1
205.44		392.409		1892		2		1
259.171		237.826		1749		2		1
270.135		310.859		1700		2		1
276.08		380.778		1786		2		1
278.74		400.51		1761		2		1
240.478		145.826		1585		2		1
182.455		288.78		1571		2		1
175.149		278.342		1557		2		1
292.497		286.369		1553		2		1
287.224		264.548		1620		2		1
Frame 39
247.769		239.467		1783		2		1
244.278		192.654		1626		2		1
240.423		137.54		1550		2		1
248.431		106.072		1441		2		1
208.864		158.374		1570		2		1
188.668		205.269		1580		2		1
182.899		258.226		1548		2		1
179.494		279.076		1530		2		1
278.238		157.324		1611		2		1
291.178		203.311		1629		2		1
296.211		253.718		1567		2		1
296.884		273.905		1538		2		1
234.759		240.343		1782		2		1
222.451		310.052		1701		2		1
217.728		384.165		1773		2		1
205.65		392.241		1902		2		1
260.701		238.604		1775		2		1
270.388		311.303		1702		2		1
276.181		381.04		1788		2		1
278.757		401.289		1750		2		1
241.374		151.854		1591		2		1
178.248		293.205		1538		2		1
172.167		284.779		1538		2		1
295.789		288.366		1535		2		1
290.003		265.315		1642		2		1
Frame 40
248.748		244.131		1805		2		1
245.615		199.514		1649		2		1
242.01		148.195		1568		2		1
248.211		117.505		1440		2		1
211.012		165.017		1582		2		1
188.1		208.634		1566		2		1
179.712		261.692		1524		2		1
176.984		283.666		1492		2		1
278.01		164.063		1614		2		1
293.91		206.457		1618		2		1
297.667		257.572		1556		2		1
299.428		278.713		1521		2		1
235.031		245.161		1812		2		1
223.592		303.408		1698		2		1
216.947		395.134		1764		2		1
205.712		392.282		1901		2		1
262.41		243.218		1803		2		1
273.193		301.207		1718		2		1
275.978		380.045		1797		2		1
278.465		400.274		1759		2		1
243.013		162.019		1611		2		1
175.151		298.173		1508		2		1
177.891		274.877		1506		2		1
298.092		293.316		1515		2		1
291.058		278.753		1559		2		1
Frame 41
249.667		247.278		1834		2		1
246.997		205.797		1663		2		1
243.901		158.38		1580		2		1
248.451		128.83		1445		2		1
214.022		175.423		1590		2		1
187.438		213.647		1563		2		1
178.466		267.273		1504		2		1
174.271		289.198		1486		2		1
279.465		173.303		1623		2		1
296.557		212.206		1606		2		1
302.138		263.309		1531		2		1
302.419		284.902		1501		2		1
235.962		248.192		1837		2		1
226.611		316.546		1682		2		1
219.248		385.089		1775		2		1
205.854		390.552		1906		2		1
263.267		246.365		1828		2		1
272.383		315.506		1700		2		1
276.125		379.935		1797		2		1
275.733		397.629		1772		2		1
244.684		170.695		1621		2		1
172.264		304.001		1467		2		1
180.007		279		1455		2		1
301.431		299.391		1495		2		1
292.699		292.502		1524		2		1
Frame 42
250.461		252.251		1870		2		1
247.774		213.71		1677		2		1
244.634		169.31		1591		2		1
248.306		141.535		1443		2		1
216.138		184.134		1601		2		1
188.071		218.825		1555		2		1
176.91		272.379		1481		2		1
172.092		294.455		1446		2		1
279.795		179.999		1621		2		1
299.545		219.745		1592		2		1
305.126		271.323		1505		2		1
305.131		298.713		1470		2		1
236.498		253.346		1867		2		1
226.308		317.499		1679		2		1
219.695		385.497		1762		2		1
206.446		390.382		1917		2		1
264.317		251.207		1870		2		1
272.813		316.714		1703		2		1
276.298		381.028		1804		2		1
276.39		400.547		1750		2		1
245.485		181.256		1638		2		1
169.692		309.773		1436		2		1
173.004		287.251		1413		2		1
302.507		315.225		1480		2		1
296.418		293.663		1499		2		1
Frame 43
250.11		257.006		1934		2		1
247.377		221.574		1699		2		1
244.141		180.217		1614		2		1
247.928		154.122		1456		2		1
217.044		191.149		1610		2		1
187.647		232.434		1542		2		1
174.674		286.55		1450		2		1
168.755		309.455		1401		2		1
280.271		191.092		1638		2		1
301.817		227.63		1586		2		1
306.776		279.607		1488		2		1
309.002		301.815		1451		2		1
236.484		257.745		1890		2		1
225.723		319.067		1680		2		1
219.893		385.681		1773		2		1
206.587		390.259		1910		2		1
263.698		256.262		1890		2		1
273.458		317.082		1711		2		1
276.677		381.107		1810		2		1
276.887		400.033		1759		2		1
245.011		191.119		1658		2		1
164.334		324.937		1402		2		1
164.578		297.581		1425		2		1
309.658		316.487		1443		2		1
299.051		309.554		1470		2		1
Frame 44
247.901		244.313		1857		2		1
246.56		217.984		1716		2		1
244.422		182.34		1544		2		1
248.382		162.538		1462		2		1
216.679		199.861		1619		2		1
188.094		236.834		1538		2		1
174.448		290.511		1431		2		1
164.411		329.516		1366		2		1
278.627		200.117		1652		2		1
303.091		232.998		1574		2		1
309.753		284.668		1463		2		1
312.304		308.474		1423		2		1
234.448		244.445		1867		2		1
225.673		312.625		1685		2		1
221.085		376.734		1785		2		1
207.029		388.289		1929		2		1
261.292		244.192		1860		2		1
268.903		311.994		1749		2		1
276.349		374.503		1810		2		1
277.031		397.805		1778		2		1
245.048		191.627		1626		2		1
162.67		346.786		1376		2		1
152.32		335.14		1356		2		1
313.13		323.445		1413		2		1
302.581		318.312		1444		2		1
Frame 45
248.45		249.101		1864		2		1
246.771		225.122		1727		2		1
244.58		195.228		1573		2		1
248.287		174.408		1475		2		1
218.58		212.833		1639		2		1
188.884		249.238		1522		2		1
173.472		302.897		1396		2		1
162.309		338.045		1331		2		1
278.236		210.134		1672		2		1
304.518		240.324		1563		2		1
310.896		290.65		1437		2		1
315.271		314.053		1391		2		1
235.394		249.78		1879		2		1
224.713		314.539		1683		2		1
221.258		378.719		1764		2		1
206.476		389.072		1917		2		1
261.471		248.471		1869		2		1
267.575		313.702		1792		2		1
276.892		375.769		1799		2		1
277.277		398.642		1782		2		1
245.182		203.499		1662		2		1
159.832		356.795		1353		2		1
151.719		340.854		1324		2		1
318.103		329.307		1383		2		1
305.53		322.858		1421		2		1
Frame 46
247.211		272.059		1994		2		1
246.152		244.357		1755		2		1
244.875		211.375		1651		2		1
247.945		188.132		1509		2		1
217.751		221.021		1646		2		1
192.06		259.041		1514		2		1
173.13		311.518		1389		2		1
161.82		343.321		1299		2		1
276.813		219.832		1696		2		1
304.514		243.914		1563		2		1
313.161		293.775		1406		2		1
318.443		325.361		1350		2		1
234.601		272.821		1927		2		1
220.512		306.196		1720		2		1
219.544		386.65		1780		2		1
205.347		390.94		1918		2		1
259.735		271.314		1977		2		1
280.762		311.182		1719		2		1
278.027		382.796		1801		2		1
277.671		400.653		1766		2		1
245.219		220.202		1724		2		1
157.842		361.362		1312		2		1
151.538		344.139		1279		2		1
320.34		342.65		1358		2		1
311.174		331.481		1374		2		1
Frame 47
252.283		279.362		2020		2		1
249.389		253.511		1775		2		1
245.935		222.775		1665		2		1
247.479		199.919		1523		2		1
218.346		232.575		1656		2		1
191.35		265.678		1502		2		1
173.828		315.997		1342		2		1
162.742		347.539		1268		2		1
274.613		229.201		1723		2		1
305.069		248.944		1554		2		1
310.699		286.065		1421		2		1
316.1		308.712		1339		2		1
240.003		279.908		1978		2		1
219.409		306.991		1731		2		1
219.521		386.458		1780		2		1
208.484		395.582		1789		2		1
264.564		278.828		1966		2		1
282.202		313.508		1730		2		1
278.402		383.527		1823		2		1
277.885		400.905		1768		2		1
246.86		230.994		1749		2		1
158.704		366.274		1278		2		1
153.125		346.181		1251		2		1
321.477		324.277		1323		2		1
308.124		322.618		1379		2		1
Frame 48
257.999		287.564		2010		2		1
252.223		262.612		1799		2		1
245.375		233.094		1701		2		1
247.509		210.816		1545		2		1
219.347		245.176		1683		2		1
192.947		271.208		1490		2		1
175.146		319.117		1303		2		1
165.058		350.003		1236		2		1
272.575		238.892		1743		2		1
303.285		251.437		1554		2		1
312.14		295.578		1320		2		1
318.392		324.238		1290		2		1
245.783		287.425		2024		2		1
216.577		310.302		1725		2		1
218.948		385.609		1789		2		1
205.689		394.111		1877		2		1
270.372		287.717		1934		2		1
283.881		312.83		1761		2		1
279.19		383.492		1810		2		1
278.175		400.794		1768		2		1
247.205		240.971		1775		2		1
160.773		369.368		1259		2		1
156.145		346.492		1228		2		1
323.81		342.067		1276		2		1
312.66		338.28		1313		2		1
Frame 49
254.957		292.068		2061		2		1
250.554		269.04		1810		2		1
245.308		241.447		1707		2		1
247.374		219.731		1568		2		1
216.833		248.685		1667		2		1
199.761		272.281		1524		2		1
185.728		303.96		1367		2		1
168.904		349.854		1209		2		1
267.981		254.249		1797		2		1
294.337		259.713		1555		2		1
307		291.044		1316		2		1
314.998		318.931		1271		2		1
244.608		290.711		2022		2		1
213.926		313.613		1744		2		1
217.661		384.631		1805		2		1
205.509		398.341		1782		2		1
265.515		293.054		1988		2		1
286.064		313.063		1772		2		1
280.213		384.057		1806		2		1
278.911		400.979		1769		2		1
246.72		248.817		1798		2		1
164.581		368.92		1211		2		1
159.77		346.081		1203		2		1
321.863		336.988		1239		2		1
305.977		324.824		1324		2		1
Frame 50
243.406		298.476		2058		2		1
244.459		276.636		1830		2		1
245.693		250.977		1729		2		1
248.217		229.478		1607		2		1
219.388		258.177		1690		2		1
201.303		283.927		1487		2		1
186.477		313.556		1332		2		1
174.654		346.092		1197		2		1
268.498		255.44		1792		2		1
293.24		260.565		1552		2		1
302.764		289.502		1297		2		1
310.209		314.874		1248		2		1
232.753		297.908		2000		2		1
201.403		328.147		1754		1		1
217.412		397.875		1783		2		1
204.617		405.833		1724		2		1
254.086		299.055		2079		2		1
271.287		315.77		2020		1		1
281.364		384.104		1808		2		1
279.836		400.891		1769		2		1
245.365		257.803		1819		2		1
169.583		364.741		1182		2		1
165.619		342.091		1189		2		1
317.183		332.633		1216		2		1
303.331		328.837		1283		2		1
Frame 51
243.872		304.856		2079		2		1
248.684		281.126		1872		2		1
255.367		253.85		1691		2		1
248.914		235.314		1635		2		1
229.546		261.134		1770		1		1
203.439		278.614		1549		2		1
192.077		308.461		1341		2		1
182.018		340.955		1198		2		1
278.833		260.045		1693		1		1
288.442		267.339		1525		2		1
297.282		290.598		1297		2		1
301.064		302.411		1256		2		1
233.931		303.958		2030		2		1
196.034		341.301		0		1		1
209.716		388.284		1792		2		1
203.872		404.383		1761		2		1
253.848		305.765		2089		2		1
275.244		320.499		2012		1		1
283.058		391.144		1808		2		1
282.162		402.687		1752		2		1
253.145		261.044		1743		2		1
180.626		362.749		1144		2		1
173.329		351.332		1174		2		1
308.018		319.578		1211		2		1
297.936		313.87		1226		2		1
Frame 52
243.448		312.748		2104		2		1
250.174		287.593		1915		2		1
258.055		258.119		1724		2		1
248.706		241.478		1675		2		1
232.992		265.388		1824		1		1
213.294		284.948		1566		2		1
198.67		313.416		1309		2		1
190.179		334.26		1213		2		1
280.881		264.113		1626		1		1
287.205		267.968		1512		2		1
288.747		282.596		1310		2		1
291.239		292.667		1258		2		1
233.764		311.362		2056		2		1
199.947		343.355		1220		1		1
209.748		388.224		1798		2		1
201.807		403.872		1755		2		1
253.189		314.15		2135		2		1
270.778		338.632		2419		1		1
282.5		384.687		1817		2		1
282.507		400.641		1750		2		1
255.961		265.95		1746		2		1
190.875		352.123		1167		2		1
179.669		333.214		1196		2		1
294.871		308.853		1228		2		1
284.555		303.683		1268		2		1
Frame 53
239.734		325.674		2126		2		1
242.627		300.146		1937		2		1
245.945		270.883		1861		2		1
248.775		248.443		1728		2		1
221.121		278.464		1720		1		1
211.015		284.703		1565		2		1
203.402		306.759		1346		2		1
197.668		324.608		1250		2		1
268.249		276.576		1905		1		1
283.051		273.568		1330		2		1
284.15		276.185		1307		2		1
281.113		280.25		1285		2		1
229.254		324.127		2083		2		1
192.226		356.092		2225		1		1
211.852		390.849		1802		2		1
201.331		404.871		1739		2		1
250.251		327.232		2180		2		1
270.752		347.946		2299		1		1
282.905		384.536		1823		2		1
283.624		400.281		1721		2		1
245.071		278.589		1938		2		1
191.273		337.34		1235		2		1
188.589		320.078		0		2		1
280.937		292.881		1266		2		1
274.877		281.264		1287		2		1
Frame 54
238.612		332.094		2158		2		1
240.009		305.466		1983		2		1
241.593		275.372		1952		2		1
247.668		254.393		1794		2		1
217.343		282.904		1640		1		1
213.196		285.323		1579		2		1
207.8		301.29		1395		2		1
202.326		316.232		1294		2		1
263.3		280.854		0		1		1
276.556		275.927		1314		2		1
273.87		264.137		1350		2		1
273.121		267.371		1344		2		1
227.556		331.899		2109		2		1
191.918		356.219		2231		1		1
211.77		391.579		1797		1		1
200.349		404.613		1675		2		1
249.609		332.293		2197		2		1
292.369		324.43		1900		2		1
278.983		396.998		1782		2		1
284.598		401.581		1678		1		1
241.178		283.252		1972		2		1
203.798		327.796		1269		2		1
194.198		324.526		1300		2		1
266.75		277.248		1298		2		1
264.473		267.372		1361		2		1
Frame 55
249.582		334.658		2206		2		1
245.462		305.733		2026		2		1
240.864		273.381		2007		2		1
247.686		254.357		1855		2		1
217.363		280.599		1704		1		1
219.767		289.321		1657		2		1
212.433		301.125		1397		2		1
204.122		310.027		1353		1		1
268.269		290.476		2029		2		1
273.022		280.285		2014		2		1
271.185		268.75		0		1		1
267.789		254.459		1410		2		1
239.77		332.912		2161		2		1
206.917		337.549		1919		2		1
208.442		388.24		1790		2		1
201.526		402.542		1706		2		1
259.463		336.421		2202		2		1
293.189		325.287		1927		2		1
280.973		398.732		1727		2		1
288.901		402.298		1718		2		1
242.063		281.817		2029		2		1
205.198		318.799		1325		2		1
196.756		305.258		1359		2		1
262.996		262.569		0		2		1
258.51		253.074		1441		2		1
Frame 56
250.961		338.71		2236		2		1
249.706		309.028		2096		2		1
248.336		276.467		2035		2		1
253.056		257.357		1921		2		1
225.932		283.529		1833		1		1
229.328		292.282		2124		1		1
218.232		298.777		0		1		1
205.104		303.167		1424		1		1
274.708		292.958		2124		1		1
276.106		280.145		2092		2		1
273.987		264.082		1737		2		1
266.213		245.562		1482		2		1
240.82		337.119		2206		2		1
208.312		335.305		1951		2		1
208.781		387.904		1791		2		1
202.374		398.292		1720		2		1
261.125		340.209		2215		2		1
292.12		328.841		1957		2		1
280.396		402.042		1666		2		1
286.51		405.158		1665		2		1
248.69		284.892		2107		2		1
204.654		311		1407		2		1
198.796		296.908		1451		2		1
260.209		245.173		1482		2		1
263.425		239.194		1526		2		1
Frame 57
251.188		340.951		2251		2		1
251.609		310.069		2151		2		1
252.017		276.443		2062		2		1
256.591		257.894		2011		2		1
230.546		283.245		2043		1		1
234.366		291.613		2164		1		1
219.865		298.315		0		2		1
206.59		297.609		1509		2		1
277.434		292.379		2218		1		1
277.742		278.408		0		2		1
274.408		264.059		1853		2		1
266.72		240.505		1578		2		1
241.084		339.467		2233		2		1
209.015		336.078		1985		2		1
210.463		393.076		1741		2		1
200.819		399.952		0		2		1
261.348		342.494		2228		2		1
289.783		330.766		1988		2		1
278.585		403.071		1720		2		1
278.367		409.884		1741		2		1
251.913		285.07		2181		2		1
208.784		304.993		1507		2		1
198.455		297.225		1514		2		1
260.681		236.383		1589		2		1
260.431		245.012		1646		2		1
Frame 58
250.876		342.486		2258		2		1
252.05		309.393		2214		2		1
253.638		273.536		2111		2		1
258.136		256.013		2084		2		1
236.399		272.106		2200		2		1
226.225		290.199		1957		2		1
217.974		296.638		1608		2		1
207.343		297.217		1602		2		1
278.144		288.962		2301		1		1
277.926		275.949		1971		2		1
274.642		257.502		1870		2		1
268.787		237.834		1685		2		1
240.772		340.474		2237		2		1
209.633		335.97		2006		2		1
201.743		401.036		1741		2		1
201.723		421.421		1707		1		1
261.055		344.591		2234		2		1
287.973		331.371		1977		2		1
278.152		403.031		1745		2		1
275.013		410.313		1736		2		1
253.248		282.604		2254		2		1
212.501		301.784		1569		2		1
198.998		298.748		1608		2		1
262.706		231.871		1690		2		1
260.201		240.002		1752		2		1
Frame 59
250.321		342.542		2279		2		1
252.568		306.922		2295		2		1
255.224		270.769		2192		2		1
256.197		254.981		2142		2		1
235.922		271.555		2281		2		1
227.336		287.766		2054		2		1
216.74		303.287		1723		2		1
209.412		301.22		1671		2		1
278.902		285.731		2357		1		1
279.458		274.897		2022		2		1
275.874		257.587		1907		2		1
270.618		238.493		1808		2		1
240.008		340.677		2255		2		1
209.344		335.821		1993		2		1
209.511		396.491		1778		2		1
193.373		395.971		0		2		1
260.676		344.489		2273		2		1
285.473		329.865		1972		2		1
277.903		401.419		1695		2		1
274.909		409.221		1751		2		1
254.557		279.844		2314		2		1
212.666		301.833		1662		2		1
201.528		300.295		1693		2		1
266.259		229.539		1770		2		1
263.959		238.419		1816		2		1
Frame 60
249.987		339.81		2300		2		1
251.638		302.95		2352		2		1
253.032		265.153		2276		2		1
256.708		249.29		2199		2		1
233.776		270.241		2340		2		1
221.909		282.994		2094		2		1
216.735		297.815		1886		2		1
211.999		307.883		1745		2		1
276.284		279.901		2380		1		1
279.396		271.035		2095		2		1
276.3		256.688		1867		2		1
272.939		241.677		1811		2		1
239.734		338.417		2277		2		1
212.44		324.812		2052		2		1
209.789		392.893		1784		2		1
194.133		397.553		1827		2		1
260.297		341.204		2278		2		1
281.047		326.461		1982		2		1
282.258		399.973		1722		2		1
274.256		410.862		1737		2		1
252.637		274.416		2364		2		1
214.071		308.143		1721		2		1
206.686		314.369		1767		2		1
269.177		235.11		1807		2		1
268.097		239.624		1803		2		1
Frame 61
248.588		337.748		2322		2		1
250.3		300.134		2382		2		1
252.276		262.925		2341		2		1
256.425		245.692		2250		2		1
232.984		266.681		2353		2		1
216.113		274.473		2215		2		1
216.187		293.565		2017		2		1
213.086		310.526		1828		2		1
275.105		277.427		2409		1		1
278.741		270.068		0		2		1
273.624		256.629		2343		2		1
273.935		244.989		1814		2		1
238.467		336.208		2291		2		1
254.995		358.599		2217		1		1
9999		9999		9999		1		1
238.021		423.4		1605		1		1
258.789		339.251		2319		2		1
277.39		321.989		2006		2		1
283.041		399.482		1817		2		1
275.136		410.662		1727		2		1
251.791		272.235		2390		2		1
213.333		317.809		1784		2		1
205.656		318.649		1884		2		1
269.681		241.067		1820		2		1
268.328		248.092		1823		2		1
Frame 62
246.74		334.324		2340		2		1
249.609		297.708		2415		2		1
252.43		261.507		2405		2		1
256.347		242.79		2298		2		1
232.676		265.925		2390		2		1
218.642		277.697		2216		2		1
216.629		294.569		2052		2		1
213.809		302.263		1970		2		1
271.671		271.26		2416		2		1
283.085		266.715		2162		2		1
281.066		265.578		2170		2		1
277.314		249.97		1822		2		1
236.47		333.025		2303		2		1
255.019		353.228		2313		1		1
9999		9999		9999		1		1
249.999		422.097		1624		1		1
257.128		335.69		2323		2		1
274.394		317.661		2005		2		1
281.164		394.525		1853		1		1
274.275		408.482		1764		2		1
251.736		270.458		2408		2		1
212.476		309.316		1902		2		1
205.836		307.329		1950		2		1
272.651		247.221		1820		2		1
266.749		246.001		1860		2		1
Frame 63
246.699		334.331		2354		2		1
249.639		297.343		2443		2		1
252.775		260.412		2420		2		1
256.468		242.097		2345		2		1
233.166		265.655		2433		2		1
218.083		275.715		2280		2		1
215.822		299.049		2030		2		1
209.342		313.803		1893		2		1
271.462		270.432		2453		2		1
282.641		267.628		2178		2		1
283.512		259.253		1874		2		1
281.202		253.308		1856		2		1
236.422		333.066		2307		2		1
249.249		353.741		2286		1		1
9999		9999		9999		1		1
248.778		421.857		1632		1		1
257.12		335.594		2331		2		1
272.462		312.656		2025		2		1
278.123		386.78		1908		1		1
273.741		403.842		1782		2		1
251.967		269.58		2451		2		1
205.906		321.049		1864		2		1
208.416		311.038		1910		2		1
276.901		251.744		1833		2		1
270.004		252.005		1895		2		1
Frame 64
246.583		334.692		2361		2		1
250.965		296.497		2454		2		1
257.731		258.016		2441		2		1
256.305		242.793		2376		2		1
233.013		265.873		2461		2		1
218.115		277.021		2282		2		1
214.918		299.832		2056		2		1
209.424		312.903		1914		1		1
271.409		270.607		2479		2		1
282.821		268.179		2192		2		1
284.232		259.757		1870		2		1
284.496		255.255		1867		2		1
236.118		333.447		2313		2		1
243.174		347.895		2360		1		1
236.814		422.63		1635		1		1
239.465		417.194		1674		1		1
257.385		335.865		2331		2		1
271.44		309.977		2027		2		1
273.404		387.041		1916		1		1
278.776		400.506		1826		2		1
255.999		267.468		2493		2		1
204.126		320.749		1872		2		1
202.819		307.747		1965		2		1
280.428		254.138		1858		2		1
279.126		250.5		1875		2		1
Frame 65
247.993		330.56		2384		2		1
250.966		296.222		2468		2		1
253.71		262.636		2521		2		1
255.691		244.88		2412		2		1
233.571		267.579		2495		2		1
220.822		278.546		2286		2		1
216.167		297.117		2087		1		1
207.422		330.462		1717		2		1
269.475		271.976		2496		2		1
279.267		268.344		2225		2		1
280.807		267.819		2223		2		1
286.132		257.262		1893		2		1
236.2		328.38		2325		2		1
243.166		347.886		2365		1		1
236.814		422.63		1647		1		1
238.706		417.384		1693		1		1
259.968		332.781		0		2		1
272.669		307.71		0		1		1
273.404		387.041		1919		1		1
276.782		400.68		1796		2		1
253.046		270.516		2515		2		1
210.545		339.909		1683		2		1
194.945		323.152		1717		2		1
282.937		255.48		1884		2		1
283.373		251.56		1920		2		1
Frame 66
246.04		334.294		2362		2		1
249.294		297.414		2483		2		1
252.875		262.882		2557		2		1
255.378		244.96		2443		2		1
233.048		267.827		2521		2		1
226.287		281.997		2332		2		1
221.002		292.819		2293		2		1
207.169		316.656		1725		2		1
269.235		272.452		2519		2		1
278.674		268.277		2247		2		1
283.577		263.055		1910		2		1
286.386		258.897		1908		2		1
234.481		333.685		2322		2		1
245.449		341.107		2363		1		1
239.509		413.647		1701		1		1
240.517		408.415		1739		1		1
257.789		334.919		1656		2		1
266.391		318.47		1631		1		1
266.545		397.685		1816		1		1
268.297		411.702		1707		1		1
252.023		271.142		2533		2		1
212.001		327.999		1693		2		1
195.564		307.453		1716		2		1
284.067		258.158		1907		2		1
278.79		257.207		1990		2		1
Frame 67
240.667		331.521		2344		2		1
248.467		296.493		2504		2		1
253.313		262.305		2574		2		1
255.426		244.077		2470		2		1
232.994		267.641		2526		2		1
226.928		282.929		2322		2		1
221.026		290.136		2281		2		1
214.121		292.717		2018		2		1
269.141		273.277		2533		2		1
277.107		267.88		2274		2		1
282.084		262.843		1915		1		1
285.372		260.382		1924		2		1
230.482		328.121		2303		2		1
232.252		350.631		2319		1		1
226.364		423.731		1679		1		1
226.817		418.918		1677		1		1
250.354		334.627		0		2		1
265.255		317.9		1643		1		1
265.31		397.216		1822		1		1
266.995		411.239		1701		1		1
252.052		270.59		2555		2		1
212.002		296.001		2025		2		1
209.337		291.659		2019		2		1
284.087		259.654		1922		2		1
277.344		258.77		1975		2		1
Frame 68
254.318		331.786		1683		2		1
254.046		294.541		1669		2		1
253.9		261.562		2581		2		1
255.287		242.697		2483		2		1
233.17		267.492		2546		2		1
229.244		288.068		2582		1		1
227.585		317.967		2282		2		1
225.762		319.446		2276		2		1
269.217		272.253		2550		2		1
276.828		266.531		2288		1		1
281.554		261.089		1923		1		1
283.817		261.231		1934		2		1
243.571		331.287		2356		2		1
204.383		376.353		1997		2		1
9999		9999		9999		1		1
9999		9999		9999		1		1
265.105		332.294		0		2		1
294.471		326.446		2561		1		1
297.085		409.21		1719		1		1
9999		9999		9999		1		1
253.271		269.718		2573		2		1
222		314		2236		2		1
225.402		308.6		2235		2		1
281.949		260.63		1928		2		1
278.066		257.053		2007		2		1
Frame 69
252.58		332.319		2373		2		1
253.741		294.512		1672		2		1
254.016		260.979		2585		2		1
255.02		241.592		2506		2		1
233.255		267.499		2552		2		1
227.533		282.172		2342		1		1
227.94		315.533		2273		2		1
226.599		316.721		2272		2		1
269.259		272.114		2552		2		1
276.809		266.294		2281		1		1
281.513		260.83		1938		1		1
282.598		261.248		1941		2		1
242.056		331.658		2344		2		1
196.341		393.304		1875		1		1
9999		9999		9999		1		1
9999		9999		9999		1		1
263.117		333.011		2310		2		1
294.109		326.106		2559		1		1
296.696		408.88		1714		1		1
300.278		423.918		1651		1		1
253.426		269.295		2573		2		1
220.495		312.004		0		2		1
224.403		307.996		0		2		1
280.212		260.945		1935		2		1
273.206		260.392		1993		2		1
Frame 70
249.4		326.916		0		2		1
252.565		292.043		1692		2		1
254.057		259.819		2592		2		1
254.862		240.407		2516		2		1
233.564		263.902		2559		2		1
228.011		283.206		0		1		1
229.998		313.821		2283		2		1
230.295		320.003		2298		2		1
269.432		270.624		2560		2		1
276.858		264.589		0		1		1
281.481		259.023		1947		1		1
281.577		259.221		1947		2		1
238.053		325.48		2320		2		1
201.088		379.169		1945		2		1
9999		9999		9999		1		1
9999		9999		9999		1		1
260.875		328.568		2280		2		1
294.242		318.565		2622		1		1
299.328		401.207		1814		1		1
303.14		416.114		1693		1		1
253.494		267.881		2591		2		1
229.2		329.401		2303		2		1
221.027		321.933		2296		2		1
278.939		261.311		1935		2		1
277.326		254.003		1987		2		1
Frame 71
248.316		329.56		2371		2		1
251.972		292.188		1705		2		1
253.844		259.491		2593		2		1
254.64		239.942		2521		2		1
234.329		264.729		2567		2		1
228.961		284.318		0		1		1
230.057		313.82		2277		2		1
229.542		319.76		2304		2		1
269.242		270.316		2558		1		1
276.609		264.25		2273		1		1
277.506		265.43		2260		2		1
279.82		255.391		1962		2		1
238.188		328.044		2329		2		1
206.527		390.156		1899		1		1
9999		9999		9999		1		1
9999		9999		9999		1		1
258.374		331.13		2307		2		1
285.602		323.673		2479		1		1
287.471		406.815		1742		1		1
290.541		421.887		1630		1		1
253.274		267.564		0		2		1
232.017		326.996		2305		2		1
220.124		322.535		2304		2		1
276.667		256.996		1940		2		1
276.332		252.077		1969		2		1
Frame 72
248.31		329.721		2375		2		1
251.618		292.276		1720		2		1
253.396		259.143		2596		2		1
254.391		239.765		2529		2		1
235.078		265.252		2575		2		1
229.753		284.832		0		1		1
229.166		318.561		2298		2		1
229.183		325.293		2316		2		1
268.791		269.968		2552		1		1
276.384		266.173		2278		2		1
269.655		270.143		2556		2		1
258.616		278.888		1698		2		1
237.956		328.569		2322		2		1
207.172		374.923		2011		2		1
9999		9999		9999		1		1
9999		9999		9999		1		1
258.491		331.173		2334		2		1
296.127		320.437		2612		1		1
298.954		403.43		1789		1		1
302.713		418.345		1687		1		1
252.899		267.267		0		2		1
228		335		2326		2		1
218.995		322.594		2341		2		1
261.75		281.157		1685		2		1
262.997		267.166		1704		2		1
Frame 73
248.568		330.12		2371		2		1
251.659		292.433		1722		2		1
253.492		259.182		2600		2		1
254.281		239.629		2520		2		1
235.07		265.215		2574		2		1
229.668		276.212		2350		1		1
229.006		304.673		1828		1		1
232.283		314.714		2302		2		1
269.054		270.326		2553		1		1
276.759		266.069		2281		2		1
272.305		270.076		0		2		1
258.909		278.763		1705		2		1
238.037		328.936		2338		2		1
209.049		373.318		2024		1		1
9999		9999		9999		1		1
9999		9999		9999		1		1
259.057		331.551		2318		2		1
296.202		319.808		2613		1		1
299.042		402.792		1795		1		1
302.81		417.686		1691		1		1
252.98		267.302		0		2		1
229.94		319.275		2294		2		1
219.543		318.636		2307		2		1
263.499		276.999		1684		2		1
263.199		265.598		1722		2		1
Frame 74
247.89		330.061		2366		2		1
251.435		292.468		1732		2		1
253.546		259.173		2594		2		1
254.25		239.497		2528		2		1
235.063		265.209		2575		2		1
229.669		276.208		2347		1		1
228.998		304.688		0		1		1
234.562		313.819		2321		2		1
269.146		270.308		2551		2		1
277.025		265.718		2289		2		1
272.513		269.829		0		2		1
259.263		279.307		1695		2		1
236.983		328.893		2330		2		1
209.023		369.138		2064		1		1
9999		9999		9999		1		1
9999		9999		9999		1		1
258.706		331.435		2324		2		1
293.486		318.786		2620		1		1
296.095		401.776		1792		1		1
299.695		416.646		1687		1		1
252.987		267.294		2592		2		1
224		323.5		2333		2		1
231.667		306.333		2306		2		1
259.395		274.284		1704		2		1
262.858		266.739		1726		2		1
Frame 75
247.755		330.436		2374		2		1
251.286		292.706		1720		2		1
253.6		259.178		2594		2		1
254.26		239.345		2519		2		1
235.123		265.335		2570		2		1
229.818		276.415		2333		1		1
229.108		304.989		2277		1		1
235.071		312.431		2328		2		1
269.285		270.498		2551		1		1
277.202		265.461		2293		2		1
272.664		269.667		0		2		1
259.564		281.906		1714		2		1
235.921		329.364		2333		2		1
206.835		358.778		2186		1		1
9999		9999		9999		1		1
201.133		421.542		1664		1		1
259.415		331.621		2340		2		1
296.556		319.087		2616		1		1
299.43		401.931		1812		1		1
303.219		416.768		1685		1		1
252.999		267.299		2568		2		1
235.348		319.412		2321		2		1
231.358		308.569		2309		2		1
259.748		280.863		1712		2		1
257.689		270.105		1715		2		1
Frame 76
245.805		332.373		2355		2		1
250.505		293.473		1716		2		1
253.618		259.154		2593		2		1
254.25		239.116		2521		2		1
235.469		266.274		2568		2		1
230.281		277.52		2356		1		1
230.829		314.292		0		1		1
235.395		324.753		2324		2		1
269.319		270.704		2552		1		1
277.329		265.201		2296		2		1
272.775		269.534		0		2		1
259.517		285.805		1693		2		1
234.027		331.22		2329		2		1
206.742		358.611		2175		1		1
9999		9999		9999		1		1
201.052		421.185		1669		1		1
257.72		333.449		2337		2		1
294.185		323.808		2594		1		1
296.794		406.321		1732		1		1
300.384		421.23		1671		1		1
252.988		267.309		2570		2		1
233		332		2326		2		1
221.497		330		0		2		1
258.464		282.322		1704		2		1
263.379		274.583		1705		2		1
Frame 77
244.952		332.478		2345		2		1
250.159		293.617		1710		2		1
253.621		259.169		2593		2		1
254.15		238.827		2517		2		1
235.726		266.687		2565		2		1
230.563		277.95		0		1		1
230.868		314.755		0		1		1
236.693		323.642		2316		2		1
269.398		271.514		2550		2		1
277.146		265.312		2294		2		1
270.514		274.217		2544		2		1
258.931		294.403		1710		2		1
232.907		331.231		0		2		1
206.138		359.075		2163		1		1
9999		9999		9999		1		1
200.445		421.558		1675		1		1
257.127		333.705		2344		2		1
286.347		319.817		0		1		1
296.581		399.372		1820		1		1
300.233		414.195		1695		1		1
252.94		267.344		2566		2		1
238.001		329.562		2331		2		1
234.717		327.728		0		2		1
260.034		292.955		1692		2		1
266.935		285.199		1697		2		1
Frame 78
245.437		334.437		1798		2		1
249.607		293.912		2532		2		1
253.179		258.879		2578		2		1
254.074		238.712		2513		2		1
236.29		269.094		2569		2		1
230.002		278.738		0		1		1
230.785		314.438		2265		1		1
236.276		322.064		2312		2		1
269.128		271.648		2541		1		1
277.046		265.336		2286		2		1
272.986		258.528		1993		2		1
269.154		252.777		1971		1		1
234.054		333.674		1824		2		1
207.243		371.469		2046		1		1
9999		9999		9999		1		1
9999		9999		9999		1		1
256.963		335.235		2352		2		1
288.765		320.073		2610		1		1
295.434		401.371		1784		1		1
299.01		416.283		1688		1		1
252.47		267.193		2554		2		1
235.599		335.801		0		2		1
234.715		324.858		2305		2		1
264.126		252.934		1960		2		1
268.62		246.61		2007		2		1
Frame 79
245.392		334.587		1771		2		1
249.344		294.093		2500		2		1
252.823		258.568		2579		2		1
254.004		238.559		2509		2		1
236.273		268.99		2561		2		1
229.93		278.55		2093		1		1
230.607		313.809		2290		1		1
236.633		321.291		2304		2		1
269.194		271.943		2534		2		1
277.107		265.69		2268		2		1
272.944		258.337		1977		2		1
270.38		252.045		1977		2		1
234.039		333.784		1806		2		1
205.086		373.826		2021		1		1
9999		9999		9999		1		1
9999		9999		9999		1		1
256.855		335.482		1814		2		1
292.968		325.011		2591		1		1
295.474		408.116		1710		1		1
299.006		423.203		1625		1		1
252.105		267.03		2547		2		1
237		332.5		2316		2		1
232.858		323.289		0		2		1
266.96		255.074		1963		2		1
264.336		249.546		2002		2		1
Frame 80
244.647		336.087		1759		2		1
248.892		294.455		2492		2		1
252.653		257.912		2568		2		1
253.844		238.325		2498		2		1
236.104		268.84		2550		2		1
230.405		278.927		0		1		1
230.904		314.096		2297		1		1
233.724		317.871		2297		2		1
269.145		273.759		2524		2		1
275.406		271.94		0		2		1
272.163		264.723		1986		2		1
269.671		257.103		1952		1		1
233.107		335.014		1840		2		1
238.802		391.46		1860		2		1
9999		9999		9999		1		1
9999		9999		9999		1		1
256.3		337.216		1744		2		1
293.528		325.094		2576		1		1
296.086		408.335		1720		1		1
299.659		423.455		1661		1		1
251.835		266.611		2543		2		1
233.668		328.002		2268		2		1
229.999		315.197		2262		2		1
266.309		258.202		1952		2		1
267.072		251.397		1977		2		1
Frame 81
245.079		338.3		1747		2		1
248.967		294.852		2490		2		1
252.532		257.305		2560		2		1
253.937		238.215		2486		2		1
235.95		268.781		2531		2		1
230.98		281.549		0		1		1
230.885		318.686		2277		1		1
217.085		334.056		1743		2		1
268.341		275.279		2511		2		1
277.426		267.402		0		2		1
273.036		263.418		1963		2		1
271.188		252.665		1996		2		1
233.552		337.695		1827		2		1
239.287		400.981		1796		1		1
9999		9999		9999		1		1
9999		9999		9999		1		1
256.662		338.966		1711		2		1
295.983		327.466		2536		1		1
298.733		410.83		1708		1		1
9999		9999		9999		1		1
251.721		266.21		2539		2		1
208.155		332.154		1713		2		1
215.643		321.185		1734		2		1
267.928		255.353		1966		2		1
265.254		253.494		1980		2		1
Frame 82
245.242		339.402		0		2		1
249.187		295.149		2480		2		1
252.676		256.921		2543		2		1
254.035		238.104		2476		2		1
235.44		268.121		2527		2		1
230.536		278.506		2031		1		1
225.482		294.343		1954		2		1
217.536		304.332		2092		2		1
268.33		275.703		2491		1		1
276.698		270.553		0		2		1
272.972		266.228		1940		2		1
270.324		261.337		1939		2		1
233.675		338.676		0		2		1
238.538		408.324		1739		1		1
9999		9999		9999		1		1
9999		9999		9999		1		1
256.838		340.11		1683		2		1
297.101		328.538		2521		1		1
299.94		412.049		1710		1		1
9999		9999		9999		1		1
251.868		265.953		2545		2		1
221.284		299.856		1949		2		1
230.402		289.899		2008		2		1
266.666		264.052		1927		2		1
272.007		270.44		1951		2		1
Frame 83
246		340.241		2330		2		1
249.648		295.403		2470		2		1
252.881		256.66		2530		2		1
254.01		237.986		2463		2		1
234.754		268.003		2495		2		1
225.397		274.698		2232		2		1
224.916		287.504		1983		2		1
218.056		310.713		2061		1		1
268.455		276.112		0		1		1
277.621		269.458		1939		2		1
273.643		266.767		1918		2		1
271.357		263.204		1937		1		1
234.521		339.715		2303		2		1
240.046		413.498		1698		1		1
9999		9999		9999		1		1
9999		9999		9999		1		1
257.507		340.787		1648		2		1
298.783		330.013		2502		1		1
301.764		414.016		1691		1		1
9999		9999		9999		1		1
252.121		265.811		2540		2		1
222.471		305.869		1957		1		1
233.044		294.081		2497		1		1
267.939		267.409		1918		2		1
275.006		271.66		2032		2		1
Frame 84
245.752		342.385		2341		2		1
249.789		295.816		2463		2		1
253.098		256.374		2511		2		1
253.97		237.862		2449		2		1
234.629		268.118		2487		2		1
225.045		274.997		2241		2		1
223.948		290.177		1992		2		1
216.702		315.097		2025		1		1
268.663		276.255		1904		1		1
278.561		269.353		1928		2		1
274.265		267.764		1927		2		1
272.052		264.378		1927		1		1
235.598		341.176		2315		2		1
239.116		421.988		1651		1		1
9999		9999		9999		1		1
9999		9999		9999		1		1
255.943		343.602		1644		2		1
299.24		357.672		2195		1		1
9999		9999		9999		1		1
9999		9999		9999		1		1
252.334		265.628		2524		2		1
221.065		310.49		1948		1		1
231.759		298.466		0		1		1
268.59		269.659		1912		2		1
276.768		272.919		0		2		1
Frame 85
246.216		342.736		2325		2		1
249.989		296.015		2450		2		1
253.105		256.264		2496		2		1
254.001		237.916		2429		2		1
233.854		267.898		2464		2		1
223.668		275.181		2255		2		1
223.665		289.717		2042		2		1
225.692		295.735		1989		2		1
268.712		276.436		1890		1		1
279.53		270.553		0		2		1
275.036		271.057		1909		2		1
272.214		269.025		1910		1		1
236.082		341.857		2298		2		1
9999		9999		9999		1		1
9999		9999		9999		1		1
9999		9999		9999		1		1
256.338		343.715		1797		2		1
300.639		356.742		2198		1		1
9999		9999		9999		1		1
9999		9999		9999		1		1
252.378		265.611		2513		2		1
227.434		306.651		1991		2		1
228.436		299.315		1967		2		1
268.887		275.293		1894		2		1
277.666		277.165		1919		2		1
Frame 86
247.057		343.485		2327		2		1
250.619		296.347		2436		2		1
253.606		256.13		2477		2		1
253.963		237.926		2417		2		1
232.923		267.995		2441		2		1
223.386		276.175		2273		2		1
223.676		292.078		2067		2		1
222.499		302.815		1950		1		1
269.303		276.532		1883		1		1
271.362		294.692		0		2		1
271.972		292.877		1898		2		1
271.531		279.042		1877		2		1
237.041		343.163		2294		2		1
9999		9999		9999		1		1
9999		9999		9999		1		1
9999		9999		9999		1		1
256.99		343.987		1895		2		1
302.05		353.175		2223		1		1
9999		9999		9999		1		1
9999		9999		9999		1		1
252.905		265.606		2498		2		1
220.778		310.943		1916		2		1
225.62		304.38		1939		2		1
267.733		280.078		1872		2		1
273.473		289.351		1885		2		1
Frame 87
249.231		339.475		2330		2		1
251.27		294.769		2421		2		1
253.417		256.286		2461		2		1
253.387		237.972		2401		2		1
232.456		268.337		2435		2		1
223.4		277.46		2285		2		1
219.816		299.03		2017		2		1
217.833		316.276		1906		1		1
272.79		256.128		2456		2		1
279.436		269.092		0		2		1
274.367		272.908		1939		2		1
272.256		282.839		1870		2		1
239.694		340.986		2257		2		1
238.606		409.718		1722		2		1
9999		9999		9999		1		1
9999		9999		9999		1		1
258.478		338.249		0		2		1
306.385		367.673		2099		1		1
9999		9999		9999		1		1
9999		9999		9999		1		1
252.846		265.471		2483		2		1
218.307		323.77		1893		2		1
219.997		309.691		1936		2		1
268		290.899		1847		2		1
278.819		291.363		1871		2		1
Frame 88
257.024		339.207		2260		2		1
254.048		294.537		2399		2		1
253.584		256.524		2446		2		1
252.94		238.231		2385		2		1
231.76		268.546		2420		2		1
222.715		279.66		2280		2		1
221.075		301.152		2066		2		1
219.312		315.907		1945		1		1
272.858		256.642		2453		2		1
277.439		268.291		2243		2		1
274.181		275.463		1944		2		1
272.176		288.951		1855		2		1
249.612		340.61		2317		2		1
269.24		410.466		1623		1		1
9999		9999		9999		1		1
9999		9999		9999		1		1
263.496		337.878		1995		2		1
257.15		394.457		1598		2		1
9999		9999		9999		1		1
9999		9999		9999		1		1
253.57		265.526		2465		2		1
216.69		325.385		1904		2		1
222.454		316.806		1944		2		1
268.208		298.29		1831		2		1
278.834		292.716		1862		2		1
Frame 89
251.235		339.553		2315		2		1
253.517		294.723		2387		2		1
253.429		256.901		2428		2		1
252.087		238.216		2374		2		1
230.527		268.91		2407		2		1
222.48		287.689		2223		2		1
220.128		308.702		2036		2		1
217.141		324.293		1928		2		1
271.93		260.898		2409		2		1
280.14		275.299		2148		2		1
274.586		282.086		1937		2		1
272.545		298.829		1838		2		1
241.657		340.328		2250		2		1
217.895		341.988		1986		2		1
212.024		415.671		1643		1		1
213.414		397.673		1586		1		1
260.954		338.51		2214		2		1
260.894		402.222		1676		2		1
9999		9999		9999		1		1
9999		9999		9999		1		1
253.318		265.822		2446		2		1
213.812		336.064		1893		2		1
223.372		330.248		1949		2		1
269.081		307.999		1819		2		1
279.706		303.467		1844		2		1
Frame 90
257.818		340.352		2262		2		1
253.973		295.116		2366		2		1
252.913		257.332		2412		2		1
250.977		238.58		2349		2		1
229.809		269.895		2390		2		1
223.465		295.763		2185		2		1
218.433		312.781		2055		2		1
216.337		326.282		1960		1		1
271.934		262.882		2377		2		1
278.919		279.099		2125		2		1
275.145		296.364		1891		2		1
272.796		303.565		1836		2		1
248.176		341.325		2297		2		1
217.835		341.005		1999		2		1
211.958		414.695		1613		1		1
212.477		414.296		1612		1		1
267.761		339.389		2051		2		1
267.765		400.707		1758		1		1
9999		9999		9999		1		1
9999		9999		9999		1		1
253.274		266.314		2425		2		1
213.25		336.207		1922		2		1
221.461		329.901		1966		2		1
270.204		315.176		1796		2		1
278.833		305.382		1832		2		1
Frame 91
261.101		340.143		2221		2		1
255.746		295.543		2345		2		1
252.985		257.209		2390		2		1
250.341		238.671		2325		2		1
228.812		270.474		2371		2		1
223.043		297.612		2193		2		1
216.269		317.702		2052		2		1
216.417		323.261		2013		1		1
273.179		261.88		2364		2		1
280.439		279.739		2187		2		1
275.274		294.257		1962		2		1
273.398		308.381		1858		2		1
251.39		341.879		2287		2		1
215.938		339.458		1939		2		1
210.073		413.03		1646		1		1
210.604		413.488		1646		1		1
270.948		338.377		2128		2		1
272.622		388.989		1796		2		1
9999		9999		9999		1		1
9999		9999		9999		1		1
253.75		266.363		2401		2		1
213.235		333.132		1964		2		1
220.167		328.536		1995		2		1
271.439		319.554		1803		2		1
278.949		314.203		1819		2		1
Frame 92
260.819		340.012		2222		2		1
255.759		295.832		2323		2		1
252.396		257.684		2370		2		1
249.71		238.539		2308		2		1
227.825		271.382		2357		2		1
222.509		298.907		2198		2		1
215.488		331.606		2009		2		1
209.368		353.415		1924		1		1
272.781		265.275		2328		2		1
280.534		286.977		2120		2		1
274.587		305.608		1884		2		1
273.921		319.596		1834		2		1
250.549		341.669		2273		2		1
209.04		358.286		1913		2		1
9999		9999		9999		1		1
9999		9999		9999		1		1
270.901		338.327		1755		2		1
261.039		359.538		2173		1		1
9999		9999		9999		1		1
9999		9999		9999		1		1
253.255		266.833		2380		2		1
206.75		369.998		1887		2		1
218.6		353.897		1959		2		1
273.382		331.307		1775		2		1
282.373		328.121		1798		2		1
Frame 93
260.782		340.466		2218		2		1
256.368		297.434		2307		2		1
252.447		257.686		2352		2		1
248.855		238.533		2294		2		1
227.966		271.667		2347		2		1
221.671		301.004		2197		2		1
214.968		334.984		2023		2		1
207.965		359.23		1950		1		1
272.776		265.436		2313		2		1
280.256		288.076		2134		2		1
274.241		309.826		1972		2		1
275.068		339.71		1771		2		1
250.299		341.512		2269		2		1
194.55		367.136		1944		2		1
9999		9999		9999		1		1
9999		9999		9999		1		1
271.497		339.401		1783		2		1
259.79		367.168		2094		1		1
9999		9999		9999		1		1
9999		9999		9999		1		1
253.31		266.999		2360		2		1
206.373		371.688		1907		2		1
217.19		362.825		1972		2		1
274.756		350.842		0		2		1
284.058		338.798		1793		2		1
Frame 94
248.952		337.591		2268		2		1
250.049		297.736		2295		2		1
251.542		258.323		2333		2		1
249.224		239.072		2275		2		1
227.579		271.306		2335		2		1
220.521		302.689		2208		2		1
214.437		329.249		2086		2		1
211.816		339.203		2035		1		1
272.844		265.188		2293		2		1
280.198		288.88		2151		2		1
277.855		319.611		1923		2		1
276.033		347.257		1789		2		1
237.753		337.03		2252		2		1
196.654		363.822		1930		2		1
9999		9999		9999		1		1
9999		9999		9999		1		1
260.226		338.161		2243		2		1
245.609		340.523		2262		2		1
9999		9999		9999		1		1
266.114		415.863		1663		1		1
252.115		267.643		2344		2		1
207.502		349.178		1991		2		1
218.238		345.893		2123		2		1
275.815		359.819		1794		2		1
287.799		354.404		1788		2		1
Frame 95
248.911		337.644		2260		2		1
250.002		297.842		2277		2		1
251.304		258.617		2312		2		1
249.091		239.605		2256		2		1
227.622		272.722		2325		2		1
219.524		304.058		2209		2		1
213.417		330.059		2094		2		1
210.531		339.51		2055		1		1
272.815		265.724		2286		2		1
280.387		291.197		2138		2		1
279.112		316.887		1985		2		1
276.094		341.947		1851		2		1
237.718		337.066		2251		2		1
196.788		363.41		1924		2		1
9999		9999		9999		1		1
9999		9999		9999		1		1
260.178		338.235		2232		2		1
247.674		358.537		2234		2		1
9999		9999		9999		1		1
9999		9999		9999		1		1
251.424		268.171		2328		2		1
205.764		349.277		1996		2		1
217.054		344.83		2128		2		1
276.11		353.222		1797		2		1
280.773		342.096		1852		2		1
Frame 96
248.776		337.723		2256		2		1
249.769		298.145		2265		2		1
250.92		259.081		2294		2		1
248.574		239.962		2230		2		1
226.99		273.346		2316		2		1
218.246		304.99		2213		2		1
212.318		330.501		2088		2		1
208.134		342.115		2023		2		1
272.641		265.838		2274		2		1
280.259		292.433		2138		2		1
278.99		318.151		2007		2		1
278.262		327.175		1961		2		1
237.644		337.221		2246		2		1
196.897		363.08		1927		2		1
9999		9999		9999		1		1
9999		9999		9999		1		1
259.935		338.208		2243		2		1
289.704		359.457		1890		2		1
9999		9999		9999		1		1
9999		9999		9999		1		1
250.811		268.737		2312		2		1
201.698		351.37		1984		2		1
214.694		349.302		2079		2		1
279.777		339.223		1862		2		1
280.902		328.035		1956		2		1
Frame 97
248.755		337.726		2267		2		1
249.663		298.458		2253		2		1
250.657		259.706		2280		2		1
248.386		240.468		2215		2		1
226.96		273.288		2309		2		1
216.424		304.598		2203		2		1
211.059		330.196		2085		2		1
208.858		331.492		2071		2		1
272.536		266.192		2257		2		1
280.011		293.908		2145		2		1
278.185		329.368		1978		2		1
279.449		341.131		1922		2		1
237.659		337.302		2254		2		1
197.512		362.421		1931		2		1
9999		9999		9999		1		1
9999		9999		9999		1		1
259.86		338.133		2246		2		1
289.205		361.387		1885		2		1
9999		9999		9999		1		1
277.064		419.647		1685		1		1
250.502		269.332		2297		2		1
205.306		343.038		2006		2		1
214.8		341.398		2127		2		1
277.438		351.102		1863		2		1
288.07		343.969		1990		2		1
Frame 98
248.682		337.766		2263		2		1
249.499		298.905		2247		2		1
250.515		260.354		2263		2		1
247.918		241.252		2194		2		1
226.214		274.157		2298		2		1
216.592		305.675		2192		2		1
208.38		330.573		2065		2		1
207.129		336.838		2035		1		1
272.439		267.072		2239		2		1
279.626		296.463		2136		2		1
278.061		329.529		1999		2		1
279.236		341.825		1944		1		1
237.618		337.391		2254		2		1
197.616		362.414		1926		2		1
9999		9999		9999		1		1
9999		9999		9999		1		1
259.735		338.129		2239		2		1
288.954		362.163		1878		2		1
276.409		423.255		1674		1		1
275.054		418.29		1686		1		1
250.302		269.977		2284		2		1
202.906		347.304		1987		2		1
213.349		344.384		2115		2		1
276.155		351.719		1861		2		1
288.61		344.466		1972		2		1
Frame 99
248.674		337.834		2269		2		1
249.403		299.58		2236		2		1
250.192		261.407		2251		2		1
247.732		242.061		2185		2		1
225.755		274.859		2286		2		1
215.423		305.256		2183		2		1
208.495		331.138		2053		2		1
204.066		345.54		1977		2		1
272.462		267.877		2233		2		1
279.636		297.001		2132		2		1
278.301		328.358		2002		2		1
278.923		339.775		1959		2		1
237.658		337.523		2253		2		1
198.892		361.66		1919		2		1
9999		9999		9999		1		1
9999		9999		9999		1		1
259.699		338.179		2255		2		1
288.577		362.476		1890		2		1
274.76		420.705		1670		1		1
273.269		417.053		1687		1		1
250.022		270.968		2271		2		1
201.772		356.129		1936		2		1
206.604		353.504		1957		2		1
278.234		351.079		1882		2		1
288.218		344.213		2001		2		1
Frame 100
248.662		337.905		2269		2		1
249.359		300.082		2237		2		1
250.09		262.269		2240		2		1
247.603		242.611		2171		2		1
225.61		275.213		2277		2		1
214.913		305.534		2169		2		1
208.135		331.601		2047		2		1
203.908		345.141		1976		2		1
272.48		267.887		2231		2		1
279.677		297.376		2128		2		1
278.464		327.834		2012		2		1
278.403		339.698		1959		1		1
237.677		337.676		2256		2		1
199.993		361.32		1918		2		1
9999		9999		9999		1		1
9999		9999		9999		1		1
259.655		338.197		2237		2		1
287.638		362.605		1891		2		1
274.612		420.689		1689		1		1
273.01		417.229		1668		1		1
249.925		271.758		2268		2		1
201.483		356.06		1934		2		1
208.75		350.499		1986		2		1
276.297		350.595		1883		2		1
287.991		344.061		1994		2		1
Frame 101
248.579		338.001		2261		2		1
249.257		300.617		2237		2		1
250.009		263.206		2232		2		1
247.336		243.418		2160		2		1
225.523		275.788		2268		2		1
214.549		308.145		2152		2		1
207.162		335.124		2024		2		1
204.01		344.73		1975		2		1
272.711		268.669		2228		2		1
279.701		297.555		2126		2		1
278.472		327.81		2009		2		1
278.156		339.212		1958		2		1
237.654		337.806		2245		2		1
200.314		361.377		1912		2		1
9999		9999		9999		1		1
9999		9999		9999		1		1
259.427		338.228		2242		2		1
287.298		362.828		1893		2		1
274.278		420.747		1682		1		1
272.674		417.351		1672		1		1
249.826		272.61		2266		2		1
201.391		355.878		1933		2		1
208.079		349.758		2015		2		1
274.928		349.785		1891		2		1
287.119		343.934		2015		2		1
Frame 102
248.555		338.165		2270		2		1
249.209		301.211		2237		2		1
249.933		263.925		2228		2		1
247.268		244.276		2146		2		1
225.564		276.134		2260		2		1
214.754		308.447		2148		2		1
202.96		344.693		2031		2		1
200.601		358.718		1921		1		1
272.841		269.049		2224		2		1
279.762		298.003		2122		2		1
278.471		327.8		2007		2		1
278.246		339.134		1959		1		1
237.666		338.009		2234		2		1
200.892		360.975		1919		2		1
9999		9999		9999		1		1
9999		9999		9999		1		1
259.386		338.354		2243		2		1
286.719		363.049		1876		2		1
274.085		420.926		1696		1		1
272.321		417.682		1687		1		1
249.754		273.316		2264		2		1
197.657		372.001		1889		2		1
194.567		356.041		1975		2		1
274.373		349.75		1895		2		1
287.817		344.181		2000		2		1
Frame 103
248.615		338.512		2268		2		1
249.295		301.839		2239		2		1
250.04		264.709		2226		2		1
247.126		245.061		2142		2		1
225.681		276.839		2258		2		1
214.777		308.757		2147		2		1
202.785		345.214		2000		2		1
200.664		358.773		1930		1		1
272.945		270.077		2221		2		1
279.694		298.937		2124		2		1
278.464		327.745		2009		2		1
278.116		339.119		1956		1		1
237.755		338.37		2238		2		1
201.335		360.741		1918		2		1
9999		9999		9999		1		1
9999		9999		9999		1		1
259.439		338.669		2247		2		1
275.008		357.427		1849		2		1
274.055		420.869		1693		1		1
272.276		417.606		1655		1		1
249.855		274.07		2264		2		1
197.957		371.893		1893		2		1
194.335		359.544		1965		2		1
274.737		350		1899		2		1
288.413		344.542		2005		2		1
Frame 104
248.605		338.83		2272		2		1
249.205		302.452		2237		2		1
249.825		265.487		2224		2		1
247.104		245.52		2131		2		1
225.77		277.165		2254		2		1
214.941		309.051		2138		2		1
202.627		345.789		2014		2		1
200.416		359.91		1923		1		1
273.028		270.67		2220		2		1
279.64		299.145		2117		2		1
278.304		328.18		2007		2		1
278.107		339.903		1958		2		1
237.794		338.69		2248		2		1
201.42		360.638		1917		2		1
9999		9999		9999		1		1
9999		9999		9999		1		1
259.389		338.985		2253		2		1
284.788		361.319		1890		2		1
9999		9999		9999		1		1
9999		9999		9999		1		1
249.673		274.812		2260		2		1
197.368		373.126		1883		2		1
194.526		356.964		1977		2		1
275.462		350.769		1891		2		1
287.548		343.916		2015		2		1
Frame 105
248.61		339.149		2280		2		1
249.092		302.94		2238		2		1
249.549		266.059		2228		2		1
246.987		245.978		2121		2		1
225.834		277.404		2254		2		1
214.947		309.533		2142		2		1
202.462		346.313		1980		2		1
200.052		360.071		1919		1		1
273.104		271.22		2218		2		1
279.568		299.477		2124		2		1
278.274		328.407		2008		2		1
278.056		340.157		1959		2		1
237.831		339.001		2240		2		1
202.011		359.91		1922		2		1
9999		9999		9999		1		1
9999		9999		9999		1		1
259.374		339.304		2239		2		1
284.8		361.405		1895		2		1
9999		9999		9999		1		1
9999		9999		9999		1		1
249.441		275.366		2261		2		1
197.347		372.858		1889		2		1
193.546		359.893		1976		2		1
274.498		350.749		1891		2		1
287.301		343.73		2034		2		1
Frame 106
248.46		339.392		2270		2		1
248.92		303.274		2234		2		1
249.363		266.4		2228		2		1
246.949		246.329		2118		2		1
225.838		277.568		2251		2		1
214.846		309.74		2141		2		1
202.476		345.884		1973		2		1
202.856		355.139		1938		2		1
273.23		271.787		2219		2		1
279.492		299.683		2124		2		1
277.488		332.494		1989		2		1
277.994		344.518		1935		1		1
237.73		339.205		2240		2		1
202.166		359.787		1922		2		1
9999		9999		9999		1		1
9999		9999		9999		1		1
259.176		339.586		2235		2		1
284.741		361.49		1899		2		1
9999		9999		9999		1		1
9999		9999		9999		1		1
249.256		275.708		2261		2		1
203.609		366.035		1903		2		1
198.95		352.924		1959		2		1
274.504		354.553		1862		2		1
288.424		347.383		1960		2		1
Frame 107
248.408		339.529		2264		2		1
248.853		303.446		2234		2		1
249.298		266.534		2220		2		1
246.956		246.613		2118		2		1
225.858		277.676		2255		2		1
214.754		309.801		2140		2		1
201.783		346.489		1968		2		1
199.493		358.4		1928		2		1
273.263		271.864		2219		2		1
279.454		299.786		2123		2		1
277.385		337.182		1969		2		1
275.441		357.317		1846		2		1
237.685		339.367		2235		2		1
202.078		359.717		1927		2		1
9999		9999		9999		1		1
9999		9999		9999		1		1
259.12		339.703		2238		2		1
284.21		361.975		1898		2		1
9999		9999		9999		1		1
9999		9999		9999		1		1
249.189		275.853		2260		2		1
196.38		371.785		1896		2		1
193.947		355.154		1983		2		1
274.245		369.124		1834		2		1
281.363		361.722		1888		2		1
Frame 108
248.326		339.614		2271		2		1
248.777		303.56		2239		2		1
249.211		266.664		2229		2		1
246.921		246.713		2115		2		1
225.871		277.736		2258		2		1
214.702		309.758		2143		2		1
201.792		346.468		1963		2		1
199.697		358.819		1932		1		1
273.308		272.068		2213		2		1
279.45		299.81		2123		2		1
277.923		331.404		1997		2		1
277.639		343.1		1941		2		1
237.643		339.438		2240		2		1
202.091		359.547		1923		2		1
9999		9999		9999		1		1
9999		9999		9999		1		1
258.984		339.794		2246		2		1
284.095		361.941		1883		2		1
9999		9999		9999		1		1
9999		9999		9999		1		1
249.105		275.979		2260		2		1
196.559		372.001		1888		2		1
194.108		355.319		1983		2		1
273.603		353.653		1864		2		1
286.866		345.829		1979		2		1
Frame 109
248.328		339.676		2270		2		1
248.726		303.686		2235		2		1
249.081		266.833		2225		2		1
246.868		246.837		2119		2		1
225.871		277.762		2254		2		1
214.62		309.861		2142		2		1
201.812		346.524		1969		2		1
199.773		358.721		1928		2		1
273.339		272.219		2210		2		1
279.388		299.961		2117		2		1
278.064		329.939		2001		2		1
277.544		341.124		1949		2		1
237.644		339.5		2239		2		1
202.089		359.628		1923		2		1
9999		9999		9999		1		1
9999		9999		9999		1		1
258.992		339.851		2245		2		1
284.094		362.219		1890		2		1
9999		9999		9999		1		1
9999		9999		9999		1		1
248.998		276.137		2261		2		1
196.77		371.742		1893		2		1
194.086		355.26		1996		2		1
273.12		351.625		1876		2		1
286.514		346.09		1971		2		1
Frame 110
248.334		339.707		2277		2		1
248.724		303.722		2235		2		1
249.076		266.868		2229		2		1
246.866		246.882		2118		2		1
225.875		277.773		2259		2		1
214.633		309.904		2143		2		1
201.892		346.492		1970		2		1
200.018		358.759		1932		1		1
273.352		272.325		2213		2		1
279.359		300.084		2116		2		1
278.087		329.198		2001		2		1
277.472		340.921		1955		1		1
237.645		339.532		2227		2		1
202.333		359.149		1924		2		1
9999		9999		9999		1		1
9999		9999		9999		1		1
259.007		339.88		2235		2		1
284.109		362.232		1885		2		1
9999		9999		9999		1		1
9999		9999		9999		1		1
248.992		276.172		2264		2		1
196.34		371.956		1904		2		1
194.881		354.602		1998		2		1
273.416		351		1877		2		1
286.813		343.985		2008		2		1
Frame 111
248.203		339.848		2262		2		1
248.692		303.789		2238		2		1
249.087		266.887		2226		2		1
246.865		246.906		2121		2		1
225.813		277.484		2262		2		1
214.634		309.908		2142		2		1
201.27		346.872		1976		2		1
199.656		358.209		1930		1		1
273.067		273.871		2207		2		1
279.405		300.551		2116		2		1
277.961		329.279		2001		2		1
277.225		341.248		1949		1		1
237.536		339.596		2240		2		1
202.342		359.235		1925		2		1
9999		9999		9999		1		1
9999		9999		9999		1		1
258.851		340.123		2223		2		1
284.103		362.234		1893		2		1
9999		9999		9999		1		1
9999		9999		9999		1		1
248.997		276.198		2263		2		1
195.642		372.058		1898		2		1
193.86		358.047		1975		2		1
273.004		351.8		1871		2		1
286.788		344.878		1989		2		1
Frame 112
248.162		339.905		2276		2		1
248.676		303.832		2237		2		1
249.094		266.91		2235		2		1
246.857		246.946		2123		2		1
225.799		277.373		2263		2		1
214.83		309.874		2144		2		1
202.649		345.737		1979		2		1
200.877		358.296		1929		1		1
272.96		274.324		2210		2		1
279.389		300.952		2119		2		1
277.899		329.093		2001		2		1
276.724		341.265		1948		1		1
237.499		339.631		2238		2		1
202.492		359.292		1926		2		1
9999		9999		9999		1		1
9999		9999		9999		1		1
258.818		340.201		2242		2		1
284.14		362.166		1880		2		1
9999		9999		9999		1		1
9999		9999		9999		1		1
248.997		276.225		2265		2		1
197.561		370.999		1901		2		1
194.7		356.747		1977		2		1
272.372		351.625		1878		2		1
286.77		345.047		1963		2		1
Frame 113
248.018		340.079		2266		2		1
248.615		303.916		2238		2		1
249.09		266.923		2233		2		1
246.858		246.971		2118		2		1
225.799		277.315		2261		2		1
215.069		310.014		2142		2		1
202.848		346.303		1970		2		1
200.797		358.762		1933		1		1
272.935		274.501		2210		2		1
279.359		301.097		2117		2		1
277.654		329.139		2002		2		1
276.558		340.964		1953		1		1
237.352		339.737		2231		2		1
202.543		359.889		1926		2		1
9999		9999		9999		1		1
9999		9999		9999		1		1
258.678		340.478		2245		2		1
284.106		362.301		1894		2		1
9999		9999		9999		1		1
9999		9999		9999		1		1
248.986		276.248		2265		2		1
197.312		372.04		1892		2		1
194.17		361.461		1941		2		1
273.102		351.632		1870		2		1
286.698		344.647		1996		2		1
Frame 114
247.95		340.195		2268		2		1
248.57		304.018		2240		2		1
249.081		266.996		2235		2		1
246.856		246.999		2121		2		1
225.88		277.418		2262		2		1
215.219		310.056		2141		2		1
202.878		346.234		1971		2		1
200.892		358.746		1927		1		1
272.944		274.694		2211		2		1
279.176		301.301		2118		2		1
277.539		329.316		2001		2		1
276.286		340.664		1956		1		1
237.283		339.824		2246		2		1
202.498		360.007		1917		2		1
9999		9999		9999		1		1
9999		9999		9999		1		1
258.623		340.61		2234		2		1
284.062		362.08		1882		2		1
9999		9999		9999		1		1
9999		9999		9999		1		1
248.966		276.329		2267		2		1
197.566		371.715		1898		2		1
194.358		358.279		1984		2		1
271.713		351.047		1874		2		1
286.904		345.181		1989		2		1
Frame 115
247.952		340.206		2271		2		1
248.548		304.052		2242		2		1
249.034		267.049		2240		2		1
246.861		247.019		2129		2		1
225.878		277.303		2268		2		1
215.367		309.957		2145		2		1
201.477		346.954		1980		2		1
199.707		358.337		1931		1		1
272.961		274.696		2212		2		1
279.045		301.348		2117		2		1
277.498		329.339		2001		2		1
276.065		340.446		1953		1		1
237.287		339.835		2241		2		1
202.471		360.058		1924		2		1
9999		9999		9999		1		1
9999		9999		9999		1		1
258.626		340.618		2245		2		1
283.969		362.16		1898		2		1
9999		9999		9999		1		1
9999		9999		9999		1		1
248.924		276.377		2270		2		1
195.062		372.866		1900		2		1
194.338		357.828		1984		2		1
271.759		350.999		1884		2		1
285.913		344.615		1984		2		1
Frame 116
247.957		340.232		2274		2		1
248.552		304.079		2244		2		1
249.054		267.07		2242		2		1
246.873		247.041		2134		2		1
225.878		277.222		2264		2		1
215.441		309.991		2146		2		1
202.01		346.806		1980		2		1
200.244		358.172		1933		1		1
272.967		274.693		2215		2		1
278.913		301.389		2115		2		1
277.458		329.358		2004		2		1
275.932		340.704		1957		1		1
237.292		339.884		2241		2		1
202.432		360.186		1921		2		1
9999		9999		9999		1		1
9999		9999		9999		1		1
258.634		340.631		2245		2		1
283.88		362.185		1887		2		1
9999		9999		9999		1		1
9999		9999		9999		1		1
248.938		276.401		2272		2		1
195.991		372		1902		2		1
194		357		2036		2		1
271.417		351.115		1879		2		1
286.716		344.904		1994		2		1
Frame 117
247.931		340.266		2279		2		1
248.531		304.125		2244		2		1
249.064		267.122		2243		2		1
246.888		247.057		2131		2		1
225.878		277.171		2269		2		1
215.556		309.962		2142		2		1
208.377		335.833		2024		2		1
205.094		346.123		1971		1		1
272.976		274.689		2210		2		1
278.87		301.4		2116		2		1
276.933		329.471		1998		2		1
275.677		340.411		1952		1		1
237.278		339.913		2240		2		1
202.453		360.153		1924		2		1
9999		9999		9999		1		1
9999		9999		9999		1		1
258.596		340.662		2235		2		1
283.727		362.28		1894		2		1
9999		9999		9999		1		1
9999		9999		9999		1		1
248.936		276.452		2272		2		1
202.371		356.968		1939		2		1
208.668		351.165		1993		2		1
271.499		351.154		1877		2		1
285.07		343.723		1999		2		1
Frame 118
247.874		340.288		2269		2		1
248.508		304.147		2244		2		1
249.093		267.141		2245		2		1
246.901		247.082		2131		2		1
225.97		277.286		2267		2		1
215.6		309.962		2149		2		1
208.699		336.122		2023		2		1
205.142		346.881		1973		1		1
272.992		274.693		2216		2		1
278.576		301.486		2115		2		1
276.896		329.501		1999		2		1
275.692		340.051		1956		1		1
237.223		339.959		2227		2		1
202.458		360.314		1918		2		1
9999		9999		9999		1		1
9999		9999		9999		1		1
258.515		340.644		2239		2		1
283.661		362.268		1884		2		1
9999		9999		9999		1		1
9999		9999		9999		1		1
248.949		276.472		2274		2		1
202.403		357.999		1935		2		1
209.168		350.494		2017		2		1
271.434		350.812		1882		2		1
285.007		345.602		1964		2		1
Frame 119
247.88		340.297		2273		2		1
248.513		304.152		2243		2		1
249.105		267.131		2246		2		1
246.928		247.122		2134		2		1
225.954		277.172		2266		2		1
215.633		309.963		2143		2		1
209.577		336.482		2025		2		1
205.504		346.677		1974		1		1
272.996		274.636		2216		2		1
278.542		301.46		2116		2		1
276.894		329.392		2000		2		1
275.749		340.366		1957		1		1
237.228		339.973		2242		2		1
202.547		360.361		1922		2		1
9999		9999		9999		1		1
9999		9999		9999		1		1
258.522		340.644		2235		2		1
283.661		362.358		1880		2		1
9999		9999		9999		1		1
9999		9999		9999		1		1
248.959		276.467		2273		2		1
202.642		358.08		1926		2		1
209.833		351.495		2008		2		1
271.95		351.05		1876		2		1
285.272		343.846		2009		2		1
Frame 120
247.877		340.319		2268		2		1
248.501		304.184		2244		2		1
249.092		267.165		2247		2		1
246.994		247.186		2130		2		1
226.024		277.261		2269		2		1
215.67		309.98		2144		2		1
208.037		336.053		2021		2		1
205.04		346.233		1973		1		1
272.999		274.633		2216		2		1
278.495		301.467		2118		2		1
274.214		338.584		1964		2		1
273.954		350.092		1882		1		1
237.225		340.008		2234		2		1
202.57		360.389		1918		2		1
9999		9999		9999		1		1
9999		9999		9999		1		1
258.524		340.642		2241		2		1
283.615		362.39		1894		2		1
9999		9999		9999		1		1
9999		9999		9999		1		1
248.945		276.5		2271		2		1
202.127		357.208		1935		2		1
209.012		350.615		2013		2		1
272.156		362.066		1866		2		1
280.963		351.017		1937		2		1
Frame 121
247.843		340.322		2268		2		1
248.491		304.188		2245		2		1
249.095		267.165		2248		2		1
247.005		247.207		2132		2		1
226.107		277.351		2269		2		1
215.717		309.934		2148		2		1
201.089		347.46		1981		2		1
198.67		357.098		1941		1		1
273.006		274.636		2212		2		1
278.492		301.47		2115		2		1
275.225		329.59		1999		2		1
275.24		338.885		1964		1		1
237.195		340.024		2232		2		1
202.591		360.355		1919		2		1
9999		9999		9999		1		1
9999		9999		9999		1		1
258.49		340.618		2228		2		1
283.417		362.191		1881		2		1
9999		9999		9999		1		1
9999		9999		9999		1		1
248.946		276.501		2271		2		1
193.873		372.625		1916		2		1
194		357.497		0		2		1
271.538		350.231		1882		2		1
284.811		342.987		2011		2		1
Frame 122
247.867		340.343		2271		2		1
248.506		304.209		2245		2		1
249.106		267.183		2241		2		1
247.009		247.218		2132		2		1
226.174		277.426		2269		2		1
215.77		309.929		2142		2		1
201.907		346.278		1984		2		1
200.403		358.168		1939		1		1
273.009		274.635		2211		2		1
278.472		301.481		2117		2		1
275.623		329.498		2001		2		1
275.417		339.194		1957		1		1
237.217		340.066		2244		2		1
202.849		360.665		1921		2		1
9999		9999		9999		1		1
9999		9999		9999		1		1
258.522		340.623		2235		2		1
283.187		362.222		1886		2		1
9999		9999		9999		1		1
9999		9999		9999		1		1
248.959		276.52		2274		2		1
195.992		372		1900		2		1
195.002		355.237		2003		2		1
271.107		350.277		1880		2		1
284.286		342.961		2011		2		1
Frame 123
247.886		340.337		2269		2		1
248.5		304.216		2240		2		1
249.078		267.2		2246		2		1
247.014		247.224		2129		2		1
226.122		277.312		2271		2		1
215.838		309.947		2146		2		1
202.328		346.196		1969		2		1
200.724		358.312		1930		1		1
273.013		274.632		2209		2		1
278.471		301.491		2116		2		1
275.86		329.471		2004		2		1
275.478		339.267		1958		1		1
237.228		340.07		2237		2		1
202.846		360.664		1921		2		1
9999		9999		9999		1		1
9999		9999		9999		1		1
258.548		340.597		2241		2		1
282.993		362.131		1888		2		1
9999		9999		9999		1		1
9999		9999		9999		1		1
248.936		276.535		2270		2		1
196.327		372.047		1896		2		1
195.574		354.846		2007		2		1
271.188		350.333		1882		2		1
284.705		343.026		1999		2		1
Frame 124
247.888		340.34		2270		2		1
248.502		304.219		2242		2		1
249.081		267.2		2244		2		1
247.031		247.234		2128		2		1
226.091		277.255		2270		2		1
215.853		309.961		2147		2		1
202.512		346.549		1979		2		1
200.642		358.26		1930		2		1
273.024		274.641		2209		2		1
278.465		301.513		2114		2		1
275.99		329.428		2002		2		1
275.445		339.138		1962		1		1
237.231		340.075		2227		2		1
202.859		360.596		1924		2		1
9999		9999		9999		1		1
9999		9999		9999		1		1
258.55		340.599		2231		2		1
282.962		362.113		1887		2		1
9999		9999		9999		1		1
9999		9999		9999		1		1
248.939		276.535		2272		2		1
196.372		372.048		1892		2		1
195.637		353.087		2007		2		1
271.047		350.048		1879		2		1
284.641		343.664		2013		2		1
Frame 125
247.856		340.378		2273		2		1
248.49		304.256		2247		2		1
249.084		267.223		2241		2		1
247.038		247.25		2129		2		1
226.117		277.297		2271		2		1
215.876		309.965		2147		2		1
202.543		346.432		1977		2		1
200.516		358.451		1934		1		1
272.974		274.799		2216		2		1
278.504		301.562		2115		2		1
276.186		329.435		2001		2		1
275.885		339.678		1963		1		1
237.194		340.113		2227		2		1
202.849		360.911		1922		2		1
9999		9999		9999		1		1
9999		9999		9999		1		1
258.53		340.634		2239		2		1
282.951		362.213		1888		2		1
9999		9999		9999		1		1
9999		9999		9999		1		1
248.938		276.562		2275		2		1
196.491		372		1892		2		1
194.444		356.663		1989		2		1
270.838		350.367		1886		2		1
285.569		343.985		2004		2		1
Frame 126
247.854		340.37		2278		2		1
248.502		304.12		2246		2		1
249.158		266.79		2243		2		1
247.036		247.259		2132		2		1
226.049		277.272		2268		2		1
215.957		309.937		2150		2		1
202.729		346.265		1981		2		1
200.727		358.57		1933		1		1
272.94		274.967		2216		2		1
278.537		301.689		2116		2		1
276.307		329.557		2004		2		1
275.575		339.447		1962		1		1
237.181		340.11		2240		2		1
203.397		360.397		1925		2		1
9999		9999		9999		1		1
9999		9999		9999		1		1
258.538		340.615		2236		2		1
282.96		362.171		1889		2		1
9999		9999		9999		1		1
9999		9999		9999		1		1
248.992		276.218		2269		2		1
196.739		371.959		1900		2		1
194.812		355.499		1989		2		1
271.412		350.47		1883		2		1
285.112		343.338		2013		2		1
Frame 127
247.858		340.379		2274		2		1
248.502		304.137		2245		2		1
249.156		266.84		2239		2		1
247.04		247.267		2123		2		1
226.022		277.227		2272		2		1
215.976		309.975		2147		2		1
202.757		346.202		1977		2		1
200.56		358.683		1930		1		1
272.925		275.068		2212		2		1
278.216		301.878		2116		2		1
276.507		329.6		2001		2		1
276.007		340.497		1956		1		1
237.183		340.116		2227		2		1
203.312		360.432		1917		2		1
9999		9999		9999		1		1
9999		9999		9999		1		1
258.545		340.627		2240		2		1
282.985		362.189		1891		2		1
9999		9999		9999		1		1
9999		9999		9999		1		1
248.991		276.255		2272		2		1
196.495		372.09		1892		2		1
195.366		353.535		2002		2		1
271.394		350.95		1882		2		1
285.375		343.449		2003		2		1
Frame 128
247.872		340.432		2271		2		1
248.497		304.185		2241		2		1
249.134		266.899		2243		2		1
247.041		247.294		2124		2		1
226.047		277.339		2271		2		1
216.003		309.951		2153		2		1
202.819		346.119		1973		2		1
200.876		357.961		1939		1		1
272.92		275.151		2209		2		1
278.232		301.946		2116		2		1
275.399		332.481		1994		2		1
275.838		345.303		1936		1		1
237.193		340.177		2233		2		1
203.197		360.571		1922		2		1
9999		9999		9999		1		1
9999		9999		9999		1		1
258.563		340.673		2240		2		1
281.558		362.34		1894		2		1
9999		9999		9999		1		1
9999		9999		9999		1		1
248.973		276.309		2272		2		1
197.327		371.047		1892		2		1
194.803		355.679		2000		2		1
270.884		355.436		1867		2		1
285.036		348.16		1957		2		1
Frame 129
247.872		340.453		2258		2		1
248.484		304.224		2241		2		1
249.094		266.984		2241		2		1
247.048		247.32		2124		2		1
226.084		277.444		2272		2		1
216.004		309.959		2154		2		1
207.615		335.485		2031		2		1
204.854		345.993		1976		1		1
272.901		275.174		2213		2		1
278.313		301.948		2118		2		1
276.505		329.695		2004		2		1
276.059		342.023		1949		1		1
237.188		340.199		2233		2		1
203.095		360.689		1920		2		1
9999		9999		9999		1		1
9999		9999		9999		1		1
258.57		340.694		2239		2		1
282.143		362.473		1891		2		1
9999		9999		9999		1		1
9999		9999		9999		1		1
248.942		276.379		2269		2		1
201.696		357.033		1936		2		1
202.08		346.973		1977		2		1
271.841		352.423		1871		2		1
286.406		345.21		1991		2		1
