sit
Frame 0
257.857		203.936		1874		2		2
256.647		140.926		1838		2		2
255.523		76.0372		1843		2		2
254.961		45.2309		1744		2		2
221.612		102.759		1879		2		2
215.433		159.143		1929		1		2
215.845		211.499		1914		1		2
218.556		224.858		1911		1		2
285.893		103.389		1874		2		2
295.954		157.817		1972		2		2
300.409		210.8		1961		2		2
298.376		223.664		1953		2		2
243.407		204.512		1877		2		2
239.927		289.272		2043		2		2
239.894		353.29		2123		2		2
236.871		370.369		2064		2		2
272.295		203.354		1890		2		2
275.702		295.022		2082		2		2
281.413		354.812		2096		2		2
296.183		361.591		2234		2		2
255.796		92.4198		1865		2		2
220.608		240.77		1921		2		2
228.846		218.312		1955		2		2
296.478		240.001		1962		2		2
291.001		220.959		2015		2		2
Frame 1
257.858		203.936		1877		2		2
256.645		140.923		1847		2		2
255.505		76.0357		1843		2		2
255.018		45.2488		1755		2		2
221.55		102.771		1874		2		2
215.439		159.14		1935		1		2
215.803		211.232		1914		1		2
218.435		224.889		1912		1		2
285.893		103.388		1871		2		2
295.953		157.828		1975		2		2
300.414		210.826		1966		2		2
298.28		223.708		1959		2		2
243.407		204.512		1881		2		2
239.932		289.272		2044		2		2
239.89		353.232		2124		2		2
236.909		370.514		2055		2		2
272.295		203.356		1893		2		2
276.024		294.641		2074		2		2
281.426		354.847		2097		2		2
296.13		361.73		2247		2		2
255.785		92.4169		1864		2		2
221.071		240.631		1923		2		2
228.804		219.143		1957		2		2
296.576		240.06		1959		2		2
290.87		219.951		2003		2		2
Frame 2
257.859		203.935		1873		2		2
256.647		140.922		1840		2		2
255.505		76.0393		1842		2		2
255.062		45.2399		1748		2		2
221.516		102.777		1879		2		2
215.45		159.161		1932		1		2
215.81		211.253		1913		1		2
218.488		224.978		1915		1		2
285.893		103.39		1875		2		2
295.958		157.828		1972		2		2
300.417		210.816		1960		2		2
298.442		223.669		1955		2		2
243.408		204.512		1880		2		2
239.94		289.264		2038		2		2
239.869		353.117		2122		2		2
236.831		370.313		2047		2		2
272.298		203.352		1892		2		2
277.741		289.419		2045		2		2
281.439		354.698		2091		2		2
296.216		361.575		2254		2		2
255.785		92.4185		1867		2		2
220.658		240.63		1921		2		2
229		217.503		1938		2		2
297.063		239.399		1955		2		2
291.127		222.329		2018		2		2
Frame 3
257.865		203.937		1876		2		2
256.659		140.927		1838		2		2
255.52		76.055		1843		2		2
255.103		45.2764		1750		2		2
221.485		102.782		1874		2		2
215.462		159.161		1928		1		2
215.813		211.253		1915		1		2
218.653		224.775		1912		1		2
285.899		103.389		1872		2		2
295.964		157.834		1969		2		2
300.417		210.831		1955		2		2
298.318		223.609		1954		2		2
243.416		204.514		1877		2		2
239.937		289.397		2038		2		2
239.856		353.128		2116		2		2
236.853		370.343		2061		2		2
272.302		203.355		1888		2		2
277.581		289.976		2046		2		2
281.43		354.706		2089		2		2
296.135		361.644		2250		2		2
255.8		92.4311		1863		2		2
220.735		240.668		1923		2		2
228.905		218.89		1947		2		2
296.367		239.999		1946		2		2
288.201		219.899		1971		2		2
Frame 4
257.877		203.946		1876		2		2
256.669		140.936		1845		2		2
255.524		76.066		1844		2		2
255.119		45.2823		1756		2		2
221.599		102.773		1877		2		2
215.462		159.147		1931		1		2
215.806		211.299		1921		1		2
218.407		225.03		1914		1		2
285.898		103.386		1880		2		2
295.991		157.877		1973		2		2
300.421		210.832		1964		2		2
298.664		223.855		1959		2		2
243.429		204.528		1881		2		2
239.942		289.462		2035		2		2
239.877		353.226		2124		2		2
236.855		370.402		2061		2		2
272.313		203.361		1888		2		2
277.464		293.596		2072		2		2
281.445		354.755		2097		2		2
296.216		361.714		2250		2		2
255.805		92.4415		1864		2		2
220.6		240.751		1925		2		2
228.878		218.824		1951		2		2
296.543		240		1952		2		2
288.144		219.144		1973		2		2
Frame 5
257.887		203.943		1877		2		2
256.668		140.933		1833		2		2
255.498		76.0691		1845		2		2
255.128		45.2852		1754		2		2
221.677		102.772		1877		2		2
215.468		159.177		1934		1		2
215.814		211.302		1919		1		2
218.543		224.536		1917		1		2
286.208		103.396		1880		2		2
295.992		157.869		1973		2		2
300.43		210.814		1964		2		2
298.335		223.695		1960		2		2
243.441		204.523		1880		2		2
239.991		289.61		2046		2		2
239.843		353.336		2122		2		2
236.827		370.646		2053		2		2
272.321		203.358		1896		2		2
278.018		291.177		2065		2		2
281.489		354.672		2102		2		2
296.163		361.737		2240		2		2
255.788		92.4424		1869		2		2
221.065		240.538		1923		2		2
228.88		219.025		1961		2		2
296.479		240.001		1961		2		2
291.392		221.778		2015		2		2
Frame 6
257.892		203.949		1875		2		2
256.69		140.956		1842		2		2
255.542		76.1269		1846		2		2
255.135		45.2999		1746		2		2
221.583		102.797		1874		2		2
215.483		159.235		1933		1		2
215.82		211.301		1920		1		2
218.681		224.552		1916		1		2
286.202		103.403		1880		2		2
296.001		157.878		1972		2		2
300.43		210.827		1960		2		2
298.209		223.594		1957		2		2
243.447		204.526		1878		2		2
239.984		289.613		2037		2		2
239.847		353.334		2113		2		2
236.89		370.666		2056		2		2
272.326		203.37		1894		2		2
277.853		292.049		2067		2		2
281.438		354.894		2092		2		2
296.175		361.839		2250		2		2
255.827		92.4902		1864		2		2
220.911		240.835		1922		2		2
228.853		219.037		1955		2		2
297.014		239.472		1958		2		2
290.755		221.5		2005		2		2
Frame 7
257.889		203.949		1875		2		2
256.688		140.954		1843		2		2
255.539		76.1234		1846		2		2
255.157		45.2907		1754		2		2
221.535		102.813		1878		2		2
215.494		159.212		1929		1		2
215.826		211.313		1913		1		2
218.626		224.587		1913		1		2
286.172		103.396		1883		2		2
296.006		157.892		1972		2		2
300.435		210.821		1965		2		2
298.441		223.782		1960		2		2
243.445		204.526		1879		2		2
239.997		289.611		2044		2		2
239.829		353.328		2126		2		2
236.868		370.669		2062		2		2
272.319		203.372		1882		2		2
277.886		291.867		2061		2		2
281.414		354.895		2088		2		2
296.161		361.849		2250		2		2
255.824		92.4873		1866		2		2
220.954		240.695		1920		2		2
228.887		219.134		1958		2		2
296.448		239.937		1949		2		2
291.115		222.12		2021		2		2
Frame 8
257.888		203.948		1876		2		2
256.689		140.954		1841		2		2
255.541		76.1258		1843		2		2
255.163		45.2847		1748		2		2
221.494		102.819		1875		2		2
215.504		159.194		1929		1		2
215.839		211.324		1916		1		2
218.577		224.637		1913		1		2
286.152		103.406		1882		2		2
296.007		157.891		1970		2		2
300.439		210.836		1964		2		2
298.382		223.819		1957		2		2
243.442		204.521		1877		2		2
240.004		289.514		2035		2		2
239.893		352.958		2118		2		2
237.019		370.072		2057		2		2
272.319		203.374		1892		2		2
277.908		291.854		2062		2		2
281.455		354.923		2089		2		2
296.124		361.879		2249		2		2
255.825		92.4887		1869		2		2
220.894		240.468		1925		2		2
228.875		224.626		1960		2		2
296.544		239.999		1952		2		2
290.918		221.194		2006		2		2
Frame 9
257.861		203.94		1875		2		2
256.684		140.945		1843		2		2
255.547		76.1118		1847		2		2
255.166		45.2839		1756		2		2
221.463		102.824		1878		2		2
215.511		159.202		1936		1		2
215.848		211.336		1919		1		2
218.382		224.556		1916		1		2
286.138		103.402		1884		2		2
296.007		157.892		1973		2		2
300.46		210.655		1963		2		2
298.557		223.686		1960		2		2
243.409		204.504		1880		2		2
240.031		289.145		2032		2		2
239.878		352.688		2123		2		2
237.022		369.979		2068		2		2
272.297		203.371		1889		2		2
278.029		291.058		2057		2		2
281.339		354.736		2094		2		2
296.134		361.797		2252		2		2
255.828		92.4766		1870		2		2
220.992		240.595		1924		2		2
228.604		223.99		1964		2		2
296.906		239.632		1953		2		2
288.869		217.274		1966		2		2
Frame 10
257.849		203.935		1875		2		2
256.694		140.949		1847		2		2
255.608		76.1472		1846		2		2
255.183		45.2972		1750		2		2
221.422		102.825		1874		2		2
215.511		159.19		1933		1		2
215.864		211.366		1918		1		2
218.615		224.677		1913		1		2
286.131		103.412		1884		2		2
296.007		157.896		1974		2		2
300.456		210.663		1964		2		2
298.447		223.749		1958		2		2
243.398		204.495		1882		2		2
240.024		289.012		2032		2		2
239.906		352.674		2121		2		2
236.909		369.67		2061		2		2
272.283		203.371		1892		2		2
275.49		293.824		2079		2		2
281.341		354.681		2094		2		2
296.235		361.646		2246		2		2
255.873		92.5015		1871		2		2
220.762		240.569		1921		2		2
227.472		228.329		1976		2		2
296.569		240.063		1959		2		2
291.113		222.332		2017		2		2
Frame 11
257.847		203.935		1874		2		2
256.695		140.949		1834		2		2
255.617		76.143		1842		2		2
255.194		45.2838		1753		2		2
221.368		102.855		1874		2		2
215.517		159.229		1930		1		2
215.878		211.408		1915		1		2
218.634		224.544		1911		1		2
286.098		103.411		1877		2		2
296.007		157.892		1978		2		2
300.458		210.726		1961		2		2
298.436		223.648		1954		2		2
243.397		204.496		1878		2		2
240.023		289.02		2031		2		2
239.923		352.7		2118		2		2
236.912		369.706		2063		2		2
272.28		203.371		1891		2		2
277.279		291.111		2059		2		2
281.349		354.679		2091		2		2
296.312		361.661		2238		2		2
255.879		92.4991		1862		2		2
220.659		240.631		1921		2		2
228.846		219.311		1959		2		2
297.221		239.421		1959		2		2
290.627		222.279		2005		2		2
Frame 12
257.843		203.949		1875		2		2
256.693		140.951		1840		2		2
255.611		76.1394		1845		2		2
255.204		45.2671		1755		2		2
221.496		102.809		1877		2		2
215.521		159.23		1932		1		2
215.876		211.404		1923		1		2
218.673		224.605		1914		1		2
286.093		103.415		1877		2		2
296.01		157.894		1971		2		2
300.459		210.774		1965		2		2
298.237		223.579		1956		2		2
243.392		204.503		1880		2		2
240.008		289.068		2041		2		2
239.955		352.716		2120		2		2
237.074		369.651		2070		2		2
272.278		203.395		1891		2		2
275.731		292.855		2060		2		2
281.351		354.676		2089		2		2
296.36		361.626		2261		2		2
255.875		92.4975		1868		2		2
221.508		240.483		1919		2		2
228.833		218.003		1956		2		2
296.367		239.999		1952		2		2
290.702		219.771		2005		2		2
Frame 13
257.84		203.951		1875		2		2
256.696		140.955		1849		2		2
255.621		76.1476		1846		2		2
255.21		45.274		1752		2		2
221.461		102.814		1882		2		2
215.52		159.214		1931		1		2
215.871		211.39		1923		1		2
218.632		224.541		1917		1		2
286.089		103.41		1890		2		2
296.009		157.892		1973		2		2
300.454		210.765		1965		2		2
298.332		223.783		1959		2		2
243.389		204.502		1881		2		2
239.994		289.072		2045		2		2
239.968		352.745		2119		2		2
237.081		369.722		2068		2		2
272.275		203.4		1893		2		2
277.244		291.045		2066		2		2
281.367		354.551		2096		2		2
296.315		361.629		2252		2		2
255.884		92.5046		1864		2		2
221.077		240.642		1925		2		2
228.744		219.57		1955		2		2
296.48		240		1954		2		2
290.904		221.514		2008		2		2
Frame 14
257.848		203.947		1872		2		2
256.701		140.948		1840		2		2
255.619		76.1396		1842		2		2
255.21		45.2917		1752		2		2
221.411		102.82		1875		2		2
215.525		159.213		1930		1		2
215.879		211.379		1918		1		2
218.778		224.488		1914		1		2
286.081		103.407		1886		2		2
296.016		157.901		1970		2		2
300.446		210.87		1963		2		2
298.321		223.514		1959		2		2
243.395		204.505		1879		2		2
239.929		289.295		2039		2		2
239.978		353.328		2121		2		2
237.007		370.054		2048		2		2
272.286		203.383		1892		2		2
277.508		290.666		2053		2		2
281.374		354.535		2102		2		2
296.107		361.098		2253		2		2
255.884		92.4973		1868		2		2
221.184		240.579		1923		2		2
228.85		218.685		1956		2		2
296.368		239.999		1951		2		2
290.644		221.476		2002		2		2
Frame 15
257.856		203.938		1875		2		2
256.711		140.942		1846		2		2
255.624		76.1352		1844		2		2
255.204		45.2876		1753		2		2
221.546		102.752		1876		2		2
215.539		159.203		1932		1		2
215.895		211.369		1918		1		2
218.597		224.525		1914		1		2
286.08		103.413		1879		2		2
296.01		157.886		1975		2		2
300.444		210.874		1963		2		2
298.617		223.824		1958		2		2
243.408		204.491		1881		2		2
239.956		289.314		2042		2		2
239.966		353.27		2122		2		2
237.008		370.051		2057		2		2
272.291		203.377		1894		2		2
277.597		290.581		2054		2		2
281.395		354.527		2095		2		2
296.117		361.098		2253		2		2
255.89		92.4927		1868		2		2
221.081		240.987		1922		2		2
228.763		219.819		1956		2		2
296.366		239.999		1956		2		2
290.151		218.44		2000		2		2
Frame 16
257.856		203.937		1876		2		2
256.721		140.945		1844		2		2
255.668		76.1409		1845		2		2
255.215		45.2869		1753		2		2
221.482		102.76		1876		2		2
215.551		159.161		1935		1		2
215.885		210.944		1924		1		2
218.847		224.316		1916		1		2
286.077		103.409		1883		2		2
296.009		157.869		1973		2		2
300.443		210.88		1969		2		2
298.37		223.641		1964		2		2
243.407		204.49		1879		2		2
239.945		289.33		2038		2		2
240.033		353.212		2115		2		2
237.015		370.045		2056		2		2
272.29		203.378		1892		2		2
277.691		290.342		2057		2		2
281.428		354.404		2089		2		2
295.884		361.411		2222		2		2
255.924		92.4991		1865		2		2
220.955		240.627		1927		2		2
228.717		219.083		1954		2		2
296.366		239.999		1956		2		2
288.224		219.444		1976		2		2
Frame 17
257.854		203.914		1878		2		2
256.72		140.944		1844		2		2
255.665		76.1421		1842		2		2
255.225		45.3053		1749		2		2
221.416		102.759		1873		2		2
215.58		159.145		1929		1		2
215.897		210.946		1921		1		2
218.734		224.308		1918		1		2
286.068		103.411		1882		2		2
296.019		157.891		1974		2		2
300.438		210.718		1964		2		2
298.357		223.57		1957		2		2
243.411		204.458		1885		2		2
239.958		289.08		2041		2		2
240.028		353.168		2120		2		2
236.889		369.952		2068		2		2
272.285		203.362		1892		2		2
277.713		290.343		2048		2		2
281.427		354.355		2088		2		2
295.881		361.401		2232		2		2
255.923		92.4998		1865		2		2
220.709		240.695		1933		2		2
228.749		225		1964		2		2
296.903		239.443		1960		2		2
288.309		217.231		1962		2		2
Frame 18
257.853		203.902		1877		2		2
256.725		140.945		1841		2		2
255.685		76.1602		1841		2		2
255.243		45.3138		1745		2		2
221.381		102.758		1874		2		2
215.586		159.129		1936		1		2
215.933		211.024		1922		1		2
218.884		224.412		1917		1		2
286.171		103.399		1879		2		2
296.032		157.875		1970		2		2
300.444		210.718		1966		2		2
298.422		223.62		1959		2		2
243.41		204.435		1882		2		2
239.96		289.009		2036		2		2
240.031		353.157		2121		2		2
236.848		369.898		2062		2		2
272.285		203.358		1893		2		2
277.768		290.302		2053		2		2
281.413		354.452		2093		2		2
296.123		361.411		2234		2		2
255.939		92.5135		1866		2		2
220.872		240.541		1931		2		2
228.8		219.603		1963		2		2
296.596		239.294		1962		2		2
288.251		217.253		1959		2		2
Frame 19
257.848		203.89		1882		2		2
256.704		140.977		1848		2		2
255.554		76.3066		1843		2		2
255.247		45.2828		1748		2		2
221.326		102.769		1875		2		2
215.611		159.151		1932		1		2
215.95		211		1926		1		2
218.568		224.281		1921		1		2
286.158		103.41		1885		2		2
296.041		157.837		1979		2		2
300.436		210.673		1967		2		2
298.332		223.43		1965		2		2
243.398		204.409		1882		2		2
239.954		288.94		2037		2		2
240.076		353.102		2112		2		2
236.887		369.768		2064		2		2
272.286		203.356		1898		2		2
277.845		290.135		2049		2		2
281.404		354.442		2105		2		2
296.078		361.255		2250		2		2
255.846		92.6298		1865		2		2
221.158		240.46		1927		2		2
228.717		220.127		1965		2		2
296.518		239.275		1965		2		2
288.296		217.946		1966		2		2
Frame 20
257.847		203.883		1882		2		2
256.711		140.987		1847		2		2
255.564		76.319		1841		2		2
255.298		45.3303		1747		2		2
221.297		102.758		1881		2		2
215.666		159.187		1935		1		2
216.009		210.975		1929		1		2
218.791		224.113		1924		1		2
286.15		103.407		1884		2		2
296.059		157.865		1974		2		2
300.44		210.568		1968		2		2
298.309		223.461		1967		2		2
243.394		204.398		1886		2		2
239.955		288.943		2033		2		2
240.026		353.135		2120		2		2
236.814		369.913		2073		2		2
272.287		203.355		1902		2		2
277.89		290.136		2058		2		2
281.455		354.64		2093		2		2
296.253		361.499		2241		2		2
255.856		92.642		1860		2		2
221.336		240.091		1935		2		2
228.898		225.597		1970		2		2
296.621		239.473		1970		2		2
288.405		217.688		1975		2		2
Frame 21
257.879		203.894		1883		2		2
256.735		141.008		1845		2		2
255.597		76.3305		1841		2		2
255.327		45.3895		1746		2		2
221.541		102.645		1874		2		2
215.728		159.109		1938		1		2
216.055		210.891		1930		1		2
218.672		224.072		1923		1		2
286.141		103.394		1880		2		2
296.072		157.864		1973		2		2
300.431		210.549		1969		2		2
298.554		223.358		1966		2		2
243.424		204.393		1887		2		2
239.982		289.107		2039		2		2
240.005		353.495		2118		2		2
236.869		369.99		2065		2		2
272.323		203.384		1901		2		2
277.95		290.06		2052		2		2
281.481		354.656		2091		2		2
296.288		361.403		2245		2		2
255.882		92.6566		1866		2		2
220.963		240.655		1934		2		2
228.844		223.077		1967		2		2
296.616		239.224		1965		2		2
288.535		217.403		1974		2		2
Frame 22
257.884		203.853		1881		2		2
256.714		141.052		1845		2		2
255.454		76.5345		1839		2		2
255.369		45.407		1740		2		2
221.481		102.663		1880		2		2
215.776		159.083		1939		1		2
216.175		210.744		1933		1		2
218.832		223.974		1924		1		2
286.138		103.396		1877		2		2
296.109		157.827		1980		2		2
300.453		210.457		1975		2		2
298.508		223.312		1967		2		2
243.426		204.335		1892		2		2
239.954		289.055		2039		2		2
240.003		353.495		2115		2		2
236.889		370.011		2053		2		2
272.329		203.359		1907		2		2
278.888		294.154		2078		2		2
281.487		354.661		2095		2		2
296.281		361.4		2247		2		2
255.781		92.8218		1863		2		2
221.037		240.514		1940		2		2
229		219.001		1970		2		2
296.567		239.151		1975		2		2
288.497		217.762		1970		2		2
Frame 23
257.894		203.774		1893		2		2
256.752		141.064		1852		2		2
255.548		76.5359		1838		2		2
255.379		45.4058		1739		2		2
221.427		102.67		1882		2		2
215.834		158.995		1941		1		2
216.222		210.602		1937		1		2
218.77		223.733		1930		1		2
286.157		103.388		1879		2		2
296.131		157.691		1977		2		2
300.607		209.803		1982		2		2
298.694		223.144		1964		2		2
243.453		204.256		1891		2		2
239.966		289.235		2039		2		2
240.004		353.633		2124		2		2
237.006		370.094		2055		2		2
272.327		203.282		1906		2		2
278.529		294.854		2075		2		2
281.517		354.698		2090		2		2
296.34		361.741		2259		2		2
255.847		92.8308		1858		2		2
220.586		239.683		1942		2		2
228.846		219.391		1973		2		2
296.738		238.775		1971		2		2
288.329		216.791		1973		2		2
Frame 24
257.825		203.677		1889		2		2
256.71		141.133		1859		2		2
255.456		76.7161		1837		2		2
255.327		45.4107		1735		2		2
221.391		102.675		1881		2		2
215.88		158.884		1942		1		2
216.285		210.483		1934		1		2
218.95		223.338		1935		1		2
286.153		103.378		1881		2		2
296.203		157.631		1982		2		2
300.668		209.543		1976		2		2
298.913		222.942		1977		2		2
243.394		204.13		1900		2		2
239.859		288.686		2041		2		2
240.057		353.514		2114		2		2
237.029		370.026		2060		2		2
272.25		203.217		1913		2		2
278.494		290.255		2062		2		2
281.528		354.694		2100		2		2
296.333		361.429		2252		2		2
255.776		92.9777		1860		2		2
221.806		239.382		1941		2		2
229.384		218.461		1956		2		2
296.549		238.742		1982		2		2
288.754		216.498		1983		2		2
Frame 25
257.767		203.626		1895		2		2
256.733		141.192		1853		2		2
255.613		76.838		1819		2		2
255.455		45.4174		1731		2		2
221.567		102.585		1876		2		2
215.925		158.937		1948		1		2
216.299		210.349		1943		1		2
218.735		222.991		1939		1		2
286.17		103.355		1879		2		2
296.323		157.586		1985		2		2
300.717		209.568		1976		2		2
299.066		222.531		1976		2		2
243.34		204.008		1897		2		2
239.865		288.671		2043		2		2
240.006		353.417		2126		2		2
236.975		369.98		2068		2		2
272.19		203.23		1916		2		2
278.496		290.241		2066		2		2
281.516		354.687		2094		2		2
296.04		361.61		2250		2		2
255.88		93.0897		1859		2		2
221.159		238.855		1947		2		2
229		225.001		1970		2		2
296.559		238.221		1985		2		2
288.502		215.501		1982		2		2
Frame 26
257.709		203.455		1901		2		2
256.769		141.326		1862		2		2
255.82		77.2471		1831		2		2
255.569		45.4173		1728		2		2
221.763		102.496		1875		2		2
216.01		159.1		1956		1		2
216.395		210.223		1951		1		2
218.409		223.092		1942		1		2
286.45		103.38		1875		2		2
296.477		157.558		1988		2		2
300.776		209.506		1986		2		2
299.304		222.418		1983		2		2
243.296		203.793		1907		2		2
239.862		288.68		2038		2		2
239.985		353.377		2122		2		2
236.99		369.967		2068		2		2
272.118		203.106		1918		2		2
278.502		290.176		2068		2		2
281.538		354.656		2092		2		2
296.015		361.004		2247		2		2
256.027		93.4223		1858		2		2
221.581		239.426		1957		2		2
229		223.501		1977		2		2
296.511		238.437		1995		2		2
288.302		213.399		1981		2		2
Frame 27
257.787		203.281		1905		2		2
256.847		141.412		1858		2		2
256.001		77.3488		1818		2		2
255.649		45.5945		1718		2		2
221.91		102.411		1880		2		2
216.048		158.983		1958		1		2
216.378		209.858		1956		1		2
218.262		222.809		1947		1		2
286.634		103.322		1874		2		2
296.708		157.523		1990		2		2
300.921		209.384		1991		2		2
299.45		222.469		1983		2		2
243.421		203.587		1911		2		2
239.854		288.565		2043		2		2
239.964		353.378		2121		2		2
236.992		369.96		2072		2		2
272.155		202.967		1927		2		2
278.512		290.01		2070		2		2
281.483		354.901		2093		2		2
297.15		360.136		2264		2		2
256.165		93.5352		1861		2		2
220.891		238.211		1959		2		2
228.726		220.09		1990		2		2
296.95		237.487		1997		2		2
288.802		215.604		1991		2		2
Frame 28
257.801		203.211		1908		2		2
256.995		141.62		1860		2		2
256.483		77.7727		1801		2		2
255.83		45.7335		1710		2		2
222.146		102.232		1880		2		2
216.084		158.883		1960		1		2
216.425		209.579		1961		1		2
218.559		222.306		1957		1		2
286.923		103.342		1870		2		2
296.941		157.41		1995		2		2
301.115		209.045		1992		2		2
299.969		222.196		1986		2		2
243.476		203.432		1913		2		2
239.876		288.505		2039		2		2
239.97		353.375		2109		2		2
236.995		369.941		2065		2		2
272.135		202.977		1928		2		2
278.517		290.024		2064		2		2
281.488		354.88		2088		2		2
296.745		364.074		2217		2		2
256.546		93.9311		1854		2		2
220.971		237.862		1964		2		2
228.9		216.901		1989		2		2
296.743		237.588		1994		2		2
289		214.001		2017		2		2
Frame 29
257.89		203.06		1917		2		2
257.082		141.959		1873		2		2
256.586		78.5716		1793		2		2
256.002		46.0051		1706		2		2
222.343		102.134		1877		2		2
216.125		158.804		1966		1		2
216.4		209.312		1967		1		2
218.185		221.884		1964		1		2
287.041		103.273		1870		2		2
297.143		157.364		1991		2		2
301.273		209.001		2000		2		2
300.265		222.104		1995		2		2
243.602		203.246		1920		2		2
239.964		288.375		2039		2		2
239.96		353.409		2123		2		2
236.919		369.965		2072		2		2
272.178		202.87		1934		2		2
277.913		292.916		2079		2		2
281.462		354.907		2096		2		2
296.433		362.872		2234		2		2
256.667		94.6296		1855		2		2
221.363		237.686		1976		2		2
228.749		217.5		1995		2		2
296.583		237.662		2001		2		2
289		213.501		1994		2		2
Frame 30
257.883		202.941		1929		2		2
257.002		142.205		1873		2		2
256.465		78.6469		1777		2		2
256.202		46.4614		1697		2		2
222.196		102.182		1877		2		2
216.138		158.71		1968		1		2
216.424		208.707		1979		1		2
218.538		221.646		1974		1		2
287.093		103.29		1872		2		2
297.427		157.309		2002		2		2
301.475		208.911		2007		2		2
300.552		221.924		2001		2		2
243.62		203.122		1930		2		2
239.964		288.024		2044		2		2
239.955		353.233		2123		2		2
237.027		368.806		2074		2		2
272.149		202.758		1942		2		2
278.029		291.669		2071		2		2
281.449		354.869		2107		2		2
296.458		362.208		2238		2		2
256.578		94.7302		1855		2		2
220.952		236.953		1981		2		2
229		216.094		1993		2		2
297.056		236.736		2010		2		2
293.843		223.157		2067		2		2
Frame 31
257.936		202.947		1930		2		2
257.15		142.849		1884		2		2
256.744		80.2295		1770		2		2
256.473		47.2352		1684		2		2
222.122		102.209		1873		2		2
216.189		158.839		1976		1		2
216.358		208.626		1978		1		2
218.335		221.67		1979		1		2
286.924		103.291		1867		2		2
297.629		157.248		1998		2		2
301.942		206.435		2013		2		2
300.822		221.849		2005		2		2
243.676		203.082		1939		2		2
239.988		287.96		2032		2		2
239.96		353.241		2122		2		2
236.896		369.01		2063		2		2
272.197		202.814		1949		2		2
278.116		291.402		2069		2		2
281.457		354.901		2098		2		2
296.399		362.232		2235		2		2
256.83		96.1271		1849		2		2
221.014		237.091		1990		2		2
229		221		2005		2		2
297.378		236.766		2012		2		2
294.64		223.91		2037		2		2
Frame 32
258		202.803		1937		2		2
257.184		143.047		1883		2		2
256.729		80.2433		1758		2		2
256.812		48.2098		1672		2		2
222.075		102.249		1872		2		2
216.221		159.09		1980		1		2
215.969		207.298		1984		1		2
218.189		221.552		1982		1		2
287.071		103.423		1868		2		2
297.947		157.264		2006		2		2
301.997		206.977		2019		2		2
301.098		221.961		2008		2		2
243.787		202.949		1950		2		2
240.069		287.474		2032		2		2
239.954		353.254		2124		2		2
236.779		369.14		2073		2		2
272.219		202.66		1957		2		2
278.367		291.114		2058		2		2
281.446		354.865		2101		2		2
296.397		362.199		2233		2		2
256.818		96.1699		1851		2		2
220.846		235.852		1992		2		2
229		218.43		2012		2		2
297.346		236.694		2025		2		2
289.502		210		2026		2		2
Frame 33
258.127		202.815		1945		2		2
257.197		143.005		1887		2		2
256.511		77.9495		1738		2		2
257.438		49.2398		1660		2		2
222.049		102.279		1873		2		2
216.247		159.196		1986		1		2
215.866		207.897		1996		1		2
217.403		221.737		1989		1		2
287.227		103.677		1864		2		2
298.223		157.324		2006		2		2
302.078		207.49		2021		2		2
301.351		221.991		2016		2		2
243.931		202.964		1954		2		2
240.084		287.603		2025		2		2
239.973		353.237		2120		2		2
236.906		368.984		2077		2		2
272.328		202.667		1969		2		2
278.167		291.438		2056		2		2
281.45		354.869		2096		2		2
296.143		362.148		2231		2		2
256.728		94.9108		1845		2		2
220.754		236.042		2003		2		2
228.248		219.372		2028		2		2
297.417		236.67		2028		2		2
294.885		224.115		2065		2		2
Frame 34
258.117		202.984		1952		2		2
257.251		143.106		1886		2		2
256.747		77.8453		1727		2		2
258.386		50.7505		1645		2		2
222.055		102.347		1868		2		2
216.219		159.657		1989		1		2
215.327		206.446		2001		1		2
217.226		221.81		1998		1		2
287.515		104.096		1862		2		2
298.543		157.634		2002		2		2
302.322		207.962		2026		2		2
301.642		221.932		2019		2		2
243.919		203.199		1953		2		2
240.125		289.028		2031		2		2
239.917		353.393		2117		2		2
236.698		370.456		2054		2		2
272.321		202.774		1966		2		2
278.303		290.748		2032		2		2
281.454		354.9		2088		2		2
296.119		362.113		2243		2		2
256.915		94.8916		1842		2		2
220.725		235.935		2008		2		2
223.308		222.299		2008		2		2
297.559		236.614		2031		2		2
293.332		228.001		2070		2		2
Frame 35
258.396		203.151		1952		2		2
257.533		143.74		1891		2		2
257.092		79.1371		1717		2		2
258.94		52.0832		1635		2		2
223.003		102.66		1869		2		2
216.189		160.371		1996		1		2
215.307		207.215		2014		1		2
217.055		221.783		2006		1		2
287.803		104.641		1862		2		2
298.965		158.116		2012		2		2
302.529		208.345		2024		2		2
301.759		222.058		2025		2		2
244.217		203.327		1958		2		2
240.139		289.073		2032		2		2
239.912		353.407		2118		2		2
236.658		370.538		2058		2		2
272.575		202.979		1972		2		2
278.221		291.896		2043		2		2
281.55		355.221		2091		2		2
296.207		362.235		2238		2		2
257.262		96.0539		1843		2		2
220.632		235.625		2024		2		2
222.644		221.089		2020		2		2
297.506		236.687		2030		2		2
295.496		223.37		2038		2		2
Frame 36
258.522		203.335		1963		2		2
257.856		144.492		1894		2		2
257.675		80.0397		1685		2		2
259.455		53.5847		1618		2		2
223.694		102.891		1868		2		2
216.463		160.766		2006		1		2
215.013		205.519		2020		1		2
217.092		221.686		2018		1		2
288.15		105.316		1860		2		2
299.795		158.997		2012		2		2
303.092		206.75		2036		2		2
302.181		222.134		2030		2		2
244.35		203.485		1976		2		2
240.16		288.967		2038		2		2
239.841		353.378		2119		2		2
236.667		370.443		2052		2		2
272.697		203.186		1981		2		2
278.412		291.152		2041		2		2
281.581		355.233		2103		2		2
296.202		362.231		2242		2		2
257.765		96.966		1837		2		2
220.076		234.886		2031		2		2
222.913		220.456		2033		2		2
297.792		236.646		2040		2		2
296.511		225.511		2047		2		2
Frame 37
258.779		203.537		1968		2		2
258.229		145.324		1897		2		2
258.188		81.0954		1678		2		2
259.707		55.0488		1597		2		2
224.236		103.282		1871		2		2
216.535		161.203		2009		1		2
214.896		205.248		2032		1		2
216.728		221.175		2029		1		2
288.82		106.564		1858		2		2
300.14		159.349		2010		2		2
303.273		206.642		2040		2		2
302.271		222.129		2032		2		2
244.616		203.689		1983		2		2
240.174		288.998		2027		2		2
239.859		353.398		2113		2		2
236.888		370.231		2061		2		2
272.956		203.385		1983		2		2
278.486		290.741		2028		2		2
281.581		355.217		2086		2		2
296.203		361.773		2242		2		2
258.231		97.9983		1828		2		2
220.411		235.086		2043		2		2
222.185		218.457		2041		2		2
298.612		236.485		2051		2		2
293.286		227.999		2083		2		2
Frame 38
259.147		203.489		1972		2		2
258.519		145.7		1899		2		2
258.492		81.4579		1666		2		2
259.821		57.2177		1578		2		2
223.863		103.643		1872		2		2
216.861		161.557		2018		1		2
214.892		205.397		2042		1		2
216.55		220.997		2042		1		2
288.656		106.538		1857		2		2
300.458		159.551		2010		2		2
303.67		207.759		2043		2		2
302.36		222.366		2040		2		2
244.967		203.73		1991		2		2
240.242		289.085		2032		2		2
239.902		353.382		2118		2		2
236.792		370.247		2061		2		2
273.339		203.238		1989		2		2
278.653		290.477		2035		2		2
281.609		355.19		2093		2		2
296.184		361.814		2245		2		2
258.535		98.3911		1789		2		2
220.35		234.701		2052		2		2
222.15		219.638		2055		2		2
298.285		236.874		2053		2		2
293.146		226.857		2091		2		2
Frame 39
260.06		203.863		1977		2		2
259.174		146.484		1902		2		2
259.083		82.136		1659		2		2
260.212		59.3778		1533		2		2
225.942		105.66		1870		2		2
217.263		162.037		2021		1		2
214.891		205.635		2054		1		2
216.526		220.868		2055		1		2
288.521		106.678		1856		2		2
301.122		160.077		2009		2		2
303.954		208.4		2049		2		2
302.186		222.689		2051		2		2
245.726		204.14		2003		2		2
240.22		289.394		2033		2		2
239.936		353.452		2122		2		2
236.84		370.181		2056		2		2
274.424		203.579		1993		2		2
278.667		290.931		2039		2		2
281.623		355.332		2091		2		2
296.228		361.749		2254		2		2
259.14		99.1385		1771		2		2
220.127		234.717		2068		2		2
222.031		218.775		2061		2		2
298.612		237.137		2061		2		2
292.501		221.597		2078		2		2
Frame 40
260.457		204.073		1987		2		2
259.717		147.267		1898		2		2
259.685		83.0431		1643		2		2
260.852		61.3998		1560		2		2
226.65		106.567		1869		2		2
217.828		163.059		2036		1		2
215.245		206.646		2061		1		2
216.652		220.378		2059		1		2
289.009		108.068		1843		2		2
301.69		160.398		2004		2		2
304.294		208.819		2049		2		2
302.175		223.159		2050		2		2
246.075		204.285		2014		2		2
240.399		289.643		2028		2		2
239.96		353.447		2118		2		2
237.132		369.59		2060		2		2
274.876		203.848		1995		2		2
278.932		290.629		2040		2		2
281.685		355.406		2092		2		2
296.644		361.979		2254		2		2
259.732		100.069		1751		2		2
220.15		234.091		2078		2		2
221.859		218.956		2069		2		2
298.88		237.382		2062		2		2
292.823		221.815		2081		2		2
Frame 41
263.613		195.92		2014		2		2
262.559		147.564		1905		2		2
260.768		86.2128		1628		2		2
261.42		64.619		1525		2		2
227.143		107.26		1870		2		2
218.311		163.766		2041		1		2
215.793		207.062		2076		1		2
216.928		219.905		2073		1		2
289.124		108.98		1842		2		2
302.312		160.753		1998		2		2
304.846		209.159		2060		2		2
302.37		223.366		2062		2		2
249.285		196.155		2015		2		2
240.516		289.795		2027		2		2
239.952		353.611		2119		2		2
237.078		369.647		2058		2		2
277.998		195.683		2011		2		2
279.184		290.122		2034		2		2
281.504		355.254		2087		2		2
296.636		361.934		2240		2		2
260.548		101.744		1697		2		2
220.376		233.751		2087		2		2
222.501		219.5		2085		2		2
299.607		238.133		2080		2		2
293.085		219.449		2085		2		2
Frame 42
263.998		195.829		2022		2		2
262.716		147.726		1902		2		2
261.319		87.9071		1608		2		2
261.633		67.5988		1528		2		2
227.585		107.988		1873		2		2
218.704		164.314		2055		1		2
216.259		207.154		2080		1		2
217.252		219.739		2085		1		2
291.476		115.364		1838		2		2
303.223		161.27		1991		2		2
305.237		209.636		2062		2		2
302.583		223.916		2072		2		2
249.821		195.886		2032		2		2
240.681		289.79		2033		2		2
239.952		353.612		2121		2		2
237.041		369.62		2067		2		2
278.275		195.714		2014		2		2
279.567		289.455		2032		2		2
281.515		355.243		2090		2		2
296.644		361.67		2253		2		2
261.389		103.622		1680		2		2
219.912		232.826		2101		2		2
222.618		219.658		2095		2		2
298.923		239.583		2081		2		2
293.502		218.038		2083		2		2
Frame 43
264.533		195.202		2024		2		2
263.055		148.637		1903		2		2
262.05		92.416		1601		2		2
261.818		71.3825		1518		2		2
229.755		113.207		1872		2		2
219.087		165.153		2064		1		2
216.62		207.794		2095		1		2
217.55		219.239		2096		1		2
291.614		115.718		1826		2		2
304.003		162.343		1986		2		2
305.755		210.536		2070		2		2
303.35		224.593		2071		2		2
250.176		195.162		2032		2		2
240.695		289.919		2032		2		2
239.939		353.662		2120		2		2
237.035		369.647		2063		2		2
278.976		195.227		2023		2		2
279.743		289.416		2030		2		2
281.535		355.237		2099		2		2
296.465		361.456		2255		2		2
262.229		107.404		1688		2		2
221.056		232.779		2112		2		2
222.897		220.103		2101		2		2
300.423		239.999		2090		2		2
294.002		221.52		2085		2		2
Frame 44
265.285		194.855		2028		2		2
264.051		150.395		1899		2		2
263.457		96.9581		1588		2		2
262.227		76.0592		1524		2		2
229.728		113.184		1868		2		2
219.375		165.85		2069		1		2
217.022		208.252		2098		1		2
218.09		218.632		2107		1		2
291.924		116.626		1823		2		2
305.268		164.624		1975		2		2
306.202		211.29		2069		2		2
303.836		225.734		2074		2		2
251.116		194.493		2013		2		2
240.712		289.923		2025		2		2
239.929		353.641		2119		2		2
237.019		369.572		2055		2		2
279.587		195.12		2030		2		2
279.946		288.78		2025		2		2
281.443		355.013		2092		2		2
296.455		361.416		2251		2		2
263.674		111.595		1693		2		2
220.783		232.737		2120		2		2
223.064		217.585		2116		2		2
300.424		240.998		2094		2		2
294.41		221.768		2084		2		2
Frame 45
265.352		195.064		2035		2		2
265.262		153.837		1906		2		2
266.509		104.246		1567		2		2
262.369		79.0427		1484		2		2
231.236		120.973		1876		2		2
219.695		168.543		2094		1		2
217.429		210.703		2115		1		2
218.619		220.234		2115		1		2
293.273		121.626		1823		2		2
306.348		168.002		1987		2		2
306.648		212.63		2070		2		2
301.502		227.616		2087		2		2
250.987		194.729		2030		2		2
240.693		290.306		2039		2		2
239.919		353.566		2114		2		2
237.049		369.433		2063		2		2
279.869		195.345		2037		2		2
280.043		288.575		2017		2		2
281.45		354.948		2087		2		2
296.381		361.286		2258		2		2
266.101		117.846		1756		2		2
221.001		232.935		2138		2		2
223.943		220.762		2122		2		2
297.804		243.534		2102		2		2
290.2		222.798		2061		2		2
Frame 46
265.649		194.487		2035		2		2
265.545		155.835		1900		2		2
266.13		108.577		1593		2		2
262.804		85.5833		1495		2		2
231.436		123.007		1874		2		2
219.818		169.186		2094		1		2
217.563		211.128		2128		1		2
221.208		219.343		2129		1		2
293.468		124.85		1816		2		2
306.696		169.192		1991		2		2
306.935		213.39		2076		2		2
302.009		228.8		2085		2		2
251.053		194.072		2030		2		2
240.709		290.256		2046		2		2
239.922		353.594		2119		2		2
237.026		369.479		2061		2		2
280.354		194.878		2051		2		2
280.18		288.363		2017		2		2
281.474		355.007		2088		2		2
296.477		361.24		2246		2		2
265.99		121.622		1735		2		2
221.902		232.823		2146		2		2
232.684		221.991		2114		2		2
299.059		244.349		2098		2		2
290.358		227.429		2062		2		2
Frame 47
265.609		194.373		2043		2		2
265.777		158.599		1914		2		2
266.444		115.129		1593		2		2
263.311		90.3666		1499		2		2
231.534		127.566		1875		2		2
220.104		169.844		2094		1		2
217.887		211.525		2131		1		2
221.67		219.794		2138		1		2
294.189		130.505		1831		2		2
307.382		171.187		1991		2		2
307.304		214.486		2079		2		2
302.918		230.611		2089		2		2
250.814		193.767		2033		2		2
240.725		290.232		2042		2		2
239.893		353.667		2116		2		2
236.923		369.549		2067		2		2
280.52		194.957		2061		2		2
280.275		288.448		2017		2		2
281.634		355.088		2086		2		2
296.462		361.378		2245		2		2
266.268		127.15		1770		2		2
222.645		233.501		2161		2		2
232.828		223.366		2114		2		2
300.156		245.699		2101		2		2
291.501		228.483		2081		2		2
Frame 48
265.673		193.847		2053		2		2
265.532		160.02		1915		2		2
265.469		117.527		1537		2		2
263.365		95.7822		1474		2		2
231.15		131.083		1876		2		2
220.643		172.267		2102		1		2
217.788		213.721		2142		1		2
222.1		220.807		2147		1		2
294.167		133.988		1832		2		2
307.704		174.742		1997		2		2
307.857		217.133		2084		2		2
303.244		232.313		2087		2		2
250.867		193.273		2042		2		2
240.643		290.66		2056		2		2
239.919		353.618		2119		2		2
236.939		369.487		2058		2		2
280.602		194.417		2078		2		2
280.304		288.333		2018		2		2
281.549		355.017		2091		2		2
296.192		361.498		2244		2		2
265.512		129.345		1699		2		2
223.448		234.112		2173		2		2
232.649		224.047		2113		2		2
300.137		247.399		2101		2		2
291.418		232.663		2077		2		2
Frame 49
265.099		194.154		2061		2		2
265.269		162.479		1901		2		2
265.563		122.119		1546		2		2
263.285		102.23		1479		2		2
230.526		134.235		1866		2		2
220.47		176.343		2107		1		2
217.752		217.559		2153		1		2
222.972		221.628		2156		1		2
294.456		137.166		1831		2		2
308.212		179.198		2034		2		2
308.405		221.514		2078		2		2
304.045		233.699		2094		2		2
250.136		193.444		2056		2		2
240.581		290.783		2053		2		2
239.94		353.588		2113		2		2
236.925		369.479		2061		2		2
280.175		194.868		2087		2		2
280.265		288.657		2015		2		2
281.559		355.026		2095		2		2
296.206		361.515		2260		2		2
265.473		133.35		1591		2		2
223.439		235.251		2180		2		2
233.295		225.298		2102		2		2
300.898		248.61		2109		2		2
291.525		229.644		2088		2		2
Frame 50
263.88		194.963		2082		2		2
264.684		165.591		1921		2		2
265.905		127.724		1522		2		2
263.525		108.054		1503		2		2
230.288		138.779		1864		2		2
220.137		178.233		2112		1		2
217.737		219.303		2162		1		2
222.73		222.819		2166		1		2
295.028		141.446		1833		2		2
308.335		181.463		2046		2		2
308.481		223.599		2087		2		2
304.776		235.843		2099		2		2
248.889		194.195		2072		2		2
240.479		291.098		2060		2		2
239.954		353.652		2121		2		2
236.842		369.508		2064		2		2
278.971		195.74		2096		2		2
280.036		289.653		2016		2		2
281.563		355.044		2084		2		2
296.197		361.503		2251		2		2
265.521		138.307		1546		2		2
223.802		237.001		2199		2		2
232.453		226.591		2112		2		2
300.671		250.833		2110		2		2
291.323		230.269		2106		2		2
Frame 51
262.562		194.884		2080		2		2
263.505		167.904		1923		2		2
264.377		134.085		1521		2		2
263.769		114.509		1485		2		2
229.47		140.083		1838		2		2
219.777		179.207		2110		1		2
217.96		220.122		2162		1		2
222.814		223.289		2169		1		2
296.636		146.59		1842		2		2
308.212		184.041		2067		2		2
308.535		226.094		2094		2		2
305.528		237.372		2104		2		2
247.517		193.847		2052		2		2
240.42		291.372		2060		2		2
239.951		353.726		2125		2		2
236.635		369.653		2063		2		2
277.659		195.947		2102		2		2
279.951		289.826		2019		2		2
281.564		354.994		2092		2		2
296.149		361.331		2243		2		2
264.098		143.457		1576		2		2
224.001		237.89		2193		2		2
232.401		226.022		2113		2		2
301.506		251.786		2121		2		2
291.053		232.044		2122		2		2
Frame 52
261.386		195.691		2065		2		2
262.529		171.596		1919		2		2
264.137		140.22		1522		2		2
264.241		121.704		1489		2		2
229.948		147.795		1849		2		2
218.959		183.213		2115		1		2
218.299		223.592		2168		1		2
223.119		230.963		2176		1		2
297.109		149.942		1843		2		2
308.202		186.179		2071		2		2
308.465		228.015		2109		2		2
306.215		239.001		2115		2		2
246.241		194.837		2041		2		2
240.299		291.401		2061		2		2
239.914		353.582		2119		2		2
236.608		369.541		2065		2		2
276.553		196.542		2107		2		2
279.67		291.63		2033		2		2
281.63		355.044		2091		2		2
296.157		361.207		2236		2		2
263.644		149.089		1581		2		2
224.366		240.833		2204		2		2
231.511		233.548		2106		2		2
301.074		253.427		2122		2		2
300.288		239.896		2142		2		2
Frame 53
260.507		197.674		2069		2		2
261.948		175.196		1939		2		2
263.984		144.862		1510		2		2
264.325		126.917		1520		2		2
229.251		150.059		1832		2		2
218.901		184.236		2112		1		2
218.145		224.457		2158		1		2
222.396		232.093		2171		1		2
296.619		156.045		1857		2		2
308.372		188.861		2074		2		2
308.154		230.599		2111		2		2
306.21		240.642		2117		2		2
245.668		196.771		2047		2		2
239.916		291.625		2055		2		2
239.87		353.672		2115		2		2
236.604		370.049		2054		2		2
275.351		198.553		2123		2		2
279.507		292.723		2043		2		2
281.642		355.137		2084		2		2
296.088		361.489		2248		2		2
263.392		153.434		1525		2		2
223.235		242.539		2203		2		2
230.849		234.364		2109		2		2
301.506		254.569		2127		2		2
301.712		237.786		2131		2		2
Frame 54
259.921		197.376		2052		2		2
261.673		176.51		1935		2		2
264.053		150.222		1515		2		2
264.561		132.798		1522		2		2
227.505		151.813		1829		2		2
218.635		186.796		2114		1		2
217.23		226.926		2156		1		2
221.393		230.954		2171		1		2
298.421		156.924		1838		2		2
308.33		191.01		2098		2		2
307.67		232.423		2134		2		2
306.058		241.894		2132		2		2
245.082		196.491		2041		2		2
238.349		283.071		2017		2		2
239.819		353.579		2118		2		2
236.411		369.685		2064		2		2
274.784		198.254		2120		2		2
279.314		289.382		2015		2		2
281.987		355.441		2097		2		2
296.224		361.877		2248		2		2
263.326		157.422		1526		2		2
222.875		245.126		2200		2		2
230.752		234.633		2105		2		2
301.303		256.4		2141		2		2
300.438		244.501		2159		2		2
Frame 55
259.783		196.79		2038		2		2
261.548		177.847		1907		2		2
263.91		154.754		1500		2		2
264.621		138.016		1521		2		2
226.732		154.223		1825		2		2
217.687		191.572		2114		2		2
216.768		231.627		2164		2		2
220.759		239.2		2170		2		2
299.336		158.225		1846		2		2
307.536		194.282		2116		2		2
307.134		235.476		2143		2		2
305.636		243.825		2142		2		2
244.945		196.15		2031		2		2
238.291		283.346		2017		2		2
239.74		353.52		2114		2		2
236.369		369.685		2062		2		2
274.639		197.38		2124		2		2
279.191		288.758		2005		2		2
281.968		355.67		2079		2		2
296.21		361.92		2249		2		2
263.208		161.17		1509		2		2
221.296		249.1		2200		2		2
229.19		240.937		2099		2		2
301.812		257.896		2153		2		2
300.359		248.85		2159		2		2
Frame 56
259.768		196.583		2026		2		2
260.361		185.817		1941		2		2
261.308		170.269		1554		2		2
265.192		140.215		1518		2		2
225.095		154.355		1810		2		2
216.45		193.96		2117		2		2
216.505		234.039		2158		2		2
220.232		236.09		2166		2		2
299.702		161.001		1852		2		2
307.29		195.432		2112		2		2
306.62		236.109		2158		2		2
305.152		245.641		2157		2		2
244.987		195.481		2013		2		2
238.186		283.634		2012		2		2
239.675		353.677		2126		2		2
236.395		369.662		2067		2		2
274.621		197.403		2133		2		2
278.782		285.358		2003		2		2
281.928		355.911		2078		2		2
296.199		361.91		2252		2		2
261.028		174.859		1531		2		2
221.778		250.889		2191		2		2
229.884		239.092		2100		2		2
300.575		258.928		2174		2		2
300.497		243.565		2175		2		2
Frame 57
259.044		192.789		1974		2		2
260.266		185.818		1628		2		2
261.349		174.151		1522		2		2
265.286		144.196		1529		2		2
224.445		156.16		1811		2		2
215.43		196.576		2114		2		2
215.281		236.905		2154		2		2
219.238		241.619		2161		2		2
299.767		163.723		1854		2		2
306.952		198.066		2129		2		2
306.495		238.307		2166		2		2
304.881		246.972		2173		2		2
244.294		191.803		1965		2		2
238.141		283.573		2003		2		2
239.648		353.716		2121		2		2
236.513		369.515		2064		2		2
273.884		193.95		2010		2		2
278.691		285.738		2001		2		2
281.714		355.646		2086		2		2
296.021		361.995		2253		2		2
260.983		176.963		1557		2		2
220.889		256.223		2189		2		2
228.653		245.038		2105		2		2
300.576		260.355		2189		2		2
300.302		247.869		2185		2		2
Frame 58
258.676		192.427		0		2		2
259.711		186.626		1546		2		2
260.462		180.375		1531		2		2
264.756		150.535		1530		2		2
223.77		157.851		1813		2		2
214.727		198.438		2108		2		2
215.142		239.129		2145		2		2
218.851		247.924		2151		2		2
299.715		165.165		1860		2		2
306.94		201.926		2142		2		2
306.059		241.95		2183		2		2
304.447		248.438		2185		2		2
243.841		191.274		1963		2		2
238.062		283.285		1997		2		2
239.614		353.868		2113		2		2
236.609		369.58		2059		2		2
273.534		193.653		1983		2		2
278.613		286.116		2002		2		2
281.801		355.898		2094		2		2
295.484		362.248		2206		2		2
260.133		181.889		1552		2		2
221.287		259.071		2178		2		2
228.366		246.992		2088		2		2
300.361		261.57		2206		2		2
299.265		248.13		2203		2		2
Frame 59
258.37		228.997		2211		2		2
259.528		210.992		2111		2		2
260.76		182.096		1520		2		2
264.544		152.372		1536		2		2
223.778		164.798		1824		2		2
213.97		201.077		2115		2		2
215.142		241.833		2144		2		2
218.27		248.585		2151		2		2
286.395		183.372		1654		2		2
299.174		197.641		2087		2		2
305.088		233.961		2191		2		2
304.664		247.821		2205		2		2
246.673		226.042		2147		2		2
236.284		294.251		1995		2		2
239.606		353.942		2114		2		2
236.572		369.599		2067		2		2
270.222		231.995		2114		2		2
280.931		302.551		2010		2		2
281.772		356.328		2086		2		2
295.522		362.199		2208		2		2
260.727		192.375		1552		2		2
220.65		262.7		2174		2		2
227.9		252.247		2089		2		2
303.402		261.599		2246		2		2
298.57		251.48		2232		2		2
Frame 60
259.043		230.728		2193		2		2
259.926		213.824		2121		2		2
260.903		190.614		1544		2		2
263.998		160.864		1550		2		2
223.64		166.056		1826		2		2
213.318		205.331		2115		2		2
214.673		246.167		2143		2		2
217.764		254.325		2142		2		2
286.315		183.519		1573		2		2
299.006		197.751		2067		2		2
304.377		233.966		2207		2		2
304.6		248.902		2219		2		2
246.947		227.854		2158		2		2
236.055		294.667		1992		2		2
239.454		354.41		2110		2		2
236.479		370.14		2060		2		2
271.436		233.911		2108		2		2
280.564		304.105		2008		2		2
281.703		356.47		2084		2		2
295.514		362.228		2206		2		2
260.722		196.628		1552		2		2
220.138		265.334		2162		2		2
227.809		252.364		2087		2		2
303.198		262.457		2263		2		2
298.897		253.235		2241		2		2
Frame 61
258.262		231.792		2220		2		2
258.659		216.776		2131		2		2
259.405		195.342		1561		2		2
263.816		165.874		1552		2		2
223.782		167.86		1831		2		2
213.234		206.946		2120		2		2
214.904		252.006		2144		2		2
216.993		258.787		2144		2		2
286.363		184.792		1582		2		2
297.911		201.054		2095		2		2
303.879		234.724		2229		2		2
304.16		250.564		2240		2		2
245.738		229.381		2159		2		2
235.87		295.856		1987		2		2
237.983		365.937		2083		2		2
234.085		377.872		2038		2		2
270.7		234.691		2120		2		2
280.419		302.842		2000		2		2
281.551		356.489		2087		2		2
295.537		362.29		2224		2		2
259.054		201.815		1571		2		2
218.181		268.545		2153		2		2
226.577		257.464		2099		2		2
303.498		264.001		2286		2		2
297.311		255.935		2285		2		2
Frame 62
255.481		231.534		0		2		2
257.189		217.673		2107		2		2
258.531		198.138		1563		2		2
264.278		169.026		1550		2		2
223.951		168.776		1836		2		2
212.897		208.566		2124		2		2
214.006		249.502		2137		2		2
215.445		258.578		2133		2		2
286.701		184.49		1605		2		2
297.838		201.347		2062		2		2
302.009		239.036		2243		2		2
304.223		244.521		2238		2		2
239.736		231.049		2132		2		2
236.251		301.864		1994		2		2
238.609		371.398		2057		2		2
227.122		363.37		2216		2		2
266.832		231.656		2160		2		2
279.242		293.996		1982		2		2
281.54		356.37		2084		2		2
295.551		362.22		2204		2		2
258.135		203.693		1584		2		2
218.335		271.335		2153		2		2
222.249		255.929		0		2		2
304.5		258		2257		2		2
300.499		247.996		2261		2		2
Frame 63
247.627		235.05		2171		2		2
253.455		225.071		2190		2		2
261.862		210.679		1585		2		2
263.033		179.323		1566		2		2
224.192		175.315		1842		2		2
212.724		216.153		2138		2		2
213.867		256.869		2143		2		2
216.241		263.584		2142		2		2
291.674		193.152		1639		1		2
299.789		207.566		2116		2		2
302.835		243.421		2248		2		2
304.018		253.141		2262		2		2
234.325		232.105		2129		2		2
237.128		291.085		1975		2		2
239.604		360.879		2107		2		2
234.47		376.14		2053		2		2
260.806		237.978		0		2		2
283.417		285.066		1974		2		2
286.03		358.532		2105		2		2
292.994		369.932		2086		2		2
259.43		214.843		1631		2		2
218.334		274.446		2156		2		2
226.872		259.613		2092		2		2
303.735		266.361		2292		2		2
297.706		261.065		2296		2		2
Frame 64
245.373		235.695		2166		2		2
251.014		225.648		2181		2		2
259.043		211.154		1583		2		2
262.96		182.132		1568		2		2
224.415		178.66		1853		2		2
212.418		218.532		2142		2		2
213.789		259.392		2146		2		2
216.086		266.252		2155		2		2
287.472		201.286		1672		2		2
297.863		212.867		2228		2		2
302.807		245.516		2271		2		2
304.203		254.408		2270		2		2
232.265		231.978		2153		2		2
237.462		290.071		1963		2		2
239.855		359.776		2104		2		2
234.729		375.333		2004		2		2
257.983		239.686		2686		2		2
284.133		285.464		1982		2		2
286.703		358.366		2099		2		2
279.028		376.352		2138		2		2
256.728		215.35		1602		2		2
219.501		276.252		2161		2		2
226.926		262.066		2078		2		2
304.276		267.545		2318		2		2
297.903		263.717		2311		2		2
Frame 65
247.497		234.426		2199		2		2
251.941		226.036		1633		2		2
260.111		214.007		1573		2		2
262.105		185.078		1578		2		2
236.115		199.97		1614		2		2
219.828		214.91		2186		2		2
214.551		259.9		2152		2		2
218.953		263.475		2145		2		2
290.122		205.165		0		1		2
299.14		216.283		2232		2		2
303.3		247.121		2270		2		2
304.414		255.56		2287		2		2
233.365		232.514		2160		2		2
237.364		292.159		1969		2		2
239.759		361.888		2097		2		2
233.764		376.523		2046		2		2
262.505		234.815		2206		2		2
283.667		288.911		1968		2		2
286.087		361.446		2098		2		2
291.569		370.048		2058		2		2
257.691		217.167		1575		2		2
218.186		278.182		2156		2		2
228.933		273.397		2039		2		2
305.904		268.598		2317		2		2
298.297		265.1		2319		2		2
Frame 66
245.632		231.573		2192		2		2
254.127		226.455		0		2		2
266.77		219.235		1602		2		2
262.068		191.39		1591		2		2
235.994		203.093		1649		2		2
219.844		218.064		2188		2		2
214.21		262.585		2153		2		2
214.226		269.373		2141		2		2
296.259		209.835		2073		1		2
301.83		219.269		2240		2		2
304.345		250.646		2278		2		2
304.684		259.069		2296		2		2
232.931		230.444		2171		2		2
236.945		284.756		1957		2		2
239.133		353.684		2103		2		2
236.331		370.249		2067		2		2
258.26		232.757		2229		2		2
280.291		279.7		1959		2		2
282.766		350.929		2072		2		2
293.868		362.032		2142		2		2
263.183		221.327		1609		2		2
217.801		280.799		2163		2		2
228		271.665		2055		2		2
304.4		272.2		2351		2		2
299.895		269.248		2332		2		2
Frame 67
246.133		231.826		2192		2		2
254.332		227.281		1678		2		2
266.601		220.474		1645		2		2
261.628		192.683		1600		2		2
237.373		214.516		1693		2		2
219.967		222.452		2192		2		2
213.552		265.656		2165		2		2
213.38		271.769		2153		2		2
286.618		214.708		1671		2		2
297.662		222.441		2279		2		2
303.263		250.98		2301		2		2
304.788		259.749		2306		2		2
231.668		231.944		2189		2		2
237.331		287.333		1954		2		2
239.475		356.465		2107		2		2
235.747		372.762		2069		2		2
261.626		230.8		1633		2		2
283.696		289.285		1967		2		2
285.957		361.261		2094		2		2
286.034		380.419		1985		2		2
263.102		222.279		1600		2		2
216.402		283		2173		2		2
218.876		281.126		2162		2		2
303.163		273.102		2341		2		2
298.998		269.113		2346		2		2
Frame 68
246.021		229.96		1908		2		2
252.46		226.32		1607		2		2
260.202		222.36		1610		2		2
261.966		194.103		1603		2		2
231.129		214.176		0		1		2
217.856		222.897		2201		2		2
213.199		264.444		2173		2		2
212.266		272.224		2159		2		2
285.599		214.944		1648		2		2
297.207		222.997		2280		2		2
303.056		251.201		2310		2		2
305.042		259.945		2313		2		2
230.879		229.732		2211		2		2
237.338		286.869		1947		2		2
239.46		355.703		2102		2		2
235.909		372.133		2049		2		2
261.691		229.728		1591		2		2
283.498		288.867		1969		2		2
285.598		360.54		2099		2		2
285.616		379.466		1984		2		2
258.124		223.311		1601		2		2
214.862		283.999		2175		2		2
217.002		283.001		2175		2		2
302.999		273.209		2337		2		2
299.29		267.729		2373		2		2
Frame 69
246.305		229.906		1730		2		2
253.05		227.402		1621		2		2
262.57		227.178		1666		2		2
261.359		199.179		1622		2		2
236.613		210.547		1737		2		2
218.629		222.899		2224		2		2
212.039		267.332		2183		2		2
211.004		274.016		2173		2		2
286.124		219.971		1667		1		2
297.928		225.589		2303		2		2
303.144		257.652		2323		2		2
303.93		265.117		2324		2		2
232.799		227.852		0		2		2
236.846		284.31		1942		2		2
239.002		352.499		2103		2		2
236.367		370.025		2052		2		2
261.582		230.999		1648		2		2
284.393		290.12		1964		2		2
286.169		361.808		2091		2		2
283.49		380.547		1995		2		2
259.802		227.028		1634		2		2
212.121		285.249		2194		2		2
216.232		283.615		2186		2		2
299.671		278.745		0		2		2
293.622		278.743		2303		2		2
Frame 70
245.875		224.707		1632		2		2
253.064		227.039		1632		2		2
262.805		228.501		1668		2		2
261.452		200.472		1633		2		2
239.272		227.726		1680		2		2
219.309		228.995		2231		2		2
210.27		268.699		2198		2		2
209.687		275.232		2184		2		2
286.287		221.365		1686		1		2
298.024		226.28		2308		2		2
304.55		254.657		2319		2		2
305.624		263.771		2331		2		2
228.886		227.77		2292		2		2
236.861		283.688		1947		2		2
239.012		351.794		2099		2		2
236.363		370.034		2058		2		2
264.604		220.147		1603		2		2
280.523		280.169		1955		2		2
282.096		350.501		2060		2		2
289.44		368.959		2052		2		2
260.013		228.056		1644		2		2
217		284		2296		2		2
212.142		285.179		2201		2		2
304.271		276.463		2358		2		2
295.501		276.999		2351		2		2
Frame 71
246.76		226.063		1683		2		2
253.57		227.672		1629		2		2
263.08		229.327		1686		2		2
261.75		201.553		1647		2		2
239.417		227.597		1700		1		2
219.291		229.173		2254		2		2
208.819		265.402		2204		2		2
208.026		273.744		2200		2		2
286.37		222.235		1724		1		2
298.167		227.8		2311		2		2
304.775		255.792		2330		2		2
306.214		264.903		2339		2		2
232.01		234.232		2211		2		2
237.067		287.165		1948		2		2
239.214		355.639		2105		2		2
235.931		372.125		2051		2		2
264.192		220.375		1640		2		2
281.365		281.746		1952		2		2
282.438		352.117		2068		2		2
289.709		368.876		2069		2		2
260.416		228.89		1698		2		2
209.361		285.728		2214		2		2
213.293		281.782		2219		2		2
306.302		277.599		2375		2		2
296.498		277.832		2355		2		2
Frame 72
244.399		222.311		1653		2		2
252.767		226.232		1654		2		2
263.045		229.307		1695		2		2
262.037		201.597		1664		2		2
239.429		227.229		1717		1		2
227.381		204.17		1962		2		2
213.325		248.54		2254		2		2
210.01		259.186		2227		2		2
286.241		222.241		1700		1		2
298.173		228.032		2323		2		2
304.986		256.161		2338		2		2
306.745		265.725		2343		2		2
222.596		223.521		0		2		2
236.599		282.367		1942		2		2
238.708		350.063		2104		2		2
236.343		370.059		2054		2		2
264.376		219.941		1661		2		2
281.763		281.322		1961		2		2
282.327		351.549		2070		2		2
292.365		368.78		2110		2		2
260.205		228.544		1696		2		2
207.794		273.379		2214		2		2
226.998		263.452		2108		2		2
307.291		278.711		2378		2		2
300.646		276.783		2369		2		2
Frame 73
241.617		234.437		2169		2		2
249.974		232.852		0		2		2
262.107		230.101		1667		2		2
262.261		202.633		1677		2		2
238.686		227.676		1752		1		2
218.447		229.664		2271		2		2
207.059		267.059		2229		2		2
205.185		274.054		2226		2		2
285.616		221.381		1715		2		2
296.899		224.035		2291		2		2
304.799		254.777		2338		2		2
307.06		264.798		2346		2		2
222.884		242.45		2631		2		2
239.204		290.244		1956		2		2
241.263		359.137		2108		2		2
234.651		373.538		2034		2		2
259.993		226.588		1677		2		2
281.261		278.186		1960		2		2
281.538		348.078		2061		2		2
293.363		359.908		2178		2		2
258.82		230.425		1702		2		2
203.992		286.327		2267		2		2
210.611		279.438		2239		2		2
307.733		278.179		2380		2		2
301.539		274.855		2389		2		2
Frame 74
240.889		230.597		2138		2		2
250.182		230.871		1742		2		2
263.162		228.478		1710		2		2
262.522		201.518		1695		2		2
240.041		225.918		1740		1		2
218.31		229.163		2292		2		2
206.112		266.021		2234		2		2
204.26		273.967		2238		2		2
285.554		217.644		1737		2		2
297.067		222.915		2210		2		2
305.427		253.855		2348		2		2
307.712		268.4		2350		2		2
219.487		238.882		5166		2		2
238.825		288.472		1951		2		2
240.843		356.969		2098		2		2
235.421		372.795		2038		2		2
262.397		220.775		1684		2		2
281.674		278.112		1964		2		2
281.521		348.023		2052		2		2
293.005		366.264		2140		2		2
259.449		229.017		1712		2		2
204.295		287.087		2256		2		2
209.638		279.821		2244		2		2
308.007		280.632		2383		2		2
297		280		2344		2		2
Frame 75
244.42		243.248		2226		2		2
251.121		235.104		0		2		2
262.588		228.132		1724		2		2
262.972		201.09		1707		2		2
239.483		225.567		1775		1		2
218.114		229.153		2343		2		2
205.022		267.02		2245		2		2
203.356		274.814		2244		2		2
285.849		215.861		1771		2		2
297.185		222.433		2218		2		2
305.729		253.75		2355		2		2
308.283		268.821		2352		2		2
227.179		249.641		0		2		2
239.703		293.581		1971		2		2
241.683		363.529		2098		2		2
234.637		372.753		2051		2		2
260.917		237.143		2216		2		2
282.111		277.895		1969		2		2
280.349		347.041		2056		2		2
292.81		362.979		2139		2		2
259.112		229.237		1737		2		2
203.111		287.723		2257		2		2
209.037		278.391		2257		2		2
309.365		280.494		2375		2		2
303.436		278.086		2378		2		2
Frame 76
250.395		239.703		2223		2		2
249.885		218.317		1757		2		2
249.193		189.691		1742		2		2
263.368		198.997		1724		2		2
225.993		198.1		2022		2		2
207.535		231.126		2251		2		2
204.061		270.425		2251		2		2
203.516		278.729		2247		2		2
257.849		171.476		0		1		2
287.826		209.256		1763		2		2
304.503		254.159		2367		2		2
308.219		264.308		2354		2		2
240.013		246.556		2199		2		2
236.687		282.89		1948		2		2
238.725		350.734		2098		2		2
236.202		370.708		2055		2		2
260.629		232.954		2114		2		2
282.556		278.149		1970		2		2
280.457		347.337		2066		2		2
293.425		361.007		2146		2		2
249.388		197.724		1693		2		2
205.693		289.615		2275		2		2
218.272		281.904		2344		2		2
308.189		278.23		2380		2		2
303.624		277.128		2385		2		2
Frame 77
254.008		241.5		2254		2		2
251.377		218.417		1762		2		2
249.768		188.476		1787		2		2
263.463		196.553		1750		2		2
225.836		198.949		2047		2		2
206.956		232.611		2269		2		2
203.042		272.03		2258		2		2
202.516		279.902		2253		2		2
258.005		168.931		0		1		2
288.059		208.57		1807		2		2
304.665		254.239		2378		2		2
309.029		265.749		2360		2		2
245.162		249.624		2214		2		2
236.729		282.966		1946		2		2
238.757		350.882		2097		2		2
236.202		370.69		2047		2		2
263.04		233.838		2192		2		2
283.117		277.765		1970		2		2
280.635		347.431		2055		2		2
293.408		360.842		2155		2		2
250.173		196.948		1721		2		2
204.13		290.199		2268		2		2
217.714		283.43		2361		2		2
310.684		279.317		2378		2		2
304.643		276.792		0		2		2
Frame 78
252.647		251.476		2303		2		2
255.921		237.462		2214		2		2
260.32		218.638		1781		2		2
263.991		193.1		1769		2		2
226.946		200.219		2081		2		2
206.884		233.01		2286		2		2
202.459		272.421		2261		2		2
201.933		279.191		2254		2		2
284.409		206.378		1818		1		2
297.612		223.904		2263		2		2
307.997		261.57		2372		2		2
310.016		271.533		2370		2		2
238.706		250.85		2184		2		2
236.752		283.102		1953		2		2
238.761		351.084		2090		2		2
236.193		370.629		2063		2		2
266.542		252.112		2266		2		2
283.575		277.677		1970		2		2
280.724		347.503		2056		2		2
293.447		360.864		2158		2		2
259.084		223.926		1827		2		2
203.46		290.769		2271		2		2
217.5		281.001		2329		2		2
311.004		284.999		2379		2		2
305.533		282.133		2377		2		2
Frame 79
252.872		240.552		2231		2		2
251.473		217.168		2139		2		2
249.65		186.841		1789		2		2
264.107		191.801		1817		2		2
228.319		201.084		2114		2		2
207.074		233.141		2299		2		2
201.785		272.387		2267		2		2
201.224		280.687		2259		2		2
256.126		172.607		1869		1		2
286.66		211.103		0		2		2
305.358		256.733		2388		2		2
309.943		267.203		2375		2		2
243.424		247.855		2262		2		2
236.786		283.049		1953		2		2
238.803		351.086		2086		2		2
236.25		370.517		2042		2		2
262.176		233.364		2209		2		2
284.252		277.982		1975		2		2
281.094		348.434		2050		2		2
293.774		361.307		2145		2		2
250.157		195.243		1785		2		2
202.897		291.772		2269		2		2
217.294		281.979		2339		2		2
312.716		280.14		2372		2		2
307.374		276.54		2378		2		2
Frame 80
251.181		244.679		2271		2		2
252.529		226.001		2180		2		2
254.703		201.006		1796		2		2
264.087		189.105		1786		2		2
229.262		203.795		2149		2		2
207.402		233.426		2318		2		2
201.557		272.492		2275		2		2
200.581		281.73		2259		2		2
287.091		209.797		2172		2		2
304.995		235.8		2395		2		2
311.209		273.021		2373		2		2
311.347		280.177		2371		2		2
236.606		244.735		2322		2		2
236.774		283.089		1960		2		2
238.808		351.333		2094		2		2
236.189		370.544		2053		2		2
264.911		246.358		2320		2		2
284.992		278.979		1974		2		2
281.617		349.455		2061		2		2
294.872		360.842		2209		2		2
254.105		207.889		1851		2		2
200.945		292.997		2267		2		2
206.201		287.866		2273		2		2
310.304		291.099		2375		2		2
307.185		281.684		2376		2		2
Frame 81
251.262		246.57		2293		2		2
252.749		226.065		2209		2		2
254.949		198.838		1841		2		2
264.27		186.106		1904		2		2
229.555		204.387		2189		2		2
207.975		234.662		2334		2		2
201.07		273.319		2274		2		2
200.365		283.586		2267		2		2
288.345		208.767		2212		2		2
304.484		237.029		2423		2		2
311.69		274.025		2383		2		2
311.783		280.183		2377		2		2
237.149		245.925		2331		2		2
236.647		283.324		1966		2		2
238.778		351.682		2094		2		2
236.065		370.705		2054		2		2
264.904		247.399		2320		2		2
285.522		279.953		1974		2		2
281.594		350.553		2061		2		2
295.4		361.398		2260		2		2
254.357		206.479		1912		2		2
201.916		294.84		2269		2		2
206.111		287.991		2277		2		2
310.936		292.426		2367		2		2
306.96		279.513		0		2		2
Frame 82
251.57		247.063		2300		2		2
255.926		225.462		2235		2		2
261.233		198.473		1915		2		2
264.107		183.672		1892		2		2
230.97		205.846		2223		2		2
208.524		236.316		2356		2		2
200.811		274.41		2292		2		2
200.422		284.069		2269		2		2
287.438		208.419		2239		2		2
303.841		238.249		2443		2		2
311.794		274.956		2394		2		2
312.074		282.463		2382		2		2
238.402		246.234		2340		2		2
236.367		283.428		1965		2		2
238.757		351.922		2091		2		2
236.06		370.834		2055		2		2
264.641		247.927		2332		2		2
285.733		280.705		1983		2		2
281.734		351.326		2075		2		2
295.962		361.167		2231		2		2
259.789		205.818		2064		2		2
200.995		295.852		2273		2		2
206.113		289.031		2279		2		2
311.008		295.497		2373		2		2
307.08		280.893		2393		2		2
Frame 83
251.499		249.121		2322		2		2
255.327		225.951		2263		2		2
259.714		197.204		1956		2		2
262.966		182.192		1950		2		2
230.946		206.723		2276		2		2
208.916		237.365		2378		2		2
201.206		275.066		2301		2		2
200.784		286.286		2283		2		2
285.989		209.4		2279		2		2
303.439		240.295		2461		2		2
311.981		276.586		2415		2		2
312.149		284.934		2396		2		2
238.76		248.127		2361		2		2
236.09		283.076		1976		2		2
238.792		351.68		2085		2		2
236.093		370.953		2058		2		2
264.108		250.122		2352		2		2
285.09		279.826		1985		2		2
281.243		350.244		2066		2		2
296.166		361.021		2254		2		2
258.492		205.001		2168		2		2
201.417		297.856		2277		2		2
206.138		290.788		2293		2		2
311.007		298.498		2381		2		2
307.499		291.001		2411		2		2
Frame 84
250.821		254.282		2363		2		2
255.008		227.807		2294		2		2
260.012		196.065		2104		2		2
262.639		181.448		0		2		2
230.975		207.355		2320		2		2
208.912		239.965		2403		2		2
201.771		277.236		2324		2		2
201.547		288.061		2293		2		2
285.315		209.586		2327		2		2
303.35		242.441		2484		2		2
311.771		278.478		2427		2		2
311.627		287.452		2407		2		2
238.49		253.222		2381		2		2
235.729		282.4		1980		2		2
238.795		351.01		2087		2		2
236.038		370.856		2060		2		2
263.061		255.344		2364		2		2
284.642		279.623		1993		2		2
280.849		349.837		2073		2		2
296.417		361.274		2251		2		2
258.669		204.581		2200		2		2
202.296		299.896		2286		2		2
207.414		291.463		2305		2		2
310.724		300.497		2388		2		2
307.583		291.259		2425		2		2
Frame 85
247.916		277.067		2221		2		2
253.176		238.2		2330		2		2
258.93		195.655		2168		2		2
262.099		181.233		2054		2		2
231.074		206.92		2373		2		2
209.403		240.443		2420		2		2
202.595		277.463		2350		2		2
202.76		289.24		2315		2		2
285.048		208.18		2395		2		2
301.783		241.639		2498		2		2
309.797		277.349		2456		2		2
310.691		289.198		2425		2		2
235.562		275.861		1986		2		2
234.953		282.833		1980		2		2
238.618		352.298		2085		2		2
235.993		370.723		2062		2		2
260.223		278.281		2372		2		2
286.175		281.217		1988		2		2
282.108		352.329		2086		2		2
296.585		361.07		2251		2		2
257.758		206.136		2330		2		2
203.301		300.897		2308		2		2
208.911		290.307		2335		2		2
310.61		301.465		2411		2		2
306.952		293.803		2466		2		2
Frame 86
247.919		277.751		2253		2		2
253.133		237.998		2365		2		2
258.421		193.847		2245		2		2
261.563		178.954		2140		2		2
230.911		204.156		2413		2		2
213.654		236.707		2445		2		2
204.651		274.084		2393		2		2
204.162		287.664		2361		2		2
285.073		206.61		2437		2		2
301.016		241.832		2522		2		2
308.699		277.232		2485		2		2
308.844		289.306		2457		2		2
235.605		276.549		1992		2		2
234.54		282.568		1979		2		2
238.49		352.565		2091		2		2
235.881		370.994		2056		2		2
260.188		278.962		2374		2		2
286.383		280.066		1990		2		2
282.318		351.515		2076		2		2
296.375		360.842		2269		2		2
257.049		205.03		2373		2		2
204.803		299.885		2340		2		2
208.692		291.871		2362		2		2
308.503		300.749		2443		2		2
304.436		294.305		0		2		2
Frame 87
248.349		278.405		2278		2		2
253.035		236.72		2382		2		2
257.531		191.167		2308		2		2
260.671		175.583		2181		2		2
231.371		202.113		2450		2		2
214.53		235.634		2466		2		2
206.222		273.63		2423		2		2
206.502		285.75		2408		2		2
284.746		203.906		2464		2		2
297.489		237.082		2541		2		2
306.529		272.752		2519		2		2
306.934		286.784		2499		2		2
236.094		277.206		1996		2		2
234.21		282.515		1991		2		2
238.387		353.259		2092		2		2
235.89		370.976		2065		2		2
260.564		279.614		2350		2		2
286.464		279.277		2000		2		2
282.51		351.078		2073		2		2
296.285		360.717		2260		2		2
256.448		202.681		2410		2		2
207.79		298.683		2393		2		2
211.71		283.235		2419		2		2
305.799		298.932		2484		2		2
302.555		290.775		2511		2		2
Frame 88
248.77		277.01		2281		2		2
253.018		233.299		2407		2		2
257.089		187.701		2334		2		2
260.095		171.588		2262		2		2
230.948		200.018		2476		2		2
214.606		235.114		2502		2		2
208.561		272.666		2442		2		2
208.975		282.493		2444		2		2
284.298		201.682		2503		2		2
297.235		238.101		2578		2		2
305.89		272.346		2536		2		2
305.068		284.656		2524		2		2
236.492		275.882		2001		2		2
233.842		282.808		1990		2		2
238.184		354.638		2092		2		2
238.331		371.449		2051		2		2
261.006		278.15		2362		2		2
287.731		279.285		1999		2		2
283.829		351.714		2086		2		2
296.209		360.704		2251		2		2
256.07		198.802		2443		2		2
211.33		295.799		2446		2		2
214.335		278.168		2458		2		2
302.757		297.185		2512		2		2
300.125		294.617		2524		2		2
Frame 89
249.18		275.422		2297		2		2
252.936		230.669		2419		2		2
256.335		185.487		2370		2		2
259.026		169.423		2280		2		2
230.387		199.462		2513		2		2
214.379		234.9		2543		2		2
210.117		271.001		2478		2		2
210.326		279.164		2470		2		2
283.227		200.554		2531		2		2
297.463		238.02		2621		2		2
305.649		271.984		2556		2		2
304.545		281.013		2548		2		2
236.727		274.463		2009		2		2
233.59		283.123		1995		2		2
238.003		355.606		2090		2		2
238.035		372.395		2052		2		2
261.605		276.379		2403		2		2
288.988		279.303		2007		2		2
285.194		352.314		2088		2		2
296.211		360.73		2255		2		2
255.561		196.76		2484		2		2
210.474		287.294		2472		2		2
215.947		282.265		2475		2		2
302.281		293.544		2553		2		2
300.287		282.675		2551		2		2
Frame 90
248.434		273.481		2294		2		2
252.703		230.439		2430		2		2
256.449		189.982		2439		2		2
257.851		170.477		2363		2		2
230.27		198.925		2535		2		2
213.833		234.482		2570		2		2
210.691		270.034		2505		2		2
211.641		277.006		2500		2		2
282.459		200.495		2559		2		2
298.299		237.409		2657		2		2
305.583		271.076		2585		2		2
303.673		278.203		2573		1		2
236.313		272.101		2015		2		2
233.538		284.656		2001		2		2
237.917		358.737		2100		2		2
238.041		376.198		2079		2		2
260.512		274.913		2402		2		2
292.697		279.989		2015		2		2
289.245		354.529		2121		2		2
291.609		371.661		2056		2		2
255.492		199.829		2497		2		2
214.142		289.074		2505		2		2
216.319		276.352		2506		2		2
301.774		290.846		2573		2		2
299.857		282.568		2553		2		2
Frame 91
248.452		272.569		2287		2		2
252.669		229.228		2445		2		2
256.474		189.331		2473		2		2
257.503		168.35		2397		2		2
230.354		198.598		2560		2		2
214.088		234.265		2616		2		2
211.778		268.79		2536		2		2
212.588		274.655		2524		2		2
281.786		200.516		2575		2		2
297.439		236.196		2686		2		2
304.563		269.643		2615		2		2
302.909		277.45		2606		2		2
236.405		270.736		2024		2		2
233.545		284.772		2001		2		2
237.76		359.337		2093		2		2
238.15		377.011		2037		2		2
260.492		274.328		2409		2		2
292.826		279.862		2013		2		2
289.516		354.644		2122		2		2
292.139		371.93		2047		2		2
255.525		199.123		2524		2		2
215.285		287.144		2526		2		2
217.072		273.68		2525		2		2
301.703		289.8		2586		2		2
299.455		279.995		2575		2		2
Frame 92
248.645		270.438		2265		2		2
252.712		227.852		2453		2		2
256.394		188.376		2526		2		2
256.978		166.393		2427		2		2
230.4		198.698		2584		2		2
214.872		234.549		2635		2		2
212.201		268.886		2553		2		2
213.38		275.214		2538		2		2
281.428		200.181		2609		2		2
296.595		235.259		2704		2		2
303.14		268.434		2640		2		2
302.192		276.347		2613		2		2
236.653		268.58		2050		2		2
233.586		285.862		2003		2		2
237.591		360.901		2100		2		2
238.293		379.03		2020		2		2
260.616		272.294		2398		2		2
293.05		280.409		2019		2		2
289.955		355.409		2125		2		2
292.856		373.077		2055		2		2
255.501		197.943		2537		2		2
215.027		287.001		2539		2		2
217.171		274.805		2534		2		2
301.366		288.91		2601		2		2
298.899		278.381		0		2		2
Frame 93
249.102		268.44		2252		2		2
252.67		226.627		2460		2		2
255.852		187.927		2579		2		2
256.434		165.437		2457		2		2
230.482		198.795		2600		2		2
216.322		235.439		2651		2		2
212.772		269.431		2565		2		2
213.681		275.227		2548		2		2
280.905		199.91		2615		2		2
295.625		235.134		2725		2		2
302.503		268.131		2654		2		2
301.605		276.095		2641		2		2
237.125		266.779		2083		2		2
233.508		286.73		1998		2		2
237.404		361.934		2095		2		2
238.172		380.438		2009		2		2
261.043		270.077		2386		2		2
293.167		280.975		2024		2		2
290.389		356.22		2130		2		2
293.331		374.255		2044		2		2
255.099		197.267		2557		2		2
214.982		287.066		2543		2		2
217.191		276.253		2534		2		2
301.115		288.777		2619		2		2
299.428		279.132		2622		2		2
Frame 94
251.856		247.218		2420		2		2
253.457		214.574		2503		2		2
255.308		187.339		2593		2		2
255.673		164.201		2489		2		2
230.557		198.931		2607		2		2
217.602		236.571		2670		2		2
213.041		270.162		2576		2		2
214.489		276.832		2556		2		2
280.532		199.924		2632		2		2
294.859		236.447		2727		2		2
301.38		269.407		2663		2		2
301.175		277.225		2653		2		2
237.995		247.14		2463		2		2
234.658		280.654		1999		2		2
238.301		355.085		2093		2		2
235.274		370.909		2051		2		2
265.701		247.306		2434		2		2
303.15		305.501		3040		1		2
300.445		381.8		2053		2		2
298.548		367.517		2194		1		2
254.761		195.086		2580		2		2
215.247		287.502		2522		2		2
223.332		271.333		2487		2		2
301.173		288.895		2628		2		2
299.501		281.769		2612		2		2
Frame 95
259.796		268.862		2393		2		2
257.014		225.758		2486		2		2
254.804		186.452		2612		2		2
255.237		162.885		2505		2		2
230.533		199.498		2616		2		2
217.948		237.091		2680		2		2
213.582		270.652		2593		2		2
214.166		277.743		2561		2		2
280.322		200.193		2631		2		2
293.471		236.896		2728		2		2
300.243		269.399		2682		2		2
299.738		270.981		2663		2		2
247.039		269.046		2200		2		2
233.818		303.109		2025		2		2
238.281		355.168		2092		2		2
235.269		370.994		2058		2		2
272.398		268.693		2195		2		2
285.874		298.304		2032		2		2
283.411		355.768		2113		2		2
297.961		363.281		2230		2		2
255.001		195.435		2596		2		2
214.634		288.91		2523		2		2
219.11		271.872		0		2		2
300.639		283.909		2638		2		2
297.388		274.134		2091		2		2
Frame 96
260.943		268.741		2394		2		2
257.336		225.69		2490		2		2
254.729		186.134		2617		2		2
254.608		162.48		2514		2		2
230.595		199.59		2624		2		2
218.841		238.667		2675		2		2
213.774		272.24		2587		2		2
213.957		279.173		2572		2		2
279.764		200.012		2634		2		2
293.052		237.193		2724		2		2
299.99		269.851		2677		2		2
300.761		278.075		2660		2		2
248.347		269.366		2231		2		2
233.056		282.541		1995		2		2
235.811		356.427		2098		2		2
236.042		373.809		2051		2		2
273.594		268.123		2166		2		2
286.286		278.133		2009		2		2
284.247		351.681		2090		2		2
296.312		361.908		2250		2		2
255.129		195.382		2594		2		2
214.898		290.3		2523		2		2
215.734		276.39		2553		2		2
301.145		289.286		2640		2		2
299.284		280.909		2626		2		2
Frame 97
258.68		267.323		2391		2		2
256.584		224.971		2493		2		2
254.293		185.426		2614		2		2
254.086		161.999		2527		2		2
230.53		199.797		2621		2		2
220.165		242.254		2686		2		2
213.192		275.616		2590		2		2
214.111		280.364		2567		2		2
279.299		199.846		2643		2		2
292.468		237.421		2721		2		2
299.847		269.991		2692		2		2
300.602		279.869		2660		2		2
245.539		268.247		2145		2		2
233.742		282.495		1994		2		2
236.429		356.274		2095		2		2
236.516		373.724		2047		2		2
271.367		266.103		2241		2		2
286.889		278.74		2010		2		2
284.852		352.553		2085		2		2
286.971		369.768		2055		2		2
254.76		194.895		2598		2		2
214.748		291.625		2534		2		2
216		279.99		2558		2		2
301.169		290.834		2646		2		2
299.889		285.885		0		2		2
Frame 98
255.059		268.788		2372		2		2
254.962		225.106		2487		2		2
254.007		184.948		2604		2		2
253.631		161.761		2531		2		2
230.478		199.931		2619		2		2
220.433		242.876		2671		2		2
213.078		276.31		2584		2		2
214.033		285.596		2548		2		2
278.774		199.614		2641		2		2
291.469		237.763		2715		2		2
299.525		270.153		2695		2		2
300.355		280.222		2671		2		2
242.067		268.424		2079		2		2
235.606		280.326		2000		2		2
238.178		352.154		2095		2		2
235.472		370.732		2067		2		2
268.079		269.166		2266		2		2
284.977		277.185		2007		2		2
283.109		349.511		2088		2		2
297.088		362.895		2247		2		2
254.303		194.575		2603		2		2
214.497		293.333		2546		2		2
215.769		285.37		2544		2		2
301.002		291		2654		2		2
299.787		285.344		2629		2		2
Frame 99
255.18		268.722		2376		2		2
254.801		225.032		2477		2		2
253.528		184.545		2610		2		2
253.259		161.792		2536		2		2
230.433		200.005		2620		2		2
220.591		243.118		2676		2		2
213.163		276.629		2598		2		2
214.174		286.762		2559		2		2
278.113		199.461		2640		2		2
290.525		237.71		2709		2		2
296.754		270.052		0		2		2
300.448		283.238		2653		1		2
242.182		268.373		2084		2		2
235.608		280.362		1997		2		2
238.171		352.159		2092		2		2
235.564		370.867		2070		2		2
268.206		269.084		2275		2		2
284.986		277.306		2010		2		2
283.055		349.533		2081		2		2
297.061		362.838		2246		2		2
253.868		194.32		2610		2		2
214.748		294.626		2550		2		2
215.785		287.062		2550		2		2
301.002		291.499		2660		2		2
300.4		288.6		2634		2		2
Frame 100
255.191		268.746		2371		2		2
254.622		225.078		2486		2		2
253.301		184.473		2607		2		2
252.897		161.781		2533		2		2
230.305		200.242		2614		2		2
220.686		243.28		2676		2		2
213.127		276.809		2600		2		2
214.018		287.247		2561		2		2
277.87		199.398		2633		2		2
290.211		237.76		2696		2		2
296.693		270.013		2079		2		2
299.998		283.969		0		1		2
242.183		268.402		2073		2		2
235.608		280.358		1993		2		2
238.197		352.167		2084		2		2
235.548		370.949		2060		2		2
268.229		269.101		2275		2		2
285.016		277.363		2006		2		2
283.447		349.492		2079		2		2
297.271		363.029		2231		2		2
253.639		194.303		2600		2		2
214.712		295.429		2552		2		2
215.882		288.104		2560		2		2
300.667		290.667		2642		2		2
299.665		285.811		2481		2		2
Frame 101
255.236		268.763		2375		2		2
254.582		225.072		2485		2		2
253.225		184.358		2608		2		2
252.663		161.828		2529		2		2
230.193		200.541		2611		2		2
220.636		243.604		2679		2		2
213.039		277.155		2600		2		2
214.092		287.47		2567		2		2
277.561		199.313		2643		2		2
290.081		237.759		2699		2		2
296.772		269.934		0		2		2
300.165		284.741		0		1		2
242.218		268.439		2082		2		2
235.586		280.269		1992		2		2
238.186		352.086		2096		2		2
235.497		370.946		2059		2		2
268.289		269.102		2280		2		2
285.024		277.412		2010		2		2
283.415		349.802		2078		2		2
297.255		362.525		2245		2		2
253.577		194.241		2605		2		2
214.711		295.385		2562		2		2
215.833		286.987		2562		2		2
300.682		291.621		2648		2		2
300.222		288.212		2650		2		2
Frame 102
255.361		268.843		2366		2		2
254.573		225.092		2484		2		2
253.22		184.336		2596		2		2
252.602		161.855		2521		2		2
230.102		200.669		2609		2		2
220.628		243.642		2670		2		2
212.966		277.195		2613		2		2
214.007		287.675		2575		2		2
277.539		199.314		2631		2		2
290.028		237.948		2694		2		2
296.926		270.034		0		2		2
300.535		283.601		0		1		2
242.343		268.565		2088		2		2
235.49		280.301		1994		2		2
238.124		352.209		2087		2		2
235.625		370.91		2057		2		2
268.403		269.145		2285		2		2
285.125		277.51		2002		2		2
283.53		350.024		2073		2		2
297.301		362.486		2240		2		2
253.57		194.24		2598		2		2
215.2		296.4		2562		2		2
215.847		285.376		2585		2		2
301.169		290.833		2649		2		2
299.959		287.286		0		2		2
Frame 103
255.526		269.187		2361		2		2
254.523		225.199		2492		2		2
253.084		184.265		2592		2		2
252.512		161.871		2525		2		2
229.841		201.062		2605		2		2
220.528		243.71		2667		2		2
212.921		277.306		2613		2		2
213.919		287.947		2582		2		2
277.334		199.34		2625		2		2
290.068		238.189		2693		2		2
297.174		270.161		0		2		2
300.869		282.275		2669		2		2
242.742		269.469		2093		2		2
235.349		280.209		1993		2		2
238.058		352.195		2088		2		2
235.615		370.784		2055		2		2
268.434		269.195		2283		2		2
285.21		277.558		2000		2		2
283.846		350.147		2080		2		2
297.438		362.628		2241		2		2
253.47		194.236		2600		2		2
214.999		297.25		2578		2		2
215.749		287.36		2575		2		2
301.202		291.6		2645		2		2
300.401		288.2		2629		2		2
Frame 104
258.103		270.94		2382		2		2
255.07		225.72		2491		2		2
253.028		184.233		2584		2		2
252.305		161.951		2515		2		2
229.741		201.231		2606		2		2
220.432		243.812		2658		2		2
214.917		280.149		2594		2		2
213.831		287.337		2594		2		2
277.24		199.339		2620		2		2
290.164		238.177		2697		2		2
297.886		270.074		0		2		2
299.42		273.935		2663		2		2
246.585		272.395		2163		2		2
234.805		280.392		1983		2		2
237.664		352.511		2081		2		2
235.571		370.868		2056		2		2
269.81		269.888		2273		2		2
285.439		277.738		1999		2		2
283.812		350.34		2079		2		2
297.337		362.427		2248		2		2
253.51		194.31		2594		2		2
214.197		296.999		2566		2		2
216.083		288.161		2569		2		2
300.835		287.333		2636		2		2
300.041		287.488		2636		2		2
Frame 105
255.429		266.902		2366		2		2
253.961		223.262		2500		2		2
252.911		184.049		2581		2		2
252.094		161.82		2504		2		2
229.668		201.375		2590		2		2
220.369		243.948		2647		2		2
214.92		280.172		2592		2		2
213.833		287.525		2583		2		2
277.157		199.36		2619		2		2
290.363		238.319		2688		2		2
298.203		270.188		2673		2		2
299.308		272.821		2666		2		2
242.739		267.7		2131		2		2
232.363		284.965		1984		2		2
235.508		359.927		2094		2		2
235.107		378.725		2046		2		2
268.101		266.117		2308		2		2
291.28		281.806		1991		2		2
289.31		357.471		2121		2		2
291.072		376.134		2006		2		2
253.23		193.749		2584		2		2
214.888		297.777		2562		2		2
216		288.986		2573		2		2
300.835		287.332		2641		2		2
299.329		281.968		0		2		2
Frame 106
257.742		272.208		2371		2		2
255.148		226.33		2476		2		2
253.014		184.137		2566		2		2
251.984		161.921		2510		2		2
229.294		202.179		2583		2		2
220.359		239.99		2640		2		2
214.555		273.998		2603		2		2
214.052		277.621		2594		2		2
277.585		200.247		2605		2		2
290.457		239.065		2686		2		2
298.334		270.819		2676		2		2
298.673		269.118		2677		1		2
245.159		273.28		2133		2		2
235.091		298.128		2010		2		2
238.161		355.994		2083		2		2
235.487		372.005		2050		2		2
270.261		271.152		2227		2		2
285.978		297.109		2018		2		2
283.55		355.336		2118		2		2
297.75		363.327		2229		2		2
253.377		194.055		2568		2		2
214.139		291.071		2561		2		2
216.478		277.07		2593		2		2
301.5		282.501		2681		2		2
299.779		275.337		0		2		2
Frame 107
258.006		272.381		2370		2		2
255.231		226.612		2487		2		2
252.715		184.441		2563		2		2
251.9		161.853		2497		2		2
229.335		202.06		2583		2		2
220.695		243.024		2639		2		2
213.792		276.939		2599		2		2
214.011		286.232		2581		2		2
277.469		199.9		2598		2		2
290.544		238.829		2670		2		2
299.361		270.41		2676		2		2
300.713		280.505		0		2		2
245.625		273.552		2130		2		2
234.246		280.995		1974		2		2
237.614		352.192		2083		2		2
235.929		370.602		2061		2		2
270.383		271.252		2225		2		2
286.641		277.951		1986		2		2
284.513		350.096		2077		2		2
297.139		362.556		2248		2		2
253.267		194.533		2569		2		2
214.749		298.626		2560		2		2
215.609		287.588		2577		2		2
301.144		292.286		2629		2		2
300.999		280.061		0		2		2
Frame 108
257.844		272.278		2373		2		2
255.22		226.688		2496		2		2
252.862		184.601		2560		2		2
251.922		161.844		2494		2		2
229.34		201.955		2572		2		2
220.791		243.287		2641		2		2
213.832		277.214		2595		2		2
213.857		282.852		2589		2		2
277.535		199.917		2592		2		2
290.683		238.733		2670		2		2
299.269		270.456		2668		2		2
300.643		278.576		0		2		2
245.321		273.269		2133		2		2
234.374		280.888		1972		2		2
237.726		351.925		2081		2		2
237.276		368.375		2066		2		2
270.31		271.24		2237		2		2
286.618		277.953		1985		2		2
284.245		350.213		2076		2		2
296.916		362.52		2223		2		2
253.375		194.764		2562		2		2
214.501		296		2553		2		2
216.201		281.392		2572		2		2
301.6		292.2		2622		2		2
300.9		277.098		0		2		2
Frame 109
257.351		272.245		2361		2		2
255.176		226.763		2491		2		2
253.161		184.682		2544		2		2
252.131		161.915		2478		2		2
229.35		201.888		2565		2		2
220.856		243.387		2633		2		2
213.757		277.321		2588		2		2
213.662		283.345		2576		2		2
277.574		199.986		2589		2		2
291.117		239.816		2665		2		2
299.673		271.688		2656		2		2
301.169		280.105		2632		2		2
244.744		273.117		2094		2		2
234.429		280.974		1967		2		2
237.785		351.956		2086		2		2
234.31		371.058		2058		2		2
269.88		271.324		2261		2		2
286.585		277.916		1983		2		2
284.038		350.112		2075		2		2
296.781		362.29		2231		2		2
253.572		194.92		2556		2		2
213.996		296.001		2554		2		2
215.9		280.978		2562		2		2
301.501		293.501		2616		2		2
300.33		286.634		0		2		2
Frame 110
257.097		272.313		2361		2		2
255.145		226.966		2498		2		2
253.433		184.948		2539		2		2
252.295		162.08		2467		2		2
229.454		201.955		2571		2		2
220.868		243.459		2629		2		2
213.771		277.448		2582		2		2
213.787		283.232		2572		2		2
277.622		199.995		2587		2		2
291.183		239.67		2665		2		2
299.868		271.54		2655		2		2
301.338		279.7		2627		2		2
244.46		273.114		2087		2		2
234.512		280.923		1965		2		2
237.822		351.878		2081		2		2
234.552		371.493		2052		2		2
269.639		271.468		2260		2		2
286.56		277.9		1983		2		2
283.783		350.156		2077		2		2
296.665		362.076		2233		2		2
253.775		195.238		2556		2		2
214.14		295.928		2548		2		2
215.857		281.426		2556		2		2
301.601		293.2		2614		2		2
301.375		280.249		2626		2		2
Frame 111
257.688		272.641		2371		2		2
255.499		227.429		2487		2		2
253.518		185.186		2543		2		2
252.345		162.352		2469		2		2
229.469		201.978		2575		2		2
220.822		243.493		2627		2		2
213.628		277.501		2576		2		2
213.82		286.384		2580		2		2
277.626		199.997		2591		2		2
291.219		239.476		2654		2		2
299.96		271.321		2639		2		2
301.374		279.114		2620		2		2
245.379		273.681		2105		2		2
234.535		281.131		1969		2		2
237.69		352.143		2081		2		2
234.701		371.847		2056		2		2
270.009		271.648		2235		2		2
286.559		277.889		1987		2		2
283.767		350.155		2075		2		2
296.561		362.062		2221		2		2
253.943		195.549		2564		2		2
214.268		297.908		2554		2		2
215.727		295.089		2544		2		2
302		293.001		2612		2		2
301.5		279.5		2620		2		2
Frame 112
258.075		272.929		2374		2		2
255.787		227.813		2508		2		2
253.647		185.438		2546		2		2
252.496		162.615		2461		2		2
229.516		202.035		2580		2		2
220.807		243.51		2622		2		2
213.568		277.542		2576		2		2
213.745		283.061		2561		2		2
277.652		200.01		2588		2		2
291.279		239.315		2653		2		2
300.789		271.753		2654		2		2
301.374		279.629		2617		2		2
245.866		274.046		2097		2		2
234.537		281.117		1969		2		2
237.668		352.146		2077		2		2
234.783		371.705		2056		2		2
270.283		271.854		2226		2		2
286.582		277.893		1984		2		2
283.726		350.157		2079		2		2
296.455		361.088		2245		2		2
254.127		195.844		2562		2		2
213.993		295.999		2564		2		2
216.112		287.527		2560		2		2
301.601		293.2		2602		2		2
301.398		280.1		2612		2		2
Frame 113
257.546		273		2376		2		2
255.653		228.081		2489		2		2
253.761		185.829		2542		2		2
252.601		162.887		2470		2		2
229.558		202.079		2580		2		2
220.791		243.521		2615		2		2
213.482		277.566		2579		2		2
213.549		283.324		2558		2		2
277.681		200.04		2590		2		2
291.29		239.261		2656		2		2
300.862		271.671		2650		2		2
301.546		280.649		2605		2		2
245.153		273.913		2109		2		2
234.685		281.027		1968		2		2
237.775		351.919		2078		2		2
234.834		371.731		2051		2		2
269.86		272.064		2253		2		2
286.512		277.855		1988		2		2
283.636		350.024		2072		2		2
296.526		360.716		2264		2		2
254.184		196.181		2559		2		2
213.639		295.94		2564		2		2
216		290.197		2561		2		2
301.601		293.199		2601		2		2
301.373		280.053		2605		2		2
Frame 114
258.359		270.899		2366		2		2
255.981		227.47		2510		2		2
253.798		186.377		2561		2		2
252.691		163.15		2468		2		2
229.611		202.1		2581		2		2
220.753		243.606		2615		2		2
213.556		277.701		2578		2		2
213.433		284.681		2557		2		2
277.781		200.074		2600		2		2
291.293		239.269		2644		2		2
300.905		271.669		2644		2		2
301.457		279.577		2614		2		2
246.068		271.208		2151		2		2
230.661		284.54		1963		2		2
233.962		358.754		2109		2		2
233.337		377.219		2032		2		2
270.571		270.604		2238		2		2
291.483		280.131		1984		2		2
288.177		355.219		2120		2		2
289.808		373.48		2049		2		2
254.234		196.438		2566		2		2
213.807		296.937		2556		2		2
216		286.653		2559		2		2
301.334		293.667		2593		2		2
301.455		281.814		2604		2		2
Frame 115
260.386		273.931		2378		2		2
257.137		229.144		2496		2		2
253.945		186.648		2566		2		2
252.844		163.596		2471		2		2
229.63		202.402		2585		2		2
220.55		243.035		2610		2		2
213.802		277.209		2572		2		2
213.455		284.695		2555		2		2
278.442		201.239		2606		2		2
290.589		238.937		2646		2		2
300.579		271.107		2650		2		2
301.253		278.19		2626		2		2
247.985		275.23		2168		2		2
235.183		299.424		2004		2		2
238.114		356.05		2093		2		2
234.912		371.943		2044		2		2
272.694		272.654		2190		2		2
286.033		295.947		2007		2		2
283.068		355.457		2124		2		2
296.761		363.007		2207		2		2
254.486		196.809		2571		2		2
213.805		296.937		2551		2		2
215.857		292.635		2548		2		2
302.001		286.5		2607		2		2
301.089		282.079		2605		2		2
Frame 116
255.58		268.961		2355		2		2
255.208		227.005		2497		2		2
254.002		186.975		2567		2		2
252.947		163.991		2474		2		2
229.667		202.408		2592		2		2
220.554		243.118		2616		2		2
213.802		277.3		2574		2		2
213.452		284.99		2569		2		2
278.468		201.215		2605		2		2
290.622		239.004		2656		2		2
300.575		271.165		2656		2		2
301.059		278.012		2622		2		2
243.08		269.275		2130		2		2
232.37		284.338		1962		2		2
235.453		358.507		2096		2		2
235.153		376.967		2008		2		2
268.041		268.66		2302		2		2
292.247		280.138		1976		2		2
288.859		355.167		2123		2		2
290.763		373.435		2019		2		2
254.472		196.862		2573		2		2
213.641		296.941		2557		2		2
216.066		292.529		2545		2		2
302.203		285.198		2602		2		2
301		284.332		2585		2		2
Frame 117
259.256		274.807		2386		2		2
256.49		229.346		2494		2		2
254.089		187.108		2572		2		2
253.078		164.117		2474		2		2
229.68		202.717		2591		2		2
220.469		242.886		2610		2		2
213.991		277.115		2572		2		2
213.443		284.962		2556		2		2
278.659		201.729		2603		2		2
290.283		239.184		2649		2		2
300.523		271.247		2647		2		2
301.096		277.314		2600		1		2
247.171		275.883		2171		2		2
234.994		298.9		1987		2		2
238.018		356.268		2081		2		2
234.835		372.219		2074		2		2
271.266		273.748		2214		2		2
286.587		295.681		2011		2		2
283.097		355.748		2119		2		2
297.213		363.324		2225		2		2
254.615		197.145		2566		2		2
213.66		296.999		2556		2		2
216		297.5		2533		2		2
302.334		285.334		2605		2		2
300.997		280.245		0		2		2
Frame 118
258.075		270.883		2368		2		2
256.086		227.854		2494		2		2
254.061		187.213		2578		2		2
253.156		164.254		2481		2		2
229.707		202.723		2590		2		2
220.544		243.047		2616		2		2
213.971		277.271		2578		2		2
213.486		284.867		2552		2		2
278.67		201.664		2613		2		2
290.378		239.361		2648		2		2
300.408		271.516		2639		2		2
301.198		277.666		2595		2		2
245.91		271.077		2146		2		2
230.663		284.316		1964		2		2
234.042		358.438		2103		2		2
233.663		377.071		2065		2		2
270.157		270.7		2250		2		2
291.937		279.651		1976		2		2
288.378		354.601		2118		2		2
290.225		373.001		2045		2		2
254.609		197.147		2576		2		2
213.852		297.071		2557		2		2
215.667		283.332		2557		2		2
302.625		285.703		2606		2		2
301.001		281.171		2576		2		2
Frame 119
259.84		274.864		2392		2		2
256.669		229.164		2495		2		2
254.079		187.248		2576		2		2
253.243		164.24		2483		2		2
229.719		202.909		2592		2		2
220.531		243.003		2623		2		2
213.989		277.231		2570		2		2
213.461		284.754		2566		2		2
278.921		202.099		2600		2		2
290.081		239.308		2641		2		2
300.376		271.296		2657		2		2
301.187		278.55		0		1		2
247.8		275.949		2183		2		2
234.71		298.426		1992		2		2
238.122		356.283		2087		2		2
235.168		372.3		2058		2		2
271.796		273.798		2207		2		2
286.737		296.113		2007		2		2
282.981		355.634		2112		2		2
297.013		363.246		2237		2		2
254.658		197.277		2576		2		2
213.565		297.072		2553		2		2
215.875		293.114		2551		2		2
302.668		285.666		2593		2		2
301.286		283.427		2589		2		2
Frame 120
257.021		273.423		2376		2		2
255.816		229.005		2499		2		2
254.078		187.279		2583		2		2
253.436		164.213		2492		2		2
229.89		202.652		2596		2		2
220.602		243.272		2621		2		2
213.846		277.47		2579		2		2
213.534		284.813		2566		2		2
278.938		202.016		2604		2		2
290.19		239.428		2653		2		2
300.418		271.463		2651		2		2
301.497		277.212		0		2		2
244.044		273.513		2120		2		2
234.377		280.782		1968		2		2
237.916		351.43		2090		2		2
235.268		371.66		2060		2		2
269.797		273.08		2257		2		2
286.97		277.695		1983		2		2
283.577		349.875		2072		2		2
295.988		361.175		2196		2		2
254.556		197.35		2569		2		2
213.864		296.882		2565		2		2
216		285.055		2538		2		2
302.427		286.007		2613		2		2
301.24		282.131		2584		2		2
Frame 121
254.67		268.806		2335		2		2
254.688		226.375		2499		2		2
254.12		187.19		2587		2		2
253.448		164.084		2494		2		2
229.907		202.672		2597		2		2
220.627		243.408		2620		2		2
213.859		277.605		2576		2		2
213.46		285.668		2566		2		2
278.928		201.943		2605		2		2
290.22		239.458		2648		2		2
300.411		271.505		2649		2		2
301.496		278.095		0		2		2
242.37		269.096		2119		2		2
231.858		283.775		1960		2		2
235.665		357.406		2097		2		2
235.303		375.903		2038		2		2
266.95		268.528		2320		2		2
292.509		280.314		1975		2		2
288.87		355.219		2120		2		2
290.68		373.601		2067		2		2
254.52		197.186		2576		2		2
213.764		298.154		2562		2		2
216		293.994		2549		2		2
302.668		285.666		2600		2		2
301.314		281.87		0		2		2
Frame 122
254.772		268.932		2346		2		2
254.693		226.351		2511		2		2
254.141		187.183		2583		2		2
253.489		163.89		2498		2		2
229.877		202.868		2599		2		2
220.597		243.188		2623		2		2
213.993		277.395		2577		2		2
213.429		284.87		2565		2		2
278.963		202.229		2603		2		2
290.134		239.468		2651		2		2
300.372		271.395		2658		2		2
301.496		278.096		0		2		2
242.482		269.185		2125		2		2
233.392		296.301		1975		2		2
238.068		355.854		2083		2		2
235.08		372.056		2016		2		2
267.045		268.687		2315		2		2
291.417		303.011		1996		2		2
282.975		355.535		2107		2		2
297.084		363.238		2228		2		2
254.506		197.132		2578		2		2
213.464		297.071		2563		2		2
216		293.194		2553		2		2
302.562		285.765		2612		2		2
301.165		280.814		0		2		2
Frame 123
259.519		274.667		2386		2		2
256.286		228.909		2490		2		2
254.118		187.181		2587		2		2
253.484		163.86		2500		2		2
229.834		203.072		2590		2		2
220.579		243.111		2624		2		2
214.075		277.329		2571		2		2
213.578		287.847		2575		2		2
278.974		202.326		2601		2		2
290.019		239.509		2652		2		2
300.366		271.391		2653		2		2
301.327		276.835		0		2		2
247.46		275.809		2182		2		2
234.646		290.569		1969		2		2
238.045		355.983		2084		2		2
235.089		372.219		2050		2		2
271.5		273.544		2208		2		2
286.909		296.758		2010		2		2
283.261		355.641		2121		2		2
297.261		363.932		2227		2		2
254.516		197.187		2576		2		2
214.271		299.911		2549		2		2
215.889		295.216		2545		2		2
302.668		285.665		2606		2		2
301.327		279.308		0		2		2
