front
Frame 0
268.67		191.779		3850		2		0
267.993		162.439		3802		2		0
267.314		132.903		3846		2		0
266.473		118.415		3744		2		0
250.337		144.89		3858		2		0
245.39		170.352		3919		2		0
247.471		199.381		3859		2		0
250.081		206.442		3835		2		0
284.583		144.553		3827		2		0
290.959		169.853		3887		2		0
288.444		198.245		3838		2		0
285.598		205.678		3811		2		0
261.028		192.143		3833		2		0
261.412		227.898		3985		2		0
263.609		256.46		4058		2		0
262.976		264.342		4045		2		0
276.344		191.407		3845		2		0
279.52		225.397		3945		2		0
279.045		255.203		4024		2		0
278.867		263.082		4047		2		0
267.484		140.309		3829		2		0
251.002		213.501		3849		2		0
253.999		205.173		3875		2		0
284.399		213.201		3825		2		0
282.699		207.297		3839		2		0
Frame 1
268.662		191.79		3848		2		0
267.991		162.452		3801		2		0
267.317		132.923		3842		2		0
266.473		118.415		3740		2		0
250.395		144.891		3857		2		0
245.39		170.35		3929		2		0
247.452		199.388		3862		2		0
250.419		206.341		3837		2		0
284.581		144.579		3826		2		0
290.926		169.716		3882		2		0
288.419		198.294		3828		2		0
285.58		205.756		3817		2		0
261.016		192.157		3844		2		0
261.415		227.913		3988		2		0
263.649		256.394		4067		2		0
263.017		264.274		4049		2		0
276.339		191.418		3846		2		0
279.519		225.403		3943		2		0
279.077		255.216		4028		2		0
278.9		263.095		4035		2		0
267.485		140.327		3832		2		0
251.889		214.112		3860		2		0
253.899		206.096		3880		2		0
284.828		213.218		3832		2		0
283.001		209.876		3839		2		0
Frame 2
268.662		191.792		3819		2		0
267.996		162.467		3802		2		0
267.337		132.966		3844		2		0
266.483		118.451		3736		2		0
250.452		144.912		3863		2		0
245.434		170.434		3921		2		0
247.475		199.412		3872		2		0
250.136		206.635		3832		2		0
284.589		144.592		3833		2		0
290.929		169.793		3881		2		0
288.389		198.368		3833		2		0
285.362		204.419		3808		2		0
261.014		192.159		3860		2		0
261.419		227.935		3987		2		0
263.634		256.395		4063		2		0
263		264.273		4055		2		0
276.339		191.419		3835		2		0
279.552		225.45		3937		2		0
279.127		255.271		4015		2		0
278.951		263.152		4040		2		0
267.501		140.361		3839		2		0
251.429		214.001		3859		2		0
253		203.661		3895		2		0
284.995		212.503		3835		2		0
282.571		209.714		3826		2		0
Frame 3
268.683		191.784		3833		2		0
268.022		162.453		3805		2		0
267.385		132.926		3845		2		0
266.459		118.386		3735		2		0
250.449		144.898		3854		2		0
245.44		170.444		3928		2		0
247.495		199.365		3861		2		0
250.316		206.517		3852		2		0
284.617		144.585		3827		2		0
290.95		169.803		3882		2		0
288.397		198.364		3837		2		0
285.507		203.891		3831		2		0
261.031		192.153		3856		2		0
261.366		227.867		3976		2		0
263.635		256.426		4066		2		0
263.004		264.31		4052		2		0
276.365		191.408		3837		2		0
279.596		225.452		3952		2		0
278.979		255.9		4033		2		0
278.801		263.805		4030		2		0
267.543		140.33		3840		2		0
252.003		213.501		3849		2		0
253.916		207.249		3873		2		0
284.497		212.5		3827		2		0
281.875		203.749		3871		2		0
Frame 4
268.681		191.784		3823		2		0
268.02		162.457		3794		2		0
267.379		132.94		3847		2		0
266.466		118.409		3733		2		0
250.447		144.869		3863		2		0
245.485		170.523		3932		2		0
247.508		199.406		3868		2		0
250.221		206.524		3841		2		0
284.604		144.596		3822		2		0
290.949		169.793		3877		2		0
288.391		198.367		3821		2		0
285.59		203.836		3840		2		0
261.026		192.15		3845		2		0
261.358		227.846		3979		2		0
263.67		256.472		4070		2		0
263.035		264.355		4039		2		0
276.363		191.413		3843		2		0
279.568		225.399		3941		2		0
279.054		255.832		4035		2		0
278.873		263.733		4055		2		0
267.538		140.34		3837		2		0
251.729		213.979		3858		2		0
254.11		206.661		3877		2		0
284.774		212.445		3832		2		0
282		202.455		3868		2		0
Frame 5
268.684		191.779		3837		2		0
268		162.446		3795		2		0
267.303		132.92		3843		2		0
266.48		118.405		3744		2		0
250.434		144.813		3867		2		0
245.497		170.573		3921		2		0
247.506		199.416		3870		2		0
250.033		205.641		3848		2		0
284.607		144.599		3826		2		0
290.894		169.633		3875		2		0
288.385		198.361		3830		2		0
285.52		205.265		3813		2		0
261.035		192.141		3852		2		0
261.36		227.848		3984		2		0
263.629		256.36		4068		2		0
262.955		264.238		4037		2		0
276.363		191.411		3842		2		0
279.571		225.408		3958		2		0
279.089		255.815		4028		2		0
278.871		263.713		4057		2		0
267.48		140.323		3833		2		0
251		213.501		3850		2		0
251.67		211.156		3842		2		0
284.829		213.168		3829		2		0
281.859		203.794		3884		2		0
Frame 6
268.688		191.783		3832		2		0
268.023		162.445		3801		2		0
267.376		132.904		3842		2		0
266.481		118.406		3744		2		0
250.425		144.818		3863		2		0
245.56		170.55		3924		2		0
247.527		199.404		3863		2		0
249.886		206.157		3849		2		0
284.609		144.599		3825		2		0
290.892		169.617		3885		2		0
288.423		198.343		3839		2		0
285.33		204.633		3831		2		0
261.041		192.15		3858		2		0
261.393		227.942		3990		2		0
263.694		256.381		4075		2		0
263.021		264.259		4053		2		0
276.364		191.412		3837		2		0
279.571		225.408		3955		2		0
279.083		255.8		4034		2		0
278.863		263.697		4058		2		0
267.537		140.311		3834		2		0
252.25		214.126		3862		2		0
253.725		205.084		3868		2		0
283.854		213.286		3830		2		0
281.728		203.851		3879		2		0
Frame 7
268.694		191.779		3858		2		0
268.033		162.457		3806		2		0
267.398		132.964		3844		2		0
266.479		118.404		3745		2		0
250.421		144.825		3860		2		0
245.585		170.605		3930		2		0
247.569		199.28		3866		2		0
250.366		205.666		3850		2		0
284.609		144.598		3820		2		0
290.889		169.629		3888		2		0
288.416		198.347		3838		2		0
285.357		204.917		3819		2		0
261.049		192.142		3848		2		0
261.391		227.94		3976		2		0
263.716		256.627		4068		2		0
263.049		264.511		4053		2		0
276.37		191.411		3841		2		0
279.538		225.532		3944		2		0
279.052		255.874		4041		2		0
278.837		263.775		4060		2		0
267.556		140.356		3840		2		0
251.599		214.2		3857		2		0
253.928		204.068		3885		2		0
284.706		213.058		3834		2		0
281.814		202.688		3844		2		0
Frame 8
268.694		191.765		3844		2		0
268.036		162.454		3796		2		0
267.402		132.964		3847		2		0
266.48		118.403		3731		2		0
250.421		144.826		3858		2		0
245.598		170.616		3916		2		0
247.581		199.29		3864		2		0
250.384		205.981		3827		2		0
284.603		144.603		3816		2		0
290.879		169.613		3885		2		0
288.417		198.331		3819		2		0
285.328		205.044		3821		2		0
261.035		192.127		3846		2		0
261.394		227.949		3981		2		0
263.812		256.397		4066		2		0
263.149		264.273		4035		2		0
276.383		191.397		3838		2		0
279.538		225.532		3959		2		0
279.128		255.503		4030		2		0
278.917		263.392		4047		2		0
267.558		140.356		3840		2		0
252		213.801		3853		2		0
252.399		201.599		3921		2		0
284.197		213.201		3817		2		0
281.376		204.871		3859		2		0
Frame 9
268.7		191.77		3836		2		0
268.031		162.463		3795		2		0
267.371		132.982		3851		2		0
266.486		118.377		3732		2		0
250.42		144.824		3849		2		0
245.632		170.686		3924		2		0
247.621		199.297		3871		2		0
250.466		206.047		3838		2		0
284.602		144.605		3820		2		0
290.887		169.63		3880		2		0
288.422		198.321		3827		2		0
285.171		204.604		3810		2		0
261.041		192.131		3846		2		0
261.398		227.95		3979		2		0
263.831		256.629		4065		2		0
263.164		264.515		4059		2		0
276.389		191.403		3834		2		0
279.561		225.6		3949		2		0
279.176		255.681		4040		2		0
278.962		263.575		4051		2		0
267.536		140.371		3831		2		0
251.893		213.96		3852		2		0
253.285		203.282		3921		2		0
284.722		212.455		3826		2		0
280.666		205.833		3866		2		0
Frame 10
268.699		191.77		3815		2		0
268.031		162.469		3799		2		0
267.374		133.004		3845		2		0
266.482		118.382		3741		2		0
250.403		144.848		3854		2		0
245.627		170.681		3933		2		0
247.65		199.323		3868		2		0
250.416		206.227		3850		2		0
284.577		144.606		3817		2		0
290.959		169.947		3878		2		0
288.421		198.311		3830		2		0
285.151		204.724		3824		2		0
261.04		192.129		3862		2		0
261.394		227.753		3984		2		0
263.849		256.654		4062		2		0
263.175		264.54		4027		2		0
276.388		191.404		3839		2		0
279.538		225.602		3956		2		0
279.186		255.704		4026		2		0
278.963		263.599		4066		2		0
267.538		140.388		3838		2		0
252.287		214		3867		2		0
253.73		203.924		3906		2		0
283.853		213.286		3839		2		0
281.333		202.833		3869		2		0
Frame 11
268.701		191.77		3834		2		0
268.034		162.483		3800		2		0
267.372		133.062		3846		2		0
266.509		118.444		3730		2		0
250.405		144.851		3863		2		0
245.756		170.598		3919		2		0
247.75		199.323		3866		2		0
250.855		206.972		3840		2		0
284.59		144.623		3828		2		0
290.946		169.966		3886		2		0
288.42		198.306		3838		2		0
285.076		204.156		3825		2		0
261.041		192.129		3844		2		0
261.399		227.77		3982		2		0
263.862		256.801		4068		2		0
263.191		264.692		4047		2		0
276.392		191.404		3843		2		0
279.54		225.595		3952		2		0
279.185		255.688		4029		2		0
278.966		263.583		4031		2		0
267.538		140.433		3834		2		0
252.145		214.287		3856		2		0
254.557		207.222		3870		2		0
284.998		212.501		3830		2		0
281.285		206.709		3866		2		0
Frame 12
268.703		191.772		3842		2		0
268.031		162.498		3798		2		0
267.361		133.094		3849		2		0
266.511		118.458		3743		2		0
250.408		144.867		3864		2		0
245.803		170.75		3931		2		0
247.73		199.371		3863		2		0
250.428		207.013		3835		2		0
284.61		144.631		3818		2		0
290.902		170.027		3883		2		0
288.44		198.293		3846		2		0
285.506		205.034		3812		2		0
261.042		192.134		3853		2		0
261.396		227.824		3979		2		0
263.858		256.617		4072		2		0
263.185		264.503		4052		2		0
276.393		191.406		3831		2		0
279.56		225.608		3946		2		0
279.173		255.752		4035		2		0
278.953		263.647		4053		2		0
267.529		140.46		3838		2		0
252.128		214.142		3868		2		0
254.425		207.118		3876		2		0
284.196		213.201		3819		2		0
282.333		206.888		3845		2		0
Frame 13
268.7		191.766		3854		2		0
268.031		162.498		3805		2		0
267.361		133.095		3840		2		0
266.5		118.454		3737		2		0
250.409		144.866		3857		2		0
245.818		170.73		3926		2		0
247.698		199.375		3872		2		0
250.503		206.993		3843		2		0
284.609		144.669		3822		2		0
290.91		169.939		3875		2		0
288.433		198.285		3818		2		0
285.757		204.029		3818		2		0
261.04		192.131		3845		2		0
261.389		227.809		3988		2		0
263.823		256.498		4075		2		0
263.143		264.38		4033		2		0
276.39		191.395		3834		2		0
279.563		225.124		3940		2		0
279.173		255.759		4042		2		0
278.945		263.654		4042		2		0
267.529		140.461		3832		2		0
251.752		214.248		3867		2		0
254.434		207.262		3876		2		0
284.997		212.5		3822		2		0
282.308		201.537		3873		2		0
Frame 14
268.697		191.768		3852		2		0
268.03		162.501		3802		2		0
267.361		133.096		3852		2		0
266.501		118.453		3729		2		0
250.394		144.845		3867		2		0
245.776		170.721		3925		2		0
247.686		199.41		3868		2		0
250.388		206.915		3829		2		0
284.611		144.691		3827		2		0
290.909		169.937		3878		2		0
288.417		198.308		3835		2		0
285.898		203.684		3823		2		0
261.039		192.126		3855		2		0
261.39		227.806		3968		2		0
263.758		256.456		4082		2		0
263.067		264.337		4068		2		0
276.384		191.406		3826		2		0
279.597		225.38		3960		2		0
279.11		255.784		4029		2		0
278.872		263.68		4054		2		0
267.529		140.463		3842		2		0
252		214.376		3861		2		0
253.599		204.399		3908		2		0
284.996		212.501		3838		2		0
282.427		201.528		3871		2		0
Frame 15
268.689		191.766		3836		2		0
268.044		162.501		3800		2		0
267.459		133.095		3852		2		0
266.52		118.38		3738		2		0
250.375		144.897		3865		2		0
245.78		170.728		3923		2		0
247.693		199.426		3855		2		0
250.492		206.671		3853		2		0
284.619		144.694		3822		2		0
290.903		170.081		3892		2		0
288.398		198.274		3834		2		0
285.606		205.159		3813		2		0
261.033		192.124		3859		2		0
261.395		227.797		3977		2		0
263.795		256.39		4075		2		0
263.082		264.272		4050		2		0
276.372		191.401		3839		2		0
279.595		225.372		3952		2		0
278.962		255.896		4028		2		0
278.695		263.802		4034		2		0
267.598		140.463		3838		2		0
252.069		214.221		3868		2		0
253.998		203.693		3912		2		0
284.766		213.073		3835		2		0
282.591		201.987		3873		2		0
Frame 16
268.7		191.77		3831		2		0
268.047		162.514		3798		2		0
267.448		133.122		3836		2		0
266.53		118.374		3741		2		0
250.392		144.91		3868		2		0
245.815		170.868		3921		2		0
247.7		199.416		3857		2		0
250.45		206.206		3841		2		0
284.635		144.68		3822		2		0
290.893		170.238		3881		2		0
288.422		198.216		3828		2		0
285.275		205.4		3808		2		0
261.05		192.134		3848		2		0
261.348		227.721		3975		2		0
263.744		256.407		4056		2		0
263.026		264.29		4064		2		0
276.378		191.402		3819		2		0
279.644		225.442		3940		2		0
278.965		255.898		4022		2		0
278.697		263.804		4026		2		0
267.593		140.486		3845		2		0
252.003		213.501		3845		2		0
254.333		206.162		3886		2		0
284.331		213.334		3817		2		0
282.183		205.173		3848		2		0
Frame 17
268.705		191.77		3826		2		0
268.055		162.521		3800		2		0
267.454		133.136		3850		2		0
266.544		118.364		3739		2		0
250.395		144.907		3860		2		0
245.816		170.871		3926		2		0
247.741		199.363		3862		2		0
250.714		206.632		3849		2		0
284.638		144.681		3825		2		0
290.894		170.323		3885		2		0
288.431		198.229		3838		2		0
284.901		203.874		3850		2		0
261.058		192.135		3847		2		0
261.353		227.746		3979		2		0
263.738		256.426		4075		2		0
263.022		264.309		4038		2		0
276.383		191.402		3842		2		0
279.65		225.381		3945		2		0
279.09		255.848		4032		2		0
278.827		263.753		4055		2		0
267.599		140.498		3833		2		0
252.13		214.259		3862		2		0
254.069		204.702		3894		2		0
284.497		212.5		3828		2		0
280.875		203.002		3863		2		0
Frame 18
268.712		191.767		3839		2		0
268.075		162.51		3801		2		0
267.486		133.109		3841		2		0
266.551		118.367		3734		2		0
250.356		144.919		3869		2		0
245.848		170.917		3929		2		0
247.726		199.291		3870		2		0
250.538		206.687		3843		2		0
284.635		144.678		3823		2		0
290.91		170.259		3885		2		0
288.451		198.263		3821		2		0
285.594		205.302		3815		2		0
261.064		192.132		3858		2		0
261.352		227.743		3984		2		0
263.711		256.376		4054		2		0
262.987		264.259		4046		2		0
276.391		191.399		3826		2		0
279.676		225.442		3945		2		0
279.208		255.594		4032		2		0
278.941		263.489		4041		2		0
267.629		140.476		3835		2		0
252.121		214.243		3865		2		0
254.066		205.628		3903		2		0
284.568		213.287		3825		2		0
282.454		208.909		3839		2		0
Frame 19
268.729		191.751		3860		2		0
268.082		162.509		3803		2		0
267.49		133.116		3847		2		0
266.563		118.389		3740		2		0
250.359		144.923		3864		2		0
245.846		170.851		3921		2		0
247.725		199.269		3867		2		0
250.692		206.856		3842		2		0
284.638		144.674		3822		2		0
290.921		170.073		3894		2		0
288.534		198.248		3831		2		0
285.618		204.415		3816		2		0
261.08		192.104		3844		2		0
261.353		227.744		3981		2		0
263.843		256.258		4068		2		0
263.132		264.136		4053		2		0
276.411		191.389		3832		2		0
279.67		225.468		3942		2		0
279.018		256.126		4045		2		0
278.754		264.034		4055		2		0
267.633		140.48		3842		2		0
251.89		214.221		3865		2		0
254.222		206.331		3887		2		0
284.499		212.501		3824		2		0
282.022		208.517		3827		2		0
Frame 20
268.732		191.749		3833		2		0
268.08		162.511		3800		2		0
267.474		133.125		3844		2		0
266.564		118.426		3731		2		0
250.402		144.904		3860		2		0
245.88		170.842		3920		2		0
247.735		199.224		3864		2		0
250.794		207.065		3826		2		0
284.693		144.687		3824		2		0
290.917		170.126		3884		2		0
288.508		198.223		3842		2		0
285.327		204.147		3825		2		0
261.081		192.102		3850		2		0
261.35		227.731		3985		2		0
263.848		256.383		4056		2		0
263.155		264.267		4065		2		0
276.416		191.387		3837		2		0
279.679		225.496		3931		2		0
279.049		256.102		4041		2		0
278.804		264.009		4056		2		0
267.623		140.487		3821		2		0
252.374		213.876		3854		2		0
254.488		206.177		3885		2		0
284.996		212.5		3842		2		0
281.428		204		3881		2		0
Frame 21
268.733		191.749		3843		2		0
268.08		162.511		3806		2		0
267.474		133.125		3848		2		0
266.572		118.432		3743		2		0
250.403		144.902		3852		2		0
245.88		170.842		3923		2		0
247.761		199.247		3874		2		0
250.554		206.996		3837		2		0
284.701		144.702		3828		2		0
290.928		170.112		3882		2		0
288.712		197.887		3828		2		0
285.87		203.416		3828		2		0
261.082		192.102		3839		2		0
261.382		227.762		3979		2		0
263.836		256.358		4063		2		0
263.144		264.242		4027		2		0
276.418		191.387		3836		2		0
279.751		225.226		3952		2		0
279.03		256.111		4028		2		0
278.786		264.019		4027		2		0
267.623		140.487		3834		2		0
252.144		214.286		3866		2		0
253.999		207.722		3866		2		0
284.775		212.445		3830		2		0
282.5		202.144		3865		2		0
Frame 22
268.737		191.745		3850		2		0
268.084		162.512		3795		2		0
267.484		133.134		3848		2		0
266.574		118.396		3745		2		0
250.403		144.908		3849		2		0
245.88		170.86		3929		2		0
247.764		199.243		3870		2		0
250.522		206.762		3831		2		0
284.709		144.697		3820		2		0
290.935		170.071		3884		2		0
288.761		197.955		3842		2		0
285.888		203.434		3833		2		0
261.085		192.098		3864		2		0
261.392		227.74		3977		2		0
263.879		256.204		4068		2		0
263.203		264.079		4053		2		0
276.423		191.384		3851		2		0
279.81		225.056		3941		2		0
279.037		256.009		4026		2		0
278.808		263.914		4040		2		0
267.631		140.493		3836		2		0
252.147		214.151		3873		2		0
254.356		207.204		3882		2		0
284.775		212.444		3842		2		0
283.287		200.57		3880		2		0
Frame 23
268.744		191.741		3842		2		0
268.086		162.519		3800		2		0
267.477		133.155		3845		2		0
266.575		118.399		3736		2		0
250.405		144.893		3864		2		0
245.883		170.931		3932		2		0
247.799		199.398		3861		2		0
250.486		206.822		3835		2		0
284.719		144.705		3821		2		0
290.947		170.13		3890		2		0
288.734		197.98		3848		2		0
285.265		203.772		3825		2		0
261.096		192.092		3868		2		0
261.387		227.727		3978		2		0
263.85		256.259		4064		2		0
263.168		264.135		4059		2		0
276.427		191.382		3839		2		0
279.826		225.069		3942		2		0
279.096		256.029		4042		2		0
278.864		263.932		4062		2		0
267.627		140.51		3831		2		0
252.143		214.286		3868		2		0
253.798		202.895		3915		2		0
284.217		212.443		3837		2		0
281.399		205.798		3883		2		0
Frame 24
268.747		191.746		3839		2		0
268.088		162.525		3802		2		0
267.475		133.158		3853		2		0
266.59		118.432		3745		2		0
250.439		144.891		3853		2		0
245.907		171.162		3926		2		0
247.813		199.421		3872		2		0
250.533		206.77		3843		2		0
284.703		144.725		3825		2		0
290.972		170.226		3889		2		0
288.92		197.707		3840		2		0
285.276		203.151		3838		1		0
261.099		192.094		3860		2		0
261.388		227.732		3978		2		0
263.814		256.332		4084		2		0
263.124		264.21		4041		2		0
276.43		191.393		3840		2		0
279.821		225.075		3950		2		0
279.076		255.904		4017		2		0
278.836		263.804		4030		2		0
267.626		140.515		3839		2		0
252.001		213.501		3856		2		0
254.833		205.664		3882		2		0
284.493		211.5		3843		2		0
281.091		203.452		3853		2		0
Frame 25
268.759		191.749		3837		2		0
268.099		162.523		3796		2		0
267.485		133.149		3844		2		0
266.583		118.465		3738		2		0
250.471		144.89		3855		2		0
245.92		171.121		3931		2		0
247.835		199.445		3868		2		0
250.602		206.739		3839		2		0
284.699		144.716		3817		2		0
290.982		170.27		3888		2		0
288.855		197.802		3837		2		0
285.29		203.199		3825		1		0
261.108		192.098		3859		2		0
261.395		227.76		3981		2		0
263.792		256.272		4084		2		0
263.133		264.148		4033		2		0
276.444		191.395		3832		2		0
279.811		225.135		3942		2		0
279.082		255.903		4021		2		0
278.873		263.803		4023		2		0
267.636		140.508		3835		2		0
252.145		214.287		3857		2		0
254.399		205.596		3882		2		0
284.225		211.23		3850		2		0
281.25		207.246		3854		2		0
Frame 26
268.76		191.749		3827		2		0
268.098		162.525		3805		2		0
267.479		133.156		3849		2		0
266.591		118.463		3749		2		0
250.463		144.902		3863		2		0
245.933		171.065		3932		2		0
247.85		199.443		3868		2		0
250.699		206.568		3844		2		0
284.689		144.677		3820		2		0
291.024		170.182		3876		2		0
288.863		197.724		3837		2		0
285.395		203.013		3834		1		0
261.109		192.099		3858		2		0
261.395		227.761		3987		2		0
263.782		256.306		4058		2		0
263.11		264.183		4041		2		0
276.446		191.393		3839		2		0
279.804		225.093		3951		2		0
279.165		255.818		4037		2		0
278.947		263.717		4047		2		0
267.632		140.513		3840		2		0
252		214.251		3865		2		0
254.636		206.452		3883		2		0
284.008		211.435		3864		2		0
282.278		201.667		3860		2		0
Frame 27
268.758		191.75		3841		2		0
268.086		162.527		3795		2		0
267.437		133.161		3851		2		0
266.593		118.482		3732		2		0
250.556		144.882		3852		2		0
245.915		170.805		3926		2		0
247.862		199.443		3870		2		0
250.539		206.632		3837		2		0
284.663		144.666		3825		2		0
291.035		170.141		3871		2		0
288.862		197.774		3843		2		0
285.461		203.033		3822		2		0
261.106		192.098		3845		2		0
261.395		227.764		3975		2		0
263.841		256.655		4059		2		0
263.181		264.541		4052		2		0
276.444		191.396		3839		2		0
279.813		225.254		3948		2		0
279.316		255.848		4034		2		0
279.112		263.748		4041		2		0
267.6		140.518		3829		2		0
251.601		214.201		3869		2		0
254.327		205.773		3884		2		0
284.491		211.332		3861		2		0
281.571		203.43		3876		2		0
Frame 28
268.78		191.755		3818		2		0
268.13		162.545		3790		2		0
267.504		133.185		3833		2		0
266.597		118.481		3719		2		0
250.582		144.852		3857		2		0
245.917		170.816		3920		2		0
247.886		199.348		3864		2		0
250.82		206.898		3839		2		0
284.672		144.622		3816		2		0
291.07		170.112		3871		2		0
288.84		197.919		3832		2		0
285.79		205.329		3827		2		0
261.127		192.105		3856		2		0
261.276		227.551		3993		2		0
263.783		256.415		4061		2		0
263.125		264.301		4046		2		0
276.467		191.401		3841		2		0
279.758		225.213		3942		2		0
279.313		255.867		4028		2		0
279.113		263.772		4036		2		0
267.66		140.541		3823		2		0
252.284		214.001		3870		2		0
254.307		203.92		3894		2		0
284.856		213.286		3826		2		0
282.819		205.727		3855		2		0
Frame 29
268.787		191.765		3836		2		0
268.129		162.548		3796		2		0
267.485		133.174		3851		2		0
266.639		118.482		3727		2		0
250.599		144.854		3856		2		0
245.897		170.794		3918		2		0
247.86		199.424		3866		2		0
250.436		206.406		3829		2		0
284.698		144.63		3815		2		0
291.093		169.96		3869		2		0
288.85		197.987		3829		2		0
286.068		206.001		3805		2		0
261.136		192.118		3856		2		0
261.404		227.639		3975		2		0
263.789		256.423		4063		2		0
263.121		264.311		4061		2		0
276.473		191.409		3825		2		0
279.759		225.318		3938		2		0
279.256		255.934		4018		2		0
279.044		263.845		4030		2		0
267.648		140.535		3822		2		0
252.002		213.5		3845		2		0
254.374		207.874		3873		2		0
284.995		212.5		3834		2		0
283.251		202.622		3888		2		0
Frame 30
268.777		191.776		3838		2		0
268.154		162.578		3795		2		0
267.586		133.217		3835		2		0
266.667		118.492		3714		2		0
250.677		144.843		3857		2		0
245.913		170.786		3921		2		0
247.889		199.385		3861		2		0
250.508		206.506		3837		2		0
284.726		144.639		3826		2		0
291.114		170.083		3873		2		0
288.89		198.075		3815		2		0
285.4		205.934		3818		2		0
261.13		192.125		3839		2		0
261.4		227.638		3968		2		0
263.85		256.528		4064		2		0
263.19		264.428		4041		2		0
276.458		191.425		3829		2		0
279.757		225.172		3939		2		0
279.26		255.932		4034		2		0
279.055		263.85		4039		2		0
267.725		140.577		3827		2		0
252.316		213.782		3846		2		0
254.199		204.495		3893		2		0
284.328		213.334		3820		2		0
281.77		205.306		3873		2		0
Frame 31
268.795		191.775		3836		2		0
268.174		162.59		3788		2		0
267.601		133.24		3839		2		0
266.687		118.515		3719		2		0
250.769		144.753		3859		2		0
245.904		170.912		3918		2		0
247.89		199.356		3861		2		0
250.486		206.668		3838		2		0
284.74		144.622		3814		2		0
291.1		170.174		3880		2		0
288.88		198.094		3835		2		0
287.597		202.398		3821		2		0
261.142		192.121		3844		2		0
261.403		227.671		3981		2		0
263.834		256.43		4066		2		0
263.207		264.329		4034		2		0
276.483		191.427		3819		2		0
279.777		225.205		3931		2		0
279.265		255.871		4030		2		0
279.094		263.79		4034		2		0
267.742		140.598		3825		2		0
251.796		214.187		3866		2		0
254.314		205.54		3895		2		0
287.501		211.501		3795		2		0
285.362		204.175		3820		2		0
Frame 32
268.84		191.789		3824		2		0
268.18		162.596		3793		2		0
267.56		133.232		3839		2		0
266.728		118.55		3714		2		0
250.743		144.77		3852		2		0
245.884		170.793		3915		2		0
247.883		199.36		3871		2		0
250.66		206.378		3846		2		0
284.748		144.593		3819		2		0
291.195		170.065		3865		2		0
289.029		197.97		3812		2		0
286.06		205.518		3808		2		0
261.183		192.143		3853		2		0
261.415		227.705		3972		2		0
263.855		256.627		4062		2		0
263.231		264.533		4058		2		0
276.53		191.434		3834		2		0
279.789		225.107		3939		2		0
279.36		255.724		4027		2		0
279.194		263.638		4038		2		0
267.714		140.594		3825		2		0
252.12		214.224		3865		2		0
254.624		204.747		3903		2		0
285.165		213.335		3811		2		0
282.911		205.906		3870		2		0
Frame 33
268.856		191.801		3839		2		0
268.205		162.623		3788		2		0
267.586		133.265		3836		2		0
266.758		118.59		3721		2		0
250.765		144.782		3847		2		0
245.882		170.849		3918		2		0
247.811		199.376		3873		2		0
250.401		206.378		3839		2		0
284.758		144.574		3799		2		0
291.22		170.043		3865		2		0
288.995		198.025		3810		2		0
285.931		206.065		3820		2		0
261.197		192.153		3855		2		0
261.425		227.868		3976		2		0
263.838		256.796		4058		2		0
263.193		264.71		4060		2		0
276.547		191.447		3831		2		0
279.784		225.107		3938		2		0
279.346		255.708		4033		2		0
279.158		263.627		4024		2		0
267.74		140.626		3823		2		0
252.143		214.286		3860		2		0
254.273		205.44		3893		2		0
284.856		213.286		3820		2		0
282.835		208.668		3836		2		0
Frame 34
268.883		191.82		3816		2		0
268.228		162.659		3789		2		0
267.597		133.312		3828		2		0
266.785		118.656		3710		2		0
250.624		144.994		3839		2		0
245.854		170.893		3907		2		0
247.808		199.428		3858		2		0
250.375		206.244		3838		2		0
284.768		144.525		3807		2		0
291.216		170.217		3864		2		0
289		198.126		3814		2		0
285.7		205.791		3808		2		0
261.223		192.186		3841		2		0
261.431		227.92		3975		2		0
263.718		256.797		4061		2		0
263.086		264.713		4057		2		0
276.575		191.453		3835		2		0
279.816		225.161		3928		2		0
279.378		255.882		4029		2		0
279.208		263.805		4032		2		0
267.754		140.671		3820		2		0
252.146		214.286		3844		2		0
254.445		207.221		3867		2		0
284.622		213.376		3818		2		0
282.809		207.19		3838		2		0
Frame 35
268.905		191.85		3814		2		0
268.25		162.688		3782		2		0
267.614		133.332		3832		2		0
266.754		118.654		3716		2		0
250.689		145.003		3840		2		0
245.846		170.86		3912		2		0
247.805		199.423		3861		2		0
250.431		206.606		3842		2		0
284.753		144.523		3811		2		0
291.265		170.184		3866		2		0
288.99		198.161		3817		2		0
286.156		205.303		3793		2		0
261.236		192.221		3855		2		0
261.438		227.935		3966		2		0
263.726		256.767		4064		2		0
263.12		264.684		4039		2		0
276.605		191.477		3843		2		0
279.853		225.315		3928		2		0
279.285		256.056		4023		2		0
279.137		263.989		4021		2		0
267.773		140.694		3809		2		0
251.43		214.286		3860		2		0
254.153		206.487		3881		2		0
285.165		213.335		3807		2		0
283.16		206.702		3821		2		0
Frame 36
268.909		191.864		3824		2		0
268.253		162.718		3784		2		0
267.609		133.357		3824		2		0
266.795		118.653		3719		2		0
250.698		144.993		3846		2		0
245.744		170.638		3903		2		0
247.814		199.455		3855		2		0
250.486		206.69		3837		2		0
284.726		144.457		3805		2		0
291.297		170.208		3865		2		0
288.956		198.195		3812		2		0
286.239		205.478		3810		1		0
261.242		192.23		3841		2		0
261.433		227.907		3975		2		0
263.731		256.75		4076		2		0
263.075		264.678		4045		2		0
276.605		191.499		3842		2		0
279.839		225.382		3934		2		0
279.293		255.94		4012		2		0
279.095		263.883		4026		2		0
267.77		140.722		3806		2		0
252		214.376		3859		2		0
253.375		202.625		3916		2		0
284.856		213.286		3814		2		0
282.666		206.831		3863		2		0
Frame 37
268.907		191.892		3829		2		0
268.254		162.748		3774		2		0
267.611		133.347		3818		2		0
266.827		118.584		3713		2		0
250.779		144.912		3835		2		0
245.742		170.578		3915		2		0
247.735		199.451		3866		2		0
250.338		206.393		3837		2		0
284.742		144.402		3799		2		0
291.324		170.21		3853		2		0
289.054		198.115		3818		2		0
286.195		205.302		3797		2		0
261.239		192.254		3837		2		0
261.432		227.914		3978		2		0
263.743		256.748		4053		2		0
263.102		264.695		4040		2		0
276.606		191.529		3822		2		0
279.878		225.471		3942		2		0
279.233		255.953		4027		2		0
279.048		263.915		4050		2		0
267.772		140.726		3817		2		0
251.834		214.334		3858		2		0
254.065		204.991		3906		2		0
285.283		213.43		3804		2		0
282.835		203.162		3853		2		0
Frame 38
268.917		191.895		3842		2		0
268.28		162.748		3783		2		0
267.664		133.326		3825		2		0
266.797		118.566		3707		2		0
250.803		144.905		3847		2		0
245.74		170.58		3911		2		0
247.667		199.45		3868		2		0
250.2		206.984		3842		2		0
284.745		144.379		3801		2		0
291.374		170.209		3865		2		0
289.103		198.021		3824		2		0
286.648		203.682		3818		2		0
261.259		192.259		3832		2		0
261.434		227.92		3965		2		0
263.744		256.765		4070		2		0
263.106		264.718		4058		2		0
276.609		191.532		3825		2		0
279.852		225.462		3942		2		0
279.237		255.86		4038		2		0
279.054		263.822		4045		2		0
267.818		140.713		3806		2		0
251.835		214.334		3842		2		0
254.376		208.375		3869		2		0
285.776		212.445		3808		2		0
282.958		204.025		3868		2		0
Frame 39
268.927		191.906		3822		2		0
268.281		162.746		3777		2		0
267.643		133.294		3818		2		0
266.797		118.621		3702		2		0
250.831		144.854		3843		2		0
245.669		170.774		3912		2		0
247.636		199.545		3852		2		0
250.413		207.04		3816		2		0
284.824		144.429		3795		2		0
291.377		170.16		3848		2		0
289.137		198.171		3826		2		0
286.465		204.375		3810		2		0
261.261		192.249		3833		2		0
261.439		227.922		3966		2		0
263.732		256.749		4067		2		0
263.026		264.713		4047		2		0
276.626		191.56		3828		2		0
279.857		225.466		3924		2		0
279.256		255.75		4018		2		0
279.006		263.719		4044		2		0
267.802		140.689		3802		2		0
252.001		214.375		3851		2		0
253.998		209.502		3866		2		0
285.286		213.429		3795		2		0
282.909		203.691		3858		2		0
Frame 40
268.92		191.976		3815		2		0
268.309		162.754		3767		2		0
267.707		133.231		3819		2		0
266.782		118.612		3689		2		0
250.687		145.031		3837		2		0
245.666		170.724		3901		2		0
247.6		199.539		3863		2		0
250.334		207.443		3833		2		0
284.811		144.414		3785		2		0
291.414		170.319		3857		2		0
289.183		198.242		3808		2		0
286.683		204.503		3805		1		0
261.239		192.309		3843		2		0
261.503		227.949		3968		2		0
263.857		256.749		4065		2		0
263.189		264.714		4067		2		0
276.638		191.638		3818		2		0
279.831		225.345		3940		2		0
279.275		255.528		4021		2		0
279.059		263.499		4033		2		0
267.857		140.644		3805		2		0
252.5		214.501		3843		2		0
254.111		207.664		3878		2		0
285.286		213.429		3803		2		0
283.301		202.596		3855		2		0
Frame 41
268.943		191.983		3844		2		0
268.3		162.782		3775		2		0
267.624		133.289		3812		2		0
266.777		118.683		3695		2		0
250.736		144.981		3831		2		0
245.661		170.672		3900		2		0
247.598		199.542		3873		2		0
250.442		207.131		3827		2		0
284.816		144.4		3792		2		0
291.43		170.36		3864		2		0
289.212		198.286		3828		2		0
286.967		204.491		3804		1		0
261.263		192.327		3843		2		0
261.531		228.005		3970		2		0
263.739		256.755		4079		2		0
263.109		264.725		4050		2		0
276.661		191.637		3815		2		0
279.781		225.353		3936		2		0
279.293		255.587		4026		2		0
279.119		263.567		4050		2		0
267.798		140.694		3810		2		0
251.144		214.286		3854		2		0
254.299		208.382		3866		2		0
285.499		213.334		3807		2		0
283.572		206.138		3816		2		0
Frame 42
268.93		191.994		3817		2		0
268.268		162.795		3764		2		0
267.582		133.271		3808		2		0
266.818		118.675		3686		2		0
250.757		144.922		3824		2		0
245.654		170.609		3898		2		0
247.585		199.577		3857		2		0
250.236		206.993		3819		2		0
284.825		144.367		3781		2		0
291.492		170.346		3853		2		0
289.217		198.313		3806		2		0
286.729		205.231		3793		2		0
261.256		192.336		3839		2		0
261.518		228.035		3976		2		0
263.718		256.619		4060		2		0
263.041		264.616		4038		2		0
276.639		191.649		3833		2		0
279.751		225.285		3929		2		0
279.304		255.586		4013		2		0
279.084		263.595		4033		2		0
267.757		140.688		3797		2		0
252.225		214.445		3838		2		0
254.214		206.639		3869		2		0
285.501		213.334		3789		2		0
283.573		206.712		3821		2		0
Frame 43
269.033		192.046		3815		2		0
268.329		162.844		3757		2		0
267.597		133.299		3796		2		0
266.786		118.767		3678		2		0
250.728		144.977		3809		2		0
245.64		170.853		3889		2		0
247.583		199.568		3845		2		0
250.507		207.173		3817		2		0
284.794		144.267		3784		2		0
291.543		170.308		3847		2		0
289.21		198.696		3817		2		0
286.759		205.335		3802		2		0
261.374		192.418		3830		2		0
261.513		228.111		3960		2		0
263.719		256.586		4046		2		0
263.081		264.59		4050		2		0
276.728		191.674		3816		2		0
279.692		225.332		3938		2		0
279.377		255.501		4025		2		0
279.198		263.518		4022		2		0
267.782		140.722		3787		2		0
252.002		214.375		3824		2		0
254.139		207.509		3856		2		0
286.285		213.429		3791		2		0
283.645		204.846		3847		2		0
Frame 44
269.096		192.058		3815		2		0
268.357		162.85		3758		2		0
267.575		133.268		3784		2		0
266.776		118.619		3670		2		0
250.762		144.903		3814		2		0
245.613		170.668		3885		2		0
247.576		199.554		3840		2		0
250.47		207.076		3823		2		0
284.812		144.303		3766		2		0
291.655		170.302		3842		2		0
289.248		198.704		3808		2		0
286.573		205.541		3803		2		0
261.454		192.44		3818		2		0
261.327		227.812		3971		2		0
263.706		256.635		4063		2		0
262.99		264.665		4050		2		0
276.773		191.677		3802		2		0
279.69		225.367		3943		2		0
279.201		255.453		4019		2		0
278.937		263.491		4035		2		0
267.774		140.703		3784		2		0
251.501		214.501		3831		2		0
254.001		207.067		3867		2		0
285.498		214.334		3795		2		0
283.274		203.721		3833		2		0
Frame 45
269.162		192.103		3802		2		0
268.424		162.877		3752		2		0
267.651		133.26		3782		2		0
266.765		118.635		3665		2		0
250.614		145.034		3799		2		0
245.628		170.83		3882		2		0
247.51		199.52		3842		2		0
250.17		207.573		3822		2		0
284.86		144.365		3762		2		0
291.67		170.658		3831		2		0
289.336		198.773		3809		2		0
286.817		205.913		3786		2		0
261.507		192.474		3827		2		0
261.357		227.878		3955		2		0
263.712		256.63		4079		2		0
263.066		264.67		4051		2		0
276.853		191.732		3803		2		0
279.755		225.518		3929		2		0
279.205		255.48		4013		2		0
279.012		263.528		4037		2		0
267.847		140.705		3781		2		0
251.376		214.376		3822		2		0
254.09		207.997		3861		2		0
285.748		214.251		3803		2		0
283.834		210.338		3802		2		0
Frame 46
269.207		192.137		3806		2		0
268.444		162.927		3750		2		0
267.644		133.306		3774		2		0
266.676		118.671		3660		2		0
250.465		145.038		3794		2		0
245.617		170.831		3882		2		0
247.463		199.391		3834		2		0
250.267		207.42		3808		2		0
284.857		144.346		3764		2		0
291.668		170.769		3835		2		0
289.394		198.815		3793		2		0
286.81		206.035		3795		2		0
261.542		192.542		3828		2		0
261.376		227.848		3963		2		0
263.702		256.643		4065		2		0
263.077		264.705		4043		2		0
276.898		191.742		3805		2		0
279.796		225.518		3926		2		0
279.122		255.44		4021		2		0
278.947		263.51		4039		2		0
267.847		140.754		3774		2		0
252.166		215.167		3829		2		0
254.52		207.451		3855		2		0
285.75		214.251		3794		2		0
284.167		204.497		3835		2		0
Frame 47
269.258		192.161		3805		2		0
268.45		162.933		3741		2		0
267.597		133.262		3784		2		0
266.716		118.673		3639		2		0
250.497		144.982		3785		2		0
245.514		170.753		3865		2		0
247.436		199.347		3842		2		0
249.988		207.322		3803		2		0
284.823		144.305		3755		2		0
291.667		171.039		3827		2		0
289.692		198.581		3794		2		0
287.039		206.139		3767		2		0
261.585		192.562		3809		2		0
261.394		227.876		3961		2		0
263.749		256.596		4056		2		0
263.121		264.677		4051		2		0
276.957		191.767		3802		2		0
279.798		225.499		3919		2		0
279.105		255.385		4025		2		0
278.925		263.473		4040		2		0
267.814		140.726		3760		2		0
251.748		215.25		3834		2		0
253.999		205.597		3859		2		0
286.167		214.334		3783		2		0
284.622		207.984		3783		2		0
Frame 48
269.238		192.198		3808		2		0
268.494		162.999		3734		2		0
267.74		133.353		3764		2		0
266.699		118.655		3640		2		0
250.487		144.911		3782		2		0
245.472		170.837		3878		2		0
247.4		199.37		3846		2		0
250.065		207.005		3801		2		0
284.806		144.292		3755		2		0
291.753		171.28		3816		2		0
289.659		198.795		3799		2		0
286.954		206.379		3782		2		0
261.562		192.584		3814		2		0
261.37		227.662		3959		2		0
263.669		256.517		4068		2		0
263.036		264.608		4035		2		0
276.941		191.815		3803		2		0
279.823		225.517		3922		2		0
279.146		255.311		4008		2		0
278.964		263.41		4035		2		0
267.928		140.811		3760		2		0
251.753		215.251		3829		2		0
252.441		202.774		3892		2		0
286.167		214.334		3785		2		0
283.599		206.898		3822		2		0
Frame 49
269.193		192.257		3796		2		0
268.455		163.07		3726		2		0
267.718		133.39		3753		2		0
266.673		118.553		3633		2		0
250.37		144.869		3780		2		0
245.436		171.157		3870		2		0
247.309		199.41		3827		2		0
249.984		206.621		3803		2		0
284.836		144.395		3747		2		0
291.706		170.947		3820		2		0
289.644		198.839		3791		2		0
286.862		206.845		3779		2		0
261.506		192.619		3809		2		0
261.383		227.78		3960		2		0
263.665		256.498		4066		2		0
262.985		264.626		4041		2		0
276.916		191.9		3787		2		0
279.801		225.026		3910		2		0
279.268		255.146		4022		2		0
279.041		263.283		4012		2		0
267.902		140.861		3748		2		0
251.142		215.286		3810		2		0
253.999		205.84		3860		2		0
286.285		214.429		3779		2		0
284.101		203.594		3838		2		0
Frame 50
269.181		192.294		3780		2		0
268.378		163.088		3727		2		0
267.54		133.327		3750		2		0
266.65		118.42		3633		2		0
250.3		144.703		3767		2		0
245.401		171.099		3859		2		0
247.254		199.277		3819		2		0
249.964		207.385		3804		2		0
284.752		144.447		3735		2		0
291.749		170.973		3812		2		0
289.66		199.034		3784		2		0
286.895		206.944		3771		2		0
261.492		192.665		3807		2		0
261.42		227.785		3954		2		0
263.671		256.534		4060		2		0
262.916		264.701		4045		2		0
276.905		191.926		3795		2		0
279.792		224.96		3919		2		0
279.27		255.146		4009		2		0
278.966		263.321		4044		2		0
267.753		140.825		3744		2		0
251.223		215.445		3821		2		0
254		207.997		3833		2		0
286.285		214.429		3773		2		0
283.571		208.714		3797		2		0
Frame 51
269.137		192.307		3784		2		0
268.37		163.124		3718		2		0
267.611		133.356		3727		2		0
266.641		118.32		3616		2		0
250.338		144.436		3756		2		0
245.329		171.192		3854		2		0
247.205		199.32		3826		2		0
249.909		207.39		3802		2		0
284.777		144.456		3737		2		0
291.698		171.058		3804		2		0
289.68		199.149		3779		2		0
286.907		206.967		3766		2		0
261.432		192.686		3803		2		0
261.415		227.892		3960		2		0
263.725		256.557		4069		2		0
262.04		266.809		4048		2		0
276.875		191.931		3796		2		0
279.84		225.375		3921		2		0
279.133		255.954		4034		2		0
278.903		264.192		4035		2		0
267.8		140.859		3735		2		0
251.375		215.376		3806		2		0
253.272		205.451		3861		2		0
286.499		214.501		3775		2		0
284.374		208.616		3776		2		0
Frame 52
269.113		192.362		3787		2		0
268.242		163.182		3715		2		0
267.335		133.372		3721		2		0
266.582		118.607		3605		2		0
250.376		144.509		3749		2		0
245.247		171.489		3851		2		0
246.996		199.314		3822		2		0
248.793		205.45		3812		2		0
284.737		144.604		3710		2		0
291.613		171.075		3802		2		0
289.821		199.209		3779		2		0
287.13		206.908		3765		2		0
261.372		192.735		3802		2		0
261.435		228.007		3954		2		0
263.744		256.603		4062		2		0
262.068		266.853		4042		2		0
276.876		191.985		3780		2		0
279.8		225.351		3921		2		0
279.158		255.737		4014		2		0
278.819		264.005		4048		2		0
267.565		140.89		3731		2		0
249.997		213.5		3813		2		0
251.905		202.632		3889		2		0
285.999		215.501		3775		2		0
283.555		208.221		3797		2		0
Frame 53
268.863		192.494		3769		2		0
268.023		163.294		3710		2		0
267.175		133.429		3721		2		0
266.539		118.618		3585		2		0
250.102		144.776		3734		2		0
245.168		171.792		3839		2		0
246.813		199.09		3811		2		0
249.025		206.326		3798		2		0
284.782		144.656		3708		2		0
291.593		171.264		3795		2		0
289.821		199.207		3770		2		0
287.094		206.612		3760		2		0
261.092		192.84		3788		2		0
261.425		228.056		3944		2		0
263.717		256.676		4051		2		0
263.024		264.942		4045		2		0
276.658		192.139		3783		2		0
279.789		225.55		3914		2		0
279.145		255.543		4000		2		0
278.897		263.823		4053		2		0
267.388		140.963		3714		2		0
249.998		214.501		3806		2		0
252.832		204.326		3852		2		0
286.167		215.334		3763		2		0
283.75		210.75		3782		2		0
Frame 54
268.746		192.588		3771		2		0
267.972		163.444		3696		2		0
267.211		133.621		3699		2		0
266.557		118.942		3580		2		0
249.963		144.646		3731		2		0
245.05		172.136		3833		2		0
246.63		199.008		3820		2		0
249.051		205.987		3799		2		0
284.833		144.773		3695		2		0
291.672		171.18		3776		2		0
289.764		199.292		3770		2		0
287.178		206.58		3762		2		0
260.991		192.881		3783		2		0
261.358		227.966		3941		2		0
263.642		256.891		4049		2		0
262.917		265.196		4049		2		0
276.529		192.303		3785		2		0
279.718		225.525		3900		2		0
279.209		255.39		4028		2		0
278.932		263.699		4034		2		0
267.4		141.146		3705		2		0
249.997		214.5		3810		2		0
252.061		202.376		3856		2		0
286.168		215.333		3751		2		0
284.4		208.79		3763		2		0
Frame 55
268.65		192.632		3763		2		0
267.882		163.443		3691		2		0
267.131		133.496		3695		2		0
266.445		118.863		3558		2		0
249.995		144.748		3717		2		0
245.059		172.219		3837		2		0
246.585		199.078		3807		2		0
248.727		206.676		3795		2		0
284.817		144.819		3688		2		0
291.559		171.549		3772		2		0
289.741		199.519		3765		2		0
287.057		207.501		3743		2		0
260.865		192.923		3775		2		0
261.475		228.173		3935		2		0
263.599		256.808		4048		2		0
263.009		265.158		4037		2		0
276.464		192.345		3761		2		0
279.737		225.156		3902		2		0
279.19		255.117		4019		2		0
279.049		263.467		4018		2		0
267.318		141.06		3687		2		0
249.999		214.5		3800		2		0
252.099		206.791		3825		2		0
286.285		215.429		3758		2		0
288.622		210.874		3734		2		0
Frame 56
268.522		192.771		3765		2		0
267.823		163.672		3686		2		0
267.211		133.763		3679		2		0
266.236		118.913		3546		2		0
249.578		145.011		3705		2		0
245.049		172.355		3820		2		0
246.459		199.227		3797		2		0
249.159		208.111		3778		2		0
284.796		144.815		3673		2		0
291.585		171.632		3766		2		0
289.663		199.833		3754		2		0
286.817		208.297		3749		2		0
260.726		193.074		3765		2		0
261.515		228.337		3932		2		0
263.568		256.714		4045		2		0
262.862		265.139		4040		2		0
276.351		192.467		3760		2		0
279.779		225.435		3882		2		0
279.232		255.091		4013		2		0
278.973		263.519		4042		2		0
267.357		141.325		3678		2		0
250.5		216.401		3792		2		0
253.083		207.245		3825		2		0
285.5		216.334		3762		2		0
289.144		209.645		3734		2		0
Frame 57
268.533		192.813		3756		2		0
267.792		163.824		3678		2		0
267.034		133.962		3660		2		0
266.057		118.885		3527		2		0
249.221		145.147		3695		2		0
244.946		172.581		3809		2		0
246.446		199.251		3795		2		0
248.954		208.127		3778		2		0
284.646		144.778		3656		2		0
291.481		171.732		3757		2		0
289.664		199.988		3752		2		0
286.975		208.418		3741		2		0
260.721		193.131		3767		2		0
261.035		227.268		3941		2		0
263.566		256.666		4053		2		0
261.951		266.898		4033		2		0
276.375		192.494		3761		2		0
279.862		225.404		3891		2		0
279.267		255.106		4014		2		0
278.979		263.651		4044		2		0
267.228		141.522		3670		2		0
250.5		216.4		3783		2		0
251.92		204.609		3840		2		0
286.287		216.429		3748		2		0
288.5		211		3722		2		0
Frame 58
268.515		192.84		3760		2		0
267.551		163.96		3661		2		0
266.43		134.128		3646		2		0
265.976		119.225		3509		2		0
249.031		145.266		3687		2		0
244.783		172.863		3796		2		0
246.059		199.06		3792		2		0
248.673		208.673		3781		1		0
284.534		144.864		3649		2		0
291.553		171.988		3749		2		0
289.842		199.958		3738		2		0
287.164		208.588		3731		2		0
260.685		193.177		3776		2		0
261.064		227.944		3925		2		0
263.582		256.688		4032		2		0
261.854		266.875		4034		2		0
276.37		192.507		3763		2		0
279.815		224.967		3891		2		0
279.049		255.548		4019		2		0
278.931		264.215		4028		2		0
266.724		141.69		3648		2		0
250.221		216.445		3785		2		0
251.567		204.133		3845		2		0
286.286		216.429		3731		2		0
288.999		212.277		3710		2		0
Frame 59
268.451		192.901		3756		2		0
267.519		164.252		3657		2		0
266.582		134.575		3626		2		0
265.846		119.683		3482		2		0
248.7		145.655		3664		2		0
244.517		172.85		3785		2		0
245.813		199		3793		2		0
248.446		208.434		3761		2		0
284.389		144.942		3633		2		0
291.463		171.515		3726		2		0
289.881		200.033		3729		2		0
287.43		207.972		3728		2		0
260.606		193.233		3777		2		0
261.09		228.119		3933		2		0
263.367		256.85		4043		2		0
262.786		265.654		4032		2		0
276.325		192.57		3754		2		0
279.815		224.967		3890		2		0
279.134		255.417		3999		2		0
278.993		264.23		4031		2		0
266.815		142.108		3637		2		0
249.726		216.454		3775		2		0
252.8		208.198		3794		2		0
286.286		216.428		3735		2		0
289.467		210.269		3732		2		0
Frame 60
268.28		192.978		3751		2		0
267.382		164.507		3652		2		0
266.548		134.874		3600		2		0
265.634		119.873		3447		2		0
248.5		145.75		3644		2		0
244.278		173.011		3775		2		0
245.695		199.43		3765		2		0
248.001		208.445		3753		1		0
284.033		145.197		3616		2		0
291.483		171.511		3707		2		0
290.129		200.055		3721		2		0
287.421		209.123		3715		2		0
260.327		193.386		3762		2		0
261.104		228.288		3917		2		0
263.348		256.885		4047		2		0
262.623		265.798		4032		2		0
276.236		192.59		3758		2		0
279.679		224.797		3889		2		0
279.164		254.417		4010		2		0
278.874		263.315		4020		2		0
266.753		142.409		3618		2		0
249.495		216.5		3773		2		0
251.441		206.437		3808		2		0
286.287		217.429		3718		2		0
289.501		212		3704		2		0
Frame 61
268.165		193.056		3757		2		0
267.218		164.813		3634		2		0
266.334		135.368		3589		2		0
265.533		120.534		3432		2		0
248.346		146.007		3625		2		0
243.95		173.293		3750		2		0
245.519		199.602		3764		2		0
247.903		209.033		3767		2		0
283.935		145.473		3599		2		0
291.444		172.228		3702		2		0
290.252		201.119		3719		2		0
287.418		210.225		3709		2		0
260.192		193.446		3758		2		0
260.223		227.251		3919		2		0
263.352		256.855		4055		2		0
262.678		265.873		4033		2		0
276.149		192.681		3756		2		0
279.466		224.355		3893		2		0
279.426		254.716		4010		2		0
276.15		264.417		4030		2		0
266.554		142.861		3602		2		0
249.776		216.556		3759		2		0
252.001		208.999		3812		2		0
285.799		218.401		3731		2		0
289.616		211.842		3709		2		0
Frame 62
268.092		193.107		3763		2		0
266.964		165.362		3634		2		0
265.817		136.536		3555		2		0
265.353		121.69		3402		2		0
248.168		146.467		3609		2		0
243.47		173.263		3737		2		0
245.449		199.674		3757		2		0
246.678		206.175		3742		2		0
283.645		145.626		3584		2		0
291.394		172.507		3694		2		0
290.291		201.093		3720		2		0
287.57		209.976		3713		2		0
260.105		193.494		3769		2		0
260.344		227.426		3923		2		0
263.264		256.879		4055		2		0
262.764		266.151		4044		2		0
276.093		192.73		3756		2		0
279.259		224.375		3890		2		0
279.567		254.263		4005		2		0
279.504		263.522		4024		2		0
266.113		143.88		3580		2		0
248.604		214.2		3740		2		0
251.004		210.666		3752		2		0
286.288		218.429		3728		2		0
289.667		213.665		3709		2		0
Frame 63
267.987		193.254		3760		2		0
267.186		166.078		3622		2		0
266.696		137.504		3544		2		0
265.213		122.951		3363		2		0
248.292		147.054		3590		2		0
243.229		173.576		3722		2		0
245.373		199.949		3733		2		0
246.053		205.457		3727		1		0
283.517		146.375		3563		2		0
291.57		172.997		3670		2		0
290.428		201.198		3695		2		0
287.928		210.245		3703		2		0
259.981		193.662		3743		2		0
259.72		226.183		3921		2		0
263.117		256.53		4045		2		0
262.622		265.936		4025		2		0
276.009		192.852		3762		2		0
278.856		224.634		3899		2		0
279.571		254.238		4019		2		0
275.258		263.502		4051		2		0
266.811		144.818		3566		2		0
247.498		214.5		3739		2		0
245.25		202		3742		2		0
286.714		218.572		3707		2		0
289.625		214.125		3693		2		0
Frame 64
268.004		193.364		3758		2		0
267.192		166.83		3611		2		0
266.386		138.943		3459		2		0
265.156		124.574		3338		2		0
248.271		147.857		3571		2		0
242.9		174.276		3702		2		0
245.316		200.136		3731		2		0
245.701		205.541		3741		1		0
283.163		147.132		3546		2		0
291.778		172.994		3652		2		0
290.723		200.666		3697		2		0
288.515		209.668		3698		2		0
259.995		193.748		3745		2		0
260.126		226.56		3907		2		0
262.976		256.505		4045		2		0
262.489		266.091		4030		2		0
276.03		192.987		3768		2		0
278.724		224.738		3908		2		0
279.578		254.057		4028		2		0
275.507		263.393		4067		2		0
266.607		146.072		3547		2		0
246		214.501		3744		2		0
244.251		207.63		3746		2		0
287.286		218.428		3699		2		0
289.637		213.723		3697		2		0
Frame 65
268.149		193.623		3758		2		0
267.24		167.937		3608		2		0
265.931		140.731		3441		2		0
264.938		126.292		3313		2		0
247.905		149.122		3552		2		0
242.659		174.529		3669		2		0
245.114		201.903		3718		2		0
245.737		207.507		3730		1		0
283.14		147.934		3525		2		0
291.91		173.583		3637		2		0
290.899		202.145		3672		2		0
288.491		210.899		3686		2		0
260.198		194.078		3743		2		0
260.429		227.413		3924		2		0
262.851		256.749		4033		2		0
262.447		266.648		4041		2		0
276.129		193.182		3764		2		0
278.735		224.772		3895		2		0
279.587		254.05		4017		2		0
279.603		263.937		4012		2		0
266.298		147.726		3530		2		0
246.499		216.5		3740		2		0
245.002		212.722		3747		2		0
287.498		219.501		3675		2		0
289.5		217.5		3667		2		0
Frame 66
268.213		190.845		3732		2		0
267.238		167.715		3585		2		0
266.144		140.359		3384		2		0
264.657		127.975		3277		2		0
247.754		150.919		3529		2		0
242.517		176.176		3662		2		0
244.979		202.958		3698		2		0
248.07		210.109		3696		1		0
282.554		149.844		3513		2		0
291.733		175.383		3625		2		0
291.024		202.665		3661		2		0
287.858		212.904		3668		2		0
260.36		191.537		3765		2		0
260.646		227.636		3904		2		0
262.84		256.785		4022		2		0
262.386		267.625		4033		2		0
276.083		190.15		3746		2		0
278.684		224.9		3890		2		0
279.45		254.034		4004		2		0
279.355		264.877		4020		2		0
266.393		147.388		3501		2		0
252.208		217.6		3724		2		0
249		217.4		3693		2		0
283.852		219.571		3699		2		0
289.224		218.888		3668		2		0
Frame 67
268.401		190.569		3723		2		0
267.292		167.673		3563		2		0
266.08		141.847		3352		2		0
264.795		129.708		3252		2		0
247.689		152.093		3506		2		0
242.313		176.946		3636		2		0
244.999		206.288		3693		2		0
247.733		214.121		3700		1		0
281.879		151.087		3484		2		0
291.613		176.298		3605		2		0
290.966		203.71		3653		2		0
288.139		213.36		3664		2		0
260.486		191.382		3733		2		0
260.586		228.351		3919		2		0
262.844		256.789		4027		2		0
262.53		267.849		4042		2		0
276.354		189.712		3736		2		0
278.573		225.454		3885		2		0
279.321		254.24		4011		2		0
279.347		265.31		4024		2		0
266.434		148.585		3487		2		0
253.005		220.499		3742		2		0
247.873		219.126		3697		2		0
283.493		220.75		3683		2		0
287.909		219.364		3648		2		0
Frame 68
268.782		189.777		3687		2		0
267.507		167.789		3531		2		0
266.068		144.197		3309		2		0
264.608		132.785		3217		2		0
247.834		153.171		3474		2		0
241.923		179.527		3628		2		0
244.918		207.776		3677		2		0
247.677		215.928		3667		1		0
282.239		152.764		3460		2		0
291.998		178.572		3587		2		0
291.16		205.455		3632		2		0
288.603		215.878		3637		2		0
260.854		190.37		3719		2		0
260.588		228.299		3924		2		0
262.877		256.84		4047		2		0
262.444		268.209		4029		2		0
276.735		189.124		3723		2		0
278.572		225.52		3894		2		0
279.331		254.223		4011		2		0
274.621		263.113		4064		2		0
266.495		150.153		3459		2		0
251.509		222.749		3678		2		0
248.534		219.87		3666		2		0
287.722		223.363		3642		2		0
289.801		221.697		3643		2		0
Frame 69
268.202		190.859		3682		2		0
267.288		170.026		3521		2		0
266.58		146.53		3287		2		0
264.334		135.613		3190		2		0
246.773		157.464		3458		2		0
241.733		180.96		3594		2		0
244.877		207.602		3654		2		0
248.105		218.445		3658		2		0
283.412		156.16		3437		2		0
291.591		179.588		3560		2		0
291.359		207.241		3612		2		0
288.17		217.728		3632		2		0
259.939		191.409		3730		2		0
261.087		231.093		3936		2		0
263.088		257.813		4036		2		0
263.003		269.422		0		2		0
276.443		190.346		3720		2		0
278.088		231.843		3909		2		0
279.268		256.243		4005		2		0
279.471		267.889		4014		2		0
266.76		152.839		3436		2		0
254.501		224.501		3702		2		0
249.09		223.91		3650		2		0
285.686		224.698		3669		2		0
289.445		223.555		3611		2		0
Frame 70
267.322		192.187		3692		2		0
266.491		172.131		3522		2		0
265.866		148.874		3231		2		0
263.968		137.332		3150		2		0
246.932		158.62		3432		2		0
241.101		183.978		3576		2		0
244.457		207.408		3627		2		0
247.188		218.24		3618		2		0
283.136		157.947		3414		2		0
291.204		179.806		3533		2		0
291.266		209.166		3585		2		0
288.217		219.516		3614		2		0
258.81		192.451		3738		2		0
261.13		231.231		3946		2		0
263.117		257.832		4045		2		0
262.962		269.633		0		2		0
275.826		192.006		3717		2		0
276.689		228.244		3910		2		0
278.592		261.05		4018		2		0
284.018		269.362		0		2		0
266.008		155.08		3405		2		0
253.003		225		3682		2		0
246.333		223.834		3665		2		0
285.717		226.635		3636		2		0
290		224.249		3596		2		0
Frame 71
268.276		202.29		3756		2		0
265.237		177.906		3545		2		0
262.2		150.011		3184		2		0
263.838		140.865		3117		2		0
246.661		160.799		3412		2		0
240.654		185.819		3551		2		0
243.88		209.265		3611		2		0
246.928		219.994		3600		2		0
282.993		159.74		3391		2		0
291.657		181.364		3504		2		0
291.893		208.118		3580		2		0
289.161		218.209		3593		2		0
260.665		202.709		3779		2		0
261.457		232.795		3946		2		0
263.078		258.993		4037		2		0
263.123		270.248		3820		2		0
275.911		201.869		3749		2		0
277.897		229.845		3916		2		0
278.977		260.058		4002		2		0
279.343		271.397		3789		1		0
262.691		157.44		3354		2		0
253.003		226.75		3643		2		0
245.749		224.247		3688		2		0
286.393		225.699		3582		2		0
288.5		226		3559		2		0
Frame 72
268.253		202.731		3743		2		0
265.178		178.958		3519		2		0
261.734		152.213		3148		2		0
263.792		143.748		3089		2		0
246.296		162.952		3378		2		0
240.431		188.566		3527		2		0
243.328		212.079		3590		2		0
246.995		222.826		3584		2		0
282.953		162.577		3366		2		0
291.907		186.19		3497		2		0
292.116		210.193		3546		2		0
289.097		221.077		3556		2		0
260.585		203.982		3759		2		0
261.474		236.373		3948		2		0
263.402		260.857		4051		2		0
264.24		271.315		3783		1		0
275.901		201.996		3736		2		0
278.313		230.129		3906		2		0
279.454		256.897		4001		2		0
279.486		268.34		4024		2		0
262.581		159.143		3263		2		0
253.203		229.6		3627		2		0
246.57		229.001		3620		2		0
286.212		228.888		3557		2		0
290.636		223.908		3566		2		0
Frame 73
268.515		204.9		3766		2		0
267.616		183.53		3522		2		0
266.427		157.427		3156		2		0
263.114		147.114		3061		2		0
245.893		164.842		3361		2		0
240.59		189.787		3482		2		0
242.779		213.591		3554		2		0
246.387		224.461		3555		2		0
282.783		164.624		3337		2		0
292.22		187.422		3462		2		0
291.407		216.869		3518		2		0
288.131		228.149		3516		2		0
260.771		208.566		3785		2		0
261.453		236.031		3947		2		0
263.478		260.685		4038		2		0
262.961		271.183		3777		1		0
276.2		202.776		3742		2		0
279.194		233.692		3895		2		0
279.355		257.748		3995		2		0
279.716		269.503		3997		2		0
266.741		164.349		3345		2		0
250.103		231.799		3558		2		0
245.693		228.617		3661		2		0
283.569		235.571		3555		2		0
289.644		234.143		3505		2		0
Frame 74
269.271		205.587		3765		2		0
267.813		184.603		3509		2		0
265.995		160.943		3103		2		0
263.221		149.8		3030		2		0
245.381		167.183		3328		2		0
239.855		192.008		3458		2		0
243.371		219.289		3515		2		0
247.555		230.638		3541		2		0
282.974		167.87		3324		2		0
292.676		190.121		3434		2		0
291.604		220.649		3472		2		0
288.429		231.513		3487		2		0
261.484		207.733		3744		2		0
261.238		236.468		3933		2		0
263.517		260.772		4039		2		0
263.304		271.282		3784		1		0
277.224		205.106		3740		2		0
279.343		232.541		3881		2		0
279.158		261.176		4032		2		0
281.791		271.275		3805		1		0
266.528		167.048		3319		2		0
252.379		237.374		3558		2		0
246.153		234.306		3551		2		0
285.846		239.713		0		2		0
289.909		236.364		3463		2		0
Frame 75
269.15		206.367		3752		2		0
265.65		187.144		3491		2		0
261.317		164.312		3078		2		0
263.222		155.277		3003		2		0
244.403		170.241		3302		2		0
239.073		196.816		3419		2		0
243.361		222.018		3480		2		0
246.963		233.58		3488		2		0
282.952		170.115		3291		2		0
292.596		193.838		3411		2		0
292.026		224.096		3434		2		0
288.638		235.324		3448		2		0
261.585		208.416		3730		2		0
261.007		233.795		3923		2		0
263.61		260.241		4049		2		0
262.796		270.697		0		1		0
277.071		205.125		3717		2		0
279.363		232.773		3866		2		0
279.455		257.336		3997		2		0
279.732		269.333		3992		2		0
262.419		170.429		3194		2		0
253.333		240.167		3542		2		0
248.646		239.413		3479		2		0
286.294		243.7		0		2		0
290.167		240.418		3429		2		0
Frame 76
268.275		207.884		3723		2		0
266.679		189.601		3486		2		0
265.762		168.292		3058		2		0
262.929		159.601		2973		2		0
243.712		173.728		3269		2		0
238.515		203.427		3398		2		0
242.383		228.07		3428		2		0
246.672		239.383		3444		2		0
283.873		174.527		3261		2		0
293.545		198.185		3381		2		0
293.09		224.136		3406		2		0
290.106		235.559		3399		2		0
261.225		208.769		3706		2		0
261.186		234.237		3908		2		0
263.62		259.975		4034		2		0
261.645		270.241		3817		2		0
275.488		207.373		3701		2		0
279.729		233.637		3860		2		0
278.846		260.755		4013		2		0
282.817		270.555		0		1		0
266.062		174.104		3262		2		0
250.367		246.634		3433		2		0
244.531		242.593		3473		2		0
287.656		243.666		3416		2		0
291.101		242.799		3381		2		0
Frame 77
270.742		210.327		3707		2		0
267.235		193.066		3486		2		0
262.962		172.47		2997		2		0
263.058		162.796		2940		2		0
242.259		176.581		3235		2		0
238.147		206.922		3360		2		0
239.552		232.381		3407		2		0
243.568		240.47		3368		2		0
284.652		181.6		3248		2		0
294.733		204.11		3332		2		0
293.001		231.941		3338		2		0
290.166		243.298		3327		2		0
263.637		211.44		3740		2		0
261.296		238.589		3903		2		0
263.652		260.943		4017		2		0
260.674		270.947		3829		1		0
277.717		209.031		3688		2		0
279.688		234.106		3849		2		0
278.45		260.307		3986		2		0
282.548		269.821		0		2		0
264.103		177.972		0		2		0
245.216		249.445		3378		2		0
241.384		241.227		3446		2		0
287.996		251.5		3327		2		0
292.201		249.1		3322		2		0
Frame 78
270.381		216.766		3808		2		0
266.974		198.913		3493		2		0
262.929		177.543		2976		2		0
263.011		169.773		2910		2		0
238.824		183.996		3215		2		0
237.275		209.036		3300		2		0
239.831		234.821		3313		2		0
240.887		239.267		3324		1		0
286.303		184.181		3212		2		0
294.986		207.613		3297		2		0
293.099		238.645		3281		2		0
290.738		247.811		3270		2		0
262.783		215.286		3745		2		0
261.116		240.113		3922		2		0
263.788		262.486		4027		2		0
261.605		264.136		4035		2		0
278.224		218.067		3724		2		0
276.288		239.662		3905		1		0
278.271		260.309		3998		2		0
283.125		269.08		0		2		0
264.009		183.366		0		2		0
242.276		248.857		3316		2		0
240.499		249		3360		2		0
289.23		256.293		3270		2		0
293.354		252.644		3257		2		0
Frame 79
276.143		216.873		3708		2		0
272.723		199.862		3422		2		0
268.686		179.753		2944		2		0
266.668		172.672		2873		2		0
239.76		186.383		3160		2		0
235.93		214.897		3231		2		0
239.93		242.947		3248		2		0
241.482		251.563		3226		1		0
284.819		184.86		3148		2		0
295.524		207.928		3223		2		0
292.928		243.942		3223		2		0
291.62		253.099		3190		2		0
268.355		215.502		0		2		0
261.495		243.656		3916		2		0
264.067		265.82		4041		2		0
262.781		258.552		4022		2		0
284.167		218.286		3724		2		0
282.696		239.378		3845		1		0
277.951		260.463		3999		2		0
281.845		269.753		0		2		0
269.762		185.117		3187		2		0
243.545		260.152		3219		2		0
239.768		257.075		3283		2		0
290.873		261.292		3194		2		0
295.064		258.314		3191		2		0
Frame 80
277.825		218.535		3667		2		0
275.139		201.593		3393		2		0
271.963		181.508		3074		2		0
268.715		175.14		2842		2		0
238.868		183.849		3112		2		0
235.418		218.723		3186		2		0
236.599		246.743		3173		2		0
238.452		254.43		3153		1		0
287.262		191.496		3127		2		0
296.005		219.222		3175		2		0
295.524		248.572		3155		2		0
292.657		259.424		3115		2		0
270.815		219.375		3763		2		0
264.473		245.269		3960		1		0
262.841		263.18		4024		2		0
264.493		261.681		3999		2		0
284.571		217.973		3684		2		0
286.369		242.823		0		1		0
278.151		260.844		3975		2		0
281.639		270.244		0		2		0
272.811		186.873		3135		2		0
237.663		265.331		3183		2		0
236.5		258.656		0		2		0
292.333		268.4		3100		2		0
297.063		263.052		3123		2		0
Frame 81
276.976		221.972		3659		2		0
274.791		205.815		3340		2		0
272.212		186.69		3063		2		0
268.917		180.031		2808		2		0
239.476		184.633		3066		2		0
234.529		219.524		3111		2		0
235.127		252.301		3092		2		0
236.263		259.368		3086		1		0
289.414		198.332		3077		2		0
297.955		230.164		3105		2		0
296.391		258.154		3062		2		0
293.557		267.082		3025		2		0
270.632		223.268		3749		2		0
264.818		250.602		3945		1		0
262.524		262.82		3992		2		0
264.538		263.088		4010		2		0
283.39		220.662		3642		2		0
286.778		245.922		0		1		0
278.881		261.175		3969		2		0
281.725		269.74		0		2		0
272.9		191.794		3089		2		0
235.996		270.5		3078		2		0
237.01		266.384		3060		2		0
292.777		275.446		3027		2		0
297.877		269.624		3016		2		0
Frame 82
276.062		226.057		3657		2		0
272.807		211.217		3360		2		0
268.976		193.726		2798		2		0
262.074		187.914		2735		2		0
239.597		187.29		3018		2		0
233.341		221.049		3049		2		0
234.243		259.768		3010		2		0
235.48		272.316		2978		1		0
286.741		201.12		3017		2		0
297.13		237.599		3033		1		0
297.576		265.854		2979		2		0
294.82		274.54		2942		2		0
269.953		227.565		0		2		0
260.777		248.042		3878		2		0
267.977		265.297		4039		2		0
258.861		260.591		4018		2		0
282.228		224.537		3619		2		0
286.662		252.055		4398		1		0
278.886		260.551		3960		2		0
280.557		268.788		4006		2		0
269.997		198.386		3036		2		0
234.5		282.398		2956		2		0
232		280.497		2970		2		0
294		282.334		2941		2		0
299.003		276.223		2951		2		0
Frame 83
276.638		229.946		3628		2		0
273.245		214.639		3242		2		0
269.239		196.544		0		2		0
261.837		191.274		2679		2		0
238.015		199.775		2953		2		0
231.782		236.157		2988		2		0
232.474		273.015		2920		2		0
233.906		283.089		2879		1		0
288.154		206.767		2951		2		0
299.919		233.097		2976		2		0
299.259		265.634		2914		2		0
296.636		278.62		2882		2		0
269.891		231.375		0		2		0
260.19		251.604		3880		1		0
263.841		263.786		3995		2		0
256.78		256.86		3961		2		0
283.467		228.501		3593		2		0
286.982		254.907		4393		1		0
279.134		260.57		3939		2		0
279.681		266.714		4006		2		0
270.307		201.371		2980		2		0
235.275		293.261		2870		2		0
229.822		288.097		2897		2		0
295.704		289.001		2852		2		0
300.253		284.241		2869		2		0
Frame 84
276.269		236.233		3642		2		0
272.968		221.588		3255		2		0
269.059		204.233		0		2		0
261.062		200.775		2622		2		0
237.018		206.029		2898		1		0
230.591		237.4		2932		2		0
230.396		278.072		2850		2		0
231.432		291.334		2789		1		0
288.892		211.888		2885		2		0
299.948		239.173		2921		2		0
300.575		279.3		2836		2		0
298.001		289.767		2771		2		0
269.599		238.868		4420		2		0
259.677		257.685		3922		1		0
262.753		270.655		3810		1		0
261.959		283.241		3535		1		0
282.972		233.588		3594		2		0
286.984		260.995		4650		1		0
278.724		261.029		3959		2		0
278.139		273.584		3733		1		0
270.103		208.867		2939		2		0
232.934		302.306		2782		2		0
226.768		298.217		2793		2		0
297.711		298.574		2766		2		0
301.961		293.161		2765		2		0
Frame 85
276.706		243.734		3656		2		0
275.575		230.367		3433		2		0
274.29		215.127		2864		2		0
265.074		209.879		2568		2		0
236.542		214.8		2835		1		0
229.178		250.403		2867		2		0
228.635		292.57		2764		2		0
228.928		301.738		2710		1		0
286.996		215.516		2824		2		0
299.386		242.511		2846		2		0
300.825		284.432		2770		2		0
299.664		297.323		2702		2		0
269.849		246.166		4418		2		0
259.882		264.835		4018		1		0
260.017		252.555		3796		2		0
266.658		259.751		3985		2		0
283.621		241.284		3632		2		0
287.424		269.127		0		1		0
278.249		261.589		3922		2		0
278.259		274.172		3710		1		0
274.627		219.134		2890		2		0
225.894		313.818		2685		2		0
226.937		306.311		2683		2		0
299.789		307.296		2690		2		0
304.43		301.49		2693		2		0
Frame 86
279.755		252.051		3716		2		0
277.724		238.434		3429		2		0
275.393		222.783		2785		2		0
265.324		218.143		2509		2		0
236.579		222.475		2768		1		0
228.997		259.086		2801		1		0
228.427		302.874		2712		1		0
228.218		313.656		2645		1		0
288.474		223.263		2756		1		0
300.442		256.465		2784		2		0
302.378		298.008		2695		2		0
300.891		309.851		2615		2		0
272.545		254.996		0		2		0
260.476		272.408		3745		1		0
260.569		259.34		3907		1		0
267.447		266.288		0		1		0
286.994		249.098		0		2		0
288.644		276.687		3661		1		0
278.563		267.785		4010		1		0
278.579		280.749		3581		1		0
276.008		226.912		2800		2		0
225.155		325.904		2602		1		0
226.197		318.467		2619		1		0
302.498		318.075		2595		2		0
304.958		314.404		2594		2		0
Frame 87
263.022		241.421		2512		0		0
263.022		241.421		2512		0		0
9999		9999		9999		0		0
258.051		218.169		2468		2		0
257.49		235.203		2441		2		0
248.856		276.658		3684		1		0
249.13		327.359		2610		1		0
248.771		339.451		2377		1		0
264.5		254.489		3853		2		0
273.247		278.142		3628		1		0
273.977		308.231		2921		1		0
274.046		318.308		2711		1		0
263.037		241.027		2512		2		0
257.537		252.564		3627		1		0
257.842		241.159		2498		1		0
267.827		250.999		4426		1		0
263.007		241.813		2512		2		0
262.298		261.53		3956		1		0
255.389		254.649		3635		1		0
268.654		258.884		0		2		0
9999		9999		9999		0		0
245.421		353.489		2166		1		0
246.861		345.402		2272		1		0
274.975		324.156		2581		1		0
276.614		321.593		2637		1		0
Frame 88
9999		9999		9999		0		0
9999		9999		9999		0		0
9999		9999		9999		0		0
9999		9999		9999		0		0
9999		9999		9999		0		0
257.496		266.539		4048		2		0
257.717		282.88		3560		1		0
257.706		286.343		3452		1		0
9999		9999		9999		0		0
9999		9999		9999		0		0
280.856		297.299		3158		1		0
280.856		297.299		3158		1		0
9999		9999		9999		0		0
9999		9999		9999		0		0
282.498		266.486		4023		2		0
292.012		269.418		2698		1		0
9999		9999		9999		0		0
257.496		266.539		4048		2		0
226.478		231.123		5635		1		0
235.862		235.427		2663		1		0
9999		9999		9999		0		0
246.744		332.121		2592		1		0
251.744		303.351		2999		1		0
290.31		352.207		2222		1		0
307.107		327.734		2626		1		0
