front
Frame 0
274.518		194.672		3563		2		0
273.204		162.3		3514		2		0
271.804		129.598		3551		2		0
271.442		113.589		3450		2		0
253.943		142.783		3546		2		0
247.91		170.294		3627		1		0
249.533		202.262		3560		1		0
252.453		211.264		3541		1		0
291.2		142.446		3547		2		0
298.191		170.14		3603		1		0
296.03		200.93		3572		1		0
292.702		209.425		3538		1		0
266.271		195.307		3569		2		0
270.117		237.805		3715		2		0
271.764		271.488		3770		2		0
275.507		282.06		3711		2		0
282.76		194.042		3568		2		0
283.288		234.271		3689		2		0
280.685		270.349		3769		2		0
277.579		281.056		3746		2		0
272.163		137.806		3550		2		0
254.857		218.859		3548		2		0
249.509		213.024		3568		2		0
291.749		217.376		3558		2		0
296.105		211.161		3533		2		0
Frame 1
274.516		194.671		3546		2		0
273.21		162.307		3518		2		0
271.853		129.638		3550		2		0
271.474		113.598		3439		2		0
253.943		142.77		3557		2		0
247.952		170.292		3617		1		0
249.564		202.267		3551		1		0
252.643		211.242		3533		1		0
291.205		142.473		3540		2		0
298.158		170.267		3609		1		0
296.1		200.721		3581		1		0
292.96		209.401		3551		1		0
266.27		195.308		3565		2		0
270.123		237.805		3714		2		0
271.749		271.46		3764		2		0
275.535		282.026		0		2		0
282.756		194.035		3568		2		0
283.286		234.286		3685		2		0
281.089		269.907		3776		2		0
277.868		280.631		3761		2		0
272.196		137.837		3557		2		0
254.266		218.893		3565		2		0
249.672		212.979		3568		2		0
292.001		217.501		3557		2		0
295.827		210.543		3523		2		0
Frame 2
274.509		194.675		3557		2		0
273.211		162.318		3517		2		0
271.876		129.665		3549		2		0
271.48		113.599		3452		2		0
253.957		142.77		3552		2		0
248.015		170.244		3630		1		0
249.564		202.232		3560		1		0
252.754		211.465		3536		1		0
291.209		142.49		3541		2		0
298.158		170.263		3610		1		0
296.06		201.075		3569		1		0
292.705		209.372		3537		1		0
266.264		195.324		3573		2		0
270.13		237.809		3711		2		0
271.711		271.488		3767		2		0
275.183		282.153		3716		2		0
282.749		194.034		3565		2		0
283.288		234.267		3689		2		0
281.201		269.861		3770		2		0
278.019		280.578		3759		2		0
272.211		137.86		3546		2		0
255.143		219.287		3574		2		0
250.133		214.133		3561		2		0
292.098		217.401		3553		2		0
296.5		210.502		3538		2		0
Frame 3
274.506		194.671		3563		2		0
273.209		162.317		3519		2		0
271.875		129.664		3552		2		0
271.498		113.6		3449		2		0
253.959		142.782		3555		2		0
248.076		170.257		3627		1		0
249.571		202.253		3564		1		0
252.568		211.12		3542		1		0
291.216		142.497		3548		2		0
298.158		170.26		3599		1		0
296.135		200.95		3558		1		0
292.869		209.468		3543		1		0
266.263		195.323		3577		2		0
270.182		237.828		3705		2		0
271.415		270.73		3769		2		0
274.941		281.41		3718		2		0
282.742		194.021		3561		2		0
283.282		234.263		3694		2		0
281.293		269.586		3774		2		0
278.367		280.406		3754		2		0
272.21		137.859		3548		2		0
254.223		218.446		3560		2		0
249.249		212.335		3566		2		0
291.5		217.501		3560		2		0
296.056		210.851		3543		2		0
Frame 4
274.504		194.667		3548		2		0
273.208		162.318		3517		2		0
271.876		129.673		3547		2		0
271.525		113.632		3450		2		0
253.959		142.78		3559		2		0
248.138		170.52		3625		1		0
249.606		202.523		3560		1		0
252.616		211.452		3527		1		0
291.222		142.524		3547		2		0
298.159		170.264		3606		1		0
296.168		200.838		3553		1		0
293.03		209.293		3542		1		0
266.263		195.322		3559		2		0
270.165		237.797		3719		2		0
271.75		270.933		3765		2		0
274.916		281.74		3711		2		0
282.736		194.011		3559		2		0
283.268		234.268		3696		2		0
281.168		270.183		3773		2		0
278.625		281.075		3748		2		0
272.21		137.865		3550		2		0
254.834		219.334		3558		2		0
250.498		214.43		3569		2		0
292		217.501		3555		2		0
295.188		209.687		3519		2		0
Frame 5
274.496		194.647		3541		2		0
273.187		162.305		3517		2		0
271.837		129.662		3540		2		0
271.546		113.627		3455		2		0
253.947		142.769		3561		2		0
248.171		170.666		3624		1		0
249.615		202.515		3556		1		0
252.299		211.196		3541		1		0
291.222		142.52		3554		2		0
298.157		170.278		3608		1		0
296.158		200.798		3558		1		0
292.883		208.999		3544		1		0
266.261		195.316		3564		2		0
270.164		237.797		3718		2		0
271.84		271.005		3758		2		0
274.902		281.848		3722		2		0
282.721		193.968		3565		2		0
283.278		234.225		3688		2		0
281.23		270.155		3770		2		0
278.575		281		3751		2		0
272.176		137.854		3546		2		0
254.834		219.001		3568		2		0
251.332		214.811		3551		2		0
292.287		217.43		3552		2		0
295.835		209.855		3538		2		0
Frame 6
274.494		194.643		3566		2		0
273.176		162.312		3524		2		0
271.82		129.678		3550		2		0
271.552		113.633		3440		2		0
253.95		142.752		3559		2		0
248.2		170.559		3625		1		0
249.658		202.518		3566		1		0
252.659		211.278		3532		1		0
291.214		142.527		3540		2		0
298.156		170.278		3608		1		0
296.227		200.662		3573		1		0
292.884		208.953		3545		1		0
266.262		195.323		3572		2		0
270.194		237.809		3715		2		0
271.843		270.986		3754		2		0
275.041		281.793		3746		2		0
282.718		193.952		3563		2		0
283.277		234.221		3693		2		0
281.335		269.964		3764		2		0
278.416		280.751		3753		2		0
272.16		137.868		3550		2		0
254.827		219		3575		2		0
251.285		216.285		3557		2		0
291.876		217.376		3561		2		0
295.726		209.79		3529		2		0
Frame 7
274.48		194.627		3539		2		0
273.175		162.304		3517		2		0
271.838		129.672		3552		2		0
271.568		113.647		3443		2		0
253.949		142.753		3559		2		0
248.198		170.525		3626		1		0
249.672		202.497		3561		1		0
252.341		211.028		3536		1		0
291.216		142.535		3543		2		0
298.166		170.279		3605		1		0
296.29		200.529		3571		1		0
292.773		208.807		3543		1		0
266.254		195.313		3565		2		0
270.239		237.841		3711		2		0
271.741		271.142		3770		2		0
275.137		281.882		3740		2		0
282.697		193.929		3563		2		0
283.275		234.23		3704		2		0
281.238		270.057		3788		2		0
278.265		280.812		3744		2		0
272.172		137.861		3555		2		0
254.002		218.501		3555		2		0
250.856		213.93		3558		2		0
291.285		217.429		3554		2		0
294.501		210.749		3524		2		0
Frame 8
274.479		194.626		3548		2		0
273.176		162.307		3515		2		0
271.85		129.689		3538		2		0
271.602		113.642		3445		2		0
253.967		142.776		3549		2		0
248.193		170.474		3628		1		0
249.663		202.467		3561		1		0
252.56		211.177		3534		1		0
291.223		142.543		3542		2		0
298.171		170.285		3606		1		0
296.293		200.508		3568		1		0
292.985		209.169		3541		1		0
266.254		195.312		3572		2		0
270.238		237.84		3711		2		0
271.431		270.342		3781		2		0
274.948		281.063		3714		2		0
282.696		193.928		3560		2		0
283.272		234.272		3692		2		0
281.215		270.067		3774		2		0
278.188		280.806		3758		2		0
272.18		137.874		3546		2		0
254.834		219.334		3565		2		0
248.714		211.428		3597		2		0
292.001		217.501		3557		2		0
294.795		210.603		3531		2		0
Frame 9
274.478		194.622		3570		2		0
273.182		162.308		3520		2		0
271.868		129.694		3559		2		0
271.626		113.661		3468		2		0
253.989		142.754		3561		2		0
248.172		170.375		3628		1		0
249.641		202.373		3563		1		0
252.566		211.09		3537		1		0
291.224		142.538		3546		2		0
298.16		170.315		3610		1		0
296.18		200.985		3566		1		0
292.89		209.369		3547		1		0
266.253		195.31		3569		2		0
270.204		237.788		3711		2		0
271.425		270.347		3775		2		0
274.937		281.085		3725		2		0
282.697		193.923		3568		2		0
283.281		233.951		3693		2		0
281.478		269.926		3792		2		0
278.464		280.691		3762		2		0
272.195		137.879		3550		2		0
254.224		218.445		3557		2		0
249.003		211.489		3586		2		0
292.173		217.446		3566		2		0
295.023		210.487		3522		2		0
Frame 10
274.474		194.63		3541		2		0
273.178		162.315		3515		2		0
271.865		129.701		3555		2		0
271.639		113.658		3446		2		0
253.988		142.742		3554		2		0
248.163		170.338		3617		1		0
249.645		202.349		3547		1		0
252.381		210.908		3538		1		0
291.225		142.536		3542		2		0
298.16		170.311		3607		1		0
296.158		201.226		3558		1		0
292.967		209.476		3544		1		0
266.249		195.323		3561		2		0
270.195		237.805		3715		2		0
271.378		270.368		3766		2		0
275.033		281.055		3736		2		0
282.691		193.928		3564		2		0
283.264		233.983		3693		2		0
281.373		270.453		3796		2		0
278.106		281.123		3738		2		0
272.191		137.886		3546		2		0
254.222		218.446		3551		2		0
249.698		212.802		3554		2		0
291.623		217.376		3554		2		0
295.859		211.358		3523		2		0
Frame 11
274.474		194.631		3549		2		0
273.178		162.316		3515		2		0
271.865		129.701		3553		2		0
271.657		113.68		3442		2		0
253.985		142.743		3554		2		0
248.171		170.216		3617		1		0
249.571		202.23		3539		1		0
251.913		210.751		3528		1		0
291.223		142.546		3543		2		0
298.181		170.373		3607		1		0
296.163		201.306		3568		1		0
292.934		209.553		3545		1		0
266.249		195.323		3568		2		0
270.201		237.786		3715		2		0
271.247		270.461		3768		2		0
275.347		280.99		3742		2		0
282.695		193.932		3559		2		0
283.248		234.008		3690		2		0
281.314		270.427		3777		2		0
277.817		281.021		3771		2		0
272.192		137.886		3547		2		0
253.223		218.445		3548		2		0
249.24		212.253		3560		2		0
291.889		217.446		3555		2		0
296.159		211.212		3527		2		0
Frame 12
274.478		194.627		3553		2		0
273.192		162.318		3520		2		0
271.912		129.713		3552		2		0
271.673		113.68		3451		2		0
253.992		142.741		3554		2		0
248.143		170.154		3637		1		0
249.583		202.167		3552		1		0
252.073		210.711		3528		1		0
291.221		142.541		3546		2		0
298.178		170.373		3603		1		0
296.13		201.444		3554		1		0
292.99		209.654		3541		1		0
266.251		195.319		3584		2		0
270.214		237.773		3713		2		0
271.277		270.872		3770		2		0
275.586		281.301		3727		2		0
282.701		193.928		3558		2		0
283.246		234.004		3696		2		0
281.382		270.049		3774		2		0
277.943		280.662		3758		2		0
272.229		137.896		3556		2		0
253.715		218.429		3553		2		0
249.166		212.576		3560		2		0
290.8		218.401		3562		2		0
295.583		210.771		3532		2		0
Frame 13
274.483		194.612		3568		2		0
273.213		162.293		3515		2		0
271.961		129.676		3562		2		0
271.712		113.671		3446		2		0
254.013		142.713		3564		2		0
248.129		170.064		3620		1		0
249.6		202.085		3543		1		0
252.229		211.166		3527		1		0
291.227		142.549		3546		2		0
298.177		170.38		3604		1		0
296.13		201.514		3561		1		0
292.827		209.554		3547		1		0
266.256		195.299		3567		2		0
270.159		237.699		3721		2		0
271.349		270.855		3761		2		0
275.438		281.377		3743		2		0
282.71		193.916		3568		2		0
283.249		234.047		3686		2		0
281.664		269.897		3786		2		0
277.577		280.262		3768		2		0
272.27		137.861		3552		2		0
253.901		218.401		3545		2		0
250.18		213.957		3541		2		0
292.499		217.401		3548		2		0
296.668		210.464		3531		2		0
Frame 14
274.497		194.613		3539		2		0
273.237		162.298		3520		2		0
272.017		129.681		3552		2		0
271.735		113.663		3440		2		0
254.03		142.715		3552		2		0
248.123		170.062		3620		1		0
249.579		202.076		3536		1		0
252.167		211.267		3527		1		0
291.236		142.543		3551		2		0
298.154		170.324		3597		1		0
296.172		201.217		3557		1		0
293.096		209.342		3528		1		0
266.268		195.305		3573		2		0
270.158		237.699		3716		2		0
271.322		270.793		3772		2		0
275.253		281.371		3737		2		0
282.726		193.911		3568		2		0
283.228		234.12		3692		2		0
281.783		269.856		3772		2		0
277.512		280.141		3767		2		0
272.316		137.868		3548		2		0
254.75		218.752		3544		2		0
249.997		214.355		3554		2		0
292.221		217.557		3534		2		0
296.091		210.532		3522		2		0
Frame 15
274.505		194.611		3554		2		0
273.25		162.301		3520		2		0
272.034		129.689		3546		2		0
271.754		113.659		3448		2		0
254.061		142.687		3555		2		0
248.099		170.058		3628		1		0
249.582		202.022		3539		1		0
252.003		211.267		3524		1		0
291.244		142.541		3548		2		0
298.135		170.258		3608		1		0
296.116		201.389		3554		1		0
293.029		209.504		3535		1		0
266.277		195.303		3569		2		0
270.156		237.698		3726		2		0
271.315		270.8		3755		2		0
275.105		281.425		3732		2		0
282.735		193.909		3554		2		0
283.206		234.174		3676		2		0
281.851		269.854		3768		2		0
277.418		280.061		3763		2		0
272.332		137.875		3547		2		0
254.143		219.287		3554		2		0
248.941		212.532		3549		2		0
292.443		217.446		3554		2		0
296.116		210.702		3521		2		0
Frame 16
274.519		194.615		3548		2		0
273.297		162.297		3515		2		0
272.129		129.658		3550		2		0
271.78		113.651		3449		2		0
254.112		142.677		3559		2		0
248.099		169.974		3620		1		0
249.586		201.941		3570		1		0
252.095		211.367		3520		1		0
291.258		142.566		3547		2		0
298.138		170.297		3605		1		0
296.19		201.183		3567		1		0
293.007		209.515		3530		1		0
266.286		195.306		3574		2		0
270.166		237.696		3709		2		0
271.322		270.859		3767		2		0
275.213		281.426		3739		2		0
282.757		193.913		3566		2		0
283.214		234.163		3690		2		0
281.73		269.984		3766		2		0
277.551		280.328		3773		2		0
272.415		137.852		3540		2		0
254.327		219.047		3570		2		0
249.474		213.299		3549		2		0
292.499		217.501		3547		2		0
295.264		210.209		3524		2		0
Frame 17
274.523		194.614		3553		2		0
273.313		162.291		3517		2		0
272.158		129.643		3547		2		0
271.841		113.646		3447		2		0
254.144		142.664		3550		2		0
248.142		169.949		3623		1		0
249.654		201.869		3562		1		0
252.383		211.294		3515		1		0
291.286		142.568		3551		2		0
298.139		170.314		3603		1		0
296.196		201.065		3564		1		0
293.089		209.494		3529		1		0
266.292		195.307		3571		2		0
270.125		237.703		3705		2		0
271.302		270.829		3773		2		0
275.198		281.4		3736		2		0
282.762		193.91		3565		2		0
283.216		234.169		3697		2		0
281.827		269.979		3777		2		0
277.399		280.185		3763		2		0
272.441		137.839		3548		2		0
255.166		219.167		3560		2		0
249.747		213.985		3545		2		0
292.43		217.43		3550		2		0
294.8		210.401		3517		2		0
Frame 18
274.52		194.615		3543		2		0
273.323		162.282		3517		2		0
272.202		129.6		3544		2		0
271.873		113.64		3454		2		0
254.18		142.657		3548		2		0
248.156		169.946		3615		1		0
249.667		201.869		3559		1		0
252.574		211.305		3521		1		0
291.312		142.599		3551		2		0
298.137		170.314		3596		1		0
296.158		201.197		3556		1		0
292.896		209.588		3538		1		0
266.288		195.307		3567		2		0
270.119		237.691		3699		2		0
271.187		270.876		3751		2		0
275.373		281.328		3737		2		0
282.758		193.915		3564		2		0
283.255		234.244		3689		2		0
281.903		269.769		3770		2		0
277.633		280.069		3768		2		0
272.475		137.808		3553		2		0
255.4		218.902		3541		2		0
248.915		211.997		3575		2		0
292.011		217.509		3557		2		0
295.335		210.219		3511		2		0
Frame 19
274.524		194.615		3546		2		0
273.389		162.281		3508		2		0
272.388		129.596		3550		2		0
271.912		113.668		3453		2		0
254.212		142.619		3556		2		0
248.165		169.946		3615		1		0
249.658		201.863		3564		1		0
252.459		210.829		3522		1		0
291.342		142.614		3548		2		0
298.146		170.279		3599		1		0
296.226		200.94		3565		1		0
292.951		209.574		3539		1		0
266.291		195.306		3573		2		0
270.116		237.726		3706		2		0
272.973		271.453		3774		2		0
274.632		282.643		3703		2		0
282.764		193.916		3559		2		0
283.236		234.273		3679		2		0
281.814		269.997		3763		2		0
277.408		280.224		3758		2		0
272.628		137.805		3544		2		0
254.727		218.455		3541		2		0
250.803		213.77		3548		2		0
292		217.501		3547		2		0
295.251		209.033		3520		2		0
Frame 20
274.523		194.565		3561		2		0
273.416		162.228		3524		2		0
272.429		129.537		3553		2		0
271.945		113.63		3455		2		0
254.243		142.576		3554		2		0
248.164		169.945		3617		1		0
249.659		201.862		3557		1		0
252.467		210.717		3525		1		0
291.346		142.59		3551		2		0
298.134		170.29		3609		1		0
296.268		200.731		3550		1		0
293.016		209.123		3536		1		0
266.289		195.261		3583		2		0
270.163		237.723		3713		2		0
272.053		271.506		3769		2		0
275.169		282.328		3716		2		0
282.765		193.862		3564		2		0
283.234		234.27		3705		2		0
281.801		270.024		3760		2		0
277.552		280.361		3773		2		0
272.667		137.747		3545		2		0
254.143		218.001		3559		2		0
251.889		211.556		3520		2		0
291.776		217.445		3555		2		0
295.442		210.682		3517		2		0
Frame 21
274.51		194.561		3558		2		0
273.423		162.216		3517		2		0
272.475		129.496		3555		2		0
271.975		113.647		3458		2		0
254.263		142.581		3557		2		0
248.253		169.996		3623		1		0
249.659		201.914		3568		1		0
252.433		210.592		3533		1		0
291.36		142.619		3551		2		0
298.137		170.323		3604		1		0
296.261		200.663		3556		1		0
292.877		209.107		3539		1		0
266.274		195.259		3570		2		0
270.157		237.725		3714		2		0
271.951		271.479		3764		2		0
275.288		282.222		3706		2		0
282.754		193.857		3565		2		0
283.301		234.179		3688		2		0
281.982		269.878		3773		2		0
277.572		280.113		3778		2		0
272.701		137.714		3547		2		0
254.223		218.445		3542		2		0
249.806		212.376		3565		2		0
291.777		217.445		3557		2		0
294.901		211.2		3516		2		0
Frame 22
274.51		194.561		3553		2		0
273.425		162.208		3517		2		0
272.472		129.471		3549		2		0
272.054		113.605		3449		2		0
254.316		142.586		3550		2		0
248.296		170.025		3616		1		0
249.668		201.947		3576		1		0
252.691		210.551		3532		1		0
291.368		142.623		3547		2		0
298.132		170.325		3603		1		0
296.065		201.192		3559		1		0
292.705		209.491		3536		1		0
266.275		195.258		3569		2		0
270.138		237.671		3723		2		0
271.829		271.419		3761		2		0
275.463		282.067		0		2		0
282.754		193.859		3552		2		0
283.278		234.186		3689		2		0
281.836		270.108		3762		2		0
277.521		280.389		3766		2		0
272.701		137.694		3551		2		0
254.38		218.381		3556		2		0
250.616		213.333		3550		2		0
292.353		217.512		3558		2		0
295.47		211.299		3528		2		0
Frame 23
274.513		194.563		3558		2		0
273.441		162.192		3523		2		0
272.499		129.413		3546		2		0
272.085		113.609		3454		2		0
254.324		142.583		3553		2		0
248.325		170.047		3619		1		0
249.71		201.96		3568		1		0
252.807		210.768		3536		1		0
291.388		142.636		3542		2		0
298.138		170.338		3607		1		0
296.12		200.937		3557		1		0
292.587		209.472		3544		1		0
266.281		195.258		3571		2		0
270.127		237.673		3721		2		0
271.977		271.215		3748		2		0
275.289		281.963		3734		2		0
282.756		193.865		3563		2		0
283.28		234.201		3686		2		0
281.871		270.06		3775		2		0
277.627		280.35		3768		2		0
272.726		137.649		3553		2		0
255.251		219.251		3560		2		0
250.788		213.791		3559		2		0
292.672		217.459		3561		2		0
294.454		211.546		3520		2		0
Frame 24
274.522		194.559		3544		2		0
273.449		162.182		3515		2		0
272.5		129.404		3544		2		0
272.111		113.602		3456		2		0
254.326		142.583		3554		2		0
248.345		170.049		3619		1		0
249.728		201.973		3566		1		0
252.89		210.833		3530		1		0
291.392		142.641		3548		2		0
298.137		170.299		3605		1		0
296.168		200.737		3551		1		0
292.57		209.051		3539		1		0
266.294		195.252		3561		2		0
270.119		237.666		3723		2		0
271.837		271.056		3768		2		0
275.204		281.812		3737		2		0
282.762		193.863		3566		2		0
283.28		234.208		3687		2		0
281.897		269.981		3789		2		0
278.032		280.39		3750		2		0
272.729		137.64		3546		2		0
255.224		218.445		3549		2		0
250.176		212.323		3547		2		0
291.875		217.376		3553		2		0
294.2		211.5		3518		2		0
Frame 25
274.531		194.563		3541		2		0
273.471		162.195		3514		2		0
272.526		129.435		3541		2		0
272.192		113.616		3446		2		0
254.349		142.602		3546		2		0
248.394		170.191		3618		1		0
249.743		202.146		3562		1		0
252.665		210.555		3524		1		0
291.425		142.641		3542		2		0
298.137		170.314		3607		1		0
296.155		200.677		3568		1		0
292.507		209.06		3544		1		0
266.304		195.257		3571		2		0
270.153		237.731		3709		2		0
271.645		271.356		3763		2		0
275.387		281.979		3745		2		0
282.77		193.866		3563		2		0
283.275		234.232		3685		2		0
281.929		269.908		3771		2		0
277.978		280.281		3766		2		0
272.755		137.665		3545		2		0
254.374		218.376		3552		2		0
249.75		211.503		3565		2		0
291.778		217.445		3557		2		0
295.121		209.677		3531		2		0
Frame 26
274.552		194.584		3561		2		0
273.506		162.21		3513		2		0
272.563		129.444		3547		2		0
272.241		113.668		3461		2		0
254.406		142.649		3550		2		0
248.388		170.217		3623		1		0
249.747		202.192		3557		1		0
253.057		211.256		3531		1		0
291.462		142.704		3539		2		0
298.127		170.347		3605		1		0
296.179		200.565		3569		1		0
292.591		209.227		3536		1		0
266.316		195.252		3562		2		0
270.151		237.731		3710		2		0
271.519		271.344		3755		2		0
275.395		281.901		3737		2		0
282.812		193.944		3564		2		0
283.255		234.229		3696		2		0
281.952		269.852		3782		2		0
278.029		280.241		3750		2		0
272.792		137.675		3547		2		0
255.499		218.876		3560		2		0
250.378		212.845		3561		2		0
292.008		217.5		3563		2		0
293.933		210.799		3529		2		0
Frame 27
274.559		194.586		3556		2		0
273.512		162.216		3521		2		0
272.558		129.46		3549		2		0
272.282		113.687		3449		2		0
254.414		142.646		3552		2		0
248.428		170.418		3620		1		0
249.534		201.241		3559		1		0
252.552		210.698		3530		1		0
291.488		142.697		3549		2		0
298.132		170.446		3602		1		0
296.199		200.504		3560		1		0
292.552		208.927		3541		1		0
266.325		195.256		3570		2		0
270.177		237.775		3718		2		0
271.868		271.74		3773		2		0
275.414		282.376		3702		2		0
282.816		193.942		3556		2		0
283.255		234.229		3685		2		0
281.99		269.837		3783		2		0
277.997		280.191		3752		2		0
272.791		137.688		3544		2		0
255.499		218.876		3550		2		0
250.231		213.243		3546		2		0
292		217.501		3552		2		0
294.59		210.846		3523		2		0
Frame 28
274.568		194.59		3548		2		0
273.531		162.229		3510		2		0
272.582		129.492		3542		2		0
272.36		113.794		3455		2		0
254.422		142.656		3559		2		0
248.431		170.413		3620		1		0
249.663		201.567		3570		1		0
252.68		210.824		3528		1		0
291.497		142.694		3550		2		0
298.052		170.342		3608		1		0
296.222		200.458		3561		1		0
292.804		208.954		3541		1		0
266.332		195.267		3576		2		0
270.21		237.814		3724		2		0
271.947		271.722		3763		2		0
275.571		282.347		3714		2		0
282.828		193.936		3576		2		0
283.267		234.23		3690		2		0
281.834		269.898		3772		2		0
277.986		280.347		3765		2		0
272.814		137.715		3546		2		0
254.667		218.891		3545		2		0
249.747		212.749		3565		2		0
292		217.501		3554		2		0
295.034		210.808		3525		2		0
Frame 29
274.568		194.592		3557		2		0
273.53		162.238		3526		2		0
272.573		129.515		3547		2		0
272.437		113.879		3442		2		0
254.446		142.648		3553		2		0
248.488		170.582		3617		1		0
249.572		201.191		3582		1		0
252.597		210.873		3540		1		0
291.556		142.739		3550		2		0
298.064		170.364		3604		1		0
296.256		200.394		3566		1		0
292.875		208.918		3545		1		0
266.33		195.27		3567		2		0
270.208		237.815		3716		2		0
272.042		271.51		3770		2		0
275.647		282.157		3711		2		0
282.829		193.941		3566		2		0
283.272		234.234		3697		2		0
281.911		269.749		3766		2		0
277.897		280.131		3768		2		0
272.808		137.733		3551		2		0
255.498		218.876		3555		2		0
250.27		214.362		3569		2		0
292		217.501		3553		2		0
294.951		210.68		3524		2		0
Frame 30
274.579		194.6		3554		2		0
273.533		162.256		3515		2		0
272.551		129.56		3542		2		0
272.543		113.982		3429		2		0
254.483		142.657		3554		2		0
248.482		170.563		3621		1		0
249.821		201.94		3571		1		0
252.498		210.606		3537		1		0
291.579		142.723		3544		2		0
298.073		170.387		3602		1		0
296.347		200.28		3564		1		0
293.043		208.828		3538		1		0
266.348		195.28		3563		2		0
270.172		237.84		3704		2		0
271.749		271.023		3776		2		0
275.366		281.691		3729		2		0
282.838		193.949		3563		2		0
283.268		234.229		3700		2		0
282.049		269.53		3776		2		0
277.985		279.886		3762		2		0
272.795		137.77		3544		2		0
254.375		218.376		3549		2		0
249.682		212.262		3580		2		0
292.5		217.401		3547		2		0
295.876		211.125		3516		2		0
Frame 31
274.618		194.622		3574		2		0
273.541		162.27		3517		2		0
272.53		129.579		3549		2		0
272.626		113.976		3440		2		0
254.535		142.676		3552		2		0
248.523		170.554		3613		1		0
249.828		202.032		3565		1		0
252.687		211.125		3529		1		0
291.622		142.733		3546		2		0
298.08		170.377		3609		1		0
296.347		200.275		3548		1		0
293.129		208.745		3538		1		0
266.377		195.303		3573		2		0
270.171		237.81		3715		2		0
271.471		270.915		3759		2		0
275.495		281.476		3741		2		0
282.884		193.965		3558		2		0
283.271		234.232		3688		2		0
281.744		269.668		3772		2		0
278.009		280.175		3749		2		0
272.784		137.787		3549		2		0
255.169		219.167		3561		2		0
250.182		212.498		3552		2		0
292.221		217.557		3553		2		0
295.384		210.538		3511		2		0
Frame 32
274.633		194.602		3565		2		0
273.573		162.286		3512		2		0
272.598		129.662		3542		2		0
272.696		114.052		3432		2		0
254.545		142.652		3554		2		0
248.508		170.797		3623		1		0
249.864		202.127		3557		1		0
253.05		211.679		3534		1		0
291.701		142.729		3543		2		0
298.091		170.349		3606		1		0
296.338		200.699		3562		1		0
293.088		208.997		3538		1		0
266.391		195.286		3557		2		0
270.168		237.81		3714		2		0
271.729		271.059		3779		2		0
275.372		281.73		3725		2		0
282.9		193.939		3549		2		0
283.258		234.235		3694		2		0
281.78		269.667		3782		2		0
277.879		280.089		3775		2		0
272.841		137.848		3539		2		0
255.001		219.376		3556		2		0
250.221		214.556		3551		2		0
292.221		217.557		3553		2		0
295.954		209.283		3523		2		0
Frame 33
274.641		194.621		3538		2		0
273.594		162.332		3513		2		0
272.622		129.729		3545		2		0
272.778		114.173		3431		2		0
254.55		142.652		3554		2		0
248.527		170.797		3613		1		0
249.863		202.124		3548		1		0
252.717		211.028		3530		1		0
291.728		142.73		3540		2		0
298.117		170.363		3609		1		0
296.365		200.607		3559		1		0
293.15		208.885		3527		1		0
266.396		195.302		3566		2		0
270.144		237.787		3699		2		0
272.025		271.553		3779		2		0
275.281		282.326		3704		2		0
282.911		193.959		3553		2		0
283.236		234.242		3693		2		0
281.849		269.582		3782		2		0
277.827		279.971		3766		2		0
272.865		137.912		3543		2		0
254.894		218.91		3558		2		0
250.665		213.24		3546		2		0
293.001		217.501		3548		2		0
296.462		211.929		3525		2		0
Frame 34
274.644		194.624		3540		2		0
273.605		162.346		3514		2		0
272.637		129.754		3548		2		0
272.831		114.228		3425		2		0
254.578		142.626		3554		2		0
248.528		170.794		3615		1		0
249.881		202.184		3554		1		0
252.726		211.437		3534		1		0
291.77		142.735		3543		2		0
298.103		170.458		3597		1		0
296.305		201.117		3566		1		0
293.08		209.497		3531		1		0
266.402		195.307		3568		2		0
270.154		237.804		3714		2		0
272.156		271.565		3762		2		0
275.377		282.352		0		2		0
282.91		193.958		3558		2		0
283.224		234.282		3682		2		0
283.084		267.862		3769		2		0
278.552		278.009		3758		2		0
272.879		137.935		3538		2		0
255		219.376		3547		2		0
250.285		214.104		3550		2		0
292.286		218.143		3560		2		0
295.897		211.294		3527		2		0
Frame 35
274.656		194.636		3563		2		0
273.609		162.387		3508		2		0
272.604		129.817		3540		2		0
272.915		114.249		3427		2		0
254.628		142.584		3542		2		0
248.685		170.539		3614		1		0
249.885		202.253		3555		1		0
252.712		211.106		3525		1		0
291.822		142.732		3535		2		0
298.106		170.5		3603		1		0
296.448		200.834		3550		1		0
293.079		209.264		3539		1		0
266.415		195.323		3570		2		0
270.155		237.788		3701		2		0
272.166		271.571		3782		2		0
275.359		282.373		3709		2		0
282.919		193.965		3545		2		0
283.215		234.274		3684		2		0
282.53		269.844		3774		2		0
277.88		279.852		3756		2		0
272.857		137.994		3532		2		0
254.835		219.334		3556		2		0
250.296		213.266		3553		2		0
291.833		218.167		3562		2		0
295.997		210.526		3525		2		0
Frame 36
274.646		194.729		3553		2		0
273.635		162.53		3508		2		0
272.668		129.997		3540		2		0
272.963		114.364		3426		2		0
254.631		142.569		3549		2		0
248.698		170.662		3615		1		0
249.885		202.254		3555		1		0
252.725		210.997		3534		1		0
291.883		142.819		3535		2		0
298.141		170.576		3597		1		0
296.464		200.716		3557		1		0
293.188		209.239		3534		1		0
266.402		195.36		3568		2		0
270.174		237.796		3718		2		0
271.888		271.445		3751		2		0
275.433		282.152		3718		2		0
282.913		194.137		3556		2		0
283.206		234.28		3683		2		0
283.018		266.984		3757		2		0
279.089		277.411		3748		2		0
272.911		138.166		3534		2		0
254.875		219.251		3549		2		0
249.996		213.667		3574		2		0
292.555		218.334		3556		2		0
295.909		211.363		3518		2		0
Frame 37
274.697		194.791		3551		2		0
273.699		162.636		3508		2		0
272.728		130.128		3532		2		0
272.999		114.395		3423		2		0
254.657		142.546		3545		2		0
248.705		170.724		3610		1		0
249.897		202.255		3565		1		0
252.637		210.755		3530		1		0
291.915		142.799		3532		2		0
298.169		170.698		3598		1		0
296.456		200.914		3557		1		0
293.119		209.306		3543		1		0
266.438		195.393		3564		2		0
270.174		237.779		3715		2		0
272.062		271.503		3784		2		0
275.359		282.288		3706		2		0
282.98		194.227		3553		2		0
283.189		234.263		3691		2		0
282.705		268.659		3756		2		0
278.253		278.845		3759		2		0
272.972		138.294		3528		2		0
254.751		218.752		3536		2		0
250.198		213.51		3546		2		0
292.666		218.167		3555		2		0
295.963		211.111		3519		2		0
Frame 38
274.727		194.802		3553		2		0
273.734		162.672		3504		2		0
272.764		130.187		3533		2		0
273.028		114.428		3407		2		0
254.696		142.592		3534		2		0
248.74		170.814		3607		1		0
249.9		202.256		3571		1		0
253.215		211.531		3535		1		0
291.971		142.826		3536		2		0
298.167		170.765		3597		1		0
296.393		201.244		3560		1		0
293.061		209.591		3535		1		0
266.46		195.408		3559		2		0
270.193		237.83		3709		2		0
272.664		271.684		3759		2		0
275.062		282.725		3718		2		0
283.016		194.228		3554		2		0
283.188		234.248		3689		2		0
282.456		269.025		3770		2		0
278.101		279.267		3745		2		0
273.008		138.347		3530		2		0
255.223		219.445		3550		2		0
250.569		212.931		3549		2		0
292.286		218.143		3553		2		0
295.653		210.775		3529		2		0
Frame 39
274.767		194.875		3543		2		0
273.736		162.732		3504		2		0
272.71		130.21		3530		2		0
273.113		114.46		3405		2		0
254.79		142.571		3531		2		0
248.779		170.918		3607		1		0
249.92		202.241		3561		1		0
253.234		211.549		3522		1		0
292.045		142.842		3523		2		0
298.202		170.729		3594		1		0
296.355		201.471		3563		1		0
292.992		209.728		3539		1		0
266.505		195.463		3553		2		0
270.236		237.814		3710		2		0
272.099		271.695		3761		2		0
275.527		282.475		0		2		0
283.051		194.312		3551		2		0
283.186		234.256		3684		2		0
282.953		267.383		3766		2		0
278.86		277.771		3735		2		0
272.969		138.381		3527		2		0
255.225		219.445		3545		2		0
250.486		213.936		3556		2		0
292.285		218.43		3559		2		0
294.79		212.684		3514		2		0
Frame 40
274.799		194.887		3543		2		0
273.73		162.769		3496		2		0
272.643		130.258		3523		2		0
273.197		114.472		3400		2		0
254.792		142.55		3538		2		0
248.804		171.024		3603		1		0
249.952		202.328		3571		1		0
253.28		211.662		3521		1		0
292.098		142.854		3525		2		0
298.22		170.814		3595		1		0
296.482		201.134		3566		1		0
292.937		209.576		3538		1		0
266.531		195.479		3555		2		0
270.212		237.769		3703		2		0
271.691		271.341		3743		2		0
275.626		281.995		3736		2		0
283.085		194.316		3544		2		0
283.209		234.241		3691		2		0
282.985		267.394		3777		2		0
278.806		277.743		3744		2		0
272.919		138.428		3524		2		0
255.221		219.445		3560		2		0
250.643		214.278		3556		2		0
291.624		218.376		3554		2		0
296.03		211.379		3524		2		0
Frame 41
274.889		194.921		3529		2		0
273.794		162.823		3490		2		0
272.664		130.312		3528		2		0
273.232		114.46		3407		2		0
254.82		142.506		3532		2		0
248.866		171.032		3600		1		0
249.985		202.345		3574		1		0
253.418		211.432		3526		1		0
292.138		142.833		3526		2		0
298.251		170.898		3597		1		0
296.482		201.296		3560		1		0
292.984		209.648		3539		1		0
266.618		195.52		3544		2		0
270.212		237.754		3703		2		0
271.829		271.125		3759		2		0
275.212		281.957		3730		2		0
283.176		194.338		3545		2		0
283.231		234.227		3688		2		0
282.632		267.769		3768		2		0
278.74		278.257		3743		2		0
272.951		138.485		3525		2		0
255.43		219.287		3552		2		0
250.525		213.543		3552		2		0
292.286		218.143		3553		2		0
296.317		211.002		3536		2		0
Frame 42
274.882		194.941		3542		2		0
273.795		162.843		3495		2		0
272.682		130.318		3517		2		0
273.243		114.488		3398		2		0
254.898		142.368		3527		2		0
248.93		171.067		3596		1		0
250.047		202.434		3559		1		0
253.474		211.255		3519		1		0
292.194		142.847		3521		2		0
298.243		170.795		3594		1		0
296.466		201.42		3565		1		0
292.98		210.014		3532		1		0
266.607		195.537		3559		2		0
270.188		237.736		3702		2		0
271.589		271.035		3752		2		0
275.315		281.732		3741		2		0
283.176		194.356		3541		2		0
283.258		234.192		3672		2		0
282.575		268.749		3774		2		0
278.228		278.938		3761		2		0
272.964		138.495		3513		2		0
255.374		219.376		3556		2		0
251.612		213.618		3539		2		0
291.778		218.445		3548		2		0
296.481		210.637		3539		2		0
Frame 43
274.883		195.035		3546		2		0
273.841		162.925		3491		2		0
272.79		130.372		3518		2		0
273.263		114.523		3406		2		0
254.99		142.421		3526		2		0
249.009		171.047		3606		1		0
250.128		202.481		3550		1		0
253.452		211.258		3529		1		0
292.239		142.897		3521		2		0
298.283		170.915		3598		1		0
296.558		201.059		3553		1		0
293.081		209.728		3530		1		0
266.598		195.601		3554		2		0
270.219		237.736		3697		2		0
271.438		270.81		3763		2		0
274.928		281.59		3723		2		0
283.184		194.479		3537		2		0
283.291		234.223		3674		2		0
282.572		268.749		3796		2		0
278.175		278.938		3768		2		0
273.055		138.558		3514		2		0
255.376		219.376		3539		2		0
250.816		213.53		3548		2		0
291.999		218.501		3559		2		0
296.237		212.236		3529		2		0
Frame 44
274.974		195.047		3540		2		0
273.923		162.986		3484		2		0
272.851		130.482		3515		2		0
273.337		114.517		3389		2		0
254.995		142.438		3518		2		0
249.028		171.194		3604		1		0
250.301		202.56		3558		1		0
253.532		211.65		3527		1		0
292.318		142.882		3518		2		0
298.246		170.797		3586		1		0
296.721		200.66		3547		1		0
293.13		209.051		3539		1		0
266.714		195.653		3542		2		0
270.241		237.751		3712		2		0
272.756		270.805		3777		2		0
274.082		282.019		3703		2		0
283.254		194.461		3547		2		0
283.34		234.244		3688		2		0
282.593		268.791		3780		2		0
277.957		278.857		3770		2		0
273.123		138.655		3511		2		0
255.499		219.401		3551		2		0
251.331		215.998		3546		2		0
291.623		218.376		3549		2		0
296.073		211.141		3520		2		0
Frame 45
275.021		195.071		3541		2		0
274.003		163.053		3488		2		0
272.975		130.581		3506		2		0
273.402		114.667		3386		2		0
255.07		142.429		3514		2		0
249.122		171.271		3599		1		0
250.329		202.56		3556		1		0
253.742		211.43		3524		1		0
292.381		142.882		3514		2		0
298.292		170.987		3589		1		0
296.782		200.548		3547		1		0
293.213		209.084		3527		1		0
266.743		195.688		3557		2		0
270.225		237.692		3703		2		0
272.75		270.839		3767		2		0
273.912		282.068		3697		2		0
283.316		194.468		3553		2		0
283.343		234.235		3674		2		0
282.594		268.804		3769		2		0
277.919		278.842		3765		2		0
273.234		138.748		3507		2		0
255.4		219.302		3538		2		0
250.998		213.501		3558		2		0
291.623		218.376		3558		2		0
295.101		211.35		3518		2		0
Frame 46
275.152		195.201		3530		2		0
274.115		163.212		3481		2		0
273.047		130.723		3500		2		0
273.49		114.671		3385		2		0
255.134		142.506		3511		2		0
249.178		171.28		3592		1		0
250.379		202.456		3562		1		0
253.784		211.576		3525		1		0
292.455		142.873		3501		2		0
298.317		170.799		3581		1		0
296.835		200.446		3564		1		0
293.202		208.938		3540		1		0
266.865		195.786		3539		2		0
270.19		237.687		3704		2		0
272.62		270.757		3760		2		0
274.113		281.954		3726		2		0
283.453		194.626		3532		2		0
283.357		234.23		3689		2		0
282.381		268.942		3779		2		0
277.918		279.103		3769		2		0
273.318		138.899		3501		2		0
256.169		220.167		3553		2		0
251.714		215.216		3541		2		0
292.5		218.501		3550		2		0
296.6		211.668		3518		2		0
Frame 47
275.183		195.215		3528		2		0
274.161		163.225		3475		2		0
273.119		130.696		3492		2		0
273.611		114.562		3368		2		0
255.187		142.517		3504		2		0
249.186		171.362		3581		1		0
250.415		202.388		3542		1		0
253.798		211.882		3521		1		0
292.577		142.872		3498		2		0
298.484		171.09		3587		1		0
296.888		200.364		3534		1		0
293.205		208.988		3537		1		0
266.887		195.803		3537		2		0
270.233		237.696		3697		2		0
272.518		270.529		3767		2		0
274.012		281.753		3723		2		0
283.487		194.634		3532		2		0
283.601		234.03		3668		2		0
282.415		268.891		3761		2		0
277.961		279.063		3773		2		0
273.382		138.886		3485		2		0
256.334		219.779		3531		2		0
252.566		216.498		3549		2		0
292.426		218.287		3525		2		0
296.354		211.295		3511		2		0
Frame 48
275.132		195.309		3518		2		0
274.185		163.309		3477		2		0
273.247		130.739		3487		2		0
273.952		114.499		3361		2		0
255.174		142.461		3493		2		0
249.187		171.456		3585		1		0
250.477		202.359		3544		1		0
253.858		211.919		3505		1		0
292.685		142.889		3495		2		0
298.507		171.158		3582		1		0
296.92		200.789		3538		1		0
293.19		209.194		3529		1		0
266.82		195.84		3537		2		0
270.261		237.67		3705		2		0
272.376		270.355		3772		2		0
273.996		281.567		3720		2		0
283.456		194.795		3525		2		0
283.468		235.474		3675		2		0
282.362		268.858		3782		2		0
278.026		279.086		3750		2		0
273.481		138.941		3487		2		0
256.252		220.126		3538		2		0
251.771		214.05		3531		2		0
292.999		218.501		3542		2		0
295.084		211.666		3505		2		0
Frame 49
275.232		195.407		3514		2		0
274.319		163.423		3473		2		0
273.411		130.836		3485		2		0
274.048		114.507		3350		2		0
255.226		142.462		3487		2		0
249.154		171.679		3579		1		0
250.535		202.227		3532		1		0
253.938		211.75		3508		1		0
292.77		142.986		3480		2		0
298.653		171.311		3575		1		0
297.03		200.624		3540		1		0
293.531		209.142		3517		1		0
266.891		195.915		3534		2		0
270.242		237.694		3697		2		0
272.402		270.433		3760		2		0
274.283		281.595		3729		2		0
283.582		194.91		3515		2		0
283.571		235.462		3672		2		0
282.304		268.923		3778		2		0
278.478		279.359		3755		2		0
273.638		139.045		3469		2		0
256.223		220.445		3534		2		0
252.713		213.931		3514		2		0
292.899		218.701		3534		2		0
295.778		212.444		3502		2		0
Frame 50
275.2		195.426		3513		2		0
274.329		163.451		3460		2		0
273.476		130.856		3480		2		0
274.195		114.559		3345		2		0
255.366		142.512		3484		2		0
249.148		171.598		3569		1		0
250.487		202.156		3539		1		0
253.869		212.48		3500		1		0
292.926		143.054		3479		2		0
298.762		171.096		3575		1		0
297.076		200.525		3555		1		0
293.595		209.121		3516		1		0
266.851		195.966		3536		2		0
270.261		237.687		3699		2		0
272.471		270.44		3751		2		0
274.384		281.598		3724		2		0
283.562		194.887		3521		2		0
283.597		235.481		3672		2		0
282.263		269.002		3768		2		0
278.586		279.538		3756		2		0
273.689		139.069		3466		2		0
256.5		220.876		3518		2		0
252.367		216.268		3526		2		0
292.285		219.143		3537		2		0
296.201		212.599		3502		2		0
Frame 51
275.26		195.524		3502		2		0
274.395		163.564		3451		2		0
273.518		130.855		3453		2		0
274.277		114.465		3331		2		0
255.507		142.501		3464		2		0
249.138		171.686		3560		1		0
250.618		202.151		3531		1		0
253.65		212.195		3499		1		0
293.196		143.144		3470		2		0
298.919		171.518		3560		1		0
297.267		201.209		3528		1		0
293.969		210.078		3510		1		0
266.915		196.126		3531		2		0
270.276		237.714		3686		2		0
272.489		270.452		3764		2		0
274.299		281.633		3718		2		0
283.615		194.931		3517		2		0
283.724		235.272		3674		2		0
282.249		269.029		3765		2		0
278.51		279.532		3752		2		0
273.739		139.112		3464		2		0
256.444		220.779		3511		2		0
252.399		215.756		3507		2		0
292.625		219.376		3531		2		0
295.534		212		3491		2		0
Frame 52
275.313		195.562		3501		2		0
274.493		163.608		3446		2		0
273.655		130.888		3458		2		0
274.293		114.47		3322		2		0
255.522		142.612		3462		2		0
249.111		171.771		3560		1		0
250.588		202.224		3527		1		0
253.462		212.165		3497		1		0
293.232		142.956		3461		2		0
299.035		171.527		3549		1		0
297.328		201.474		3519		1		0
294.168		210.225		3513		1		0
266.958		196.167		3516		2		0
270.285		237.744		3701		2		0
272.503		270.387		3761		2		0
274.205		281.595		3728		2		0
283.681		194.958		3527		2		0
284.583		233.428		3645		2		0
282.262		269.042		3758		2		0
278.426		279.514		3764		2		0
273.868		139.149		3451		2		0
255.8		220.201		3512		2		0
251.73		215.178		3526		2		0
293.167		219.334		3528		2		0
297.001		212.498		3490		2		0
Frame 53
275.34		195.73		3512		2		0
274.573		163.682		3439		2		0
273.814		130.745		3450		2		0
274.34		114.361		3323		2		0
255.537		142.613		3463		2		0
249.152		171.702		3549		1		0
250.492		202.108		3507		1		0
253.428		212.514		3495		1		0
293.447		143.101		3456		2		0
299.163		171.639		3543		1		0
297.429		201.552		3523		1		0
294.302		209.851		3515		1		0
266.968		196.258		3505		2		0
270.412		237.873		3678		2		0
272.351		269.901		3776		2		0
274.168		281.108		3720		2		0
283.726		195.21		3519		2		0
284.011		235.643		3658		2		0
282.239		269.05		3761		2		0
280.064		280.069		3731		2		0
274.004		139.071		3445		2		0
256.335		220.779		3507		2		0
251.839		216.317		3512		2		0
293.286		219.429		3513		2		0
297.015		211.741		3503		2		0
Frame 54
275.416		195.833		3493		2		0
274.628		163.769		3425		2		0
273.827		130.795		3431		2		0
274.518		114.35		3302		2		0
255.501		142.608		3442		2		0
249.188		171.714		3546		1		0
250.505		202.359		3517		1		0
253.346		212.57		3496		1		0
293.504		143.048		3443		2		0
299.269		171.621		3541		1		0
297.515		201.928		3520		1		0
294.37		210.607		3507		1		0
267.032		196.349		3520		2		0
270.427		238.009		3667		2		0
272.35		269.941		3762		2		0
274.177		281.15		3729		2		0
283.81		195.321		3500		2		0
284.069		235.688		3654		2		0
282.288		268.996		3772		2		0
279.154		279.788		3741		2		0
274.029		139.131		3435		2		0
256.127		220.876		3520		2		0
251.255		215.727		3509		2		0
293.778		219.445		3511		2		0
296.668		213.334		3484		2		0
Frame 55
275.519		195.958		3487		2		0
274.683		163.86		3422		2		0
273.792		130.751		3412		2		0
274.6		114.25		3290		2		0
255.594		142.64		3435		2		0
249.212		171.75		3533		1		0
250.391		202.544		3512		1		0
253.139		212.86		3475		1		0
293.646		143.071		3428		2		0
299.438		171.616		3527		1		0
297.647		202.268		3509		1		0
294.282		210.936		3502		1		0
267.117		196.43		3506		2		0
270.494		238.146		3674		2		0
272.325		270.025		3759		2		0
274.15		281.238		3728		2		0
283.927		195.485		3493		2		0
284.659		233.738		3639		2		0
282.173		268.919		3750		2		0
279.492		279.882		3744		2		0
274.02		139.131		3422		2		0
255.376		221.376		3502		2		0
250.152		214.615		3507		2		0
293.626		220.375		3512		2		0
296.667		213.416		3476		2		0
Frame 56
275.574		195.937		3505		2		0
274.774		163.923		3413		2		0
273.938		130.915		3402		2		0
275.01		114.319		3287		2		0
255.708		142.737		3430		2		0
249.299		171.596		3527		1		0
250.242		202.366		3509		1		0
253.114		212.503		3484		1		0
293.805		143.004		3418		2		0
299.623		171.539		3524		1		0
297.725		202.499		3484		1		0
294.435		210.821		3499		1		0
267.151		196.473		3505		2		0
270.533		238.322		3679		2		0
272.326		270.025		3758		2		0
273.815		281.291		3718		2		0
284.006		195.399		3494		2		0
284.209		234.903		3640		2		0
282.178		268.939		3764		2		0
278.459		279.567		3762		2		0
274.151		139.269		3413		2		0
255.222		221.223		3498		2		0
250.52		213.267		3512		2		0
293.624		220.376		3509		2		0
297.001		213.461		3476		2		0
Frame 57
275.658		196.069		3479		2		0
274.887		164.08		3402		2		0
274.094		131.022		3393		2		0
275.119		114.583		3260		2		0
255.777		142.769		3407		2		0
249.282		171.745		3513		1		0
250.276		202.649		3495		1		0
253.087		212.727		3475		1		0
293.821		143.159		3405		2		0
299.762		171.6		3514		1		0
297.914		202.476		3497		1		0
294.479		211.032		3472		1		0
267.198		196.563		3500		2		0
270.44		238.458		3685		2		0
272.24		269.98		3761		2		0
273.855		281.236		3714		2		0
284.131		195.577		3496		2		0
284.241		235.194		3641		2		0
282.169		268.928		3758		2		0
278.156		279.434		3748		2		0
274.294		139.396		3394		2		0
255.001		221.501		3482		2		0
250.758		213.571		3504		2		0
292.799		221.401		3508		2		0
297.125		214.125		3460		2		0
Frame 58
275.51		196.409		3478		2		0
274.866		164.404		3394		2		0
274.314		131.141		3380		2		0
275.332		114.363		3240		2		0
255.615		143.083		3394		2		0
248.436		174.048		3497		1		0
250.171		203.465		3490		1		0
253.021		213.592		3458		1		0
294.096		143.573		3387		2		0
300.048		172.385		3495		1		0
297.879		202.86		3506		1		0
294.676		211.883		3476		1		0
267.059		196.88		3489		2		0
269.698		238.112		3648		2		0
271.824		271.053		3751		2		0
273.584		282.277		3696		2		0
283.972		195.939		3493		2		0
284.15		236.271		3649		2		0
281.125		270.895		3772		2		0
278.799		281.957		3751		2		0
274.443		139.588		3387		2		0
256.002		222.112		3503		2		0
251.398		217.537		3487		2		0
293.286		221.429		3505		2		0
297		214		3464		2		0
Frame 59
275.457		196.41		3477		2		0
274.774		164.461		3385		2		0
274.126		131.239		3362		2		0
275.273		114.733		3218		2		0
255.636		142.881		3377		2		0
248.681		173.306		3488		1		0
250.03		203.472		3473		1		0
252.904		213.751		3460		1		0
293.845		143.202		3373		2		0
300.026		172.18		3487		1		0
298.186		202.571		3480		1		0
294.853		211.37		3480		1		0
266.957		196.827		3489		2		0
269.622		238.338		3653		2		0
272.732		271.353		3761		2		0
273.321		282.696		3704		2		0
283.962		195.988		3482		2		0
284.07		236.351		3648		2		0
281.185		270.074		3761		2		0
278.693		281.115		3747		2		0
274.287		139.676		3366		2		0
255.225		222.445		3485		2		0
250.454		217.457		3486		2		0
293.999		221.501		3497		2		0
297.764		212.228		3478		2		0
Frame 60
275.565		196.591		3473		2		0
274.929		164.787		3371		2		0
274.288		131.618		3334		2		0
275.261		114.829		3194		2		0
255.735		142.951		3356		2		0
248.772		172.91		3471		1		0
249.959		203.442		3470		1		0
252.908		214.182		3442		1		0
293.881		143.556		3365		2		0
300.107		172.325		3469		1		0
298.294		202.553		3462		1		0
295.045		211.187		3461		1		0
267.032		196.964		3483		2		0
269.757		238.572		3644		2		0
272.677		271.329		3759		2		0
273.395		282.674		3698		2		0
284.104		196.214		3460		2		0
284.108		236.381		3619		2		0
281.539		269.747		3769		2		0
278.474		280.633		3745		2		0
274.45		140.052		3353		2		0
254.727		222.455		3476		2		0
250.724		217.097		3470		2		0
293.856		221.429		3485		2		0
296.819		214.181		3452		2		0
Frame 61
275.485		196.775		3454		2		0
274.814		165.125		3363		2		0
274.141		132.03		3334		2		0
275.266		115.822		3180		2		0
255.733		143.035		3349		2		0
248.697		172.876		3462		1		0
249.872		203.94		3465		1		0
252.652		214.004		3449		1		0
293.898		143.88		3350		2		0
300.203		172.697		3457		1		0
298.376		202.659		3457		1		0
295.294		212.022		3460		1		0
266.915		197.125		3473		2		0
269.612		238.344		3639		2		0
271.903		271.346		3759		2		0
273.947		282.56		3700		2		0
284.058		196.421		3467		2		0
284.053		236.527		3618		2		0
281.758		269.561		3761		2		0
278.162		280.266		3741		2		0
274.311		140.453		3333		2		0
254.727		222.455		3468		2		0
250.247		216.102		3478		2		0
293.399		222.401		3484		2		0
297.942		214.468		3455		2		0
Frame 62
275.4		196.947		3455		2		0
274.785		165.578		3349		2		0
274.203		132.733		3297		2		0
275.634		116.893		3153		2		0
255.594		143.485		3329		2		0
248.613		173.122		3447		1		0
249.707		204.56		3458		1		0
252.658		215.069		3434		1		0
294.002		144.145		3328		2		0
300.129		173.072		3447		1		0
298.594		202.924		3466		1		0
295.34		212.004		3451		1		0
266.804		197.255		3458		2		0
269.352		238.572		3632		2		0
271.985		271.346		3742		2		0
273.912		282.588		3694		2		0
284.007		196.641		3458		2		0
284		236.756		3629		2		0
281.928		269.517		3767		2		0
277.988		280.09		3752		2		0
274.347		141.098		3313		2		0
254.501		223.401		3454		2		0
250.209		217.947		3463		2		0
294		222.501		3469		2		0
297.918		215.25		3442		2		0
Frame 63
275.355		197.073		3453		2		0
274.847		165.936		3342		2		0
274.448		133.226		3280		2		0
275.567		117.295		3130		2		0
255.454		143.812		3313		2		0
248.57		173.262		3431		1		0
249.677		204.856		3445		1		0
252.544		215.565		3431		1		0
294.078		144.342		3313		2		0
300.222		173.308		3440		1		0
298.751		202.875		3466		1		0
295.699		212.091		3446		1		0
266.728		197.41		3471		2		0
269.199		238.716		3632		2		0
272.746		271.506		3753		2		0
273.523		282.888		3684		2		0
283.981		196.736		3450		2		0
283.992		236.889		3626		2		0
281.862		269.398		3762		2		0
278.09		280.038		3746		2		0
274.54		141.573		3306		2		0
254.775		224.112		3458		2		0
250.441		217.89		3455		2		0
294.576		222.285		3453		2		0
297.6		217.397		3445		2		0
Frame 64
275.343		197.17		3448		2		0
274.817		166.404		3332		2		0
274.305		133.978		3222		2		0
275.609		118.633		3102		2		0
255.49		144.289		3296		2		0
248.298		174.028		3416		1		0
249.687		205.054		3426		1		0
252.345		215.888		3423		1		0
294.348		144.901		3293		2		0
300.541		173.821		3419		1		0
299.066		202.797		3443		1		0
296.234		213.038		3439		1		0
266.717		197.473		3454		2		0
269.02		238.762		3632		2		0
272.764		271.425		3743		2		0
273.504		282.808		3689		2		0
283.972		196.868		3452		2		0
283.837		236.93		3619		2		0
281.877		269.347		3768		2		0
278.217		280.031		3744		2		0
274.438		142.272		3275		2		0
254.725		224.455		3448		2		0
249.865		217.402		3448		2		0
295.001		222.5		3447		2		0
297.417		217.752		3419		2		0
Frame 65
275.332		197.472		3443		2		0
275.165		166.227		3315		2		0
275.123		131.755		3137		2		0
275.991		117.877		3052		2		0
255.389		144.916		3268		2		0
248.212		175.018		3411		1		0
249.653		205.696		3424		1		0
252.418		216.814		3410		1		0
294.352		145.803		3260		2		0
300.467		174.183		3405		1		0
299.179		203.15		3421		1		0
296.676		212.935		3436		1		0
266.703		197.732		3462		2		0
268.926		238.811		3614		2		0
271.513		271.287		3753		2		0
274.394		282.338		3703		2		0
283.969		197.209		3441		2		0
283.884		236.94		3614		2		0
281.792		269.233		3762		2		0
279.149		280.24		3736		2		0
275.144		140.633		3257		2		0
254.501		225.4		3420		2		0
250.309		218.689		3432		2		0
295.503		222.501		3438		2		0
297.572		219.715		3418		2		0
Frame 66
275.336		197.731		3439		2		0
275.233		166.724		3309		2		0
275.25		132.936		3093		2		0
276.117		120.277		3029		2		0
255.385		145.989		3242		2		0
248.236		175.842		3378		1		0
249.647		206.198		3413		1		0
252.259		216.828		3408		1		0
294.299		146.386		3241		2		0
300.984		175.702		3393		1		0
299.099		204.075		3420		1		0
296.655		213.934		3419		1		0
266.703		197.99		3455		2		0
268.819		238.945		3609		2		0
270.474		272.553		3740		2		0
276.009		282.524		3708		2		0
283.978		197.466		3466		2		0
283.79		236.95		3609		2		0
281.81		269.253		3759		2		0
279.308		280.3		3723		2		0
275.244		141.593		3231		2		0
254.269		225.546		3418		2		0
250.283		220.143		3428		2		0
295.779		223.445		3425		2		0
297.75		221.002		3407		2		0
Frame 67
275.231		198.321		3455		2		0
275.334		168.053		3299		2		0
275.8		134.984		3066		2		0
276.271		121.807		2990		2		0
255.356		148.022		3221		2		0
248.205		176.363		3351		1		0
249.593		206.554		3393		1		0
252.137		216.893		3394		1		0
294.218		148.339		3222		2		0
301.04		176.649		3362		1		0
299.169		205.307		3395		1		0
297.006		215.499		3408		1		0
266.617		198.504		3458		2		0
268.678		239.065		3615		2		0
270.477		272.539		3747		2		0
275.951		282.541		3704		2		0
283.855		198.143		3457		2		0
283.788		237.052		3621		2		0
281.936		269.306		3757		2		0
279.405		280.348		3716		2		0
275.656		143.574		3210		2		0
253.913		225.333		3412		2		0
250.847		221.852		3409		2		0
295.999		224.501		3415		2		0
298.333		219.331		3405		2		0
Frame 68
275.104		198.378		3450		2		0
275.306		168.605		3253		2		0
275.531		137.089		3025		2		0
275.891		124.554		2959		2		0
255.598		150.163		3193		2		0
247.934		177.547		3325		2		0
249.272		207.164		3376		2		0
252.527		218.179		3366		2		0
293.901		149.609		3196		2		0
301.132		177.53		3328		1		0
299.331		206.732		3384		1		0
294.731		216.643		3422		1		0
266.553		198.585		3456		2		0
268.38		239.323		3611		2		0
270.526		272.293		3727		2		0
275.88		282.36		3701		2		0
283.659		198.17		3458		2		0
283.955		237.195		3606		2		0
281.984		269.522		3750		2		0
278.931		280.421		3731		2		0
275.485		145.265		3185		2		0
254.876		225.875		3373		2		0
250.856		223.288		3418		2		0
293.788		226.098		3507		2		0
297		223.001		3375		2		0
Frame 69
275.359		201.251		3453		2		0
275.299		172.769		3278		2		0
275.222		139.921		2980		2		0
276.095		127.287		2920		2		0
255.686		152.979		3173		2		0
247.734		178.799		3295		2		0
249.089		207.618		3367		2		0
252.672		219.904		3380		2		0
293.979		152.507		3165		2		0
301.491		178.964		3310		2		0
299.724		207.563		3369		2		0
297.358		218.682		3382		2		0
266.917		201.549		3465		2		0
268.385		239.533		3601		2		0
270.137		272.638		3743		2		0
276.129		282.338		0		2		0
283.813		200.972		3454		2		0
284.068		237.526		3586		2		0
281.984		269.843		3754		2		0
278.216		280.503		3741		2		0
275.221		148.695		3161		2		0
255.698		227.459		3365		2		0
251.711		226.215		3390		2		0
295.284		227.572		3378		2		0
297.751		225.374		3364		2		0
Frame 70
275.529		202.122		3456		2		0
275.382		174.418		3254		2		0
275.076		143.717		2952		2		0
275.778		131.556		2894		2		0
255.742		155.252		3141		2		0
247.483		183.24		3280		2		0
248.622		208.655		3335		2		0
252.379		220.834		3334		2		0
293.868		154.4		3141		2		0
301.749		180.138		3282		2		0
300.376		208.441		3351		2		0
297.218		219.663		3361		2		0
267.086		202.376		3447		2		0
268.432		239.728		3595		2		0
272.463		272.311		3740		2		0
274.55		283.576		0		2		0
283.986		201.875		3445		2		0
284.399		238.19		3588		2		0
281.993		269.853		3743		2		0
279.655		280.952		3726		2		0
275.173		151.729		3133		2		0
254.849		228.199		3345		2		0
250.799		227.599		3412		2		0
293.116		227.625		3389		2		0
298.501		226.199		3362		2		0
Frame 71
275.692		203.617		3444		2		0
275.307		177.873		3257		2		0
274.694		148.188		2933		2		0
276.056		135.398		2857		2		0
255.791		159.073		3119		2		0
247.438		186.13		3260		2		0
250.653		218.436		3321		2		0
254.371		229.075		3318		2		0
294.454		157.647		3115		2		0
303.286		185.654		3266		2		0
301.09		211.132		3331		2		0
297.459		222.475		3353		2		0
267.215		203.717		3447		2		0
268.505		240.286		3617		2		0
272.424		272.303		3731		2		0
274.701		283.532		0		2		0
284.203		203.56		3442		2		0
284.803		239.139		3575		2		0
282.002		269.924		3733		2		0
279.77		281.058		3724		2		0
274.855		156.104		3112		2		0
256.725		237.455		3356		2		0
253.11		232.668		3323		2		0
292.33		230.5		3369		2		0
298.002		229.584		3336		2		0
Frame 72
275.32		205.991		3451		2		0
275.182		181.239		3256		2		0
275.196		152.477		2874		2		0
275.765		140.924		2822		2		0
255.51		161.216		3087		2		0
246.929		190.707		3234		2		0
250.577		220.769		3290		2		0
253.704		230.686		3301		2		0
294.615		160.467		3091		2		0
303.159		187.098		3229		2		0
301.729		212.803		3314		2		0
298.247		224.209		3314		2		0
266.619		207.507		3447		2		0
268.726		241.616		3612		2		0
272.696		272.154		3738		2		0
274.478		283.473		0		2		0
283.957		204.942		3445		2		0
284.709		240.552		3581		2		0
282.157		270.413		3740		2		0
278.636		281.185		3726		2		0
275.185		160.248		3080		2		0
255.455		238.271		3305		2		0
252.263		234.335		3335		2		0
294.575		232.582		3332		2		0
298.501		231.198		3316		2		0
Frame 73
275.289		207.57		3474		2		0
275.17		184.199		3246		2		0
275.068		156.791		2842		2		0
275.609		145.772		2790		2		0
255.333		165.886		3060		2		0
247.065		193.519		3196		2		0
250.281		222.1		3268		2		0
252.899		231.038		3265		2		0
294.806		164.267		3058		2		0
303.465		190.506		3213		2		0
301.807		218.09		3291		2		0
298.602		228.118		3299		2		0
266.642		208.233		3453		2		0
269.1		242.306		3617		2		0
272.705		272.212		3738		2		0
274.308		283.557		0		2		0
283.885		207.052		3453		2		0
284.195		242.486		3584		2		0
281.386		271.043		3744		2		0
278.722		282.096		3707		2		0
275.095		164.17		3002		2		0
259.5		238.501		3316		2		0
251.664		237.553		3313		2		0
294.989		236.613		3298		2		0
300.936		230.999		3310		2		0
Frame 74
274.971		208.618		3459		2		0
274.952		186.951		3228		2		0
275.221		161.402		2800		2		0
275.536		150.786		2757		2		0
254.934		168.333		3035		2		0
247.288		196.697		3168		2		0
251.186		231.503		3244		2		0
254.511		240.059		3242		2		0
294.953		168.099		3034		2		0
304.174		195.731		3185		2		0
302.031		223.274		3252		2		0
298.37		234.923		3263		2		0
266.54		208.644		3446		2		0
268.423		242.819		3612		2		0
272.705		272.944		3719		2		0
274.318		284.298		0		2		0
283.318		208.843		3446		2		0
284.365		243.615		3569		2		0
281.404		271.061		3738		2		0
278.631		282.085		0		2		0
275.135		168.333		2926		2		0
257.576		247.068		3260		2		0
251.454		239.997		3315		2		0
295.534		243.075		3273		2		0
299.287		242.572		3251		2		0
Frame 75
274.784		209.353		3466		2		0
274.758		189.259		3216		2		0
274.81		166.197		2796		2		0
275.591		156.588		2728		2		0
254.942		173.831		3009		2		0
246.444		204.151		3132		2		0
251.134		233.392		3206		2		0
254.333		244.742		3210		2		0
295.224		171.705		3004		2		0
304.776		198.513		3149		2		0
302.009		231.771		3206		2		0
298.122		242.318		3212		2		0
266.458		209.353		3439		2		0
268.08		243.178		3601		2		0
273.204		272.876		3729		2		0
273.117		284.334		0		2		0
283.106		209.376		3440		2		0
284.004		244.25		3558		2		0
281.404		271.14		3768		2		0
278.428		282.108		0		2		0
274.81		172.176		2856		2		0
256.911		252.498		3232		2		0
251.503		247.865		3250		2		0
295.625		251.375		3241		2		0
300.799		246.402		3208		2		0
Frame 76
274.994		211.239		3481		2		0
275.533		192.676		3204		2		0
276.242		170.382		2748		2		0
275.49		161.246		2689		2		0
253.813		176.509		2980		2		0
246.71		205.122		3099		2		0
250.118		236.743		3151		2		0
252.858		246.294		3185		2		0
296.227		176.603		2981		2		0
305.522		205.181		3127		2		0
302.76		236.483		3169		2		0
298.768		247.911		3166		2		0
267.061		213.403		3460		2		0
268.103		244.947		3601		2		0
273.248		273.063		3747		2		0
273.366		284.527		0		2		0
283.102		209.922		3417		2		0
283.903		246.344		3565		2		0
281.179		271.274		3747		2		0
277.477		282.01		0		2		0
276.085		176.474		2782		2		0
255.725		254.634		3166		2		0
250.625		251.248		3198		2		0
297.089		257.334		3195		2		0
301.709		250.724		3160		2		0
Frame 77
274.319		213.642		3477		2		0
274.574		196.2		3196		2		0
274.886		175.438		2708		2		0
275.404		166.752		2660		2		0
253.622		179.343		2947		2		0
246.017		207.73		3050		2		0
249.26		239.105		3102		2		0
251.565		248.646		3114		2		0
295.793		179.305		2947		2		0
306.57		206.974		3068		2		0
303.782		241.098		3098		2		0
300.05		253.268		3100		2		0
266.911		215.513		3454		2		0
268.196		244.744		3582		2		0
267.657		272.68		3745		2		0
276.203		280.092		3746		2		0
281.741		211.65		3412		2		0
283.535		247.7		3559		2		0
280.496		272.38		3739		2		0
277.376		283.302		0		2		0
274.802		180.992		2757		2		0
253.529		257.614		3127		2		0
250.2		256.802		3142		2		0
298.651		262.356		3127		2		0
302.996		258.314		3116		2		0
Frame 78
273.46		217.001		3474		2		0
276.735		199.511		3161		2		0
281.749		178.634		2665		2		0
275.582		172.263		2627		2		0
252.088		183.726		2913		2		0
245.838		210.214		3006		2		0
247.947		240.934		3040		2		0
250.282		251.13		3052		2		0
297.846		185.115		2922		2		0
307.315		209.835		3022		2		0
306.826		240.5		3057		2		0
302.595		253.606		3061		2		0
265.492		221.712		3449		2		0
268.529		247.702		3573		2		0
267.72		273.358		3766		2		0
277.068		279.631		3751		2		0
281.053		213.525		3395		2		0
283.094		248.588		3549		2		0
277.931		275.044		3756		2		0
275.011		286.097		3363		1		0
280.497		184.398		2775		2		0
253.201		260.42		3051		2		0
249.999		255		3050		2		0
299.607		262.333		3046		2		0
303.573		261.5		3034		2		0
Frame 79
269.588		221.333		3467		2		0
277.925		204.956		3154		2		0
287.683		185.807		2894		2		0
280.32		180.142		2610		2		0
250.932		188.043		2878		2		0
245.454		218.756		2972		2		0
247.271		247.38		2996		2		0
249.281		256.804		2996		2		0
297.901		189.053		2889		2		0
309.161		213.829		2976		2		0
308.804		242.886		3005		2		0
304.862		255.656		3012		2		0
260.196		228.337		3470		2		0
268.644		247.662		3566		2		0
267.24		273.031		3741		2		0
276.731		279.098		3752		2		0
278.865		214.504		3401		2		0
282.636		248.943		3542		2		0
276.964		274.039		3756		2		0
277.583		285.509		3398		1		0
285.09		190.893		2933		2		0
251.639		266.349		3001		2		0
253.371		263.473		3021		2		0
301.113		264.623		2987		2		0
306.77		261.766		2995		2		0
Frame 80
273.075		227.018		0		2		0
280.015		211.003		3286		2		0
288.155		192.25		2862		2		0
280.711		186.657		2567		2		0
250.761		190.741		2832		2		0
244.759		220.44		2906		2		0
246.574		252.491		2922		2		0
248.118		261.878		2924		2		0
297.989		191.68		2831		2		0
308.677		217.825		2915		2		0
308.858		257.082		2926		2		0
304.785		270.296		2893		2		0
264.023		233.89		3461		2		0
269.675		255.442		3619		2		0
264.001		278.388		4085		1		0
275.366		278.348		3743		2		0
281.574		220.572		3361		2		0
279.72		255.108		3640		2		0
277.053		278.353		3758		2		0
279.414		277.586		3735		2		0
285.99		197.234		2915		2		0
251.156		272.078		2909		2		0
249.4		267.2		2883		2		0
302.664		280.222		2890		2		0
308.531		276.114		2897		2		0
Frame 81
276.088		233.716		0		2		0
281.757		217.375		3268		2		0
288.389		198.3		2831		2		0
281.391		192.882		2534		2		0
250.379		194.184		2789		2		0
244.433		234.378		2860		2		0
247.66		274.076		2805		1		0
251.362		283.056		2812		1		0
298.525		199.694		2789		2		0
311.992		225.484		2848		2		0
312.856		256.439		2859		2		0
308.098		269.847		2843		2		0
268.241		241.825		3461		2		0
270.266		258.049		3624		2		0
259.598		280.045		0		1		0
273.771		278.538		3724		2		0
283.462		226.102		3340		2		0
280.696		258.91		3615		2		0
275.965		281.058		3722		2		0
279.412		277.059		3740		2		0
286.627		203.363		2878		2		0
254.669		293.334		2831		2		0
249.327		287.644		2827		2		0
303.753		279.405		2813		2		0
308.002		279.5		2791		2		0
Frame 82
275.409		234.823		0		2		0
281.731		219.339		3229		2		0
289.165		201.165		2761		2		0
280.975		195.985		2486		2		0
252.958		197.975		2738		2		0
243.759		227.285		2778		2		0
244.073		270.063		2755		2		0
246.23		280.157		2738		1		0
297.825		201.758		2732		2		0
311.59		229.071		2779		2		0
315.543		263.844		2762		2		0
311.719		272.53		2737		2		0
267.484		242.552		3429		2		0
269.928		257.322		3586		2		0
261.348		281.016		4004		1		0
275.325		278.371		3734		2		0
282.811		227.557		3307		2		0
285.537		259.707		3577		2		0
275.262		278.044		3734		2		0
282.018		278.652		3730		2		0
287.186		206		2806		2		0
247.944		290.237		2724		2		0
243.283		284.694		0		2		0
310.955		283.903		2725		2		0
315.251		272.664		2730		2		0
Frame 83
275.854		240.479		0		2		0
282.256		225.553		3231		2		0
289.78		208.043		2716		2		0
281.261		202.92		2432		2		0
250.238		205.177		2682		2		0
241.887		238.781		2714		2		0
243.565		283.006		2663		1		0
244.738		292.209		2644		1		0
299.297		207.93		2677		2		0
313.461		236.321		2700		2		0
317.809		270.987		2679		2		0
313.638		281.017		2640		2		0
268.645		248.944		3439		2		0
269.918		263.835		3605		1		0
262.116		271.566		0		1		0
274.58		278.64		3720		2		0
282.505		232.677		3295		2		0
285.968		265.83		3614		1		0
276.448		276.732		3736		2		0
280.484		279.329		3719		2		0
287.777		212.699		2754		2		0
245.121		304.663		2610		2		0
241.944		295.497		0		2		0
312.318		292.945		2614		2		0
317.539		280.227		2638		2		0
Frame 84
272.583		245.193		3416		2		0
280.494		231.793		3237		2		0
289.893		215.899		2654		2		0
281.508		210.085		2389		2		0
250.836		211.387		2624		2		0
241.369		251.329		2638		2		0
241.595		291.744		2565		1		0
243.384		299.896		2532		1		0
303.523		226.656		2639		2		0
323.471		253.359		2624		2		0
316.142		295.668		2541		2		0
313.207		307.783		2466		2		0
264.893		251.02		3432		2		0
264.064		264.918		3617		1		0
273.005		271.968		3709		1		0
270.085		281.275		3718		2		0
280.285		239.477		3318		2		0
286.007		272.752		3730		1		0
275.245		277.397		3727		2		0
283.724		279.705		3716		2		0
287.381		220.144		2715		2		0
245.079		308.091		2504		2		0
239.989		300.82		2618		2		0
311.786		319.503		2481		2		0
318.535		312.192		2474		2		0
Frame 85
261.502		255.36		3449		2		0
262.282		245.769		3346		2		0
263.212		234.352		0		2		0
255.986		230.977		2588		1		0
236.562		233.272		0		1		0
228.813		265.891		0		1		0
228.77		298.99		3181		1		0
229.225		307.929		2955		1		0
279.516		245.678		3342		1		0
295.616		267.513		0		1		0
288.82		302.205		3045		1		0
286.325		311.754		2869		1		0
255.337		255.14		0		2		0
251.196		275.044		0		1		0
267.89		274.29		3723		2		0
273.758		279.424		3720		2		0
267.656		255.583		3424		2		0
269.466		281.163		3716		1		0
278.998		276.124		3724		2		0
275.014		286.866		3368		1		0
262.963		237.405		3226		2		0
230.428		314.512		2827		1		0
226.666		308.582		2955		1		0
285.057		321.227		2670		1		0
290.567		315.314		2772		1		0
Frame 86
267.42		273.751		3716		2		0
269.306		266.848		3605		2		0
271.504		258.809		3467		2		0
265.297		256.727		3372		1		0
247.03		257.206		2536		1		0
239.981		286.969		2474		1		0
240.123		317.418		2374		1		0
240.539		325.539		2333		1		0
286.151		268.515		3636		1		0
300.857		288.536		3332		1		0
294.834		320.654		2670		1		0
292.66		329.58		2530		1		0
261.993		273.328		0		2		0
258.255		292.003		3245		1		0
279.417		276.747		3731		2		0
268.846		280.222		3718		2		0
272.864		274.176		3722		2		0
275.582		297.169		3148		1		0
285.739		293.71		3220		1		0
280.702		288.9		3309		1		0
270.921		260.94		3473		2		0
241.737		331.673		2316		1		0
238.1		325.958		2334		1		0
291.532		338.217		2409		1		0
296.513		332.827		2482		1		0
Frame 87
268.612		280.306		3739		2		0
269.76		275.182		3725		2		0
271.071		269.324		3686		2		0
265.083		267.726		3587		1		0
247.482		267.526		2467		1		0
240.684		296.249		2484		1		0
240.835		325.724		0		1		0
241.236		333.54		2413		1		0
285.206		278.428		3739		1		0
299.378		297.779		3151		1		0
293.532		328.958		2543		1		0
291.417		337.661		2412		1		0
263.609		279.721		0		2		0
258.295		299.254		3132		1		0
279.572		276.8		3736		2		0
268.848		279.927		3741		2		0
273.637		280.895		3714		2		0
275.118		304.443		3005		1		0
284.913		301.72		3059		1		0
283.778		294.876		3199		1		0
270.726		270.866		3696		2		0
242.398		339.51		2368		1		0
238.88		333.868		2310		1		0
290.325		345.99		2305		1		0
295.122		340.792		2356		1		0
Frame 88
9999		9999		9999		0		0
9999		9999		9999		0		0
9999		9999		9999		0		0
9999		9999		9999		0		0
9999		9999		9999		0		0
9999		9999		9999		0		0
267.564		285.453		3405		1		0
272.165		376.073		1986		1		0
9999		9999		9999		0		0
9999		9999		9999		0		0
286.495		274.492		3774		2		0
285.931		276.514		3754		1		0
9999		9999		9999		0		0
275.195		277.551		3735		2		0
9999		9999		9999		1		0
409.981		135.665		4554		1		0
9999		9999		9999		0		0
266.498		275.488		3743		2		0
277.639		269.057		2228		1		0
276.959		273.041		2229		2		0
9999		9999		9999		0		0
9999		9999		9999		1		0
244.25		375.269		1994		1		0
276.243		347.462		2284		1		0
317.716		302.712		2354		1		0
