front
Frame 0
239.459		178.254		3709		2		0
238.268		148.625		3647		2		0
236.926		118.387		3678		2		0
239.149		103.039		3548		2		0
220.28		128.93		3666		2		0
213.939		157.129		3718		2		0
211.159		180.223		3665		2		0
210.955		187.596		3663		2		0
254.127		130.739		3711		2		0
261.47		158.467		3796		2		0
264.501		182.434		3760		2		0
263.746		188.83		3742		2		0
232.02		178.486		3707		2		0
229.559		215.934		3851		2		0
234.578		248.127		3934		2		0
235.285		255.914		3967		2		0
246.877		178.032		3729		2		0
250.445		214.766		3858		2		0
250.131		246.363		3963		2		0
251.254		254.041		4003		2		0
237.273		126.005		3658		2		0
211.949		195.105		3695		2		0
214.183		188.187		3694		2		0
263.999		195.501		3766		2		0
260.595		189.718		3766		2		0
Frame 1
239.456		178.252		3709		2		0
238.236		148.612		3649		2		0
236.846		118.356		3683		2		0
239.134		102.873		3547		2		0
220.291		128.926		3661		2		0
213.934		157.128		3709		2		0
211.133		180.245		3674		2		0
210.732		187.325		3664		2		0
254.019		130.792		3705		2		0
261.465		158.288		3771		2		0
264.497		182.43		3759		2		0
263.308		189.003		3752		2		0
232.008		178.483		3711		2		0
229.561		215.93		3856		2		0
234.623		248.024		3945		2		0
235.315		255.809		3956		2		0
246.879		178.03		3724		2		0
250.443		214.744		3842		2		0
250.114		246.496		3962		2		0
251.22		254.176		4000		2		0
237.205		125.978		3661		2		0
211.541		194.532		3692		2		0
213.722		188.328		3668		2		0
263.284		195.429		3760		2		0
259.001		188.401		3786		2		0
Frame 2
239.457		178.23		3700		2		0
238.247		148.604		3640		2		0
236.898		118.368		3675		2		0
239.099		102.891		3540		2		0
220.288		128.925		3642		2		0
213.933		157.142		3722		2		0
211.112		180.256		3659		2		0
211.092		187.617		3669		2		0
254.008		130.765		3707		2		0
261.46		158.284		3792		2		0
264.49		182.438		3741		2		0
263.794		188.641		3733		2		0
232.004		178.463		3721		2		0
229.558		215.922		3845		2		0
234.621		247.955		3945		2		0
235.314		255.738		3956		2		0
246.886		178.003		3730		2		0
250.433		214.748		3862		2		0
250.129		246.697		3979		2		0
251.237		254.382		3995		2		0
237.242		125.983		3673		2		0
211.716		194.429		3678		2		0
213.947		187.997		3674		2		0
264.001		194.375		3737		2		0
260.4		190.498		3779		2		0
Frame 3
239.438		178.223		3708		2		0
238.243		148.573		3644		2		0
236.933		118.284		3679		2		0
239.058		102.84		3547		2		0
220.305		128.946		3667		2		0
213.921		157.148		3704		2		0
211.116		180.837		3657		2		0
210.947		187.552		3667		2		0
253.981		130.767		3697		2		0
261.437		158.264		3775		2		0
264.494		182.435		3744		2		0
263.745		188.935		3746		2		0
231.977		178.444		3700		2		0
229.548		215.915		3825		2		0
234.542		247.78		3957		2		0
235.221		255.556		3975		2		0
246.871		178.006		3717		2		0
250.447		214.676		3843		2		0
250.117		246.651		3961		2		0
251.214		254.335		3987		2		0
237.263		125.916		3668		2		0
211.716		194.43		3683		2		0
213.944		188.18		3671		2		0
263.524		195.468		3763		2		0
260.583		188.835		3761		2		0
Frame 4
239.404		178.234		3693		2		0
238.208		148.579		3644		2		0
236.905		118.291		3674		2		0
239.033		102.844		3542		2		0
220.302		128.944		3667		2		0
213.952		156.818		3720		2		0
211.1		180.733		3662		2		0
210.822		187.509		3660		2		0
253.975		130.761		3683		2		0
261.435		158.264		3773		2		0
264.516		182.19		3744		2		0
263.911		188.463		3743		2		0
231.95		178.463		3696		2		0
229.57		215.908		3836		2		0
234.554		247.629		3911		2		0
235.236		255.402		3950		2		0
246.827		178.009		3704		2		0
250.433		214.664		3835		2		0
250.14		246.708		3960		2		0
251.24		254.393		3973		2		0
237.234		125.923		3671		2		0
211.714		194.429		3667		2		0
214.067		188.306		3683		2		0
263.649		195.224		3771		2		0
260.59		188.898		3779		2		0
Frame 5
239.414		178.233		3699		2		0
238.213		148.582		3641		2		0
236.908		118.306		3682		2		0
239.02		102.84		3549		2		0
220.283		128.951		3668		2		0
213.945		156.818		3708		2		0
211.098		180.566		3670		2		0
210.906		187.738		3666		2		0
253.986		130.756		3702		2		0
261.415		158.232		3786		2		0
264.53		182.133		3749		2		0
263.935		188.525		3744		2		0
231.957		178.462		3707		2		0
229.575		215.905		3827		2		0
234.799		247.824		3933		2		0
235.49		255.598		3972		2		0
246.843		178.008		3720		2		0
250.423		214.663		3837		2		0
250.149		246.66		3977		2		0
251.252		254.343		3970		2		0
237.237		125.933		3652		2		0
211.991		195.226		3697		2		0
214.401		188.902		3679		2		0
264.284		195.43		3757		2		0
260.547		189.104		3762		2		0
Frame 6
239.398		178.232		3697		2		0
238.204		148.576		3642		2		0
236.907		118.299		3677		2		0
238.998		102.824		3547		2		0
220.286		128.951		3683		2		0
213.933		156.843		3707		2		0
211.1		180.453		3674		2		0
210.857		187.446		3668		2		0
253.917		130.694		3695		2		0
261.403		158.22		3782		2		0
264.552		182.203		3748		2		0
263.847		188.39		3751		2		0
231.923		178.465		3709		2		0
229.585		215.979		3821		2		0
234.823		247.835		3930		2		0
235.512		255.609		3955		2		0
246.837		178.005		3730		2		0
250.377		214.939		3835		2		0
250.022		246.879		3995		2		0
251.117		254.561		3993		2		0
237.235		125.927		3676		2		0
211.883		194.628		3693		2		0
213.579		188.153		3685		2		0
263.815		195.292		3769		2		0
260.382		189.302		3770		2		0
Frame 7
239.392		178.223		3708		2		0
238.197		148.567		3635		2		0
236.898		118.29		3681		2		0
238.967		102.852		3543		2		0
220.268		128.975		3673		2		0
213.883		156.769		3705		2		0
211.079		180.35		3657		2		0
210.949		187.296		3669		2		0
253.893		130.62		3711		2		0
261.405		158.207		3787		2		0
264.56		182.163		3746		2		0
263.6		188.937		3743		2		0
231.917		178.461		3704		2		0
229.589		215.996		3828		2		0
234.84		247.882		3933		2		0
235.543		255.656		3962		2		0
246.833		177.981		3729		2		0
250.395		215.007		3850		2		0
250.094		246.818		3953		2		0
251.205		254.498		3956		2		0
237.226		125.917		3671		2		0
212.2		194.401		3691		2		0
214.074		187.576		3688		2		0
263.283		195.429		3764		2		0
260.387		189.319		3773		2		0
Frame 8
239.384		178.218		3711		2		0
238.192		148.564		3631		2		0
236.898		118.29		3677		2		0
238.944		102.866		3543		2		0
220.26		128.999		3652		2		0
213.884		156.786		3706		2		0
211.081		180.231		3670		2		0
210.772		187.528		3664		2		0
253.897		130.604		3711		2		0
261.411		158.218		3787		2		0
264.57		182.352		3759		2		0
263.784		188.867		3743		2		0
231.913		178.454		3715		2		0
229.594		215.691		3833		2		0
234.741		247.729		3890		2		0
235.455		255.509		3951		2		0
246.822		177.977		3722		2		0
250.393		214.973		3857		2		0
250.096		246.819		3973		2		0
247.159		256.255		3976		2		0
237.225		125.917		3664		2		0
211.574		194.534		3687		2		0
213.503		188.447		3670		2		0
263.714		195.572		3759		2		0
260.469		189.23		3763		2		0
Frame 9
239.468		178.155		3709		2		0
238.219		148.488		3666		2		0
236.871		118.202		3684		2		0
238.847		102.77		3550		2		0
220.261		129.042		3669		2		0
213.98		157.064		3733		2		0
211.006		180.171		3674		2		0
210.946		187.6		3680		2		0
253.86		130.503		3694		2		0
261.343		158.169		3769		2		0
264.542		182.445		3757		2		0
263.747		188.548		3749		2		0
231.982		178.418		3700		2		0
229.599		215.786		3827		2		0
234.837		248.155		3930		2		0
235.588		255.925		3980		2		0
246.928		177.881		3736		2		0
250.379		214.89		3847		2		0
250.262		246.848		3996		2		0
251.425		254.524		3959		2		0
237.213		125.831		3658		2		0
211.716		194.429		3674		2		0
213.964		188.245		3679		2		0
263.286		195.43		3752		2		0
260.427		188.983		3787		2		0
Frame 10
239.479		178.148		3710		2		0
238.206		148.501		3637		2		0
236.806		118.272		3685		2		0
238.832		102.795		3543		2		0
220.225		129.085		3659		2		0
213.975		157.12		3716		2		0
211.008		180.221		3668		2		0
210.893		187.82		3666		2		0
253.86		130.502		3710		2		0
261.377		158.195		3757		2		0
264.592		182.308		3756		2		0
263.869		188.564		3744		2		0
231.989		178.414		3729		2		0
229.595		215.773		3834		2		0
234.844		247.95		3943		2		0
235.607		255.716		3954		2		0
246.944		177.871		3749		2		0
250.436		214.821		3846		2		0
250.731		245.584		3953		2		0
251.92		253.233		3973		2		0
237.165		125.882		3659		2		0
212.001		195.251		3672		2		0
214.129		188.368		3683		2		0
263.284		195.429		3757		2		0
260.476		189.909		3766		2		0
Frame 11
239.463		178.147		3705		2		0
238.218		148.56		3649		2		0
236.947		118.515		3681		2		0
238.798		102.853		3532		2		0
220.24		129.012		3649		2		0
213.969		157.176		3703		2		0
211.009		180.283		3660		2		0
210.839		187.617		3667		2		0
253.866		130.529		3715		2		0
261.411		158.268		3785		2		0
264.585		182.326		3740		2		0
263.955		188.392		3736		2		0
231.965		178.405		3718		2		0
229.614		215.892		3829		2		0
234.832		247.952		3931		2		0
235.591		255.727		3934		2		0
246.931		177.877		3717		2		0
250.428		214.862		3832		2		0
250.628		246.007		3974		2		0
251.81		253.672		3965		2		0
237.261		126.066		3663		2		0
211.377		194.376		3675		2		0
213.214		187.163		3675		2		0
263.499		195.334		3751		2		0
260.44		189.221		3779		2		0
Frame 12
239.449		178.152		3711		2		0
238.207		148.563		3642		2		0
236.92		118.503		3676		2		0
238.795		102.897		3539		2		0
220.242		128.988		3673		2		0
213.967		157.179		3720		2		0
210.98		180.284		3663		2		0
210.757		187.688		3669		2		0
253.865		130.537		3684		2		0
261.447		158.257		3796		2		0
264.602		181.933		3758		2		0
263.887		188.367		3750		2		0
231.954		178.413		3700		2		0
229.588		215.945		3829		2		0
234.873		247.888		3954		2		0
235.62		255.664		3965		2		0
246.915		177.88		3738		2		0
250.446		215.068		3853		2		0
250.363		245.616		3974		2		0
251.525		253.273		3979		2		0
237.241		126.062		3655		2		0
211.716		194.429		3677		2		0
213.695		189.23		3671		2		0
263.999		195.251		3756		2		0
260.442		189.217		3778		2		0
Frame 13
239.463		178.167		3706		2		0
238.237		148.581		3652		2		0
236.972		118.506		3676		2		0
238.796		102.988		3532		2		0
220.25		129.016		3657		2		0
213.958		157.211		3706		2		0
210.975		180.305		3659		2		0
211.013		187.985		3645		2		0
253.883		130.576		3705		2		0
261.482		158.085		3787		2		0
264.604		182.015		3745		2		0
263.845		188.516		3741		2		0
231.962		178.429		3718		2		0
229.591		215.94		3822		2		0
234.776		248.037		3945		2		0
235.498		255.822		3967		2		0
246.938		177.901		3732		2		0
250.443		214.929		3857		2		0
250.27		246.057		3961		2		0
251.407		253.732		3979		2		0
237.287		126.071		3658		2		0
211.715		194.43		3675		2		0
213.756		188.174		3671		2		0
264.286		195.429		3753		2		0
260.5		190.501		3775		2		0
Frame 14
239.444		178.185		3712		2		0
238.248		148.608		3637		2		0
237.073		118.515		3669		2		0
238.841		102.936		3526		2		0
220.249		129.004		3645		2		0
213.943		157.116		3708		2		0
210.963		180.188		3652		2		0
211.011		187.836		3656		2		0
253.889		130.632		3705		2		0
261.633		158.065		3773		2		0
264.594		182.248		3746		2		0
263.966		188.058		3734		2		0
231.957		178.432		3699		2		0
229.588		215.942		3836		2		0
234.796		248.039		3960		2		0
235.468		255.841		3976		2		0
246.898		177.949		3740		2		0
250.466		215.004		3849		2		0
250.148		245.871		3989		2		0
251.231		253.558		3985		2		0
237.359		126.094		3657		2		0
212.199		195.4		3670		2		0
213.771		187.233		3652		2		0
263.969		195.33		3765		2		0
260.538		189.235		3755		2		0
Frame 15
239.421		178.19		3719		2		0
238.234		148.63		3628		2		0
237.087		118.533		3667		2		0
238.901		102.978		3523		2		0
220.202		128.983		3647		2		0
213.856		157.163		3689		2		0
210.896		180.174		3649		2		0
210.889		187.538		3641		2		0
253.891		130.702		3702		2		0
261.615		157.803		3790		2		0
264.691		182.374		3737		2		0
263.94		188.276		3725		2		0
231.933		178.429		3708		2		0
229.601		215.866		3843		2		0
234.775		248.034		3933		2		0
235.451		255.847		3948		2		0
246.875		177.962		3716		2		0
250.461		214.908		3841		2		0
250.178		246.012		3975		2		0
251.267		253.716		3991		2		0
237.365		126.116		3650		2		0
212.667		195.334		3686		2		0
213.501		185.501		3644		2		0
264.166		195.334		3736		2		0
260.518		189.648		3770		2		0
Frame 16
239.399		178.199		3718		2		0
238.227		148.643		3641		2		0
237.093		118.538		3664		2		0
239.012		103.343		3518		2		0
220.276		128.957		3642		2		0
213.637		156.877		3704		2		0
210.882		179.848		3635		2		0
210.924		187.256		3633		2		0
253.98		130.675		3691		2		0
261.656		157.684		3779		2		0
264.833		181.182		3733		2		0
264.383		187.745		3714		2		0
231.924		178.43		3728		2		0
229.612		215.844		3839		2		0
234.73		247.767		3934		2		0
235.452		255.579		3948		2		0
246.833		177.981		3735		2		0
250.484		215.063		3841		2		0
250.168		246.068		3980		2		0
251.303		253.774		3988		2		0
237.369		126.124		3664		2		0
211.667		193.334		3636		2		0
214.462		188.384		3651		2		0
264.283		194.43		3742		2		0
263.333		194.667		3765		2		0
Frame 17
239.386		178.213		3714		2		0
238.258		148.703		3623		2		0
237.241		118.623		3648		2		0
239.082		103.369		3527		2		0
220.378		128.924		3654		2		0
213.583		156.942		3701		2		0
210.42		179.76		3631		2		0
210.676		187.227		3621		2		0
254.064		130.711		3692		2		0
261.721		157.621		3776		2		0
264.994		181.34		3720		2		0
264.371		187.425		3704		2		0
231.928		178.441		3705		2		0
229.608		215.847		3831		2		0
234.822		247.849		3917		2		0
235.636		255.681		3980		2		0
246.788		178.008		3734		2		0
250.481		214.971		3854		2		0
250.123		245.857		3969		2		0
251.344		253.579		3995		2		0
237.484		126.209		3650		2		0
211.223		193.445		3629		2		0
214.002		188.235		3639		2		0
263.398		195.002		3740		2		0
261.667		185.888		3754		2		0
Frame 18
239.409		178.226		3694		2		0
238.326		148.74		3624		2		0
237.297		118.609		3646		2		0
239.13		103.532		3514		2		0
220.358		128.97		3648		2		0
213.416		156.831		3687		2		0
210.39		179.531		3622		2		0
210.538		186.563		3599		2		0
254.158		130.736		3680		2		0
261.764		157.474		3787		2		0
265.827		180.634		3713		2		0
264.486		187.25		3695		2		0
231.944		178.458		3714		2		0
229.635		215.742		3831		2		0
234.831		247.851		3927		2		0
235.617		255.712		3953		2		0
246.827		178.016		3729		2		0
250.483		214.967		3855		2		0
250.255		245.859		3980		2		0
251.45		253.605		3998		2		0
237.551		126.215		3643		2		0
211.376		193.375		3624		2		0
214.002		188.752		3621		2		0
264.8		194.401		3711		2		0
262.201		189.001		3708		2		0
Frame 19
239.414		178.236		3718		2		0
238.334		148.804		3636		2		0
237.274		118.696		3635		2		0
239.161		103.428		3497		2		0
220.518		128.924		3646		2		0
213.105		156.631		3667		2		0
209.999		179.082		3608		2		0
210.649		186.933		3578		2		0
254.158		130.681		3678		2		0
261.891		157.29		3771		2		0
266.183		179.912		3702		2		0
264.853		186.39		3669		2		0
231.943		178.467		3701		2		0
229.631		215.607		3844		2		0
234.734		247.966		3922		2		0
235.564		255.848		3955		2		0
246.839		178.025		3713		2		0
250.462		214.936		3858		2		0
250.113		245.557		3967		2		0
251.35		253.311		3957		2		0
237.539		126.298		3634		2		0
211.598		193.2		3609		2		0
210.643		186.428		3578		2		0
264.166		193.835		3671		2		0
261.8		186.465		3703		2		0
Frame 20
239.371		178.282		3715		2		0
238.376		149.004		3632		2		0
237.578		119.015		3645		2		0
239.23		103.723		3487		2		0
220.513		128.999		3638		2		0
212.866		156.586		3688		2		0
209.544		178.857		3591		2		0
210.234		186.529		3565		2		0
254.27		130.636		3671		2		0
261.998		157.143		3765		2		0
266.217		179.579		3700		2		0
265.137		186.099		3650		2		0
231.911		178.491		3697		2		0
229.625		215.59		3839		2		0
234.721		247.959		3945		2		0
235.504		255.92		3955		2		0
246.785		178.098		3728		2		0
250.43		214.895		3866		2		0
250.064		245.959		3971		2		0
251.252		253.804		3977		2		0
237.763		126.594		3637		2		0
211.001		192.002		3586		2		0
213.9		186.8		3583		2		0
265		193.501		3667		2		0
261.555		188.222		3683		2		0
Frame 21
239.38		178.315		3703		2		0
238.427		149.082		3624		2		0
237.593		119.001		3641		2		0
239.333		103.964		3474		2		0
220.591		129.155		3618		2		0
212.64		155.532		3671		2		0
209.424		177.446		3566		2		0
210.091		185.487		3548		2		0
254.368		130.638		3683		2		0
262.232		157.065		3756		2		0
266.41		179.632		3668		2		0
265.084		186.116		3655		2		0
231.919		178.54		3707		2		0
229.585		215.53		3816		2		0
234.768		248.011		3950		2		0
235.599		256.004		3941		2		0
246.797		178.124		3733		2		0
250.438		214.781		3860		2		0
250.417		246.307		3950		2		0
251.659		254.189		3998		2		0
237.796		126.612		3622		2		0
211.11		191.779		3553		2		0
213.89		186.558		3559		2		0
264.874		192.877		3651		2		0
261.823		186.233		3685		2		0
Frame 22
239.381		178.322		3706		2		0
238.427		149.259		3637		2		0
237.502		119.386		3611		2		0
239.482		104.011		3473		2		0
220.636		129.246		3616		2		0
212.575		155.521		3658		2		0
209.409		177.06		3561		2		0
209.903		184.929		3533		2		0
254.467		130.538		3661		2		0
262.48		156.91		3755		2		0
266.569		179.009		3658		2		0
265.288		185.999		3642		2		0
231.902		178.55		3720		2		0
229.557		215.453		3836		2		0
234.748		248.037		3888		2		0
235.581		256.1		3972		2		0
246.803		178.127		3719		2		0
250.473		214.812		3860		2		0
250.464		246.578		3960		2		0
251.707		254.545		3982		2		0
237.737		126.944		3606		2		0
210.667		190.919		3523		2		0
213.702		186.103		3543		2		0
264.668		192.835		3639		2		0
263.668		191.334		3640		2		0
Frame 23
239.397		178.361		3700		2		0
238.513		149.481		3628		2		0
237.627		119.687		3600		2		0
239.493		104.157		3455		2		0
220.791		129.072		3586		2		0
212.377		155.375		3642		2		0
209.325		176.78		3546		2		0
210.271		184.563		3500		2		0
254.687		130.75		3645		2		0
262.643		156.656		3767		2		0
266.851		178.237		3634		2		0
265.603		185.443		3621		2		0
231.923		178.591		3720		2		0
229.54		215.375		3840		2		0
234.725		248.092		3946		2		0
235.618		256.217		3995		2		0
246.817		178.158		3738		2		0
250.472		214.813		3857		2		0
250.333		247.043		3978		2		0
251.629		255.08		3975		2		0
237.853		127.235		3607		2		0
211.135		189.938		3499		2		0
211.001		184.071		3498		2		0
265.002		192.001		3605		2		0
261.499		187.497		3642		2		0
Frame 24
239.359		178.472		3686		2		0
238.354		149.73		3610		2		0
237.285		119.872		3562		2		0
239.614		104.665		3441		2		0
220.873		129.502		3581		2		0
212.384		155.294		3622		2		0
209.393		176.314		3506		2		0
210.117		183.785		3475		2		0
254.795		130.829		3649		2		0
263.007		156.758		3735		2		0
266.928		177.928		3615		2		0
265.618		185.321		3588		2		0
231.895		178.671		3708		2		0
229.499		215.395		3839		2		0
234.574		248.01		3934		2		0
235.533		256.233		3970		2		0
246.772		178.293		3718		2		0
250.503		214.856		3858		2		0
250.138		246.839		3971		2		0
251.495		254.965		3996		2		0
237.562		127.452		3598		2		0
211.416		189.669		3478		2		0
214.445		185.222		3486		2		0
264.598		192.603		3609		2		0
262.497		186.603		3618		2		0
Frame 25
239.357		178.494		3714		2		0
238.393		149.895		3613		2		0
237.417		120.144		3575		2		0
239.691		104.981		3421		2		0
220.786		129.616		3587		2		0
212.41		155.189		3624		2		0
209.634		175.688		3494		2		0
210.33		183.225		3451		2		0
254.824		130.866		3639		2		0
263.032		156.705		3727		2		0
267.087		177.514		3617		2		0
265.903		185.178		3589		2		0
231.883		178.687		3724		2		0
229.455		215.378		3835		2		0
234.555		248.043		3937		2		0
235.69		256.333		3979		2		0
246.783		178.334		3730		2		0
250.503		214.781		3860		2		0
250.153		246.792		3978		2		0
251.681		254.982		3987		2		0
237.665		127.703		3591		2		0
211.152		188.925		3451		2		0
213.999		183.383		3475		2		0
265.5		192.001		3593		2		0
262.769		185.307		3593		2		0
Frame 26
239.455		178.596		3707		2		0
238.634		150.242		3604		2		0
237.729		120.632		3557		2		0
239.806		105.606		3405		2		0
220.776		129.553		3554		2		0
212.434		154.704		3594		2		0
209.801		174.522		3466		2		0
210.167		181.917		3432		2		0
255.092		131.178		3625		2		0
263.102		156.322		3719		2		0
267.162		177.229		3590		2		0
265.913		184.894		3569		2		0
231.96		178.761		3707		2		0
229.412		215.104		3823		2		0
234.555		248.046		3934		2		0
235.314		256.471		3968		2		0
246.908		178.461		3728		2		0
250.53		214.704		3864		2		0
250.183		246.763		3968		2		0
251.339		255.088		3960		2		0
237.963		128.168		3585		2		0
212		188.336		3425		2		0
212.936		181.598		3437		2		0
265.228		191.545		3558		2		0
263.6		190.801		3586		2		0
Frame 27
239.342		178.748		3700		2		0
238.433		150.662		3597		2		0
237.532		121.2		3557		2		0
240.072		106.958		3393		2		0
220.822		129.858		3564		2		0
212.214		154.999		3604		2		0
209.726		174.84		3437		2		0
210.565		181.885		3406		2		0
255.122		131.842		3614		2		0
263.509		156.366		3701		2		0
267.344		177.345		3577		2		0
266.287		184.631		3555		2		0
231.867		178.846		3692		2		0
229.338		215.087		3839		2		0
234.493		248.159		3956		2		0
235.16		256.699		3971		2		0
246.773		178.688		3720		2		0
250.531		214.689		3871		2		0
250.211		246.795		3968		2		0
251.274		255.233		3983		2		0
237.759		128.708		3548		2		0
213.376		188.502		3407		2		0
214.111		181.777		3423		2		0
265.282		191.504		3536		2		0
262.931		184.278		3566		2		0
Frame 28
239.264		178.842		3700		2		0
238.379		151.101		3587		2		0
237.615		121.986		3517		2		0
240.208		107.343		3379		2		0
221.105		130.061		3551		2		0
212.162		154.758		3570		2		0
209.669		174.567		3432		2		0
210.607		181.597		3379		2		0
255.119		131.65		3592		2		0
263.699		156.558		3675		2		0
267.808		177.385		3559		2		0
266.238		184.927		3521		2		0
231.757		178.955		3713		2		0
229.297		214.991		3832		2		0
234.469		248.192		3945		2		0
235.314		256.858		3960		2		0
246.722		178.76		3711		2		0
250.544		214.627		3847		2		0
250.212		246.745		3990		2		0
251.446		255.309		3961		2		0
237.801		129.408		3547		2		0
213.121		187.242		3379		2		0
213.834		180.249		3390		2		0
265.691		191.465		3507		2		0
262.454		186.451		3545		2		0
Frame 29
239.237		178.957		3686		2		0
238.336		151.603		3585		2		0
237.475		122.797		3507		2		0
240.267		108.215		3351		2		0
220.982		130.415		3524		2		0
211.89		154.555		3548		2		0
210.153		173.611		3399		2		0
211.36		181.756		3354		2		0
255.344		131.798		3565		2		0
264.027		156.532		3647		2		0
267.94		177.722		3532		2		0
266.463		184.838		3485		2		0
231.736		179.047		3691		2		0
229.351		214.89		3837		2		0
234.454		248.177		3927		2		0
235.319		256.956		3983		2		0
246.692		178.888		3719		2		0
250.549		214.599		3831		2		0
250.359		246.811		3972		2		0
251.611		255.49		3973		2		0
237.694		130.151		3536		2		0
213.287		186.958		3351		2		0
215.068		181.466		3371		2		0
266.06		191.132		3477		2		0
265.001		193		3519		2		0
Frame 30
239.173		179.428		3686		2		0
238.326		152.556		3574		2		0
237.498		124.06		3504		2		0
240.432		110.16		3339		2		0
220.777		130.932		3503		2		0
211.618		155.01		3524		2		0
209.975		173.85		3364		2		0
211.571		180.943		3328		2		0
255.672		132.73		3560		2		0
264.499		156.672		3629		2		0
268.206		177.468		3508		2		0
266.749		185.044		3449		2		0
231.602		179.487		3694		2		0
229.385		214.886		3819		2		0
234.404		248.191		3932		2		0
235.194		257.098		3983		2		0
246.698		179.376		3713		2		0
250.621		214.926		3838		2		0
250.313		246.979		3981		2		0
251.487		255.792		3984		2		0
237.709		131.346		3524		2		0
214.827		186.947		3315		2		0
215.539		180.922		3340		2		0
265.705		191.652		3462		2		0
262.999		185.798		0		2		0
Frame 31
239.09		179.793		3685		2		0
238.377		153.303		3566		2		0
237.782		125.118		3490		2		0
240.744		110.615		3312		2		0
221.049		131.721		3495		2		0
212.029		155.296		3511		2		0
211.02		174.1		3356		2		0
212.386		181.614		3285		2		0
255.873		133.943		3560		2		0
264.971		157.998		3630		2		0
268.531		177.851		3475		2		0
266.962		185.292		3440		2		0
231.498		179.816		3689		2		0
229.29		215.265		3801		2		0
234.255		248.749		3937		2		0
234.917		257.868		3971		2		0
246.644		179.774		3724		2		0
250.609		215.005		3815		2		0
250.283		247.02		3974		2		0
251.326		256.033		3969		2		0
237.924		132.339		3491		2		0
214.562		186.527		3287		2		0
215.849		180.385		3309		2		0
265.188		192.191		3416		2		0
263.665		184.444		3465		2		0
Frame 32
238.987		180.226		3690		2		0
238.495		154.252		3558		2		0
238.203		126.453		3455		2		0
240.944		112.092		3292		2		0
221.06		132.787		3477		2		0
211.494		156.289		3489		2		0
211.176		173.795		3325		2		0
212.906		181.411		3251		2		0
256.001		135.264		3543		2		0
265.247		158.9		3615		2		0
268.59		180.911		3436		2		0
266.887		185.713		3408		2		0
231.385		180.222		3685		2		0
229.193		215.263		3817		2		0
234.286		248.955		3941		2		0
234.84		258.26		3956		2		0
246.553		180.23		3682		2		0
250.621		215.025		3825		2		0
250.215		247.093		3964		2		0
251.142		256.29		3967		2		0
238.268		133.597		3491		2		0
215.946		186.559		3258		2		0
217.302		181.103		3278		2		0
265.454		192.365		3401		2		0
263.252		185.994		3429		2		0
Frame 33
239.017		180.701		3681		2		0
238.704		155.227		3549		2		0
238.484		127.82		3406		2		0
240.959		113.059		3266		2		0
220.955		133.605		3440		2		0
212.321		157.48		3470		2		0
211.639		175.83		3293		2		0
214.199		182.592		3223		2		0
256.382		135.369		3503		2		0
265.6		159.236		3589		2		0
268.558		180.922		3420		2		0
267.024		186.187		3372		2		0
231.393		180.771		3687		2		0
229.004		215.156		3789		2		0
234.292		248.956		3947		2		0
234.987		258.401		3978		2		0
246.596		180.636		3722		2		0
250.417		215.46		3799		2		0
250.158		247.02		3981		2		0
251.215		256.358		3981		2		0
238.538		134.866		3469		2		0
217.531		186.474		3220		2		0
217.273		179.454		3257		2		0
265.624		192.817		3362		2		0
263.25		187.582		3384		2		0
Frame 34
238.78		178.07		3646		2		0
238.647		155.227		3521		2		0
238.27		129.625		3404		2		0
241.045		114.385		3234		2		0
221.317		135.124		3439		2		0
212.155		159.133		3439		2		0
212.776		175.067		3253		2		0
214.76		182.006		3189		2		0
256.981		137.558		3474		2		0
266.235		160.7		3540		2		0
268.72		181.477		3398		2		0
266.896		187.454		3346		2		0
231.038		177.989		3642		2		0
228.882		215.58		3787		2		0
234.295		248.959		3965		2		0
230.851		258.334		3979		2		0
246.492		178.148		3693		2		0
250.166		215.561		3777		2		0
250.135		247.173		3958		2		0
250.687		257.395		3941		2		0
238.407		135.812		3444		2		0
217.962		186.129		3191		2		0
217.061		180.384		3212		2		0
265.251		193.854		3341		2		0
263.083		186.996		3371		2		0
Frame 35
238.791		184.16		3674		2		0
238.807		158.356		3511		2		0
238.808		129.804		3330		2		0
241.449		116.222		3201		2		0
220.568		138.736		3394		2		0
210.647		162.475		3377		2		0
213.24		178.721		3198		2		0
216.11		183.101		3156		2		0
257.198		138.949		3461		2		0
266.277		162.445		3535		2		0
268.908		182.866		3358		2		0
266.726		188.406		3301		2		0
231.293		184.176		3661		2		0
228.276		219.237		3760		2		0
234.042		248.965		3926		2		0
235.095		259.025		3959		2		0
246.262		184.143		3684		2		0
250.77		221.088		3764		2		0
250.046		247.609		3953		2		0
251.425		257.58		3972		2		0
238.809		137.225		3420		2		0
220.25		186.669		3152		2		0
219.887		181.439		3185		2		0
265.299		194.154		3294		2		0
262.8		188.9		0		2		0
Frame 36
238.775		184.155		3659		2		0
238.879		159.558		3502		2		0
239.187		134.794		3325		2		0
241.13		119.712		3175		2		0
220.84		140.251		3377		2		0
210.547		164.058		3352		2		0
213.434		178.12		3214		2		0
217.127		183.909		3119		2		0
257.316		141.604		3450		2		0
267.1		164.88		3512		2		0
268.997		183.181		3316		2		0
266.656		189.863		3267		2		0
231.261		184.204		3662		2		0
228.189		221.098		3753		2		0
234.973		249.341		3927		2		0
235.203		259.656		3970		2		0
246.263		184.1		3676		2		0
250.818		221.991		3742		2		0
250.484		248.762		3933		2		0
251.027		259.068		3679		1		0
239.086		140.996		3394		2		0
219.967		186.041		3115		2		0
218.579		180.732		3125		2		0
265.001		194.886		3235		2		0
265.945		187.464		3296		2		0
Frame 37
239.291		186.044		3660		2		0
239.019		162.8		3472		2		0
238.72		136.293		3312		2		0
241.414		122.255		3155		2		0
221.095		141.912		3353		2		0
210.672		165.56		3326		2		0
214.23		179.055		3148		2		0
218.189		184.666		3079		2		0
257.508		142.825		3394		2		0
267.281		166.291		3468		2		0
269.024		183.8		3291		2		0
267.172		190.358		3222		2		0
231.789		186.235		3657		2		0
228.179		221.977		3726		2		0
235.489		248.747		3907		2		0
236.039		259.1		3962		2		0
246.765		185.86		3651		2		0
250.812		223.315		3734		2		0
249.957		250.2		3937		2		0
250.795		260.504		3651		1		0
238.744		143.163		3381		2		0
222		186.003		3066		2		0
221.224		181.333		3101		2		0
265.417		196.297		3216		2		0
263.586		189.993		3251		2		0
Frame 38
239.289		185.72		3615		2		0
239.032		163.21		3441		2		0
238.8		140.975		3303		2		0
241.231		125.988		3130		2		0
221.267		143.847		3316		2		0
210.42		167.569		3305		2		0
215.128		179.936		3122		2		0
219.362		185.601		3036		2		0
257.946		146.267		3383		2		0
267.311		170.278		3440		2		0
269.672		187.098		3245		2		0
266.804		193.253		3177		2		0
231.78		185.837		3630		2		0
227.555		220.452		3706		2		0
232.917		248.386		3858		2		0
238.912		253.907		3958		2		0
246.771		185.591		3681		2		0
250.832		219.668		3703		2		0
249.913		248.252		3899		2		0
250.172		259.045		3667		1		0
238.855		146.585		3351		2		0
223.772		186.541		3022		2		0
223.251		182.25		3063		2		0
264.885		198.159		3174		2		0
263.875		191.247		3217		2		0
Frame 39
239.664		187.128		3602		2		0
241.725		166.323		3429		2		0
243.979		142.306		3212		2		0
241.567		129.704		3104		2		0
221.477		147.413		3310		2		0
209.888		171.171		3255		2		0
214.26		184.398		3079		1		0
220.362		186.762		3000		2		0
258.245		148.678		3342		2		0
267.862		172.742		3415		2		0
270.103		188.838		3232		2		0
267.031		195.681		3141		2		0
232.182		187.333		3620		2		0
227.637		221.613		3650		2		0
233.194		247.759		3802		2		0
233.599		258.738		3941		2		0
247.122		186.934		3662		2		0
251.422		221.366		3681		2		0
249.704		248.353		3889		2		0
250.406		259.195		3675		1		0
243.422		148.606		3337		2		0
224.618		187.553		2993		2		0
222.321		183.459		3009		2		0
264.737		200.136		3135		2		0
265.523		194.62		3167		2		0
Frame 40
240.024		188.329		3588		2		0
239.794		170.014		3434		2		0
238.768		148.718		3259		2		0
241.552		134.663		3083		2		0
221.562		150.939		3274		2		0
209.544		174.59		3233		2		0
214.671		184.52		3061		2		0
222.018		188.971		2962		2		0
258.636		153.442		3340		2		0
268.124		177.907		3379		2		0
270.146		193.49		3174		2		0
266.912		199.556		3116		2		0
232.492		188.532		3589		2		0
227.922		223.516		3656		2		0
233.286		248.447		3778		2		0
233.307		259.827		3934		2		0
247.528		188.126		3638		2		0
251.924		223.314		3642		2		0
249.442		248.56		3863		2		0
249.732		259.868		3662		1		0
238.993		154.38		3325		2		0
227.701		189.202		2954		2		0
222.598		184.399		2973		2		0
265.129		203.178		3090		2		0
266.93		197.129		3118		2		0
Frame 41
240.491		194.163		3609		2		0
239.367		174.193		3429		2		0
238.247		151.01		3221		2		0
242.074		139.986		3065		2		0
222.156		154.805		3270		2		0
210.186		178.294		3185		2		0
216.585		187.814		3019		2		0
222.948		191.663		2933		2		0
259.008		157.013		3314		2		0
268.205		181.603		3371		2		0
269.967		196.437		3153		2		0
267.595		202.359		3078		2		0
233.244		194.295		3598		2		0
227.224		228.77		3609		2		0
232.074		253.982		3767		2		0
232.106		255.207		3841		2		0
247.708		194.031		3622		2		0
254.217		228.125		3607		2		0
249.575		248.288		3805		2		0
250.235		259.439		3660		1		0
238.534		156.974		3287		2		0
228.668		192.002		2930		2		0
227.794		188.995		2950		2		0
264.749		207.398		3057		2		0
264.6		200.491		3111		2		0
Frame 42
241.31		198.598		3585		2		0
239.74		178.937		3383		2		0
237.955		156.702		3206		2		0
242.415		143.524		3031		2		0
222.659		159.548		3227		2		0
207.67		181.448		0		2		0
217.899		191.687		2969		2		0
224.526		195.276		2884		2		0
259.015		162.216		3293		2		0
268.969		186.55		3335		2		0
270.307		200.36		3120		2		0
267.975		207.024		3042		2		0
233.97		198.467		0		2		0
227.182		232.921		3573		2		0
231.965		252.729		3744		2		0
232.23		264.184		3606		1		0
248.605		198.558		3586		2		0
254.835		233.047		3597		2		0
253.24		258.289		0		2		0
253.885		269.91		3483		1		0
238.424		162.531		3263		2		0
229.378		194.69		2881		2		0
225.747		190.998		0		2		0
264.362		212.549		3038		2		0
264.562		206.059		3067		2		0
Frame 43
241.846		200.24		3556		2		0
240.729		181.553		3339		2		0
239.295		159.663		3130		2		0
243.241		148.021		3010		2		0
222.658		163.451		3215		2		0
208.262		185.966		3166		2		0
219.061		197.064		2895		2		0
225.1		198.882		2849		2		0
259.944		166.712		3270		2		0
268.73		191.837		3305		2		0
269.632		207.756		3096		2		0
267.426		213.062		3017		2		0
234.385		200.241		0		2		0
228.017		234.812		3552		2		0
232.697		260.805		3832		2		0
232.766		272.85		3438		1		0
249.315		200.279		3589		2		0
253.756		235.066		3570		2		0
254.075		259.826		0		2		0
254.497		271.749		3429		1		0
239.697		165.488		3247		2		0
230.324		198.324		2841		2		0
225.993		195.074		2864		2		0
264.666		218.05		3011		2		0
264.109		211.466		3043		2		0
Frame 44
241.829		205.578		3539		2		0
240.289		187.118		3342		2		0
238.534		166.194		3156		2		0
242.613		153.336		2982		2		0
222.778		167.414		3160		2		0
212.138		191.729		3046		2		0
220.23		198.943		2911		2		0
226.934		203.18		2808		2		0
260.261		171.064		3221		2		0
268.784		196.609		3263		2		0
269.944		213.274		3055		2		0
267.49		218.299		2993		2		0
234.531		205.431		2843		2		0
226.677		240.393		3527		2		0
227.556		272.601		3425		1		0
227.468		285.261		3122		1		0
249.109		205.725		3556		2		0
255.643		240.76		3511		2		0
249.204		261.923		3636		2		0
249.496		273.796		3388		1		0
238.995		171.684		3203		2		0
231.371		202.504		2800		2		0
227.998		199		2815		2		0
264.519		223.884		2978		2		0
263.217		217.635		3005		2		0
Frame 45
242.235		209.693		3493		2		0
240.575		191.358		3285		2		0
238.644		170.141		3126		2		0
243.933		157.568		2952		2		0
223.236		171.614		3132		2		0
213.382		195.77		3019		2		0
222.407		205.332		2811		2		0
228.71		207.57		2775		2		0
260.972		175.175		3191		2		0
268.784		201.22		3222		2		0
270.178		217.208		3018		2		0
266.717		224.319		2952		2		0
234.605		209.977		2780		2		0
226.132		245.131		3484		2		0
223.706		279.387		3287		1		0
223.503		292.719		2945		1		0
249.767		209.22		3512		2		0
261.266		242.881		3514		2		0
248.594		262.09		3628		1		0
241.149		260.961		3681		1		0
239.155		175.738		3175		2		0
233.367		206.231		2759		2		0
231.001		203		2764		2		0
264.277		229.555		2947		2		0
262.183		223.634		2970		2		0
Frame 46
243.257		215.419		3454		2		0
241.099		196.066		3279		2		0
238.623		173.316		3091		2		0
243.53		161.188		2911		2		0
223.405		176.697		3090		2		0
212.597		199.41		3019		2		0
224.052		209.441		2779		2		0
230.728		211.37		2710		2		0
261.184		179.386		3142		2		0
269.31		205.852		3180		2		0
270.865		222.947		2976		2		0
267.086		229.48		2898		2		0
235.648		215.545		2760		2		0
228.518		241.866		3471		2		0
230.565		258.206		3512		2		0
223.852		255.231		3469		2		0
250.855		215.293		3483		2		0
249.716		251.796		3545		2		0
248.191		274.809		3376		1		0
251.548		265.723		3547		1		0
239.262		179.368		3135		2		0
236.001		209		2696		2		0
230.894		207		0		2		0
264.852		233.754		2886		2		0
263.609		228.165		2921		2		0
Frame 47
242.217		222.88		3417		2		0
240.992		203.059		3221		2		0
239.602		180.735		3035		2		0
244.557		166.668		2868		2		0
223.789		179.265		3048		2		0
213.97		203.649		2975		2		0
226.056		214.194		2704		2		0
232.635		215.692		2652		2		0
262.962		183.997		3101		2		0
269.697		211.409		3114		2		0
270.516		229.001		2917		2		0
266.271		235.949		2822		2		0
235.244		222.462		0		2		0
227.166		246.775		3418		1		0
227.697		255.209		3416		2		0
227.621		267.705		3524		1		0
249.162		223.297		3437		2		0
253.35		248.399		3430		1		0
252.175		267.433		3503		1		0
256.325		261.444		3472		2		0
239.967		186.579		3098		2		0
236.502		213.889		2643		2		0
229.841		212.079		2663		2		0
263.652		239.136		2821		2		0
266.801		233.994		2843		2		0
Frame 48
242.811		228.195		3382		2		0
242.172		207.318		3202		2		0
241.431		183.518		2966		2		0
246.188		170.533		2817		2		0
225.18		184.051		2973		2		0
216.346		209.52		2890		2		0
228.852		219.312		2649		2		0
235.119		220.943		2599		2		0
263.849		188.281		3053		2		0
270.079		216.388		3050		2		0
270.143		234.13		2835		2		0
267.203		240.693		2749		2		0
235.676		228.231		0		2		0
227.606		246.845		3389		2		0
227.458		258.525		3403		2		0
227.271		271.259		3428		1		0
249.926		228.161		3391		2		0
251.869		247.672		3460		2		0
256.751		259.498		3416		2		0
257.163		272.22		3396		1		0
241.627		189.778		3032		2		0
238.864		219.553		2588		2		0
233.571		216.286		2579		2		0
263.772		244.005		2736		2		0
267.433		240.137		2749		2		0
Frame 49
243.329		232.46		2593		2		0
243.077		212.048		3134		2		0
242.777		188.699		2885		2		0
246.766		175.768		2752		2		0
224.451		189.195		2941		2		0
219.358		215.624		2819		2		0
231.947		225.901		2584		2		0
238.182		227.553		2532		2		0
264.73		194.579		2984		2		0
269.942		223.54		2970		2		0
272.479		240.736		2750		2		0
268.453		246.879		2662		2		0
236.915		231.782		2550		2		0
232.555		267.112		3405		2		0
197.627		267.592		0		1		0
213.336		265.122		0		1		0
249.769		233.142		3362		2		0
253.421		251.621		3396		1		0
256.321		260.37		3388		2		0
263.817		269.107		3467		2		0
242.857		194.848		2975		2		0
242.357		225.708		2521		2		0
236.899		223.1		2524		2		0
264.691		249.232		2644		2		0
267.397		242.159		2708		2		0
Frame 50
245.093		239.345		2494		2		0
244.34		219.682		3098		2		0
243.461		197		2849		2		0
246.36		182.693		2675		2		0
230.603		204.574		2892		2		0
217.905		221.369		2799		2		0
234.083		234.384		2521		2		0
241.509		235.554		2469		2		0
266.205		200.912		2911		2		0
270.619		230.77		2893		2		0
271.464		249.239		2647		2		0
267.894		255.1		2565		2		0
238.281		238.483		2483		2		0
230.155		274.65		3376		1		0
206.231		249.273		4464		1		0
219.013		257.903		0		2		0
251.977		240.219		0		2		0
254.57		257.897		3373		1		0
257.029		267.7		3385		1		0
257.803		280.98		3170		1		0
243.694		202.993		2919		2		0
246.575		234.381		2454		2		0
241.497		231.25		2467		2		0
264.375		257.126		2543		2		0
265.004		250.621		2591		2		0
Frame 51
247.003		243.307		2392		2		0
246.406		224.751		2995		2		0
245.709		203.318		2733		2		0
249.222		191.448		2593		2		0
226.413		204.781		2795		2		0
225.074		233.002		2666		2		0
238.447		246.045		2438		2		0
245.165		244.817		2401		2		0
267.452		209.303		2833		2		0
272.617		239.9		2812		2		0
269.332		259.383		2520		2		0
271.557		261.074		2504		2		0
240.013		241.908		2455		2		0
232.114		280.414		3160		1		0
207.279		254.03		4406		1		0
221.053		262.272		3330		1		0
254.062		244.723		2402		2		0
257.843		264.208		3341		1		0
260.325		274.117		3406		1		0
260.747		287.771		2916		1		0
245.894		208.984		2825		2		0
250.786		243.263		2390		2		0
244.416		239.917		2408		2		0
268.26		267.961		2465		2		0
268.999		259.725		2516		2		0
Frame 52
246.775		250.813		0		2		0
247.123		233.479		2938		2		0
247.524		213.15		2653		2		0
251.32		200.872		2512		2		0
228.174		215.057		2717		2		0
224.494		245.891		2598		2		0
239.805		253.991		2403		2		0
248.824		256.189		2333		2		0
269.051		219.162		2750		2		0
273.992		250.886		2716		2		0
268.49		270.142		2435		2		0
272.072		272.714		2413		1		0
239.431		248.28		0		2		0
233.927		287.546		2955		1		0
208.781		260.775		0		1		0
223.527		265.668		3304		2		0
254.23		253.388		2333		2		0
257.261		264.845		3328		1		0
259.786		274.924		3355		1		0
259.934		288.992		2905		1		0
247.418		218.556		2747		2		0
256.6		254.601		2334		2		0
249.614		251.09		2352		2		0
268		280.033		2378		2		0
272.252		273.58		2398		2		0
Frame 53
250.262		260.063		3315		2		0
250.982		243.579		2891		2		0
251.829		224.116		2524		2		0
252.272		212.135		2431		2		0
229.534		225.054		2626		2		0
220.318		257.866		0		2		0
240.952		263.197		2412		2		0
250.471		269.355		2271		2		0
271.277		230.798		2676		2		0
275.187		263.88		2619		2		0
276.4		279.38		2424		2		0
272.956		287.273		2320		2		0
241.943		255.585		3181		2		0
239.298		297.78		2825		1		0
213.018		269.736		3580		1		0
228.248		273.608		0		1		0
258.786		264.657		2276		2		0
257.147		273.531		2275		1		0
259.685		283.648		3022		1		0
259.512		297.985		2771		1		0
251.603		229.306		2606		2		0
258.917		268.742		2269		2		0
251.837		264.287		2236		2		0
269.419		293.92		2306		2		0
273.008		287.385		2320		2		0
Frame 54
243.034		269.001		3574		2		0
243.734		253.349		2777		2		0
244.559		234.841		2507		2		0
255.212		224.31		2354		2		0
229.544		237.063		2539		2		0
227.248		278.012		2447		2		0
245.321		288.171		2289		2		0
254.51		289.36		2203		2		0
273.663		241.749		2606		2		0
274.183		276.29		2547		2		0
278.778		296.426		2337		2		0
273.529		305.132		2237		2		0
235.337		265.326		2528		2		0
230.557		309.102		2630		1		0
203.368		279.948		3377		1		0
219.509		283.781		3096		1		0
250.836		272.733		3505		2		0
249.888		283.362		0		1		0
252.531		293.83		2214		1		0
252.361		308.896		2577		1		0
244.339		239.778		2548		2		0
258.779		289.555		2177		2		0
251.487		288.999		2214		2		0
271.134		311.229		2216		2		0
275.225		304.772		2239		2		0
Frame 55
243.631		270.523		3547		2		0
243.171		261.037		2566		2		0
242.618		249.653		2486		2		0
256.437		240.04		2272		2		0
231.78		250.115		2454		2		0
231.755		287.258		2418		2		0
243.326		316.59		0		2		0
252.507		316.949		2144		2		0
274.769		255.627		2523		2		0
273.388		291.588		2485		2		0
276.802		321.423		2198		2		0
274.905		326.814		2152		2		0
235.438		268.912		2477		2		0
231.072		314.641		2501		1		0
202.981		284.478		3215		1		0
217.78		292.916		2902		1		0
251.576		272.298		3482		2		0
250.207		295.258		2848		1		0
252.939		306.061		0		1		0
252.065		321.981		2148		1		0
242.766		252.708		2492		2		0
257.503		318.412		2117		2		0
254.996		314.334		2132		2		0
272.69		331.464		2137		2		0
272.557		325.664		2162		2		0
Frame 56
243.604		288.467		2957		2		0
243.273		278.811		0		2		0
242.88		267.415		2434		2		0
257.836		259.678		2217		2		0
231.702		262.815		2404		2		0
233.255		303.968		2366		2		0
245.452		339.95		2177		1		0
249.87		352.92		2079		1		0
276.135		271.212		2463		2		0
273.23		306.867		2430		2		0
275.495		331.933		2284		1		0
276.353		341.432		2147		1		0
235.261		287.928		2410		2		0
230.843		333.495		2271		1		0
202.256		302.663		2807		1		0
218.058		309.623		2634		1		0
251.923		289.009		2901		2		0
250.152		316.234		2486		1		0
264.951		310.954		2549		1		0
263.641		329.286		2345		1		0
242.985		270.452		2438		2		0
254.75		354.797		2046		1		0
252.286		350.788		2080		1		0
274.152		346.332		2120		1		0
274.015		340.466		2161		1		0
Frame 57
243.738		300.266		2653		2		0
243.734		293.25		2433		2		0
243.729		284.938		2365		2		0
259.091		278.136		2165		1		0
230.98		272.886		2397		2		0
234.64		318.184		2346		2		0
247.108		355.491		2115		1		0
251.627		368.901		1889		1		0
277.677		288.358		2407		1		0
275.979		323.215		2404		1		0
278.163		346.25		2114		1		0
278.993		355.021		2049		1		0
234.438		304.469		2369		2		0
231.611		346.86		2164		1		0
228.727		343.747		2169		1		0
224.599		361.323		1937		1		0
252.73		296.207		0		2		0
251.08		330.707		2409		1		0
266.448		327.444		2474		1		0
262.615		346.152		2229		1		0
243.731		287.156		2384		2		0
256.596		370.993		1887		1		0
254.097		366.945		1904		1		0
276.798		360.215		1941		1		0
276.65		354.217		2120		1		0
Frame 58
242.912		317.198		2521		2		0
242.876		308.828		2363		2		0
242.835		298.864		2260		2		0
258.791		292.701		2126		1		0
229.64		295.426		2307		2		0
231.129		332.339		2310		1		0
241.693		317.858		2507		1		0
253.185		307.065		2180		1		0
277.336		280.148		0		2		0
277.996		317.123		2397		2		0
279.262		351.384		2058		1		0
279.726		364.145		1943		1		0
233.75		328.3		2316		2		0
230.476		360.537		1911		1		0
227.496		357.322		1928		1		0
231.499		375.446		1905		1		0
251.338		306.979		2196		2		0
250.89		337.204		2376		1		0
272.475		333.986		2336		1		0
277.864		354.392		2033		1		0
242.846		301.529		2278		2		0
253		299.501		2104		2		0
244.993		299.214		2229		2		0
277.524		369.514		1911		1		0
277.375		363.457		1979		1		0
Frame 59
242.99		316.499		2304		2		0
243.137		308.92		2272		2		0
244.09		300.568		2274		2		0
260.155		294.51		2252		1		0
229.073		303.393		2248		2		0
229.476		334.729		2294		1		0
241.093		339.767		2267		1		0
258.127		328.377		2098		1		0
272.275		288.077		2309		2		0
279.452		326.997		2167		1		0
280.868		364.735		1977		1		0
281.379		378.695		1886		1		0
235.166		316.634		2282		2		0
231.522		362.027		1869		1		0
228.537		358.809		1906		1		0
232.818		376.852		1899		1		0
251.085		313.712		2087		2		0
251.892		338.588		2361		1		0
273.716		335.66		2228		1		0
279.363		356.013		2103		1		0
243.749		302.612		2279		2		0
261		330		2095		2		0
256.999		327.6		2092		2		0
279.149		384.401		1868		1		0
278.995		378.191		1890		1		0
Frame 60
243.197		316.269		2217		2		0
243.239		309.6		2252		2		0
243.562		301.621		2242		2		0
259.771		295.566		2184		1		0
230.308		301.317		2225		2		0
227.347		333.64		2258		1		0
243.358		348.099		2153		1		0
255.427		341.14		2088		1		0
280.879		300.002		2284		2		0
288.167		339.461		2280		1		0
290.348		378.681		1886		1		0
291.128		393.127		1846		1		0
234.467		317.273		2235		2		0
230.969		363.439		1879		1		0
227.958		360.194		1906		1		0
228.252		379.126		1886		1		0
251.707		314.638		2041		2		0
251.54		339.73		2032		1		0
273.509		337.016		2017		1		0
274.673		358.407		2107		1		0
243.434		303.707		2242		2		0
259.353		340.783		2056		2		0
251.247		339.626		2032		2		0
289.026		399.103		1847		1		0
288.843		392.82		1844		1		0
Frame 61
242.44		323.474		2012		2		0
240.942		315.227		2078		2		0
239.193		305.518		2205		2		0
255.438		299.602		2143		1		0
210.108		315.23		2425		2		0
180.033		320.393		2763		2		0
198.223		337.893		2198		2		0
235.825		384.225		1854		1		0
277.534		296.332		2238		2		0
262.768		340.484		1989		2		0
316.22		356.313		1904		2		0
323.637		365.584		1929		1		0
233.745		329.928		2208		2		0
198.749		361.453		1964		2		0
274.634		376.513		1848		2		0
262.062		368.218		1939		1		0
251.176		316.038		1983		2		0
248.233		343.348		2181		1		0
269.889		341.367		2003		1		0
272.252		363.156		2036		1		0
239.651		308.108		2215		2		0
248.732		395.385		1812		2		0
246.429		368.834		1895		2		0
330.502		375.495		1955		2		0
320.099		376.998		1955		2		0
Frame 62
256.339		322.602		1914		2		0
258.079		309.464		1954		2		0
260.117		294.064		2165		2		0
277.994		287.314		2236		1		0
209.649		315.502		2422		2		0
176.175		330.535		2550		2		0
207.845		319.237		2394		2		0
213.432		317.289		2408		1		0
273.217		300.091		2202		2		0
257.907		326.398		1926		2		0
313.434		352.708		2014		2		0
323.23		362.087		1874		1		0
246.854		329.114		1937		2		0
210.367		359.965		1931		2		0
287.629		372.145		1846		1		0
297.988		368.721		1875		1		0
265.413		316.372		1929		2		0
264.7		334.719		1987		1		0
290.176		330.848		2293		1		0
291.203		352.694		2065		1		0
259.576		298.156		2153		2		0
218		326		2357		2		0
212.091		310.631		2453		2		0
334		374		1953		2		0
318.384		372.711		1901		2		0
Frame 63
246.144		313.682		1949		2		0
246.767		303.291		1986		2		0
247.497		291.138		2164		2		0
264.619		284.114		2205		1		0
225.906		303.024		2136		2		0
204.008		317.525		2428		2		0
186.507		315.611		2649		2		0
183.933		315.933		2652		1		0
274.72		301.863		2168		2		0
262.686		329.044		1905		2		0
319.558		358.657		1969		2		0
323.492		358.674		1962		2		0
236.731		318.477		1944		2		0
204.226		359.669		1946		2		0
281.885		374.519		1796		1		0
298.412		372.084		1835		1		0
255.065		309.139		1937		2		0
254.799		337.862		1887		1		0
271.919		335.512		2315		1		0
273.197		356.259		2129		1		0
247.303		294.365		2122		2		0
179.018		319.629		2609		2		0
179.619		322.38		2585		2		0
326.956		350.238		2025		2		0
330.873		358.617		1929		2		0
Frame 64
246.845		318.022		1920		2		0
247.054		303.763		1992		2		0
247.744		290.293		2144		2		0
264.872		283.215		2235		1		0
225.343		303.214		2114		2		0
205.411		314.402		2508		2		0
171.934		338.245		2467		2		0
167.623		339.6		2455		2		0
273.311		299.946		2145		2		0
260.256		333.881		1868		2		0
316.898		358.215		1989		2		0
327.084		362.345		1932		2		0
237.423		322.44		1906		2		0
203.807		363.291		1900		2		0
283.023		377.553		1825		1		0
298.56		374.577		1831		1		0
255.78		313.867		1926		2		0
254.89		335.566		1911		1		0
271.982		332.852		2032		1		0
273.932		353.358		2170		1		0
247.479		293.997		2104		2		0
164		340		2505		2		0
164.501		340.499		2505		2		0
335.941		368.38		1875		2		0
327.219		377.472		1781		2		0
Frame 65
248.149		315.551		1911		2		0
250.354		303.721		2032		2		0
253.442		291.351		2117		2		0
271.205		284.262		3128		1		0
226.937		302.896		2104		2		0
208.793		309.943		2547		2		0
169.732		344.279		2376		2		0
164.855		354.105		2198		2		0
271.833		299.664		2122		2		0
264.427		329.086		1892		2		0
282.027		318.254		2163		2		0
287.801		317.401		2188		2		0
237.807		321.214		1904		2		0
202.273		364.178		1978		2		0
281.641		375.781		1863		1		0
298.843		375.365		1895		1		0
258.451		309.619		1947		2		0
259.74		337.128		1887		1		0
277.896		334.631		2216		1		0
279.936		355.589		2140		1		0
252.619		294.622		2105		2		0
163.733		359.849		2162		2		0
169.459		353.904		2176		2		0
287		315		2206		2		0
289.334		322		2190		2		0
Frame 66
249.627		316.788		1887		2		0
252.137		305.843		2026		2		0
254.794		293.091		2098		2		0
272.781		286.078		3073		1		0
225.25		303.306		2098		2		0
209.495		307.94		2560		2		0
174.455		334.764		2425		2		0
166.143		341.475		2481		2		0
273.415		307.234		2101		2		0
258.269		336.121		1873		2		0
291.66		347.835		2043		1		0
291.75		339.341		2101		1		0
238.796		321.669		1882		2		0
201.486		365.411		1963		2		0
280.775		377.549		1803		1		0
301.18		380.216		1841		1		0
260.246		312.349		1977		2		0
260.71		338.641		1871		1		0
279.115		336.38		2256		1		0
278.481		357.504		2108		1		0
254.073		296.457		2093		2		0
163.486		340.291		2514		2		0
160.8		344.399		2468		2		0
298.559		335.69		2145		2		0
301.548		345.844		2070		2		0
Frame 67
249.676		317.412		1903		2		0
252.087		306.294		2045		2		0
254.727		293.422		2100		2		0
272.737		286.421		3074		1		0
224.721		304.106		2085		2		0
209.595		308.172		2553		2		0
171.061		338.119		2388		2		0
164.514		348.632		2328		2		0
273.233		306.944		2078		2		0
259.321		338.525		1855		2		0
295.421		354.624		1962		2		0
306.077		359.33		1970		1		0
239.457		323.541		1877		2		0
192.809		366.991		1981		2		0
269.798		379.818		1790		1		0
269.196		407.407		1675		1		0
260.013		312.397		2013		2		0
260.697		339.01		1859		1		0
279.124		336.807		2248		1		0
278.904		357.983		2106		1		0
254.014		296.822		2090		2		0
160		349		2357		2		0
163.88		349.874		2301		1		0
321.331		357.826		2072		2		0
314.673		368.247		1897		2		0
Frame 68
249.319		326.144		1865		2		0
251.809		309.942		2006		2		0
254.659		293.77		2105		2		0
272.669		286.792		3063		1		0
224.049		309.914		2067		2		0
209.45		310.573		0		2		0
187.564		322.962		2468		1		0
174.81		332.773		2410		2		0
273.044		306.989		2086		2		0
261.966		337.992		1848		2		0
296.677		355.163		1947		2		0
306.786		361.943		1955		1		0
239.22		331.738		1845		2		0
189.767		371.71		1902		2		0
266.848		386.444		1735		1		0
268.917		414.621		1638		1		0
258.915		320.828		1907		2		0
260.879		338.338		1849		1		0
279.227		336.039		2106		1		0
281.187		356.855		2099		1		0
253.905		297.68		2090		2		0
168.333		336.333		2469		2		0
171.996		338.378		2380		2		0
322		360.5		2062		2		0
318.293		367.789		1909		2		0
Frame 69
247.841		326.042		1872		2		0
249.483		310.649		2030		2		0
251.072		294.212		2111		2		0
268.731		287.298		2796		1		0
224.437		310.231		2063		2		0
209.723		309.715		2553		2		0
177.327		327.474		2505		2		0
169.681		332.049		2537		2		0
273.396		309.659		2071		2		0
257.274		339.157		1840		2		0
294.553		363.338		1902		2		0
305.269		370.277		1900		1		0
238.082		331.332		1850		2		0
189.806		371.79		1905		2		0
267.356		386.218		1717		1		0
268.534		414.47		1652		1		0
256.938		321.104		1915		2		0
257.859		338.007		1846		1		0
275.685		335.655		2067		1		0
276.85		356.442		2098		1		0
250.702		298.431		2089		2		0
164.25		336.748		2567		2		0
164.334		342.333		2452		2		0
316.498		364.498		1964		2		0
312.116		379.643		1833		2		0
Frame 70
246.775		326.357		1881		2		0
248.265		311.504		2038		2		0
249.99		295.116		2136		2		0
267.539		288.278		0		1		0
224.607		310.433		2066		2		0
209.932		309.056		2566		2		0
173.799		331.229		2453		2		0
170.368		333.237		2476		2		0
272.962		310.853		2090		2		0
265.271		343.705		1850		2		0
287.565		391.031		1680		2		0
295.239		402.953		1692		1		0
236.836		331.345		1895		2		0
188.858		371.929		1905		2		0
262.831		394.992		1673		2		0
263.475		423.99		1635		1		0
256.086		321.661		1911		2		0
320.147		389.815		1754		2		0
9999		9999		9999		1		0
9999		9999		9999		1		0
249.539		299.389		2104		2		0
164.333		336.332		2566		2		0
164.333		339.161		2526		2		0
310.303		415.296		1662		1		0
280.252		411.397		1634		2		0
Frame 71
245.302		326.876		1927		2		0
246.44		312.515		2036		2		0
247.7		296.509		2150		2		0
265.033		289.787		2575		1		0
226.175		315.439		2056		2		0
211.551		311.32		2549		1		0
169.659		341.347		2350		2		0
162.368		350.69		2299		1		0
268.566		311		2094		2		0
264.787		344.345		1849		2		0
287.9		391.503		1691		2		0
295.501		403.086		1690		1		0
236.309		332.41		1943		2		0
186.842		371.847		1912		2		0
260.412		395.326		1681		1		0
9999		9999		9999		1		0
252.682		321.368		1969		2		0
320.284		389.769		1752		2		0
9999		9999		9999		1		0
9999		9999		9999		1		0
247.373		300.695		2123		2		0
156		356.498		2307		2		0
162.125		354.124		2248		2		0
310.769		415.132		1658		1		0
279.973		411.634		1644		2		0
Frame 72
245.727		327.326		1962		2		0
246.691		312.869		2034		2		0
247.797		296.676		2144		2		0
265.115		289.974		2592		1		0
226.288		315.7		2058		2		0
212.208		312.584		0		1		0
171.87		332.238		2477		1		0
170.158		333.671		2482		2		0
269.625		311.608		2094		2		0
264.464		345.679		1856		2		0
288.19		391.64		1710		2		0
296.23		403.025		1691		1		0
237.109		333.143		1936		2		0
185.315		363.001		1985		2		0
258.698		385.503		1744		1		0
260.765		414.36		1638		1		0
253.325		321.819		2010		2		0
322.166		381.42		1807		2		0
299.937		401.634		1701		1		0
282.15		410.019		1638		2		0
247.505		300.91		2111		2		0
164.574		336.996		2550		2		0
164.252		340.977		2517		2		0
312.175		414.957		1658		1		0
280.262		411.359		1632		2		0
Frame 73
245.876		327.314		1950		2		0
246.772		312.847		2041		2		0
247.755		296.554		2154		2		0
265.017		289.864		2533		1		0
226.449		316.089		2053		2		0
218.994		362.464		1987		1		0
182.046		351.204		2165		1		0
171.226		338.983		2380		2		0
270.696		311.171		2101		2		0
248.309		352.429		1854		2		0
285.559		384.99		1741		2		0
298.003		395.972		1725		1		0
237.363		333.384		1954		2		0
185.526		362.968		2001		1		0
258.887		385.453		1746		1		0
261.551		414.23		1646		1		0
253.541		321.44		2024		2		0
322.045		381.391		1815		2		0
299.758		401.773		1701		1		0
281.949		410.17		1640		1		0
247.5		300.823		2124		2		0
170.782		332.994		2510		2		0
161.599		349.592		2316		2		0
315.422		407.162		1676		2		0
283.628		405.181		1644		2		0
Frame 74
245.911		327.342		1955		2		0
246.77		312.878		2047		2		0
247.728		296.575		2155		2		0
264.986		289.887		0		1		0
227.048		314.477		2054		2		0
216.854		360.106		2046		1		0
178.97		349.223		2185		1		0
169.696		341.413		2359		2		0
270.874		310.304		2102		2		0
249.436		341.592		1882		2		0
284.224		383.741		1748		2		0
296.456		396.88		1739		1		0
237.43		333.448		1975		2		0
185.585		363.029		1995		1		0
258.95		385.52		1742		1		0
261.324		414.328		1642		1		0
253.587		321.453		2007		2		0
319.048		393.251		1730		2		0
295.345		415.4		1655		1		0
9999		9999		9999		1		0
247.478		300.847		2118		2		0
169.002		335.831		2450		2		0
161.368		351.254		2283		2		0
313.044		409.198		1672		2		0
282.196		406.962		1632		2		0
Frame 75
245.732		327.977		1949		2		0
246.349		313.637		2052		2		0
246.817		297.554		2142		2		0
264.083		290.906		0		1		0
231.138		304.54		2090		2		0
217.755		348.191		2094		2		0
164.471		363.007		2076		2		0
164.722		359.277		2159		1		0
271.482		309.801		2111		2		0
249.335		341.588		1885		2		0
284.792		384.108		1760		2		0
297.5		396.916		1725		1		0
237.392		333.512		2031		2		0
185.562		363.067		2004		1		0
258.93		385.563		1738		1		0
256.512		414.374		1641		1		0
253.352		323.255		1989		2		0
318.753		393.026		1740		2		0
295.062		415.168		1655		1		0
9999		9999		9999		1		0
246.721		301.771		2104		2		0
159.254		355.746		2235		2		0
156		367.999		2172		2		0
314.004		408.998		1674		2		0
282.622		406.054		1642		2		0
Frame 76
246.307		328.215		1972		2		0
246.779		313.641		2056		2		0
247.3		297.157		2138		2		0
264.543		290.504		0		1		0
231.213		304.615		2098		2		0
214.468		346.961		2197		1		0
176.61		347.061		2230		2		0
169.122		343.241		2330		1		0
272.99		310.171		2116		2		0
248.59		346.519		1871		2		0
285.225		384.024		1735		2		0
299.802		398.641		1713		1		0
237.949		333.31		2067		2		0
186.124		362.883		2020		1		0
259.446		385.327		1719		1		0
257.296		414.111		1640		1		0
254.114		323.895		2024		2		0
317.761		392.328		1739		2		0
294.081		414.469		1658		1		0
9999		9999		9999		1		0
247.17		301.507		2104		2		0
167.783		337.992		2460		2		0
160.952		353.594		2266		2		0
314.403		412.83		1671		1		0
290.955		403.928		1689		2		0
Frame 77
246.888		327.982		1993		2		0
247.485		313.366		2062		2		0
248.156		296.795		2153		2		0
265.39		290.145		0		1		0
231.987		304.568		2099		2		0
214.633		346.63		2199		1		0
177.09		346.909		2232		2		0
170.256		341.706		2368		1		0
273.582		310.176		2122		2		0
263.576		343.716		1901		2		0
287.619		386.341		1731		2		0
296.401		398.433		1714		1		0
238.615		332.77		2075		2		0
186.842		362.364		2014		1		0
259.998		384.682		1739		1		0
257.864		413.361		1645		1		0
254.645		323.767		1985		2		0
317.804		392.271		1737		2		0
294.121		414.416		1656		1		0
273.482		413.105		1655		1		0
247.986		301.159		2105		2		0
168.062		337.591		2449		2		0
165.521		348.155		2348		2		0
312.244		410.758		1673		2		0
281.59		407.211		1645		2		0
Frame 78
247.148		327.809		2012		2		0
247.711		313.277		2067		2		0
248.35		296.783		2163		2		0
265.576		290.14		0		1		0
232.579		304.566		2103		2		0
213.982		346.16		2204		2		0
177.451		348.399		2211		2		0
169.069		344.094		2328		1		0
273.207		309.273		2120		2		0
266.261		344.972		1901		2		0
304.098		386.221		1793		2		0
316.548		399.646		1691		1		0
238.844		332.717		2082		2		0
187.245		362.372		2019		1		0
260.401		384.677		1734		1		0
258.628		413.368		1655		1		0
254.953		323.335		2021		2		0
319.486		384.952		1791		2		0
296.507		406.563		1661		1		0
276.174		405.548		1666		1		0
248.186		301.124		2112		2		0
167.354		338.959		2455		2		0
161.499		353.743		2270		2		0
327.393		415.082		1693		1		0
305.829		404.306		1670		2		0
Frame 79
247.592		327.681		2021		2		0
248.09		313.275		2070		2		0
248.668		296.882		2171		2		0
265.894		290.255		0		1		0
233.1		304.634		2103		2		0
214.654		346.164		2199		2		0
177.34		347.856		2222		2		0
168.918		344.027		2332		1		0
273.335		308.198		2128		2		0
259.644		343.855		1910		2		0
289.211		383.606		1756		2		0
299.54		395.484		1724		1		0
239.223		332.754		2081		2		0
187.976		362.277		2016		1		0
261.13		384.547		1722		1		0
259.894		413.243		1646		1		0
255.467		322.955		2000		2		0
319.502		384.791		1794		2		0
296.54		406.389		1667		1		0
277.609		413.759		1657		1		0
248.518		301.196		2114		2		0
167.91		337.935		2469		2		0
161.244		354.125		2251		2		0
315.753		407.214		1679		2		0
283.966		402.091		1650		2		0
Frame 80
247.671		328.073		2073		2		0
248.139		313.655		2076		2		0
248.69		297.309		2151		2		0
265.935		290.705		2332		1		0
234.705		304.287		2106		2		0
215.328		345.271		2201		1		0
178.247		347.374		2213		2		0
170.066		342.076		2364		1		0
274.15		309.487		2126		2		0
262.056		343.202		1909		2		0
289.174		383.605		1764		2		0
298.64		395.523		1725		1		0
239.295		332.822		2081		2		0
188.225		362.438		2021		1		0
261.412		384.725		1728		1		0
259.341		413.367		1643		1		0
255.519		323.912		2033		2		0
319.502		384.779		1789		2		0
296.54		406.377		1670		1		0
277.678		413.757		1655		1		0
248.546		301.602		2109		2		0
165.671		340.491		2471		2		0
167.694		352.826		2321		2		0
314.31		407.181		1680		2		0
283.503		402.732		1655		2		0
Frame 81
247.564		328.742		2058		2		0
248.167		314.879		2070		2		0
249.021		299.532		2124		2		0
268.14		298.927		2143		2		0
235.731		314.261		2086		2		0
206.594		332.8		2320		1		0
175.475		340.128		2302		2		0
169.491		339.113		2408		2		0
277.8		312.388		2121		2		0
264.814		346.536		1905		2		0
306.065		400.25		1687		2		0
317.786		410.962		1674		1		0
238.567		333.223		2069		2		0
188.811		381.067		1827		2		0
220.076		406.698		1648		1		0
250.401		410.835		1653		2		0
256.05		325.261		1998		2		0
309.652		381.983		1831		2		0
9999		9999		9999		1		0
246.961		420.297		1641		1		0
248.777		303.544		2100		2		0
167.254		334.993		2532		2		0
164.827		345.316		2405		2		0
330.301		415.851		1708		1		0
312.164		421.16		1657		1		0
Frame 82
247.392		328.426		2077		2		0
247.815		314.248		2075		2		0
248.174		297.95		2140		2		0
267.141		297.114		2147		2		0
235.787		314.214		2076		2		0
206.662		332.36		2320		1		0
183.958		332.839		2372		1		0
169.853		338.671		2435		2		0
278.981		313.262		2117		2		0
257.701		335.785		1942		2		0
298.16		389.735		1777		2		0
311.609		406.077		1680		1		0
238.149		332.169		2065		2		0
204.339		365.887		2005		1		0
283.863		387.189		1712		2		0
301.619		409.22		1663		2		0
256.001		325.144		2003		2		0
309.735		382.012		1825		2		0
9999		9999		9999		1		0
246.856		420.304		1645		1		0
248.103		302.284		2106		2		0
169.175		333.657		2536		2		0
164.847		344.398		2420		2		0
324.909		417.795		1683		1		0
297.039		419.277		1646		1		0
Frame 83
257.717		331.92		1951		2		0
260.404		316.338		2051		2		0
263.412		298.867		2147		2		0
283.268		297.664		2196		1		0
236.23		313.477		2084		2		0
207.241		332.417		2301		1		0
175.59		341.401		2302		2		0
169.214		339.899		2419		2		0
278.938		312.764		2120		2		0
263.428		339.629		1914		2		0
303.068		395.223		1733		2		0
315.768		409.045		1678		1		0
245.881		332.488		0		2		0
209.216		364.417		1993		1		0
273.365		405.8		1667		2		0
303.306		416.474		1646		1		0
269.537		331.36		1965		2		0
309.813		382.078		1821		2		0
270.033		423.235		1631		1		0
246.771		420.32		1643		1		0
262.627		303.429		2109		2		0
165.342		338.982		2531		2		0
164.396		343.388		2469		2		0
324.646		418.334		1679		1		0
300.932		419.827		1645		1		0
Frame 84
257.711		331.931		1909		2		0
260.386		316.365		2046		2		0
263.377		298.91		2140		2		0
283.243		297.708		2175		1		0
236.439		312.96		2077		2		0
207.769		332.152		2302		1		0
176.483		339.818		2302		2		0
169.434		339.19		2410		2		0
278.916		312.616		2117		2		0
262.269		338.854		1919		2		0
307.541		388.686		1760		2		0
319.892		404.33		1684		2		0
245.86		332.486		1969		2		0
209.202		364.43		1996		1		0
273.242		406.077		1646		2		0
303.21		416.754		1650		1		0
269.547		331.393		1933		2		0
309.814		382.097		1826		2		0
9999		9999		9999		1		0
268.762		423.147		1609		1		0
262.597		303.468		2113		2		0
164		340.497		2517		2		0
164.997		346.499		2381		2		0
327.375		415.219		1684		1		0
307.485		419.209		1650		1		0
Frame 85
257.156		332.117		1927		2		0
260.194		316.427		2046		2		0
263.363		298.907		2134		2		0
281.78		299.943		2161		2		0
236.288		313.234		2079		2		0
206.896		333.444		2322		1		0
174.844		341.768		2317		2		0
169.749		339.874		2416		2		0
279.253		312.823		2120		2		0
263.881		341.771		1911		2		0
304.087		397.073		1716		2		0
316.544		409.599		1678		2		0
245.36		332.547		1999		2		0
209.13		364.729		1994		1		0
274.245		412.189		1646		1		0
305.408		418.003		1656		1		0
268.911		331.727		1954		2		0
309.802		382.114		1824		2		0
9999		9999		9999		1		0
268.768		423.111		1640		1		0
262.548		303.479		2113		2		0
164		341.499		2503		2		0
164.998		346.499		2382		2		0
326.958		418.757		1674		1		0
302.311		420.428		1645		1		0
Frame 86
256.818		332.182		1931		2		0
260.002		316.484		2050		2		0
263.313		298.937		2135		2		0
280.781		298.114		2167		2		0
236.146		313.381		2078		2		0
207.467		332.493		2301		1		0
175.803		340.875		2305		2		0
169.667		339.354		2419		2		0
279.275		312.843		2114		2		0
264.011		340.719		1914		2		0
303.598		396.388		1728		2		0
316.35		409.53		1679		1		0
244.948		332.545		2007		2		0
209.319		364.969		1993		1		0
273.203		409.109		1647		2		0
303.824		417.458		1647		1		0
268.641		331.842		1944		2		0
309.793		382.124		1828		2		0
9999		9999		9999		1		0
267.594		423.453		1630		1		0
262.468		303.516		2109		2		0
169.001		333.999		2530		2		0
164.852		344.835		2418		2		0
326.344		416.983		1679		1		0
302.445		420.447		1651		1		0
Frame 87
256.52		332.211		1929		2		0
259.889		316.523		2043		2		0
263.328		298.977		2151		2		0
280.606		298.193		2171		2		0
235.978		313.649		2075		2		0
209.705		338.407		2275		1		0
175.779		340.917		2303		2		0
169.552		339.009		2410		2		0
279.32		312.929		2116		2		0
263.802		343.211		1913		2		0
304.456		398.371		1708		1		0
316.778		410.387		1671		1		0
244.62		332.521		2023		2		0
209.132		365.066		1991		1		0
264.634		401.225		1670		1		0
294.427		413.313		1657		1		0
268.378		331.918		1996		2		0
309.872		382.129		1817		2		0
9999		9999		9999		1		0
267.715		423.406		1608		1		0
262.455		303.553		2113		2		0
164		341.499		2497		2		0
165.195		345.898		2388		2		0
329.546		415.598		1700		1		0
303.728		420.471		1648		1		0
Frame 88
256.374		332.257		1931		2		0
259.632		316.394		2047		2		0
262.845		298.384		2148		2		0
280.173		298.041		2159		2		0
235.901		313.861		2075		2		0
222.527		356.305		1997		1		0
185.537		344.163		2190		1		0
171.383		342.185		2355		1		0
279.275		313.123		2108		2		0
263.609		344.185		1901		2		0
304.838		399.081		1698		2		0
316.809		410.575		1675		1		0
244.541		332.515		2034		2		0
209.07		365.096		1999		1		0
270.49		401.365		1692		1		0
299.437		415.095		1655		1		0
268.143		332.045		1939		2		0
309.825		382.165		1817		2		0
9999		9999		9999		1		0
268.042		423.041		1640		1		0
262.028		303.113		2116		2		0
170.23		337.104		2448		2		0
168.248		353.248		2305		2		0
328.827		416.292		1699		1		0
311.509		421.302		1650		1		0
Frame 89
256.202		332.351		1928		2		0
259.566		316.464		2050		2		0
262.909		298.517		2145		2		0
279.528		298.04		2158		2		0
235.872		314.163		2077		2		0
222.419		356.541		2003		1		0
178.879		359.235		2077		1		0
164.562		365.344		2086		2		0
279.166		313.564		2104		2		0
264.194		344.605		1906		2		0
305.047		399.677		1691		2		0
317.072		411.004		1673		1		0
244.364		332.597		2002		2		0
208.92		365.282		2000		1		0
271.072		403.684		1682		1		0
295.162		419.147		1638		1		0
267.988		332.141		1952		2		0
309.822		382.148		1819		2		0
9999		9999		9999		1		0
268.055		423.03		1659		1		0
262.048		303.212		2114		2		0
158.501		363.164		2150		2		0
159.758		368.536		2069		2		0
328.931		416.175		1690		1		0
304.123		421.126		1658		1		0
Frame 90
256.138		332.332		1943		2		0
259.379		316.345		2048		2		0
262.695		298.322		2143		2		0
278.989		297.195		2161		2		0
235.739		314.257		2077		2		0
257.017		350.667		1887		2		0
236.979		393.418		1712		2		0
229.251		405.04		1652		2		0
279.178		313.659		2113		2		0
254.298		334.855		1938		2		0
295.193		387.433		1776		2		0
310.186		403.233		1677		1		0
244.256		332.6		1990		2		0
208.932		365.344		2001		1		0
272.992		404.997		1663		2		0
302.541		416.696		1645		1		0
267.948		332.086		1938		2		0
309.801		382.134		1819		2		0
9999		9999		9999		1		0
267.186		423.339		1641		1		0
261.835		303.031		2121		2		0
217.875		415.818		1652		1		0
244.839		415.91		1656		1		0
325.388		414.479		1685		1		0
295.353		415.231		1649		1		0
Frame 91
256.09		332.331		1920		2		0
259.349		316.41		2048		2		0
262.824		298.633		2134		2		0
279.013		297.18		2172		2		0
235.444		314.317		2073		2		0
256.848		350.728		1888		2		0
237.113		393.689		1709		2		0
230.087		405.36		1648		2		0
279.159		314.124		2102		2		0
251.184		342.463		1901		2		0
296.721		392.697		1757		2		0
312.177		406.941		1673		1		0
244.105		332.614		1972		2		0
208.886		365.441		2000		1		0
273.098		405.133		1656		2		0
302.693		416.67		1654		1		0
267.94		332.08		1969		2		0
309.787		382.163		1820		2		0
9999		9999		9999		1		0
267.159		422.911		1634		1		0
261.9		303.256		2114		2		0
218.294		418.215		1655		1		0
245.274		415.853		1656		1		0
323.921		418.722		1669		1		0
297.335		419.668		1638		1		0
Frame 92
255.973		332.35		1920		2		0
259.286		316.482		2047		2		0
262.859		298.815		2145		2		0
280.149		299.411		2166		2		0
235.085		314.6		2076		2		0
256.773		350.826		1889		2		0
237.036		393.744		1713		2		0
230.115		405.615		1654		2		0
279.142		314.259		2104		2		0
265.331		346.286		1895		2		0
306.477		401.177		1674		2		0
317.689		411.685		1675		1		0
243.871		332.726		2001		2		0
208.76		365.589		2001		1		0
273.365		405.159		1655		2		0
302.939		416.767		1650		1		0
267.902		332.055		1958		2		0
309.687		382.133		1828		2		0
9999		9999		9999		1		0
267.24		422.751		1632		1		0
261.904		303.408		2111		2		0
217.594		419.189		1655		1		0
245.552		415.675		1657		1		0
329.586		415.884		1701		1		0
308.645		421.431		1650		1		0
Frame 93
255.879		332.32		1929		2		0
259.089		316.301		2046		2		0
262.529		298.307		2139		2		0
279.663		299.551		2153		2		0
234.958		314.469		2075		2		0
256.704		350.809		1884		2		0
236.551		393.794		1720		2		0
229.222		405.71		1650		2		0
278.195		313.951		2108		2		0
265.353		346.298		1898		2		0
292.21		395.596		1734		2		0
301.356		408.6		1666		1		0
243.745		332.744		1986		2		0
208.81		365.631		2001		1		0
274.59		407.694		1642		1		0
304.775		417.384		1647		1		0
267.835		331.96		1968		2		0
309.657		382.096		1817		2		0
9999		9999		9999		1		0
267.291		422.687		1629		1		0
261.622		303.009		2115		2		0
219.761		417.602		1661		1		0
244.943		415.902		1658		1		0
317.273		420.775		1658		1		0
285.618		420.059		1640		1		0
Frame 94
255.873		332.323		1934		2		0
259.07		316.352		2047		2		0
262.528		298.496		2146		2		0
278.836		298.707		2155		2		0
234.945		314.404		2078		2		0
256.627		350.879		1899		2		0
236.149		393.834		1714		2		0
228.275		405.484		1649		2		0
278.263		314.014		2108		2		0
254.069		335.628		1909		2		0
296.032		387.691		1784		2		0
311.137		403.166		1682		1		0
243.739		332.758		1985		2		0
209.122		365.76		1991		1		0
287.854		393.47		1685		1		0
301.704		411.734		1663		2		0
267.83		331.957		1941		2		0
309.696		382.103		1821		2		0
9999		9999		9999		1		0
267.286		422.734		1640		1		0
261.615		303.153		2109		2		0
215.316		417.29		1659		1		0
244.47		416.275		1656		1		0
325.645		414.895		1687		1		0
295.779		415.705		1655		1		0
Frame 95
255.797		332.365		1926		2		0
259.023		316.457		2047		2		0
262.565		298.7		2131		2		0
279.364		299.108		2161		2		0
234.732		314.66		2081		2		0
256.357		351.148		1881		2		0
235.661		394.036		1715		2		0
228.045		405.627		1654		2		0
278.264		314.018		2102		2		0
254.101		335.494		1908		2		0
290.568		392.419		1726		2		0
303.64		408.308		1672		2		0
243.732		332.805		1981		2		0
209.289		365.864		2000		1		0
276.001		412.313		1655		1		0
306.988		418.651		1648		1		0
267.665		331.979		1980		2		0
309.678		382.093		1824		2		0
9999		9999		9999		1		0
267.296		422.602		1632		1		0
261.627		303.328		2112		2		0
213.947		417.733		1660		1		0
243.492		417.438		1652		1		0
321.134		419.938		1657		1		0
287.814		420.002		1635		1		0
Frame 96
255.781		332.374		1917		2		0
258.852		316.337		2050		2		0
261.997		298.155		2141		2		0
278.658		299.397		2154		2		0
234.688		314.668		2084		2		0
256.3		351.184		1886		2		0
235.823		394.132		1712		2		0
228.15		405.646		1661		2		0
278.268		314.034		2099		2		0
254.393		335.344		1922		2		0
294.652		366.835		1899		2		0
305.31		375.096		1876		1		0
243.715		332.833		1932		2		0
209.427		365.973		1997		1		0
276.347		414.288		1660		1		0
307.106		418.614		1657		1		0
267.652		331.975		2009		2		0
309.688		382.051		1822		2		0
9999		9999		9999		1		0
266.616		422.683		1631		1		0
261.19		302.92		2117		2		0
215.47		419.824		1659		1		0
244.355		415.911		1654		1		0
316.471		375.637		1870		2		0
300.628		384		1814		2		0
Frame 97
255.731		332.378		1937		2		0
258.824		316.421		2049		2		0
262.155		298.563		2140		2		0
278.097		299.022		2149		2		0
234.685		314.586		2082		2		0
256.06		351.274		1891		2		0
235.63		394.362		1708		2		0
228.022		405.666		1649		2		0
278.251		314.045		2098		2		0
253.897		335.39		1920		2		0
297.435		387.711		1785		1		0
312.417		402.275		1686		1		0
243.658		332.878		1957		2		0
209.353		366.032		1990		1		0
276.136		412.862		1658		1		0
307.098		418.614		1647		1		0
267.616		331.951		1976		2		0
309.686		382.045		1826		2		0
9999		9999		9999		1		0
266.783		422.581		1634		1		0
261.272		303.208		2112		2		0
215.107		419.28		1657		1		0
244.365		416.273		1655		1		0
327.259		414.655		1697		1		0
302.484		417.046		1652		1		0
Frame 98
255.725		332.382		1930		2		0
258.862		316.212		2044		2		0
262.402		297.777		2152		2		0
248.559		316.283		2053		2		0
235.093		312.023		2085		1		0
254.178		352.126		1886		2		0
235.181		395.675		1704		2		0
229.202		407.024		1646		2		0
279.229		315.006		2097		2		0
254.099		339.149		1898		2		0
291.868		395.863		1733		1		0
305.582		410.21		1660		1		0
243.663		332.843		1947		2		0
209.088		366.005		1991		1		0
276.116		412.439		1648		1		0
307.107		418.591		1642		1		0
267.595		332.017		1956		2		0
309.572		382.006		1819		2		0
9999		9999		9999		1		0
267.005		422.502		1641		1		0
261.456		302.607		2118		2		0
221.069		421.644		1657		1		0
244.91		416.522		1654		1		0
320.126		420.6		1666		1		0
289.428		420.358		1641		1		0
Frame 99
255.694		332.369		1927		2		0
258.798		316.168		2046		2		0
262.313		297.755		2151		2		0
252.902		317.444		2040		2		0
234.443		313.478		2080		2		0
254.223		351.996		1880		2		0
236.163		395.48		1704		1		0
230.204		406.945		1651		2		0
278.611		314.616		2098		2		0
253.606		337.669		1905		2		0
263.219		379.024		1750		1		0
267.049		396.116		1675		1		0
243.636		332.828		1945		2		0
209.103		366.001		1991		1		0
275.97		412.05		1646		1		0
307.029		418.569		1646		1		0
267.576		332.002		1888		2		0
309.503		381.888		1826		2		0
9999		9999		9999		1		0
267.291		422.935		1632		1		0
261.375		302.574		2117		2		0
222.863		418.123		1655		1		0
246.214		417.894		1654		1		0
269.251		407		1649		2		0
249.359		405.321		1649		2		0
Frame 100
255.671		332.378		1932		2		0
258.779		316.15		2047		2		0
262.262		297.723		2144		2		0
255.876		318.324		2040		2		0
234.169		313.991		2084		2		0
253.891		351.378		1887		2		0
221.943		368.563		1945		1		0
214.653		385.928		1773		1		0
278.102		314.259		2096		2		0
263.78		343.86		1909		2		0
301.683		393.221		1738		1		0
314.183		406.369		1674		2		0
243.623		332.889		1963		2		0
208.859		366.055		1996		1		0
275.964		411.577		1649		1		0
306.923		418.541		1652		1		0
267.559		331.977		2025		2		0
309.484		381.883		1834		2		0
9999		9999		9999		1		0
266.583		422.265		1643		1		0
261.336		302.543		2113		2		0
206.308		385.61		1780		2		0
224.002		387.997		1753		2		0
328.627		416.014		1707		1		0
302.282		420.466		1645		1		0
Frame 101
255.619		332.5		1935		2		0
258.776		316.084		2049		2		0
262.369		297.254		2161		2		0
252.5		316.871		2045		2		0
233.817		314.146		2079		2		0
254.016		351.467		1890		2		0
245.157		355.302		1912		1		0
241.643		356.822		1923		2		0
279.232		315.325		2093		2		0
263.659		346.754		1896		2		0
301.68		393.204		1732		1		0
314.215		405.731		1684		1		0
243.601		333.066		1953		2		0
208.561		366.243		1998		1		0
274.681		408.423		1654		1		0
305.199		416.943		1655		1		0
267.505		332.04		1977		2		0
309.413		381.801		1830		2		0
9999		9999		9999		1		0
266.863		423.129		1640		1		0
261.41		302.193		2121		2		0
232.244		356.634		1995		1		0
252.383		358.759		1893		1		0
328.949		415.638		1701		1		0
302.696		419.835		1653		1		0
Frame 102
255.618		332.5		1927		2		0
256.622		315.947		2048		2		0
253.618		297.324		2148		2		0
257.029		318.819		2039		2		0
233.495		315.001		2074		2		0
251.369		351.2		1879		2		0
247.44		355.479		1878		1		0
245.879		357.177		1900		2		0
279.314		315.505		2098		2		0
263.726		346.911		1894		2		0
301.763		393.41		1733		1		0
314.22		405.447		1684		1		0
243.607		333.054		1992		2		0
208.182		366.225		1994		1		0
274.404		407.674		1639		1		0
304.761		416.8		1646		1		0
267.497		332.048		1945		2		0
309.333		381.715		1838		2		0
9999		9999		9999		1		0
266.921		423.071		1638		1		0
254.647		302.14		2123		2		0
236.451		356.988		2017		1		0
256.683		359.122		1893		1		0
330.013		414.657		1705		1		0
303.199		418.641		1652		1		0
Frame 103
255.61		332.491		1939		2		0
253.334		316.4		2043		2		0
248.079		298.857		2140		2		0
257.477		320.547		2026		2		0
233.503		314.986		2073		2		0
252.636		351.642		1884		2		0
245.49		359.782		1924		1		0
242.643		363.018		1963		2		0
278.689		314.955		2102		2		0
263.959		346.122		1890		2		0
302.045		392.482		1735		1		0
314.971		405.056		1678		1		0
243.605		333.052		1964		2		0
208.158		366.243		1996		1		0
274.342		407.386		1644		1		0
304.593		416.949		1651		1		0
267.483		332.021		1954		2		0
309.356		381.691		1829		2		0
9999		9999		9999		1		0
267.127		423.019		1603		1		0
249.387		303.424		2113		2		0
233.198		362.8		1974		1		0
253.443		365.039		1905		1		0
329.418		415.79		1697		1		0
303.143		418.653		1649		1		0
Frame 104
255.559		332.502		1935		2		0
252.665		316.17		2046		2		0
247.551		297.826		2154		2		0
256.415		317.882		2040		2		0
233.487		315.043		2072		2		0
253.37		351.762		1878		2		0
244.819		359.709		1881		1		0
241.414		362.866		1954		2		0
278.625		314.927		2099		2		0
254.655		333.83		1928		2		0
297.501		387.034		1783		1		0
312.931		403.026		1679		1		0
243.601		333.063		1989		2		0
208.274		366.287		1996		1		0
261.75		400.511		1677		1		0
291.482		411.936		1658		2		0
267.351		332.002		1971		2		0
309.187		381.739		1829		2		0
9999		9999		9999		1		0
266.318		423.902		1649		1		0
248.823		302.674		2097		2		0
231.977		362.649		1972		1		0
252.197		364.885		1908		1		0
325.925		419.644		1664		1		0
301.506		416.025		1648		1		0
Frame 105
255.487		332.527		1933		2		0
251.881		316.72		2043		2		0
246.47		299.498		2128		2		0
252.041		323.827		2007		2		0
233.51		315.03		2075		2		0
253.504		351.751		1889		2		0
244.551		359.646		1919		1		0
240.987		362.782		1973		2		0
278.366		314.759		2105		2		0
262.521		341.093		1907		2		0
265.952		391.961		1679		1		0
266.412		405.201		1648		1		0
243.594		333.074		1983		2		0
208.259		366.3		1994		1		0
275.959		410.354		1642		1		0
306.743		417.936		1650		1		0
267.186		332.029		1906		2		0
309.171		381.721		1834		2		0
9999		9999		9999		1		0
266.126		423.854		1636		1		0
247.89		303.907		2102		2		0
231.555		362.565		1975		1		0
251.761		364.799		1915		1		0
268.524		418.921		1642		1		0
249.501		414.253		1657		1		0
Frame 106
255.481		332.532		1924		2		0
251.865		316.724		2045		2		0
246.652		299.414		2130		2		0
252.309		323.428		1994		2		0
233.312		315.27		2069		2		0
253.861		351.69		1882		2		0
235.253		395.717		1704		2		0
228.867		407.235		1649		2		0
278.227		314.674		2095		2		0
254.785		335.044		1906		2		0
298.043		388.074		1781		1		0
313.54		402.633		1680		2		0
243.581		333.115		1964		2		0
208.469		366.414		1996		1		0
287.724		392.45		1683		1		0
302.106		411.134		1663		2		0
267.187		332.019		1969		2		0
309.091		381.75		1830		2		0
9999		9999		9999		1		0
265.93		423.264		1639		1		0
247.994		303.869		2107		2		0
218.111		421.112		1656		1		0
244.55		418.453		1646		1		0
327.217		416.011		1688		1		0
303.781		415.933		1650		1		0
Frame 107
255.451		332.539		1927		2		0
251.896		316.903		2045		2		0
247.296		299.887		2135		2		0
251.779		324.356		2014		2		0
233.316		315.239		2071		2		0
253.918		351.722		1889		2		0
234.852		395.581		1703		2		0
228.55		407.121		1647		2		0
278.138		314.543		2089		2		0
253.245		336.245		1898		2		0
297.731		388.098		1773		1		0
313.66		402.028		1682		1		0
243.582		333.114		1937		2		0
208.47		366.412		1991		1		0
262.017		401.254		1666		1		0
291.807		412.674		1656		2		0
267.115		332.03		1953		2		0
309.083		381.702		1828		2		0
9999		9999		9999		1		0
265.833		423.162		1629		1		0
248.445		304.284		2096		2		0
216.414		420.767		1654		1		0
244.685		418.196		1652		1		0
327.848		415.349		1699		1		0
304.046		416.284		1651		1		0
Frame 108
255.446		332.53		1921		2		0
251.873		316.883		2043		2		0
247.293		299.762		2133		2		0
251.684		324.099		2015		2		0
233.349		315.275		2073		2		0
253.969		351.804		1883		2		0
234.601		395.615		1708		2		0
227.679		407.187		1642		2		0
277.965		314.427		2098		2		0
253.467		335.621		1921		2		0
299.54		367.284		1899		2		0
312.614		374.369		1875		1		0
243.567		333.102		1968		2		0
208.667		366.414		1997		1		0
273.374		406.141		1645		1		0
303.27		417.025		1649		1		0
267.123		332.016		1959		2		0
309.083		381.701		1834		2		0
9999		9999		9999		1		0
265.623		423.09		1648		1		0
248.439		304.21		2099		2		0
216.768		419.685		1653		1		0
244.338		417.987		1650		1		0
330.667		379.999		1959		2		0
321.827		379.475		1825		2		0
Frame 109
255.386		332.484		1941		2		0
251.063		316.528		2040		2		0
245.138		298.562		2142		2		0
253.888		319.659		2033		2		0
233.412		315.204		2072		2		0
253.979		351.782		1879		2		0
234.684		395.624		1701		2		0
228.006		407.092		1650		2		0
274.972		313.203		2116		1		0
253.547		334.014		1911		2		0
308.538		363.011		1991		1		0
307.052		367.342		1940		1		0
243.49		333.054		1946		2		0
208.666		366.361		2000		1		0
265.686		398.734		1689		1		0
9999		9999		9999		1		0
267.094		331.966		1958		2		0
309.085		381.694		1836		2		0
9999		9999		9999		1		0
263.535		422.313		1636		1		0
246.741		303.294		2103		2		0
217		421.583		1658		1		0
244.434		418.332		1645		1		0
324.377		367.992		1963		2		0
307.544		375.267		1867		2		0
Frame 110
255.386		332.492		1930		2		0
252.866		316.535		2042		2		0
254.3		298.615		2153		2		0
251.625		321.97		2025		2		0
233.411		315.205		2068		2		0
254.031		351.754		1890		2		0
254.784		402.472		1667		2		0
254.992		412.524		1641		2		0
275.921		313.433		2112		2		0
253.497		334.164		1908		2		0
305.958		370.276		1911		2		0
320.011		376.597		1848		1		0
243.484		333.093		1944		2		0
208.63		366.408		1996		1		0
264.214		399.246		1678		1		0
293.393		412.383		1655		2		0
267.103		331.958		2017		2		0
309.086		381.694		1828		2		0
9999		9999		9999		1		0
263.682		422.159		1642		1		0
253.799		303.289		2122		2		0
262.947		421.352		1638		1		0
272.924		406.364		1644		2		0
338.068		389.36		1901		2		0
319.48		383.615		1798		2		0
Frame 111
255.348		332.496		1917		2		0
252.597		316.859		2045		2		0
249.568		300.475		2124		2		0
259.139		323.875		2036		2		0
233.406		315.202		2069		2		0
254.027		351.72		1891		2		0
234.879		395.687		1704		2		0
228.601		407.049		1647		2		0
276.41		313.702		2103		2		0
261.927		340.614		1909		2		0
298.382		367.123		1892		2		0
309.851		373.841		1887		2		0
243.471		333.063		1948		2		0
208.725		366.401		1997		1		0
275.807		409.846		1653		1		0
297.506		420.186		1640		1		0
267.028		332.034		1937		2		0
309.098		381.698		1828		2		0
9999		9999		9999		1		0
265.984		422.335		1642		1		0
250.888		304.611		2101		2		0
218.633		420.867		1651		1		0
244.982		417.105		1653		1		0
321.214		369.792		1915		2		0
304.41		381.234		1833		2		0
Frame 112
255.331		332.511		1919		2		0
251.636		316.87		2042		2		0
245.529		299.603		2123		2		0
258.896		320.341		2033		2		0
233.408		315.198		2072		2		0
254.089		351.646		1890		2		0
235.085		395.693		1705		2		0
228.798		407.243		1653		2		0
276.474		313.637		2107		2		0
256.273		335.008		1901		2		0
293.093		363.294		1920		2		0
303.476		370.971		1912		2		0
243.48		333.07		1929		2		0
208.741		366.428		1993		1		0
261.063		400.282		1675		1		0
9999		9999		9999		1		0
266.991		332.044		1978		2		0
309.145		381.713		1830		2		0
9999		9999		9999		1		0
266.583		422.022		1645		1		0
247.264		304.106		2099		2		0
218.206		421.053		1656		1		0
245.017		417.323		1650		1		0
314.846		372.339		1894		2		0
300.426		378.997		1845		2		0
Frame 113
255.316		332.484		1936		2		0
252.82		316.825		2045		2		0
254.285		299.478		2141		2		0
246.877		322.922		2040		2		0
233.401		315.19		2072		2		0
254.092		351.643		1881		2		0
235.232		395.725		1706		2		0
228.922		407.093		1652		2		0
276.878		313.857		2107		2		0
252.676		336.741		1902		2		0
292.721		362.904		1927		2		0
303.682		370.401		1913		1		0
243.443		333.055		1967		2		0
208.733		366.415		1993		1		0
275.292		410.266		1651		1		0
305.053		419.032		1647		1		0
267.014		331.971		1941		2		0
309.109		381.735		1837		2		0
9999		9999		9999		1		0
266.713		421.87		1633		1		0
253.288		304.009		2116		2		0
218.995		421.369		1655		1		0
244.957		416.95		1654		1		0
317.162		365.664		1983		2		0
308.48		379.791		1850		2		0
Frame 114
255.276		332.529		1924		2		0
252.227		316.604		2045		2		0
246.244		297.503		2153		2		0
255.741		317.326		2041		2		0
233.402		315.189		2067		2		0
254.007		351.646		1879		2		0
246.263		397.021		1690		1		0
242.342		411.107		1647		2		0
276.88		313.772		2107		2		0
253.705		336.562		1906		2		0
293.337		362.575		1929		1		0
304.305		369.963		1918		1		0
243.447		333.071		1990		2		0
208.65		366.423		1997		1		0
274.745		408.229		1642		2		0
304.805		418.799		1642		1		0
266.929		332.049		1886		2		0
309.081		381.732		1835		2		0
9999		9999		9999		1		0
266.406		422.098		1638		1		0
248.604		302.667		2107		2		0
231.452		421.696		1645		1		0
259.943		417.871		1642		1		0
318.829		365.33		1985		2		0
310.422		378.518		1855		2		0
Frame 115
255.277		332.529		1910		2		0
252.047		316.36		2042		2		0
246.434		297.399		2156		2		0
255.67		316.96		2041		2		0
233.402		315.188		2065		2		0
253.914		351.648		1881		2		0
255.296		399.372		1683		1		0
259.864		420.536		1638		1		0
276.964		313.879		2105		2		0
254.998		335.236		1915		2		0
292.988		362.526		1937		2		0
303.779		370.279		1907		1		0
243.464		333.059		1972		2		0
208.733		366.424		1998		1		0
259.762		396.591		1698		1		0
288.508		410.815		1665		2		0
266.926		332.054		1905		2		0
309.28		381.726		1831		2		0
9999		9999		9999		1		0
266.723		422.096		1637		1		0
248.566		302.488		2108		2		0
261		422		1629		1		0
266		418.75		1634		1		0
316.334		366.331		1971		2		0
308.454		379.109		1849		2		0
Frame 116
255.263		332.525		1906		2		0
251.98		316.41		2042		2		0
247.037		298.242		2130		2		0
256.373		319.072		2033		2		0
233.4		315.197		2070		2		0
253.862		351.586		1883		2		0
248.004		395.342		1706		1		0
245.592		410.965		1650		2		0
276.996		313.874		2108		2		0
255.226		334.987		1911		2		0
292.799		362.404		1926		2		0
303.304		370.284		1917		1		0
243.453		333.037		1966		2		0
208.609		366.402		1991		1		0
271.848		406.062		1648		2		0
301.601		417.516		1646		1		0
266.908		332.063		1935		2		0
309.295		381.72		1836		2		0
9999		9999		9999		1		0
266.86		422.294		1644		1		0
248.606		302.905		2109		2		0
242.172		421.466		1643		1		0
263.277		413.85		1649		1		0
316.334		366.332		1967		2		0
305.121		378.32		1846		2		0
Frame 117
255.253		332.542		1922		2		0
251.868		316.502		2039		2		0
247.077		298.525		2135		2		0
249.577		321.36		2028		2		0
233.396		315.142		2067		2		0
254.115		351.536		1888		2		0
248.499		395.438		1697		1		0
245.847		410.886		1649		2		0
277.242		314.123		2103		2		0
255.043		334.6		1915		2		0
297.837		362.913		1924		2		0
309.564		372.465		1902		1		0
243.469		333.03		1975		2		0
208.484		366.408		2000		1		0
271.873		406.085		1647		2		0
301.675		417.382		1642		1		0
266.877		332.11		1911		2		0
309.28		381.731		1834		2		0
9999		9999		9999		1		0
266.928		422.277		1645		1		0
248.505		303.167		2099		2		0
236.725		421.637		1637		1		0
263.17		416.433		1648		1		0
325.502		369.503		1971		2		0
319.938		378.132		1838		2		0
Frame 118
255.249		332.537		1918		2		0
251.404		316.395		2038		2		0
246.079		298.283		2135		2		0
252.156		319.772		2031		2		0
233.377		315.189		2069		2		0
254.324		351.427		1874		2		0
233.58		394.812		1706		2		0
226.056		406.377		1643		2		0
276.451		313.955		2106		1		0
256.003		333.407		1918		2		0
296.544		362.904		1919		2		0
307.807		372.041		1904		1		0
243.453		333.059		0		2		0
208.387		366.381		1997		1		0
272.203		405.905		1655		2		0
301.902		417.545		1648		1		0
266.89		332.013		1889		2		0
309.332		381.766		1831		2		0
9999		9999		9999		1		0
267.082		422.217		1638		1		0
247.563		302.971		2097		2		0
213.583		419.46		1650		1		0
242.065		416.18		1649		1		0
324.502		368.502		1953		2		0
317.067		378.403		1837		2		0
Frame 119
255.21		332.525		1928		2		0
250.983		316.323		2042		2		0
245.482		298.189		2126		2		0
250.205		320.89		2027		2		0
233.376		315.187		2074		2		0
254.391		351.494		1881		2		0
233.066		394.565		1712		1		0
225.287		406.491		1645		2		0
276.828		314.224		2108		2		0
260.063		338.52		1911		2		0
297.008		363.651		1927		2		0
307.565		371.779		1915		1		0
243.416		333.04		1966		2		0
208.387		366.363		1997		1		0
259.473		395.232		1694		1		0
287.93		410.003		1664		2		0
266.857		332.005		1918		2		0
309.333		381.747		1833		2		0
9999		9999		9999		1		0
267.209		422.168		1632		1		0
246.971		302.888		2104		2		0
213.265		419.67		1656		1		0
241.158		417.868		1653		1		0
324.625		369.363		1954		2		0
314.952		378.449		1836		2		0
Frame 120
255.181		332.52		1928		2		0
250.83		316.296		2040		2		0
245.322		298.154		2144		2		0
253.778		319.356		2031		2		0
233.407		315.16		2070		2		0
254.597		351.456		1876		2		0
233.249		394.729		1707		2		0
225.225		406.544		1652		2		0
260.203		310.368		2068		2		0
256.842		340.789		1891		2		0
295.414		362.936		1922		2		0
306.244		370.02		1910		1		0
243.355		333.271		0		2		0
208.28		366.526		1997		1		0
274.328		404.975		1670		2		0
303.58		417.96		1648		1		0
266.812		331.756		1933		2		0
309.328		381.787		1830		2		0
9999		9999		9999		1		0
267.348		422.173		1641		1		0
246.8		302.858		2101		2		0
211.707		420.236		1653		1		0
240.863		417.813		1649		1		0
321.111		365.613		1985		2		0
315.467		377.648		1848		2		0
Frame 121
255.168		332.529		1925		2		0
250.707		316.395		2042		2		0
245.161		298.425		2133		2		0
251.284		321.331		2024		2		0
233.409		315.16		2071		2		0
254.73		351.723		1888		2		0
233.21		394.823		1711		2		0
225.159		406.525		1646		2		0
277.546		313.535		2097		2		0
256.919		335.636		1916		2		0
298.399		372.524		1878		2		0
310.657		379.286		1848		2		0
243.36		333.276		1952		2		0
208.378		366.552		1998		1		0
274.27		405.04		1653		2		0
303.643		417.663		1648		1		0
266.786		331.769		1918		2		0
309.328		381.819		1831		2		0
9999		9999		9999		1		0
267.386		422.166		1638		1		0
246.632		303.091		2098		2		0
212.282		420.563		1657		1		0
240.949		417.583		1650		1		0
322.847		381.663		1812		2		0
301.971		389.229		1762		2		0
Frame 122
255.179		332.519		1917		2		0
250.682		316.344		2041		2		0
245.15		298.283		2121		2		0
250.508		321.425		2029		2		0
233.389		315.149		2069		2		0
254.639		351.527		1870		2		0
233.325		394.788		1704		2		0
225.516		406.633		1655		2		0
277.58		313.658		2104		2		0
258.759		337.398		1909		2		0
298.472		372.468		1879		1		0
307.523		376.375		1859		1		0
243.362		333.274		1984		2		0
208.473		366.575		1997		1		0
274.23		405.069		1656		2		0
303.626		417.594		1648		1		0
266.839		331.746		1922		2		0
309.242		381.838		1834		2		0
9999		9999		9999		1		0
267.451		422.216		1636		1		0
246.611		302.982		2104		2		0
215.214		420.913		1656		1		0
241.501		416.969		1659		1		0
319.107		377.036		1845		2		0
302.836		382.623		1820		2		0
Frame 123
255.168		332.523		1920		2		0
250.668		316.33		2041		2		0
245.185		298.21		2131		2		0
253.018		320.258		2032		2		0
233.355		315.115		2077		2		0
254.578		351.475		1886		2		0
233.486		394.857		1712		2		0
226.029		406.473		1651		2		0
277.634		313.828		2104		2		0
258.904		337.619		1903		2		0
298.602		372.572		1878		1		0
310.455		379.172		1848		1		0
243.364		333.27		1936		2		0
208.462		366.569		1996		1		0
274.124		405.114		1653		1		0
303.551		417.523		1649		1		0
266.796		331.779		1960		2		0
309.144		381.82		1832		2		0
9999		9999		9999		1		0
267.485		423.935		1627		1		0
246.623		302.933		2104		2		0
214.261		418.714		1657		1		0
241.571		417.127		1649		1		0
322.504		380.839		1820		2		0
300.974		388.97		1788		2		0
