side
Frame 0
130.746		235.946		2018		2		3
130.149		176.098		1992		2		3
129.42		116.626		2078		2		3
132.137		93.5337		2057		2		3
108.295		142.037		1976		2		3
84.753		188.803		2059		2		3
90.9816		224.918		2183		2		3
91.6348		230.027		2204		1		3
147.634		145.934		2001		2		3
162.997		196.11		2090		2		3
170.018		230.137		2210		2		3
167.158		234.87		2215		2		3
117.488		235.851		2011		2		3
116.958		298.524		2124		2		3
125.641		354.576		2146		2		3
121.817		369.457		2137		2		3
143.941		236.005		2046		2		3
149.003		299.014		2132		2		3
147.648		355.826		2141		2		3
144.599		370.895		2152		2		3
129.604		131.455		1990		2		3
90.8956		241.242		2227		2		3
93.1779		236.052		2196		2		3
166.601		240.891		2249		2		3
170.582		233.363		2214		2		3
Frame 1
130.742		235.912		2023		2		3
130.135		176.067		1995		2		3
129.397		116.592		2077		2		3
132.056		93.4704		2051		2		3
108.235		142.038		1979		2		3
84.7468		188.827		2065		2		3
90.7264		224.921		2192		2		3
91.5848		229.645		2202		1		3
147.655		145.922		1997		2		3
163.089		196.064		2097		2		3
170.227		230.119		2203		2		3
167.458		234.942		2223		2		3
117.489		235.813		2014		2		3
117.052		298.38		2126		2		3
125.643		354.257		2138		2		3
121.831		369.128		2139		2		3
143.933		235.979		2046		2		3
149.02		299		2134		2		3
147.576		355.874		2143		2		3
144.54		370.944		2155		2		3
129.582		131.423		1993		2		3
90.6662		240.334		2214		2		3
93.9014		232.292		2216		2		3
167.007		242.331		2238		2		3
166.285		237.001		2276		2		3
Frame 2
130.75		235.887		2016		2		3
130.139		176.045		1992		2		3
129.398		116.57		2077		2		3
132.031		93.4461		2069		2		3
108.21		142.033		1978		2		3
84.7718		188.875		2061		2		3
90.6305		224.908		2189		2		3
91.5708		229.81		2203		1		3
147.718		145.867		1995		2		3
163.223		195.96		2091		2		3
170.195		230.058		2212		2		3
167.378		234.679		2227		2		3
117.493		235.794		2012		2		3
117.027		298.278		2125		2		3
125.647		354.227		2138		2		3
121.846		369.099		2142		2		3
143.944		235.95		2042		2		3
149.039		298.991		2134		2		3
147.554		355.838		2140		2		3
144.527		370.91		2146		2		3
129.583		131.401		1987		2		3
90.9982		240.499		2214		2		3
92.4987		238.503		2204		2		3
166.365		241.266		2243		2		3
170.794		230.941		2212		2		3
Frame 3
130.777		235.852		2009		2		3
130.172		176.017		1991		2		3
129.44		116.549		2075		2		3
131.997		93.3905		2049		2		3
108.181		142.017		1980		2		3
84.795		188.904		2060		2		3
90.6118		224.894		2187		2		3
91.47		229.886		2200		1		3
147.678		145.809		1991		2		3
163.253		195.89		2085		2		3
170.224		229.98		2208		2		3
167.677		234.733		2221		2		3
117.521		235.771		2015		2		3
117.035		298.316		2130		2		3
125.692		354.234		2154		2		3
121.898		369.105		2140		2		3
143.968		235.906		2046		2		3
149.061		298.969		2134		2		3
147.486		355.735		2141		2		3
144.461		370.804		2151		2		3
129.622		131.379		1987		2		3
90.666		240.333		2214		2		3
93.2797		235.015		2207		2		3
166.67		241.66		2241		2		3
166.714		237.001		2278		2		3
Frame 4
130.791		235.843		2012		2		3
130.166		176.001		1991		2		3
129.396		116.507		2075		2		3
131.922		93.3071		2054		2		3
108.154		142.034		1978		2		3
84.7684		188.945		2058		2		3
90.797		224.934		2189		2		3
91.5927		229.867		2196		1		3
147.693		145.796		1993		2		3
163.346		195.78		2088		2		3
170.202		229.894		2209		2		3
167.418		234.438		2226		2		3
117.54		235.773		2014		2		3
117.154		298.51		2127		2		3
125.75		354.559		2152		2		3
121.973		369.441		2132		2		3
143.981		235.884		2046		2		3
149.083		298.966		2130		2		3
147.579		355.6		2140		2		3
144.569		370.664		2140		2		3
129.589		131.345		1992		2		3
90.992		239.767		2219		2		3
92.3312		241.331		2194		2		3
166.429		241.277		2235		2		3
170.266		231.852		2207		2		3
Frame 5
130.772		235.846		2016		2		3
130.147		175.989		1991		2		3
129.393		116.463		2074		2		3
131.773		93.2071		2045		2		3
108.131		142.045		1973		2		3
84.8462		189.064		2061		2		3
90.6237		224.963		2180		2		3
91.6267		230.37		2203		1		3
147.638		145.735		2000		2		3
163.383		195.773		2087		2		3
170.222		229.898		2206		2		3
167.531		234.629		2221		2		3
117.526		235.775		2012		2		3
117.098		298.526		2125		2		3
125.705		354.701		2145		2		3
121.921		369.59		2134		2		3
143.955		235.89		2043		2		3
149.12		298.935		2128		2		3
147.619		355.594		2141		2		3
144.604		370.661		2148		2		3
129.58		131.311		1985		2		3
91.4986		241.999		2218		2		3
93.1636		236.339		2191		2		3
166.998		241.395		2236		2		3
166.713		237		2278		2		3
Frame 6
130.773		235.842		2018		2		3
130.115		175.971		1990		2		3
129.298		116.406		2074		2		3
131.744		93.1574		2046		2		3
108.119		142.057		1979		2		3
84.8944		189.144		2060		2		3
91.7004		225.168		2191		2		3
91.72		230.36		2203		1		3
147.781		145.661		1992		2		3
163.413		195.728		2085		2		3
170.212		229.853		2210		2		3
167.52		234.552		2230		2		3
117.524		235.775		2005		2		3
117.111		298.519		2122		2		3
125.696		354.717		2139		2		3
121.912		369.612		2138		2		3
143.959		235.882		2042		2		3
149.135		298.956		2131		2		3
147.659		355.51		2144		2		3
144.644		370.58		2152		2		3
129.502		131.267		1989		2		3
91.9988		242.5		2209		2		3
93.4954		236.637		2205		2		3
167.206		241.998		2235		2		3
168.712		237.277		2267		2		3
Frame 7
130.773		235.831		2011		2		3
130.096		175.955		1989		2		3
129.261		116.375		2076		2		3
131.647		93.0826		2040		2		3
108.065		142.052		1974		2		3
84.939		189.211		2051		2		3
91.4764		225.204		2185		2		3
91.7919		230.723		2197		1		3
147.728		145.619		1990		2		3
163.435		195.687		2091		2		3
170.195		229.794		2207		2		3
167.761		234.43		2227		2		3
117.525		235.772		2017		2		3
117.085		298.572		2127		2		3
125.691		354.712		2136		2		3
121.904		369.611		2156		2		3
143.955		235.862		2044		2		3
149.178		298.835		2132		2		3
147.664		355.597		2148		2		3
144.648		370.67		2150		2		3
129.469		131.241		1988		2		3
91.9976		242.499		2216		2		3
93.593		236.014		2202		2		3
168.209		241.598		2238		2		3
170.639		233.427		2208		2		3
Frame 8
130.771		235.832		2019		2		3
130.093		175.946		1993		2		3
129.259		116.361		2079		2		3
131.585		93.0591		2054		2		3
108.067		142.048		1978		2		3
84.9502		189.207		2062		2		3
91.4183		225.2		2192		2		3
91.791		230.049		2200		1		3
147.739		145.621		1996		2		3
163.45		195.683		2086		2		3
170.211		229.774		2208		2		3
168.086		234.48		2225		2		3
117.522		235.771		2010		2		3
117.044		298.405		2121		2		3
125.618		354.629		2153		2		3
121.827		369.53		2143		2		3
143.956		235.864		2046		2		3
149.17		298.83		2137		2		3
147.788		355.683		2141		2		3
144.779		370.754		2159		2		3
129.467		131.228		1991		2		3
91.7977		242.198		2212		2		3
94.6641		233.006		2208		2		3
167.167		240.659		2251		2		3
167.333		237.001		2286		2		3
Frame 9
130.772		235.83		2020		2		3
130.089		175.942		1991		2		3
129.244		116.344		2073		2		3
131.515		93.0423		2068		2		3
108.056		142.033		1973		2		3
84.9856		189.225		2058		2		3
91.9795		225.088		2189		2		3
91.8066		230.428		2203		1		3
147.741		145.617		1993		2		3
163.455		195.696		2082		2		3
170.249		229.761		2208		2		3
168.293		234.326		2220		2		3
117.522		235.771		2015		2		3
117.038		298.4		2122		2		3
125.671		354.666		2148		2		3
121.883		369.57		2127		2		3
143.958		235.86		2045		2		3
149.194		298.785		2129		2		3
147.792		355.655		2139		2		3
144.783		370.729		2143		2		3
129.454		131.215		1990		2		3
91.9977		242.5		2219		2		3
93.8248		236.178		2197		2		3
167		240.665		2251		2		3
163.419		232.079		2225		2		3
Frame 10
130.787		235.832		2015		2		3
130.104		175.938		1989		2		3
129.251		116.296		2072		2		3
131.489		93.0528		2068		2		3
108.044		142.056		1977		2		3
85.0289		189.318		2059		2		3
91.7918		225.38		2185		2		3
91.9036		231.188		2200		1		3
147.778		145.639		1991		2		3
163.425		195.641		2085		2		3
170.317		229.613		2213		2		3
166.081		231.312		2211		2		3
117.536		235.774		2016		2		3
117.035		298.404		2135		2		3
125.649		354.658		2149		2		3
121.866		369.571		2135		2		3
143.976		235.863		2043		2		3
149.217		298.766		2124		2		3
147.81		355.609		2138		2		3
144.807		370.691		2150		2		3
129.464		131.183		1990		2		3
91.8296		242.997		2225		2		3
93.2842		240.719		2176		2		3
169.2		241.8		2243		2		3
159.048		240.399		2132		2		3
Frame 11
130.791		235.834		2015		2		3
130.1		175.948		1989		2		3
129.243		116.31		2072		2		3
131.468		93.0953		2057		2		3
108.07		142.034		1972		2		3
85.0251		189.338		2065		2		3
92.4575		225.499		2184		2		3
92.112		230.699		2199		1		3
147.797		145.667		1995		2		3
163.494		195.683		2082		2		3
170.457		229.615		2203		2		3
166.052		231.379		2206		2		3
117.541		235.781		2017		2		3
117.028		298.412		2124		2		3
125.714		354.776		2143		2		3
121.935		369.688		2144		2		3
143.978		235.861		2036		2		3
149.215		298.765		2127		2		3
147.819		355.606		2144		2		3
144.816		370.692		2152		2		3
129.456		131.196		1986		2		3
92.3989		242.199		2201		2		3
93.216		240.32		2183		2		3
167.832		240.326		2251		2		3
159.076		240.061		2135		2		3
Frame 12
130.847		235.835		2012		2		3
130.123		175.94		1985		2		3
129.249		116.295		2075		2		3
131.489		93.1086		2065		2		3
108.062		142.047		1970		2		3
85.0536		189.39		2055		2		3
91.9642		225.573		2190		2		3
92.0323		230.353		2196		1		3
147.86		145.693		1988		2		3
163.526		195.72		2078		2		3
170.502		229.628		2206		2		3
166.334		231.204		2212		2		3
117.608		235.783		2018		2		3
117.029		298.412		2126		2		3
125.663		354.764		2142		2		3
121.882		369.684		2151		2		3
144.031		235.861		2041		2		3
149.236		298.718		2133		2		3
147.827		355.54		2144		2		3
144.824		370.635		2155		2		3
129.465		131.183		1988		2		3
91.9926		241.521		2211		2		3
94.1209		235.637		2191		2		3
170.334		241.5		2255		2		3
159.136		240.383		2125		2		3
Frame 13
130.868		235.854		2015		2		3
130.144		175.939		1987		2		3
129.28		116.28		2076		2		3
131.654		93.187		2072		2		3
108.075		142.034		1974		2		3
85.1271		189.425		2051		2		3
91.8057		225.59		2191		2		3
92.3022		230.502		2197		1		3
147.913		145.72		1989		2		3
163.636		195.78		2081		2		3
170.497		229.671		2203		2		3
166.428		231.233		2211		2		3
117.637		235.805		2015		2		3
117.136		298.698		2122		2		3
125.86		355.078		2133		2		3
122.088		370.014		2135		2		3
144.045		235.879		2046		2		3
149.238		298.694		2139		2		3
147.869		355.645		2137		2		3
144.868		370.745		2154		2		3
129.491		131.172		1985		2		3
91.9992		241.5		2205		2		3
94.219		235.784		2192		2		3
169.545		240.903		2248		2		3
159.415		239.739		2130		2		3
Frame 14
130.943		235.871		2015		2		3
130.243		175.928		1989		2		3
129.459		116.251		2073		2		3
131.791		93.2232		2071		2		3
108.088		142.021		1976		2		3
85.1637		189.482		2055		2		3
91.0688		225.828		2184		1		3
92.3444		231.1		2198		1		3
148.05		145.823		1995		2		3
163.814		195.901		2085		2		3
170.784		229.815		2202		2		3
166.871		231.554		2218		2		3
117.704		235.821		2013		2		3
117.103		298.776		2118		2		3
125.839		355.112		2141		2		3
121.978		370.054		2131		2		3
144.125		235.898		2035		2		3
149.3		298.667		2139		2		3
147.88		355.589		2139		2		3
144.791		370.691		2147		2		3
129.643		131.146		1991		2		3
91.926		242.195		2221		2		3
93.7533		237.626		2201		2		3
167.999		240.851		2253		2		3
159.551		240.451		2131		2		3
Frame 15
131.066		235.889		2016		2		3
130.379		175.903		1987		2		3
129.639		116.194		2077		2		3
132.175		93.3813		2070		2		3
108.206		141.944		1973		2		3
85.2651		189.417		2057		2		3
90.8954		225.832		2193		1		3
92.2499		230.927		2200		1		3
148.091		145.84		1994		2		3
163.937		195.979		2079		2		3
170.906		229.881		2198		2		3
167.142		231.745		2210		2		3
117.819		235.83		2006		2		3
117.188		298.783		2119		2		3
125.803		355.075		2148		2		3
121.976		370.018		2135		2		3
144.254		235.928		2040		2		3
149.376		298.595		2138		2		3
147.951		355.622		2138		2		3
144.906		370.708		2149		2		3
129.809		131.097		1986		2		3
92.4973		242.5		2210		2		3
94.1144		237.252		2159		2		3
169.202		241.797		2243		2		3
160.213		241.259		2131		2		3
Frame 16
131.169		235.921		2011		2		3
130.482		175.879		1993		2		3
129.853		116.142		2081		2		3
132.802		93.5486		2076		2		3
108.265		141.927		1975		2		3
85.2727		189.442		2047		2		3
91.045		225.889		2178		2		3
92.3602		231.238		2196		1		3
148.106		145.842		1996		2		3
164.005		195.999		2082		2		3
171.169		229.874		2199		2		3
167.005		231.768		2207		2		3
117.929		235.843		2008		2		3
117.215		298.762		2124		2		3
125.797		354.951		2139		2		3
121.981		369.884		2139		2		3
144.347		235.976		2044		2		3
149.558		298.556		2144		2		3
147.981		355.636		2145		2		3
144.949		370.716		2152		2		3
129.986		131.048		1984		2		3
92.1993		242.8		2205		2		3
93.9214		237.219		2201		2		3
168.648		241.17		2245		2		3
159.601		240.674		2132		2		3
Frame 17
131.367		235.933		2012		2		3
130.652		175.87		1985		2		3
130.024		116.157		2082		2		3
133.233		93.752		2075		2		3
111.103		140.609		1978		2		3
86.5548		187.261		2055		2		3
89.8209		223.892		2175		2		3
92.1969		230.029		2189		1		3
148.398		145.926		1992		2		3
164.112		196.056		2087		2		3
171.398		229.903		2196		2		3
167.221		231.776		2203		2		3
118.132		235.815		2015		2		3
117.545		298.52		2120		2		3
125.715		354.907		2134		2		3
122.438		369.82		2131		2		3
144.541		236.025		2041		2		3
149.689		298.5		2131		2		3
148.067		355.581		2135		2		3
145.584		370.628		2149		2		3
130.155		131.052		1987		2		3
92.4985		242.999		2209		2		3
95.7989		230.601		2200		2		3
169.786		241.422		2239		2		3
159.655		240.462		2125		2		3
Frame 18
131.458		235.953		2007		2		3
131.006		175.831		1988		2		3
130.977		116.149		2086		2		3
133.756		93.8044		2077		2		3
111.239		140.71		1981		2		3
86.6163		187.362		2049		2		3
89.579		223.973		2165		2		3
92.3045		230.851		2190		1		3
148.844		146.07		1989		2		3
164.172		196.062		2087		2		3
171.524		229.937		2196		2		3
167.348		232.052		2214		2		3
118.21		235.817		2004		2		3
117.747		298.582		2122		2		3
125.718		354.877		2141		2		3
122.486		369.771		2135		2		3
144.639		236.065		2039		2		3
149.782		298.451		2142		2		3
148.105		355.58		2150		2		3
145.67		370.61		2146		2		3
130.937		131.017		1993		2		3
92.9976		243.666		2217		2		3
94.9974		235.342		2191		2		3
169.703		241.995		2236		2		3
159.641		240.56		2122		2		3
Frame 19
131.722		235.928		2007		2		3
131.43		175.773		1987		2		3
131.483		116.157		2087		2		3
134.634		94.0503		2103		2		3
111.631		140.552		1983		2		3
86.9467		187.287		2050		2		3
89.1034		223.814		2168		2		3
92.2411		230.051		2191		1		3
149.194		146.2		1996		2		3
164.555		196.484		2085		2		3
171.7		230.328		2191		2		3
167.373		232.249		2207		2		3
118.504		235.784		2014		2		3
117.805		298.481		2118		2		3
125.595		354.806		2141		2		3
122.413		369.692		2131		2		3
144.868		236.048		2039		2		3
149.874		298.353		2140		2		3
148.445		355.183		2147		2		3
146.079		370.189		2137		2		3
131.437		130.999		2000		2		3
92.8316		243.166		2197		2		3
95.0756		234.217		2171		2		3
169.5		241.867		2234		2		3
160.777		242.231		2134		2		3
Frame 20
132.06		235.936		2008		2		3
131.904		175.756		1988		2		3
132.05		116.231		2092		2		3
135.933		94.5287		2097		2		3
112.463		140.497		1988		2		3
87.2658		187.033		2052		2		3
89.0061		223.589		2162		2		3
92.3248		230.36		2186		1		3
149.609		146.487		2005		2		3
164.676		196.407		2081		2		3
172.131		230.33		2194		2		3
167.734		232.38		2217		2		3
118.846		235.754		2008		2		3
117.853		298.455		2124		2		3
125.596		354.843		2146		2		3
122.455		369.718		2130		2		3
145.202		236.097		2036		2		3
150.008		298.186		2149		2		3
148.44		355.187		2149		2		3
146.113		370.181		2146		2		3
131.99		131.039		2003		2		3
92.5965		242.797		2196		2		3
95.7993		232.243		2191		2		3
170.602		242.497		2237		2		3
160.121		240.734		2128		2		3
Frame 21
132.284		235.945		2006		2		3
132.41		175.716		1993		2		3
132.872		116.261		2094		2		3
136.609		94.6352		2095		2		3
113.221		140.444		1989		2		3
87.6607		186.892		2049		2		3
88.7454		223.409		2159		2		3
92.3332		230.673		2190		1		3
150.096		146.547		2005		2		3
164.976		196.446		2080		2		3
172.273		230.462		2197		2		3
170.137		230.449		2195		2		3
119.071		235.728		2010		2		3
118.079		298.409		2121		2		3
125.584		354.861		2139		2		3
122.499		369.722		2136		2		3
145.425		236.143		2036		2		3
150.264		298.074		2147		2		3
148.454		355.163		2141		2		3
146.187		370.137		2145		2		3
132.736		131.038		1999		2		3
92.2272		243.489		2200		2		3
94.9965		236.613		2193		2		3
171.51		242.373		2233		2		3
163		232.998		2178		2		3
Frame 22
132.605		235.918		2005		2		3
132.97		175.658		1995		2		3
133.765		116.351		2099		2		3
137.474		94.7865		2105		2		3
113.793		140.428		1986		2		3
88.0179		186.876		2061		2		3
88.5229		223.347		2175		2		3
92.6881		230.882		2186		1		3
150.835		146.508		1998		2		3
165.292		196.49		2085		2		3
172.902		230.521		2196		2		3
170.694		230.668		2196		2		3
119.393		235.644		2001		2		3
118.287		298.287		2117		2		3
125.567		354.847		2142		2		3
122.565		369.687		2142		2		3
145.744		236.17		2037		2		3
150.486		297.686		2151		2		3
148.748		354.967		2151		2		3
146.575		369.909		2137		2		3
133.545		131.069		1998		2		3
93.142		244.286		2189		2		3
96.501		232.238		2185		2		3
171.63		242.749		2236		2		3
163.489		234.225		2166		2		3
Frame 23
133.157		235.918		2003		2		3
133.88		175.665		1995		2		3
135.055		116.619		2106		2		3
138.54		95.0394		2108		2		3
114.552		140.444		1995		2		3
88.7336		187.049		2051		2		3
91.8744		223.177		2167		2		3
92.8862		228.429		2177		1		3
151.574		146.406		2006		2		3
165.981		196.649		2087		2		3
173.369		230.78		2195		2		3
171.163		231.087		2193		2		3
119.924		235.627		2001		2		3
118.425		298.391		2123		2		3
125.585		354.875		2141		2		3
122.696		369.689		2156		2		3
146.308		236.191		2040		2		3
150.89		297.329		2162		2		3
148.823		354.812		2152		2		3
146.766		369.72		2139		2		3
134.744		131.248		2005		2		3
93.2095		243.07		2192		2		3
97.7128		237.429		2111		2		3
172.503		243.125		2245		2		3
163.23		233.165		2158		2		3
Frame 24
134.026		236.023		2004		2		3
135.096		175.759		1995		2		3
136.422		116.875		2112		2		3
139.88		95.45		2117		2		3
115.949		140.353		1995		2		3
89.6681		186.948		2051		2		3
91.5453		222.938		2160		2		3
93.2764		228.639		2178		1		3
152.565		146.376		2005		2		3
166.603		196.813		2082		2		3
173.96		230.978		2197		2		3
171.857		231.18		2198		2		3
120.67		235.716		2005		2		3
118.825		298.132		2129		2		3
125.594		354.886		2142		2		3
122.711		369.686		2134		2		3
147.326		236.319		2029		2		3
150.941		291.294		2174		2		3
149.122		354.24		2152		2		3
147.081		369.109		2142		2		3
136.083		131.455		2013		2		3
93.1549		242.736		2193		2		3
97.3969		238.198		2108		2		3
172.754		242.875		2234		2		3
163.587		233.233		2149		2		3
Frame 25
134.983		236.16		2007		2		3
136.266		175.948		1998		2		3
137.585		117.224		2115		2		3
141.187		95.9384		2127		2		3
116.385		140.383		1997		2		3
90.4945		187.179		2057		2		3
91.451		223.086		2162		2		3
93.5418		233.299		2183		2		3
152.526		146.366		2009		2		3
168.155		197.353		2085		2		3
174.551		231.59		2190		2		3
172.884		231.9		2203		2		3
121.587		235.886		2000		2		3
119.24		297.885		2134		2		3
125.635		354.82		2146		2		3
122.691		369.615		2132		2		3
148.332		236.427		2036		2		3
151.732		290.95		2181		2		3
149.223		353.889		2153		2		3
147.123		368.739		2143		2		3
137.256		131.76		2016		2		3
93.7994		245.6		2186		2		3
98.7494		232.24		2164		2		3
172.567		243.443		2236		2		3
164.33		232.514		2157		2		3
Frame 26
135.64		236.261		2001		2		3
137.517		176.05		2000		2		3
139.594		117.529		2123		2		3
142.841		96.2279		2124		2		3
118.856		140.46		2006		2		3
91.8364		186.804		2060		2		3
91.017		226.462		2176		2		3
94.2274		234.249		2182		2		3
155.026		146.852		2013		2		3
169.608		197.694		2086		2		3
175.746		231.866		2195		2		3
173.775		231.92		2194		2		3
122.198		235.916		1993		2		3
119.648		297.832		2131		2		3
125.515		354.516		2145		2		3
122.699		369.273		2141		2		3
149.024		236.6		2036		2		3
152.051		292.085		2190		2		3
150.078		352.579		2149		2		3
148.138		367.362		2139		2		3
139.059		131.994		2021		2		3
97		248		2218		2		3
99.199		229.397		2187		2		3
174.387		243.077		2233		2		3
165.624		233.396		2168		2		3
Frame 27
136.688		236.204		2004		2		3
139.084		176.049		2001		2		3
141.588		117.819		2127		2		3
145.095		96.8629		2133		2		3
120.837		140.649		2007		2		3
93.3103		186.717		2064		2		3
91.3079		225.612		2170		2		3
95.2568		235.095		2193		2		3
156.227		146.982		2020		2		3
171.375		198.139		2089		2		3
177.091		232.548		2197		2		3
175.247		232.111		2201		2		3
123.386		235.717		1997		2		3
119.947		297.676		2130		2		3
125.542		354.352		2144		2		3
122.671		369.096		2146		2		3
149.924		236.668		2025		2		3
152.311		292.498		2192		2		3
150.22		351.807		2156		2		3
148.231		366.542		2141		2		3
140.959		132.193		2023		2		3
97.5608		246.749		2199		2		3
99.1992		238.198		2106		2		3
175.003		243.857		2235		2		3
166.67		233.734		2163		2		3
Frame 28
137.212		236.23		2006		2		3
140.292		176.091		1995		2		3
143.55		118.058		2132		2		3
147.578		97.3757		2146		2		3
122.428		140.773		2013		2		3
95.3594		187.147		2068		2		3
92.6478		224.285		2172		2		3
96.2955		235.519		2196		2		3
160.29		148.029		2024		2		3
173.262		198.501		2091		2		3
177.987		233.081		2209		2		3
176.619		232.674		2215		2		3
123.933		235.617		1999		2		3
120.303		297.687		2140		2		3
125.566		354.337		2153		2		3
123.159		369.038		2135		2		3
150.426		236.82		2035		2		3
153.245		292.676		2195		2		3
150.126		351.507		2169		2		3
148.595		366.179		2148		2		3
142.729		132.367		2033		2		3
98.5981		248.2		2208		2		3
100.713		237.143		2126		2		3
177.503		243.75		2236		2		3
168.255		235.315		2175		2		3
Frame 29
138.173		236.423		2002		2		3
142.134		176.4		2005		2		3
146.342		118.847		2146		2		3
149.989		97.9819		2152		2		3
124.384		140.917		2018		2		3
97.2484		187.258		2068		2		3
94.1004		224.068		2171		2		3
97.3868		236.078		2206		2		3
160.845		147.822		2030		2		3
175.806		198.669		2092		2		3
179.591		233.339		2201		2		3
178.964		232.556		2200		2		3
124.837		235.723		1992		2		3
121.299		297.287		2142		2		3
125.863		354.458		2144		2		3
123.259		369.162		2138		2		3
151.435		237.106		2026		2		3
154.003		292.782		2199		2		3
150.082		351.438		2164		2		3
148.341		366.115		2148		2		3
145.285		133.002		2033		2		3
99.8154		247.727		2203		2		3
101.999		239.017		2119		2		3
179.005		242.702		2238		2		3
169.955		234.961		2175		2		3
Frame 30
140.24		236.783		2000		2		3
144.798		176.871		2006		2		3
149.259		119.674		2154		2		3
152.533		98.8676		2159		2		3
127.043		141.277		2021		2		3
99.2182		187.158		2076		2		3
96.1418		224.713		2176		2		3
98.8484		236.623		2200		2		3
162.901		147.846		2035		2		3
177.845		198.282		2092		2		3
181.225		233.198		2205		2		3
181.098		232.948		2200		2		3
127.094		235.883		1987		2		3
122.339		297.068		2151		2		3
126.221		354.447		2156		2		3
123.434		369.15		2128		2		3
153.292		237.654		2026		2		3
154.809		291.599		2193		2		3
150.09		350.953		2170		2		3
148.149		365.626		2153		2		3
148.162		133.728		2047		2		3
101.622		246.802		2210		2		3
103.874		228.499		2201		2		3
180.156		243.766		2236		2		3
171.884		236.591		2185		2		3
Frame 31
141.9		237.527		1990		2		3
147.158		177.678		2008		2		3
152.383		120.875		2164		2		3
153.495		99.7958		2170		2		3
129.39		141.881		2036		2		3
101.421		187.471		2079		2		3
99.0317		223.963		2164		2		3
100.934		236.849		2209		2		3
165.463		148.062		2043		2		3
181.347		198.881		2088		2		3
182.85		233.945		2203		2		3
183.027		233.969		2203		2		3
128.821		236.696		1987		2		3
124.589		294.563		2166		2		3
126.528		354.425		2154		2		3
123.712		369.124		2132		2		3
154.861		238.335		2017		2		3
155.017		291.435		2188		2		3
150.021		350.596		2159		2		3
148.035		365.263		2145		2		3
151.085		134.804		2049		2		3
104		249.501		2217		2		3
105.999		238.024		2211		2		3
181.573		245.715		2243		2		3
173.669		237.149		2191		2		3
Frame 32
144.813		239.115		1990		2		3
150.152		178.93		2008		2		3
155.363		122.216		2173		2		3
157.74		102.138		2184		2		3
131.882		142.958		2038		2		3
103.618		188.193		2079		2		3
100.531		223.907		2169		2		3
103.132		237.178		2221		2		3
168.027		148.963		2046		2		3
184.55		199.97		2089		2		3
185.528		235.076		2201		2		3
186.079		234.772		2194		2		3
131.693		238.354		1983		2		3
128.073		293.753		2180		2		3
126.796		353.86		2148		2		3
123.894		368.554		2137		2		3
157.792		239.862		2015		2		3
154.295		291.654		2196		2		3
149.91		350.528		2161		2		3
147.827		365.209		2149		2		3
154.071		136.096		2051		2		3
105.299		249.401		2216		2		3
108.751		229.996		2211		2		3
184.451		246.999		2238		2		3
175.771		237.391		2186		2		3
Frame 33
147.112		240.864		1979		2		3
153.131		180.668		2014		2		3
158.862		124.247		2184		2		3
161.686		104.319		2192		2		3
135.36		144.906		2045		2		3
106.242		189.455		2091		2		3
105.848		230.517		2200		2		3
105.425		239.999		2223		2		3
170.298		149.853		2048		2		3
187.581		199.801		2089		2		3
187.776		234.767		2197		2		3
186.137		237.368		2219		2		3
133.854		240.012		1972		2		3
128.781		293.743		2192		2		3
126.843		353.648		2151		2		3
123.781		368.366		2132		2		3
160.246		241.709		2011		2		3
155.931		291.322		2201		2		3
150.018		350.039		2166		2		3
147.776		364.733		2151		2		3
157.451		138.028		2062		2		3
107.999		250.5		2223		2		3
108.006		241.945		2248		2		3
186.466		247.93		2240		2		3
174.731		241.474		2134		2		3
Frame 34
149.309		242.813		1976		2		3
156.139		182.815		2018		2		3
162.713		127.119		2196		2		3
164.038		106.717		2208		2		3
138.836		147.627		2053		2		3
109.01		191.398		2096		2		3
106.346		228.789		2199		2		3
108.173		240.874		2241		2		3
170.583		150.114		2052		2		3
191.004		200.548		2093		2		3
191.563		235.239		2196		2		3
190.921		241.277		2225		2		3
135.965		242.068		1967		2		3
129.319		293.734		2202		2		3
127.085		353.476		2155		2		3
123.118		368.276		2127		2		3
162.506		243.548		2008		2		3
158.394		290.956		2212		2		3
150.023		349.949		2173		2		3
146.86		364.744		2145		2		3
161.096		140.674		2078		2		3
110.637		251.177		2235		2		3
110.195		242.077		2264		2		3
188.4		251		2244		2		3
185.193		239.291		2247		2		3
Frame 35
151.857		246.1		1972		2		3
158.902		185.723		2019		2		3
165.282		129.727		2208		2		3
168.014		110.148		2227		2		3
142.035		150.072		2057		2		3
113.199		193.985		2107		2		3
107.244		229.181		2203		2		3
110.857		242.012		2243		2		3
178.366		157.731		2067		2		3
194.926		202.114		2096		2		3
193.674		236.981		2192		2		3
193.638		243.156		2219		2		3
138.36		245.088		1973		2		3
129.779		293.556		2213		2		3
127.448		352.668		2161		2		3
124.552		367.394		2129		2		3
165.245		247.129		2003		2		3
163.282		292.133		2218		2		3
150.113		349.76		2169		2		3
148.018		364.496		2141		2		3
163.741		143.357		2081		2		3
113.094		252.538		2246		2		3
115.182		237.741		2238		2		3
191.143		252.857		2249		2		3
183		239.501		2201		2		3
Frame 36
155.844		249.511		1969		2		3
162.948		189.281		2016		2		3
169.551		134.148		2217		2		3
170.641		114.089		2233		2		3
146.306		153.995		2068		2		3
115.437		196.355		2120		2		3
109.406		230.379		2220		2		3
113.708		243.586		2254		2		3
180.079		159.58		2069		2		3
198.253		203.93		2097		2		3
197.682		238.546		2205		2		3
197.9		244.871		2223		2		3
142.327		248.884		1968		2		3
130.302		293.509		2204		2		3
128.052		350.999		2156		2		3
124.656		365.772		2139		2		3
169.219		250.137		2004		2		3
164.415		291.952		2231		2		3
151.17		348.502		2174		2		3
148.591		363.306		2150		2		3
167.94		147.498		2095		2		3
116.2		256.401		2272		2		3
117.001		248.648		2290		2		3
194.836		255.334		2255		2		3
191.682		242.124		2236		2		3
Frame 37
158.311		251.359		1964		2		3
165.616		191.846		2024		2		3
172.196		137.595		2230		2		3
174.165		118.03		2245		2		3
146.819		154.892		2079		2		3
119.862		199.19		2131		2		3
117.24		235.542		2233		2		3
117.005		247.136		2286		2		3
180.483		159.848		2080		2		3
203.861		208.882		2103		2		3
201.168		242.536		2210		2		3
201.249		248.23		2243		2		3
144.66		250.805		1962		2		3
133.349		294.212		2220		2		3
128.795		351.002		2162		2		3
125.275		365.84		2132		2		3
171.86		251.917		1985		2		3
173.73		293.397		2236		2		3
153.301		346.665		2183		2		3
150.639		361.467		2157		2		3
170.617		150.722		2099		2		3
118.819		257.451		2289		2		3
121.597		246.837		2200		2		3
198.114		257.109		2264		2		3
195.208		244.334		2252		2		3
Frame 38
161.448		255.793		1969		2		3
168.885		195.974		2024		2		3
175.419		141.461		2233		2		3
176.966		121.69		2257		2		3
153.645		162.129		2083		2		3
125.336		204.658		2148		2		3
116.805		237.231		2250		2		3
119.974		249.316		2291		2		3
187.967		167.018		2083		2		3
206.822		211.551		2106		2		3
206.508		245.431		2217		2		3
204.951		249.018		2235		2		3
147.64		255.358		1966		2		3
134.01		294.704		2221		2		3
129.421		351.438		2170		2		3
126.006		366.298		2147		2		3
175.162		256.23		1990		2		3
174.492		294.298		2235		2		3
154.637		345.533		2185		2		3
152.095		360.312		2164		2		3
173.857		154.648		2109		2		3
120.776		260.552		2304		2		3
122.93		254.074		2334		2		3
201.833		260.667		2277		2		3
193.301		252.065		2159		2		3
Frame 39
164.938		257.751		1963		2		3
172.443		199.156		2027		2		3
179.23		145.852		2243		2		3
179.187		126.041		2257		2		3
154.825		164.388		2090		2		3
127.067		207.041		2158		2		3
122.937		246.642		2285		2		3
123.54		254.3		2330		2		3
189.371		168.375		2088		2		3
212.441		214.271		2107		2		3
211.254		247.901		2224		2		3
210.638		251.598		2249		2		3
150.952		257.004		1960		2		3
136.085		296.816		2235		2		3
131.421		349.925		2191		2		3
127.725		364.733		2160		2		3
178.83		258.515		1993		2		3
177.047		301.125		2269		2		3
154.367		347.336		2189		2		3
151.479		362.174		2164		2		3
177.593		158.739		2111		2		3
125.6		265.401		2336		2		3
126.531		256.062		2357		2		3
206.665		261.66		2288		2		3
198		254.334		2173		2		3
Frame 40
165.464		262.849		1961		2		3
174.816		204.575		2022		2		3
183.581		151.607		2251		2		3
182.231		131.473		2269		2		3
153.736		173.255		2077		2		3
131.044		216.938		2162		2		3
123.441		247.111		2298		2		3
127.011		257.495		2352		2		3
200.794		179.218		2100		2		3
220.006		220.728		2122		2		3
217.6		252.465		2238		2		3
215.775		257.464		2309		2		3
151.407		261.292		1964		2		3
134.67		289.065		2214		2		3
131.637		348.252		2176		2		3
128.117		362.963		2150		2		3
179.476		264.553		1980		2		3
183.406		308.006		2305		1		3
152.307		348.977		2186		2		3
166.403		352.114		2198		2		3
181.429		164.424		2111		2		3
129.462		266.366		2358		2		3
131.339		254.385		2352		2		3
213.201		265.2		2291		2		3
209.747		253.332		0		2		3
Frame 41
175.301		270.034		1982		2		3
181.106		209.813		2030		2		3
185.105		154.205		2250		2		3
185.516		134.824		2283		2		3
155.617		177.012		2082		2		3
132.333		219.885		2172		2		3
131.778		251.614		2313		2		3
130.863		260.513		2383		2		3
202.787		180.779		2101		2		3
224.319		221.561		2118		2		3
222.558		253.649		2246		2		3
222.425		258.974		2313		2		3
161.003		269.231		1971		2		3
138.869		301.762		2267		2		3
132.709		351.614		2180		2		3
128.951		366.725		2154		2		3
189.502		270.83		1994		2		3
176.951		298.685		2279		2		3
150.385		358.471		2168		2		3
159.455		345.362		2205		2		3
183.9		167.569		2124		2		3
132.697		268.397		2388		2		3
136.125		261.379		2410		2		3
221.002		267.333		2290		2		3
215.862		256.884		2326		2		3
Frame 42
178.358		271.101		1970		2		3
184.024		212.085		2032		2		3
190.602		159.511		2260		2		3
188.778		139.972		2281		2		3
163.741		182.038		2092		2		3
137.585		222.542		2192		2		3
133.734		254.905		2331		2		3
134.854		263.412		2409		2		3
202.953		181.023		2106		2		3
230.097		221.782		2117		2		3
231.124		253.172		2234		2		3
229.652		259.291		2293		2		3
164.778		271.432		1975		2		3
141.691		303.796		2268		2		3
132.059		353.498		2177		2		3
151.223		350.485		2183		2		3
191.57		270.836		1987		2		3
177.955		296.132		2322		1		3
153.094		349.687		2183		2		3
165.661		332.591		2226		2		3
188.873		172.078		2126		2		3
136.354		271.146		2425		2		3
141.541		258.083		2393		2		3
226.747		268.747		2302		2		3
223		258.854		0		2		3
Frame 43
177.226		275.242		1966		2		3
185.877		217.176		2035		2		3
193.893		163.94		2257		2		3
191.591		144.507		2289		2		3
164.396		186.84		2113		2		3
143.45		228.665		2207		2		3
137.784		257.484		2348		2		3
138.538		266.223		2433		2		3
214.785		189.981		2114		2		3
238.203		225.474		2123		2		3
236.723		255.986		2251		2		3
236.771		261.968		2310		2		3
163.293		275.956		1987		2		3
141.692		298.694		2276		2		3
133.598		347.779		2198		2		3
133.33		362.818		2204		2		3
191.027		274.918		1970		2		3
183.052		303.194		2309		1		3
151.255		363.538		2161		2		3
162.455		346.481		2204		2		3
191.949		176.839		2131		2		3
141.006		273.773		2457		2		3
145.091		262.625		2422		2		3
233.33		270.998		2320		2		3
230.795		256.974		2293		2		3
Frame 44
183.342		280.579		1971		2		3
191.817		223.113		2032		2		3
199.435		169.683		2261		2		3
196.74		150.296		2277		2		3
170.876		194.916		2102		2		3
145.518		232.659		2225		2		3
139.433		258.487		2375		2		3
141.928		268.303		2459		2		3
218.593		192.743		2125		2		3
245.622		225.957		2120		2		3
246.415		256.583		2241		2		3
245.165		262.726		2312		2		3
169.78		281.097		1997		2		3
140.669		298.096		0		2		3
135.622		350.403		2180		2		3
130.519		365.061		2156		2		3
196.919		280.059		1971		2		3
189.628		310.556		2318		1		3
156.907		349.404		2183		2		3
170.724		333.389		2240		2		3
197.612		182.715		2137		2		3
145.221		276.635		2481		2		3
148.673		263.082		2444		2		3
242.665		271.999		2312		2		3
238.399		261.705		2301		2		3
Frame 45
189.498		286.126		1975		2		3
196.989		227.89		2042		2		3
203.904		174.09		2256		2		3
198.229		155.133		2287		2		3
176.514		198.363		2118		2		3
151.539		235.397		2234		2		3
146.815		264.667		2438		2		3
145.615		271.33		2495		2		3
223.867		196.285		2116		2		3
253.913		223.979		2111		2		3
255.302		254.925		2235		2		3
254.079		261.941		2276		2		3
176.275		285.533		1993		2		3
145.555		307.607		2278		2		3
132.226		356.449		2161		2		3
140.481		365.804		2274		2		3
202.717		286.771		1996		2		3
192.859		319.474		2310		1		3
152.341		348.911		2208		2		3
167.908		336.278		2232		2		3
202.222		187.172		2141		2		3
149.001		278.2		2503		2		3
152.668		267.341		2478		2		3
249.998		272.499		2337		2		3
247.11		262.334		2301		2		3
Frame 46
200.085		292.411		1974		2		3
205.499		233.713		2049		2		3
210.254		180.757		2261		2		3
203.699		161.664		2289		2		3
181.174		208.577		2128		2		3
153.066		240.504		2269		2		3
149.176		264.733		2457		2		3
149.422		271.631		2522		2		3
231.784		202.304		2130		2		3
263.478		225.096		2113		2		3
265.706		255.784		2231		2		3
263.805		262.592		2282		2		3
185.322		292.907		1993		2		3
155.393		295.31		2246		2		3
134.266		352.047		2168		2		3
140.719		364.941		2330		2		3
214.911		291.919		1980		2		3
204.241		314.639		2302		1		3
162.491		340.896		2234		2		3
174.534		332.176		2261		2		3
209.123		193.527		2146		2		3
151.336		279.331		2534		2		3
156.668		271.333		2520		2		3
260.135		273.139		2312		2		3
257.73		255.943		2294		2		3
Frame 47
212.336		296.18		1978		2		3
215.115		238.374		2051		2		3
217.523		186.063		2260		2		3
208.235		167.621		2293		2		3
191.433		212.659		2138		2		3
161.118		242.51		2271		2		3
151.89		263.132		2471		2		3
152.844		270.271		2539		2		3
231.98		203.084		2136		2		3
273.089		225.094		2114		2		3
276.423		256.209		2237		2		3
273.407		265.753		2309		2		3
198.84		297.415		1993		2		3
162.145		305.161		2285		2		3
134.884		352.134		2176		2		3
141.374		364.879		2330		2		3
225.864		294.947		2001		2		3
205.676		316.421		2326		1		3
151.77		358.704		2166		2		3
164.943		350.132		2198		1		3
216.955		198.691		2158		2		3
155.084		277.763		2562		2		3
160.005		266.962		2517		2		3
268.332		273.998		2346		2		3
266.657		262.057		2316		2		3
Frame 48
211.858		303.149		1987		2		3
218.802		246.224		2056		2		3
225.108		193.901		2259		2		3
215.751		175.19		2282		2		3
196.923		222.262		2152		2		3
167.33		245.717		2283		2		3
159.501		263.943		2486		2		3
157.512		269.474		2575		2		3
247.515		214.293		2139		2		3
283.997		228.082		2113		2		3
286.092		258.626		2239		2		3
283.585		268.554		2318		2		3
198.073		303.162		2004		2		3
161.139		314.659		2271		2		3
132.368		356.751		2165		2		3
142.084		364.392		2304		2		3
225.717		303.143		1972		2		3
210.951		328.977		2348		1		3
157.483		366.926		2104		1		3
137.965		363.637		2254		2		3
223.588		206.599		2166		2		3
160.502		274.998		2591		2		3
164.752		266.009		2545		2		3
279.883		276.442		2320		2		3
277.229		263.97		2296		2		3
Frame 49
224.107		308.472		1998		2		3
229.317		253.045		2062		2		3
234.067		201.997		2261		2		3
226.737		182.147		2264		2		3
206.56		228.889		2164		2		3
174.379		250.532		2291		2		3
158.485		265.145		2507		2		3
159.931		267.7		2539		2		3
256.976		221.134		2139		2		3
294.002		233.233		2119		2		3
296.338		262.535		2264		2		3
294.28		270.471		2303		2		3
209.461		309.472		2000		2		3
164.718		315.227		2275		2		3
135.794		357.874		2177		2		3
129.334		372.884		2146		2		3
238.859		307.474		2027		2		3
224.614		323.158		2065		1		3
237.765		328.648		2050		2		3
217.836		322.639		2063		1		3
232.921		214.392		2161		2		3
160.366		272.178		2586		2		3
165.399		266.601		2586		2		3
290.659		280.665		2325		2		3
287.959		268.678		2311		2		3
Frame 50
235.888		314.164		2009		2		3
240.934		259.586		2073		2		3
245.553		209.389		2253		2		3
236.971		189.855		2265		2		3
217.031		236.42		2161		2		3
184.974		254.282		2284		2		3
164.573		260.4		0		2		3
165.053		264.814		2506		2		3
268.753		229.247		2155		2		3
305.678		241.324		2133		2		3
306.181		269.059		2278		2		3
303.407		277.339		2318		2		3
220.513		314.888		2008		2		3
165.533		314.176		2293		2		3
137.067		357.305		2178		2		3
130.726		372.352		2145		2		3
251.389		313.448		2036		2		3
233.89		324.369		2018		1		3
252.49		354.527		2109		1		3
245.601		337.643		2069		2		3
244.436		221.567		2168		2		3
165		268.5		2583		2		3
167.399		263.803		2495		2		3
302.902		286.499		2345		2		3
296.044		277.921		2334		2		3
Frame 51
249.142		322.174		2032		2		3
253.433		268.511		2082		2		3
257.387		219.067		2252		2		3
250.742		198.592		2256		2		3
228.946		243.32		2175		2		3
194.805		258.445		2283		2		3
170.506		266.382		2516		2		3
171.939		263.974		2508		1		3
281.252		239.176		2156		2		3
316.221		254.015		2155		2		3
314.982		280.982		2299		2		3
310.965		286.222		2325		2		3
233.701		322.295		2017		2		3
171.222		313.743		2300		2		3
140.415		355.278		2177		2		3
134.538		370.312		2208		2		3
264.71		322.067		2065		2		3
244.307		330.737		2025		1		3
258.489		350.04		2139		2		3
247.132		354.465		2105		2		3
256.428		231.066		2170		2		3
172.333		268		2556		2		3
172.899		259.7		0		2		3
309.062		294.526		2385		2		3
304.413		287.154		2361		2		3
Frame 52
254.632		328.321		2040		2		3
263.065		277.028		2083		2		3
270.994		228.874		2257		2		3
266.933		207.665		2242		2		3
242.563		251.571		2168		2		3
208.329		264.934		2259		2		3
184.909		264.835		2455		2		3
181.711		263.451		2466		2		3
294.622		251.534		2152		2		3
328.774		269.996		2180		2		3
320.726		294.999		2338		2		3
315.692		300.809		2390		2		3
240.596		326.513		2026		2		3
190.796		311.559		2241		2		3
138.187		354.548		2183		2		3
133.031		369.337		2170		2		3
268.708		330.146		2073		2		3
246.481		334.382		2021		1		3
257.587		346.184		2058		2		3
252.114		359.717		2091		1		3
269.054		240.634		2167		2		3
178.668		268.667		2520		2		3
181.591		259.873		2466		2		3
313.5		306		2459		2		3
308.995		300.923		0		2		3
Frame 53
263.717		338.624		2053		2		3
275.215		288.614		2086		2		3
286.15		241.087		2235		2		3
284.38		219.554		2224		2		3
257.555		260.944		2159		2		3
222.578		269.893		2226		2		3
195.55		268.699		2397		2		3
193.885		266.173		2417		2		3
310.083		264.624		2168		2		3
338.536		288.77		2213		2		3
329.696		313.124		2383		2		3
317.875		311.947		2418		1		3
249.853		336.358		2033		2		3
187.275		315.799		2274		2		3
138.438		354.459		2197		2		3
134.911		369.143		2264		2		3
277.568		340.895		2079		2		3
258.865		351.952		2057		1		3
272.228		366.101		2068		1		3
274.109		382.141		1903		1		3
283.463		252.74		2168		2		3
185.169		271.001		2479		2		3
192.085		261.912		2438		2		3
313.485		317.577		2584		2		3
315.909		309.784		2422		2		3
Frame 54
277.362		347.348		2076		2		3
289.827		299.147		2088		2		3
301.519		253.866		2243		2		3
301.486		232.339		2210		2		3
272.495		270.865		2141		2		3
236.164		277.471		2204		2		3
206.1		274.434		2318		2		3
200.422		271.948		2354		2		3
324.747		278.673		2181		2		3
348		305.884		2226		2		3
340.467		333.293		2348		2		3
327.544		331.857		2372		1		3
260.311		343.327		2039		2		3
192.67		331.093		2293		2		3
150.343		360.23		2162		2		3
135.271		354.813		2184		2		3
294.296		351.339		2104		2		3
276.003		355.715		2089		1		3
291.621		370.323		1981		1		3
286.636		383.518		1896		1		3
298.66		264.916		2161		2		3
190.557		275.334		2397		2		3
198.714		267.57		2422		2		3
324		332		2369		2		3
328.666		329.833		2374		2		3
Frame 55
278.888		359.9		2064		2		3
299.46		310.997		2086		2		3
318.583		265.404		2240		2		3
317.871		243.831		2228		2		3
291.394		281.604		2134		2		3
240.362		280.846		2193		2		3
202.145		278.43		2301		2		3
200.096		278.372		2308		1		3
338.594		291.883		2187		2		3
354.863		324.37		2229		2		3
352.363		356.455		1992		1		3
345.275		362.525		1968		1		3
265.796		355.268		2031		2		3
206.973		319.531		2227		2		3
141.214		341.554		2201		2		3
149.328		359.64		2166		2		3
291.875		364.482		2010		2		3
237.852		337.548		2121		2		3
249.989		351.653		2045		1		3
254.603		369.172		2023		1		3
313.923		276.494		2153		2		3
195.667		278.666		0		2		3
204.401		273.997		0		2		3
341.701		362.596		1967		1		3
346.322		360.386		1973		1		3
Frame 56
291.47		363.42		2006		2		3
313.618		316.659		2087		2		3
333.858		273.762		2257		2		3
339.753		253.265		2249		2		3
302.501		286.638		2134		2		3
250.075		282.518		2167		2		3
213.971		279.261		2273		1		3
210.111		282.438		2221		1		3
354.126		300.301		2200		1		3
361.458		336.81		2226		2		3
345.531		359.509		1963		1		3
338.731		365.403		1947		1		3
279.144		358.739		2038		2		3
218.003		322.843		2213		2		3
156.877		352.33		2191		2		3
156.756		367.259		2078		1		3
303.663		368.031		1957		2		3
246.931		340.825		2088		1		3
260.534		355.514		2039		1		3
266.514		373.213		1983		1		3
328.956		284.135		2145		2		3
207		283.5		2256		2		3
211.002		280.665		2251		2		3
335.229		365.463		1948		1		3
339.792		363.284		1952		1		3
Frame 57
297.87		364.16		1970		2		3
323.201		320.537		2088		2		3
346.783		279.805		2282		2		3
358.236		261.708		2263		2		3
321.172		293.432		2121		2		3
272.204		287.134		2121		2		3
233.573		283.637		2140		2		3
230.339		281.719		2142		2		3
367.179		306.271		2203		1		3
369.527		345.672		2059		1		3
351.213		329.92		2138		1		3
345.802		325.253		2115		1		3
286.576		359.428		2057		2		3
228.372		315.015		2171		2		3
166.98		337.686		2223		2		3
161.95		357.953		2438		1		3
309.141		368.86		1934		2		3
261.13		338.969		2032		1		3
277.035		353.512		2022		1		3
284.809		371.118		1939		1		3
341.035		289.72		2150		2		3
223.842		282.986		2198		2		3
231.745		279.836		2163		2		3
342.391		325.408		2104		1		3
346.787		323.365		2119		1		3
Frame 58
303.872		361.436		2047		2		3
331.905		320.812		2084		2		3
357.548		283.6		2285		2		3
370.511		266.534		2258		2		3
328.418		293.997		2105		2		3
284.786		288.112		2097		2		3
246.357		280.045		2112		2		3
244.441		278.447		2112		2		3
378.069		310.017		2180		1		3
380.464		349.209		2034		1		3
361.298		333.283		2127		1		3
355.62		328.549		2105		1		3
294.211		357.086		2029		2		3
237.345		311.685		2162		1		3
175.275		334.566		2245		1		3
172.75		355.47		2155		1		3
312.572		366.319		1941		2		3
260.766		337.907		2129		1		3
276.776		352.436		2042		1		3
285.483		369.923		1945		1		3
351.339		292.598		2140		2		3
236.873		278.25		2121		2		3
244.241		273.915		0		2		3
352.193		328.698		2097		1		3
356.561		326.655		2112		1		3
Frame 59
308.857		358.684		2050		2		3
339.719		320.024		2076		2		3
367.513		284.806		2284		2		3
381.931		268.787		2265		2		3
329.93		293.139		2094		2		3
286.368		287.895		2095		2		3
248.408		275.919		2143		1		3
248.804		276.397		2108		1		3
388.215		311.223		2209		1		3
390.657		350.355		2025		1		3
394.387		359.192		1983		2		3
401.074		359.895		1973		2		3
297.615		355.24		2012		2		3
247.366		305.33		2140		1		3
186.053		327.984		2229		1		3
183.649		348.615		2253		1		3
320.447		361.767		1977		2		3
256.979		346.157		2200		1		3
272.737		362.27		2117		1		3
280.584		380.779		1898		1		3
360.789		293.348		2133		2		3
246		278		2106		2		3
250.001		275.201		2109		2		3
409.375		369.437		1928		2		3
390.502		362.208		1977		2		3
Frame 60
312.562		360.725		2062		2		3
345.069		321.56		2072		2		3
375.987		285.292		2273		2		3
388.556		267.841		2269		2		3
338.354		290.74		2094		2		3
286.35		286.85		2091		2		3
247.485		280.242		4885		1		3
239.677		271.819		0		1		3
388.789		310.876		2182		2		3
391.296		351.025		2030		1		3
399.513		358.049		1986		2		3
402.753		360.467		1974		2		3
299.807		356.004		2024		2		3
249.159		311.466		2167		1		3
186.943		334.391		2404		1		3
184.533		355.37		2130		1		3
326.167		366.068		1969		2		3
261.393		346.267		2201		1		3
277.8		362.346		2129		1		3
284.957		380.949		1898		1		3
368.57		294.155		2118		2		3
236.845		273.404		0		1		3
240.924		270.65		0		1		3
409.364		370.091		1925		2		3
393		362.674		1979		2		3
Frame 61
313.375		359.222		2022		2		3
347.673		321.104		2060		2		3
380.743		285.613		2275		2		3
392.91		267.859		2260		2		3
343.542		291.094		2086		1		3
295.589		287.114		2080		2		3
256.391		280.749		4877		1		3
248.636		272.295		4893		1		3
389.344		308.481		2135		2		3
397.632		340.168		2259		2		3
391.901		358.908		1989		2		3
389.922		360.731		1987		2		3
300.514		351.21		2033		2		3
256.193		306.013		2140		1		3
190.875		303.743		2245		2		3
188.45		321.069		2204		1		3
326.444		365.984		1971		2		3
264.086		343.965		2182		1		3
280.941		359.714		2161		1		3
287.264		378.422		1946		1		3
372.519		294.241		2111		2		3
245.827		273.886		4873		1		3
249.836		271.121		0		1		3
387.651		362.997		1993		2		3
375.232		355.342		2025		2		3
Frame 62
309.143		348.823		2023		2		3
348.982		318.555		2080		2		3
387.459		286.535		2274		2		3
401.523		270.095		2253		2		3
350.753		292.127		2090		1		3
298.119		287.41		2088		2		3
260.232		293.069		2173		2		3
251.937		293.118		2173		1		3
395.291		315.007		2136		2		3
394.848		350.235		2200		2		3
403.041		364.639		1963		2		3
401.409		364.234		1969		2		3
298.339		340.389		2065		2		3
270.2		295.145		2103		2		3
203.182		287.852		2142		2		3
188.226		299.603		2246		2		3
319.961		357.237		2031		2		3
260.807		345.845		2214		1		3
203.795		314.658		2197		2		3
205.373		327.969		0		2		3
377.346		294.046		2111		2		3
238.72		287.5		2174		2		3
257.519		287.313		2256		2		3
399.997		366.754		1959		2		3
391.143		361.857		1984		2		3
Frame 63
307.472		345.776		2043		2		3
350.459		317.037		2083		2		3
394.139		288.643		2268		2		3
406.062		270.615		2264		2		3
357.958		294.454		2095		1		3
310.558		291.221		2080		2		3
270.098		296.474		2155		1		3
263.084		294.041		2154		1		3
396.899		316.653		2100		2		3
411.923		345.07		2227		1		3
403.531		363.468		1968		2		3
397.335		360.478		1989		2		3
297.103		335.977		2140		2		3
273.327		288.78		2210		2		3
205.5		285.45		2153		2		3
191.025		297.137		2206		2		3
317.845		355.158		2020		2		3
271.977		325.632		2195		2		3
207.679		309.864		2213		2		3
209.329		323.043		2200		2		3
383.194		295.165		2117		2		3
248.532		288.689		2170		2		3
266.933		287.647		2227		2		3
397.665		366.166		1958		2		3
387.418		353.194		2033		2		3
Frame 64
304.004		343.441		2100		2		3
352.968		316.697		2091		2		3
401.424		291.293		2264		2		3
411.867		272.363		2268		2		3
381.533		303.627		2088		2		3
328.303		294.26		2074		2		3
288.094		295.376		2099		2		3
281.794		296.77		2124		1		3
396.923		314.966		2083		2		3
406.271		348.759		2206		1		3
398.471		362.538		1987		1		3
390.965		361.701		2009		1		3
295.752		333.868		2147		2		3
261.299		294.35		2164		1		3
189.396		290.591		2128		1		3
190.904		304.261		2196		2		3
312.461		353.41		2038		2		3
267.402		321.202		2216		1		3
230.362		323.649		2186		2		3
233.408		337.514		2326		2		3
389.321		297.197		2113		2		3
271.919		296.823		2155		2		3
274.67		290.221		2190		2		3
397		367		1953		2		3
381.909		357.09		2019		2		3
Frame 65
313.907		342.085		2059		2		3
362.469		316.92		2095		2		3
405.697		293.104		2260		2		3
417.111		274.912		2276		2		3
385.575		305.373		2079		1		3
331.429		302.399		2072		2		3
277.225		305.25		2135		1		3
264.961		301.3		2146		2		3
401.685		316.82		2087		2		3
390.752		356.313		2021		2		3
389.667		358.547		2014		1		3
389.251		359.404		2014		2		3
306.349		330.047		2082		2		3
264.239		294.447		2168		2		3
197.78		290.95		2126		1		3
183.646		305.826		2178		2		3
321.557		354.248		2027		2		3
264.55		307.266		2161		2		3
214.965		318.317		2178		2		3
195.532		314.646		2164		2		3
395.29		299.034		2110		2		3
249.959		301.056		2159		2		3
262.51		295.419		2154		2		3
395.967		365.289		1994		1		3
379.177		354.279		2079		1		3
Frame 66
316.27		341.328		2062		2		3
365.328		317.187		2090		2		3
411.809		295.592		2261		2		3
421.233		276.226		2278		2		3
392.47		308.231		2086		1		3
338.754		302.659		2071		2		3
296.538		294.454		2138		2		3
283.958		296.371		2173		1		3
405.626		317.572		2076		2		3
387.638		353.603		2064		2		3
406.24		358.172		2085		1		3
413.384		359.884		2087		1		3
309.36		328.588		2079		2		3
275.961		284.027		3635		1		3
209.807		277.837		0		1		3
197.154		293.252		2123		2		3
323.48		354.061		2027		2		3
261.461		309.846		2204		2		3
229.305		348.629		2223		1		3
218.994		330.672		2160		2		3
400.315		300.681		2110		2		3
269.733		293.175		2204		2		3
285.156		291.411		2223		2		3
420.583		365.716		2023		1		3
403.002		354.826		2118		1		3
Frame 67
316.281		341.36		2092		2		3
365.977		317.485		2084		2		3
412.711		295.877		2265		2		3
427.604		280.309		2262		2		3
392.823		308.348		2079		1		3
339.059		307.444		2078		2		3
299.142		298.734		2111		1		3
289.384		300.035		2152		1		3
405.342		317.878		2076		2		3
392.196		356.324		2031		2		3
393.688		351.536		2087		1		3
394.255		349.71		2089		2		3
309.131		328.285		2095		2		3
276.068		283.547		3698		1		3
209.614		282.434		3850		1		3
197.498		296.713		2121		2		3
324.052		355.154		2028		2		3
262.718		310.825		2184		1		3
230.631		349.523		2202		1		3
219.783		331.952		2164		2		3
401.313		301.059		2095		2		3
277.071		293.656		2224		2		3
289.218		293.302		2206		2		3
401.065		355.374		2051		1		3
384.152		344.717		2054		1		3
Frame 68
317.046		341.393		2085		2		3
367.528		318.009		2082		2		3
414.523		296.633		2263		2		3
431.31		283.19		2261		2		3
393.275		308.557		2075		1		3
339.85		306.428		2067		2		3
299.749		297.814		2152		1		3
289.726		300.958		2174		1		3
406.003		318.127		2062		2		3
385.402		353.518		2074		2		3
399.012		348.024		2087		1		3
404.216		345.91		2093		2		3
309.683		328.25		2092		2		3
276.045		283.972		0		1		3
209.621		286.239		0		1		3
199.315		303.645		2126		2		3
324.55		355.077		2028		2		3
263.809		309.866		2172		1		3
231.745		348.542		2182		1		3
218.696		332.915		2190		2		3
403.13		301.812		2096		2		3
277.317		297.55		2224		2		3
292.142		295.856		2208		2		3
411.287		351.52		2137		1		3
393.91		340.947		2056		1		3
Frame 69
326.016		348.693		2018		2		3
376.47		323.652		2052		2		3
423.169		300.251		2236		2		3
427.881		279.066		2278		2		3
401.662		312.26		2075		1		3
348.231		302.707		2060		2		3
297.86		292.409		3552		1		3
292.214		301.971		2192		2		3
412.52		319.648		2065		2		3
385.404		353.512		2066		2		3
398.538		347.517		2074		1		3
403.556		345.215		2074		1		3
316.925		334.583		2083		2		3
285.586		287.851		3612		1		3
219.335		295.396		3519		1		3
206.177		310.125		2130		2		3
335.155		362.848		2038		2		3
274.008		317.268		2165		1		3
208.349		338.704		2177		2		3
188.641		337.134		2170		2		3
411.852		305.964		2095		2		3
286.405		300.719		2198		2		3
288.6		297.6		2225		2		3
410.614		350.811		2107		1		3
393.635		340.656		2059		1		3
Frame 70
327.149		348.348		2014		2		3
376.689		323.278		2059		2		3
422.972		299.765		2241		2		3
431.361		279.755		0		2		3
401.521		311.769		2076		1		3
348.207		300.194		2066		2		3
301.053		290.047		3576		1		3
301.818		301.63		2167		1		3
414.664		319.449		2065		2		3
397.274		356.19		2039		2		3
409.924		347.301		2081		1		3
414.726		343.911		2101		1		3
317.594		334.234		2070		2		3
285.527		288.125		3643		1		3
220.373		302.921		3335		2		3
222.768		316.022		2150		2		3
336.905		362.517		2030		2		3
278.456		313.419		2148		1		3
240.558		339.954		2220		2		3
223.717		331.07		2330		2		3
411.753		305.536		2089		2		3
421.899		349.371		2153		1		3
404.445		339.072		2065		1		3
Frame 71
323.479		342.474		2043		2		3
375.875		321.851		2074		2		3
422.972		299.762		2243		2		3
432.611		280.289		2277		2		3
399.62		310.986		2083		1		3
346.272		300.596		2061		2		3
302.551		291.403		3536		1		3
302.663		302.888		2144		1		3
414.497		319.566		2060		2		3
388.997		353.946		2067		2		3
400.338		346.07		2078		1		3
404.658		343.061		2068		2		3
315.81		330.131		2063		2		3
282.816		285.107		3748		1		3
219.785		305.736		3272		1		3
221.69		318.75		2183		2		3
330.859		354.885		2021		2		3
271.044		308.386		2253		1		3
229.087		333.338		2178		1		3
210.405		328.849		2134		2		3
411.698		305.421		2083		2		3
303.573		300.017		3334		1		3
411.715		348.591		2103		1		3
394.386		338.149		2052		1		3
Frame 72
324.541		343.578		2021		2		3
376.068		321.344		2070		2		3
423.045		299.529		2231		2		3
433.464		280.422		2243		2		3
398.922		310.354		2076		1		3
345.308		301.985		2061		2		3
302.146		293.214		3559		1		3
299.6		306.797		2211		1		3
414.477		319.804		2065		2		3
388.898		353.935		2049		2		3
375.85		362.109		2016		1		3
370.902		365.198		1982		1		3
316.39		330.15		2052		2		3
261.326		317.721		2215		2		3
209.074		335.38		2148		2		3
210.919		349.663		2149		2		3
332.888		357.593		2006		2		3
271.963		310.813		2276		1		3
221.662		329.79		2169		1		3
202.518		334.317		2167		2		3
411.768		305.028		2083		2		3
294		307.499		2242		2		3
295.664		306.334		0		2		3
377.204		371.214		1926		1		3
361.106		359.987		2006		1		3
Frame 73
325.029		348.225		2006		2		3
376.47		322.275		2059		2		3
423.028		299.534		2228		2		3
433.442		280.419		2259		2		3
397.363		309.926		2076		1		3
343.824		305.312		2059		2		3
304.458		315.654		2087		2		3
293.363		321.431		2149		1		3
414.326		319.744		2069		2		3
388.106		354.107		2063		2		3
375.463		362.406		2015		1		3
370.665		365.547		1985		1		3
316.903		334.779		2038		2		3
261.883		318.223		2238		2		3
209.083		335.525		2156		2		3
211.817		349.822		2152		1		3
333.297		361.883		2013		2		3
269.525		314.79		2257		1		3
217.909		333.755		2171		1		3
198.52		335.666		2175		2		3
411.755		305.058		2085		2		3
279.906		324.628		2182		2		3
296.33		308.832		2245		2		3
376.971		371.58		1936		1		3
361.017		360.108		2014		1		3
Frame 74
318.406		341.748		2046		2		3
373.666		320.263		2073		2		3
422.113		298.846		2227		2		3
433.609		280.532		2245		2		3
394.859		308.509		2070		1		3
341.326		305.044		2061		1		3
301.92		315.373		2118		1		3
291.888		320.335		2158		1		3
412.277		319.01		2067		2		3
395.979		356.501		2046		2		3
385.57		362.337		2040		1		3
381.614		364.548		2015		1		3
311.411		330.65		2068		2		3
264.444		324.861		2209		2		3
213.769		334.84		2163		2		3
215.681		349.099		2170		1		3
325.585		353.052		2008		2		3
286.24		313.246		2199		2		3
274.141		362.016		2048		1		3
256.232		356.315		2180		1		3
410.415		304.061		2090		2		3
278.06		324.636		2189		2		3
297.224		307.751		2212		2		3
388.133		370.521		1958		1		3
371.686		359.376		2023		1		3
Frame 75
316.926		336.093		2033		2		3
372.724		318.555		2085		2		3
422.037		298.91		2229		2		3
431.611		279.387		2246		2		3
394.585		308.569		2073		1		3
341.115		305.309		2062		1		3
301.66		315.419		2119		1		3
291.383		319.785		2157		1		3
412.4		319.423		2076		2		3
395.941		356.801		2039		2		3
385.737		362.116		2043		1		3
381.859		364.128		2015		1		3
311.78		325.472		2074		2		3
266.017		315.49		2234		2		3
209.133		334.26		2154		2		3
211.357		348.556		2166		1		3
321.971		346.958		2016		2		3
288.248		317.403		2169		1		3
272.989		362.905		2079		1		3
255.192		356.967		2180		1		3
410.288		304.005		2099		2		3
277.203		323.243		2195		2		3
296.63		306.871		2217		2		3
388.383		370.092		1964		1		3
371.743		359.279		2028		1		3
Frame 76
315.68		339.007		2042		2		3
371.598		318.536		2092		2		3
421.943		298.955		2229		2		3
430.207		278.799		2252		2		3
394.329		308.576		2080		1		3
340.297		305.159		2059		2		3
296.573		312.682		2147		1		3
286.338		317.438		2172		1		3
412.275		319.451		2084		2		3
394.611		356.123		2046		2		3
383.933		362.234		2039		1		3
379.876		364.548		2023		1		3
309.106		329.881		2074		2		3
258.673		326.254		2219		2		3
209.303		334.102		2144		2		3
210.473		348.384		2159		1		3
322.354		348.256		2011		2		3
282.049		310.35		2221		1		3
273.747		362.352		2081		1		3
255.925		356.501		2174		1		3
410.058		304.006		2100		2		3
272.104		318.747		2199		2		3
293.207		306.094		2254		2		3
386.359		370.525		1959		1		3
370.264		359.372		2022		1		3
Frame 77
314.01		340.934		2059		2		3
368.711		319.131		2091		2		3
418.688		298.398		2235		2		3
429.267		279.465		2261		2		3
390.475		307.702		2084		1		3
336.901		305.651		2062		1		3
293.948		313.626		2147		1		3
286.954		318.419		2172		2		3
411.195		319.98		2083		2		3
394.179		356.832		2046		2		3
384.034		361.41		2052		1		3
380.18		363.143		2042		1		3
307.211		331.985		2080		2		3
242.433		324.19		2189		2		3
193.365		332.148		2147		2		3
195.173		345.062		2113		2		3
320.893		350.028		2021		2		3
295.841		323.635		2123		1		3
280.479		368.701		2013		1		3
262.314		363.168		2075		1		3
406.615		303.565		2101		2		3
278.525		318.888		2179		2		3
291.329		309.73		2195		2		3
386.676		369.096		1974		1		3
370.394		358.125		2041		1		3
Frame 78
314.842		339.974		2054		2		3
369.098		318.941		2083		2		3
418.856		298.5		2233		2		3
426.836		278.308		2256		2		3
390.969		307.882		2077		1		3
337.218		304.435		2067		2		3
295.168		312.056		2134		1		3
287.859		317.466		2161		1		3
411.108		319.903		2095		2		3
393.269		356.277		2041		2		3
382.923		361.304		2053		1		3
378.992		363.208		2042		1		3
308.083		330.602		2068		2		3
257.839		325.518		2214		2		3
198.191		331.618		2158		2		3
181.837		337.33		2149		2		3
321.724		349.672		2019		2		3
288.72		316.71		2157		1		3
273.516		362.042		2051		1		3
255.084		357.202		2137		1		3
406.763		303.592		2109		2		3
280.07		317.572		2172		2		3
281.099		309.699		2216		2		3
385.464		369.165		1965		1		3
369.092		358.038		2039		1		3
Frame 79
314.829		339.967		2060		2		3
369.145		318.867		2081		2		3
418.912		298.542		2234		2		3
424.984		277.71		2272		2		3
391.324		307.986		2079		1		3
337.549		304.105		2076		1		3
295.567		311.606		2144		1		3
288.604		317.702		2166		1		3
410.994		319.837		2096		2		3
393.252		356.285		2039		2		3
382.868		361.378		2051		1		3
378.923		363.306		2039		1		3
308.064		330.537		2069		2		3
257.815		325.593		2225		2		3
201.151		333.023		2140		2		3
184.193		337.062		2131		2		3
321.669		349.68		2029		2		3
281.989		313.237		2189		2		3
267.628		359.087		2117		1		3
249.299		354.453		2207		1		3
406.8		303.592		2119		2		3
280.737		318.426		2182		2		3
281.218		311.424		2209		2		3
385.39		369.262		1974		1		3
369.205		358.215		2044		1		3
Frame 80
314.183		340.609		2047		2		3
368.977		318.954		2080		2		3
418.863		298.552		2232		2		3
422.928		277.207		2293		2		3
391.5		308.04		2084		1		3
337.717		303.938		2083		1		3
295.738		311.377		2134		1		3
288.698		317.599		2162		1		3
410.869		319.766		2101		2		3
393.286		356.316		2037		2		3
382.846		361.508		2047		1		3
378.879		363.473		2042		1		3
307.192		331.025		2072		2		3
258.096		325.716		2223		2		3
205.265		334.513		2151		2		3
206.985		348.871		2159		1		3
321.082		350.631		2025		2		3
280.777		316.134		2180		2		3
265.84		361.211		2096		1		3
247.818		356.093		2166		1		3
406.776		303.596		2128		2		3
280.924		318.152		2176		2		3
292.571		306.428		2221		2		3
385.343		369.431		1964		1		3
369.363		358.424		2051		1		3
Frame 81
314.244		340.684		2048		2		3
368.807		318.886		2080		2		3
418.215		298.421		2238		2		3
422.502		277.188		2282		2		3
391.515		308.044		2091		1		3
337.721		303.807		2090		1		3
295.741		311.208		2135		1		3
288.796		318.257		2158		1		3
410.725		319.747		2101		2		3
393.143		356.31		2041		2		3
382.683		361.526		2057		1		3
378.709		363.501		2039		1		3
307.352		330.424		2076		2		3
258.409		325.916		2229		2		3
205.069		334.771		2158		2		3
206.848		349.131		2153		1		3
321.25		351.298		2031		2		3
278.135		313.387		2218		2		3
263.385		358.158		2118		1		3
245.771		353.384		2209		1		3
406.344		303.472		2133		2		3
281.073		318.822		2178		2		3
281.25		311.874		2215		2		3
385.166		369.457		1959		1		3
369.198		358.433		2048		1		3
Frame 82
314.303		340.783		2048		2		3
368.691		318.863		2086		2		3
417.811		298.363		2234		2		3
421.751		277.101		2298		2		3
391.622		308.083		2082		1		3
337.828		303.743		2087		1		3
295.824		311.113		2130		1		3
289.017		318.261		2160		1		3
410.625		319.678		2091		2		3
393.288		356.387		2038		2		3
382.759		361.743		2044		1		3
378.759		363.77		2043		1		3
307.442		330.257		2074		2		3
258.662		325.992		2230		2		3
202.186		335.057		2156		2		3
203.9		349.394		2150		1		3
321.336		351.66		2024		2		3
278.496		313.124		2221		2		3
263.743		357.886		2152		1		3
245.985		353.648		2204		1		3
406.05		303.41		2128		2		3
281.307		319.841		2179		2		3
291.206		308.288		2215		2		3
385.214		369.729		1962		1		3
369.326		358.639		2042		1		3
Frame 83
314.424		340.681		2045		2		3
368.623		318.766		2081		2		3
417.407		298.28		2242		2		3
421.988		277.212		2284		2		3
391.76		308.12		2090		1		3
337.97		303.682		2092		1		3
295.938		311.021		2141		1		3
288.96		317.879		2174		1		3
410.559		319.604		2099		2		3
393.36		356.403		2043		2		3
382.851		361.712		2055		1		3
378.86		363.722		2039		1		3
307.733		329.897		2078		2		3
259.003		326.114		2232		2		3
199.664		334.106		2162		2		3
201.317		348.363		2148		1		3
321.374		351.651		2026		2		3
278.69		313.027		2223		1		3
263.939		357.777		2148		1		3
246.254		353.352		2210		1		3
405.752		303.303		2129		2		3
281.403		319.157		2185		2		3
281.5		312.499		2218		2		3
385.312		369.675		1965		1		3
369.414		358.613		2048		1		3
Frame 84
314.936		340.441		2049		2		3
368.67		318.63		2081		2		3
417.285		298.228		2246		2		3
422.067		277.263		2287		2		3
391.983		308.161		2092		1		3
338.191		303.633		2097		1		3
296.11		310.942		2138		1		3
289.116		317.239		2172		1		3
410.548		319.574		2102		2		3
393.514		356.465		2037		2		3
382.962		361.881		2054		1		3
378.954		363.932		2055		1		3
308.192		329.382		2066		2		3
259.041		326.212		2232		2		3
199.533		333.99		2160		2		3
201.261		348.231		2146		1		3
321.866		351.667		2026		2		3
282.406		311.614		2216		1		3
267.57		356.425		2191		1		3
249.717		352.428		2218		1		3
405.677		303.24		2127		2		3
281.403		318.162		2184		2		3
281.396		312.118		2206		2		3
385.405		369.886		1958		1		3
369.468		358.742		2047		1		3
Frame 85
315.03		340.364		2040		2		3
368.676		318.54		2084		2		3
417.22		298.179		2246		2		3
422.207		277.268		2277		2		3
392.172		308.194		2089		1		3
338.379		303.596		2089		1		3
296.261		310.883		2137		1		3
289.181		317.136		2169		1		3
410.526		319.54		2095		2		3
393.743		356.581		2041		2		3
383.189		362.015		2044		1		3
379.181		364.072		2011		1		3
308.331		329.199		2066		2		3
259.07		326.3		2231		2		3
202.858		334.226		2155		2		3
204.749		348.493		2150		1		3
321.917		351.66		2034		2		3
281.997		311.726		2225		1		3
267.174		356.52		2187		1		3
249.341		352.434		2217		1		3
405.624		303.178		2121		2		3
281.436		318.341		2190		2		3
283.343		311.077		2216		2		3
385.661		370.009		1946		1		3
369.585		358.835		2049		1		3
Frame 86
315.126		340.246		2050		2		3
368.692		318.476		2093		2		3
417.183		298.165		2254		2		3
422.535		277.468		2311		2		3
392.356		308.259		2099		1		3
338.565		303.599		2096		1		3
296.408		310.864		2148		1		3
290.02		317.143		2172		1		3
410.533		319.519		2099		2		3
393.753		356.552		2042		2		3
383.101		362.228		2041		1		3
379.055		364.376		2018		1		3
308.499		328.998		2076		2		3
259.134		326.3		2233		2		3
203.398		334.314		2167		2		3
205.335		348.568		2158		1		3
321.961		351.602		2032		2		3
281.596		311.767		2232		1		3
266.796		356.519		2185		1		3
248.98		352.375		2207		1		3
405.597		303.145		2120		2		3
281.698		318.09		2193		2		3
285.15		310.834		2219		2		3
385.518		370.318		1949		1		3
369.415		359.077		2030		1		3
Frame 87
310.934		329.676		2065		2		3
367.008		315.05		2114		2		3
417.182		298.158		2251		2		3
423.058		277.807		2276		2		3
392.494		308.302		2094		1		3
338.703		303.597		2098		1		3
296.521		310.847		2149		1		3
290.109		317.117		2181		1		3
410.579		319.511		2107		2		3
393.835		356.549		2043		2		3
383.159		362.3		2043		1		3
379.104		364.477		2018		1		3
306.024		319.484		2118		2		3
258.098		326.502		2233		2		3
203.988		334.449		2171		2		3
205.257		348.652		2153		1		3
315.922		340.026		2045		2		3
276.215		307.564		2275		1		3
266.601		356.541		2186		1		3
248.81		352.389		2212		1		3
405.427		302.853		2127		2		3
281.832		317.66		2190		2		3
283.872		311.649		2225		2		3
385.57		370.409		1942		1		3
369.434		359.162		2028		1		3
