sit
Frame 0
282.096		244.266		2029		2		0
281.859		193.885		1988		2		0
281.762		142.679		1976		2		0
282.237		115.044		1916		2		0
253.77		162.524		2063		2		0
250.334		207.661		2085		2		0
249.987		246.395		2054		2		0
252.819		254.243		2045		1		0
308.383		163.893		2008		2		0
318.443		211.915		2022		2		0
324.948		251.523		1981		2		0
323.108		260.47		1991		2		0
270.031		243.912		2028		2		0
267.844		296.007		2072		2		0
263.905		343.774		2175		2		0
261.351		359.46		2166		2		0
294.332		244.623		2013		2		0
293.986		293.411		2098		2		0
286.433		341.198		2209		2		0
284.868		356.632		2186		2		0
281.776		155.582		2000		2		0
253		263.334		2062		2		0
245.552		253.407		2072		2		0
319.62		268.376		2008		2		0
318.315		258.106		2006		2		0
Frame 1
282.234		244.302		2029		2		0
282.067		193.883		1988		2		0
282.081		142.654		1981		2		0
282.479		115.056		1916		2		0
253.973		162.545		2064		2		0
250.485		207.721		2084		2		0
250.045		246.449		2052		2		0
252.81		254.519		2041		2		0
308.648		163.9		2007		2		0
318.629		211.907		2021		2		0
324.932		251.555		1981		2		0
322.972		260.626		2004		2		0
270.159		243.92		2026		2		0
267.87		299.116		2060		2		0
263.937		343.904		2173		2		0
264.775		359.984		2164		2		0
294.485		244.699		2010		2		0
294.069		293.421		2098		2		0
286.635		341.281		2209		2		0
284.993		356.701		2188		2		0
282.064		155.56		1994		2		0
254.199		264.401		2060		2		0
245.574		253.483		2079		2		0
319.815		268.364		1999		2		0
318.371		257.004		2009		2		0
Frame 2
282.398		244.343		2026		2		0
282.316		193.883		1993		2		0
282.487		142.658		1987		2		0
282.764		115.101		1919		2		0
254.265		162.615		2066		2		0
250.673		207.648		2086		2		0
250.1		246.36		2052		2		0
252.637		254.558		2043		1		0
308.945		163.962		2008		2		0
318.803		211.946		2020		2		0
324.913		251.639		1981		2		0
322.965		260.857		2001		2		0
270.316		243.901		2023		2		0
268.122		299.814		2052		2		0
264.296		344.364		2170		2		0
261.602		360.063		2165		2		0
294.669		244.818		2007		2		0
294.231		293.467		2095		2		0
286.74		341.279		2209		2		0
285.038		356.677		2184		2		0
282.428		155.557		2000		2		0
254.249		264.25		2060		2		0
245.845		253.774		2073		2		0
319.811		268.363		2001		2		0
318.723		257.501		2010		2		0
Frame 3
282.638		244.457		2024		2		0
282.566		193.929		1987		2		0
282.828		142.728		1985		2		0
283.03		115.229		1922		2		0
254.477		162.578		2065		2		0
250.81		207.611		2083		2		0
250.13		246.321		2048		2		0
252.394		254.621		2040		2		0
309.214		164.089		2007		2		0
318.927		212.002		2018		2		0
323.748		251.992		1979		2		0
323.572		257.945		1975		2		0
270.512		243.904		2017		2		0
268.431		300.442		2039		2		0
264.29		344.857		2168		2		0
261.533		360.579		2163		2		0
294.964		245.097		2002		2		0
294.24		293.693		2094		2		0
287.088		341.294		2204		2		0
285.344		356.674		2184		2		0
282.743		155.613		2003		2		0
253.599		264.4		2059		2		0
245.887		253.426		2068		2		0
321.57		268.286		1981		2		0
318.062		258.389		2003		2		0
Frame 4
282.863		244.594		2019		2		0
282.836		194.018		1988		2		0
283.178		142.858		1988		2		0
283.379		115.401		1922		2		0
254.811		162.64		2068		2		0
251.053		207.608		2092		2		0
250.185		246.469		2052		2		0
252.462		254.665		2040		2		0
309.522		164.303		2011		2		0
319.069		212.082		2017		2		0
325.571		251.899		1980		2		0
323.733		256.504		1970		2		0
270.724		243.936		2012		2		0
268.527		300.843		2036		2		0
264.508		345.32		2165		2		0
261.72		361.046		2156		2		0
295.195		245.35		2005		2		0
294.237		293.756		2098		2		0
287.452		341.272		2205		2		0
285.687		356.631		2183		2		0
283.073		155.726		2002		2		0
253.25		264.25		2059		2		0
245.629		253.639		2076		2		0
320.663		268.584		1992		2		0
318.443		252.105		2029		2		0
Frame 5
283.195		244.712		2019		2		0
283.141		194.112		1987		2		0
283.499		143.051		1985		2		0
283.828		115.752		1922		2		0
255.05		162.76		2067		2		0
251.152		207.64		2090		2		0
250.248		246.468		2051		2		0
252.368		254.646		2040		2		0
309.818		164.404		2013		2		0
319.153		212.132		2019		2		0
325.659		251.965		1977		2		0
323.951		256.645		1971		2		0
271.044		244.029		2019		2		0
268.657		301.114		2030		2		0
264.657		345.705		2171		2		0
261.824		361.424		2155		2		0
295.522		245.473		2000		2		0
293.822		293.816		2095		2		0
287.628		341.358		2206		2		0
285.82		356.693		2181		2		0
283.391		155.881		2001		2		0
252.5		263.501		2052		2		0
245.709		253.883		2067		2		0
320.814		268.819		1992		2		0
319.114		253.058		2001		2		0
Frame 6
283.448		244.815		2012		2		0
283.399		194.198		1989		2		0
283.796		143.247		1999		2		0
284.224		115.937		1928		2		0
255.261		162.882		2073		2		0
251.295		207.677		2091		2		0
250.276		246.439		2056		2		0
252.473		254.515		2043		1		0
310.063		164.584		2015		2		0
319.187		212.144		2021		2		0
326.07		251.931		1974		2		0
324.28		257.001		1969		2		0
271.288		244.079		2016		2		0
268.863		301.44		2024		2		0
264.786		346.767		2165		2		0
261.952		362.505		2158		2		0
295.774		245.622		2006		2		0
293.609		293.9		2096		2		0
287.742		341.376		2208		2		0
285.934		356.689		2185		2		0
283.683		156.037		2008		2		0
253.667		264.334		2062		2		0
246.048		254.335		2063		2		0
320.83		268.917		1996		2		0
319.407		256.635		2006		2		0
Frame 7
283.61		244.908		2002		2		0
283.563		194.253		1985		2		0
283.98		143.339		1991		2		0
284.52		116.039		1928		2		0
255.426		163.03		2073		2		0
251.455		207.723		2091		2		0
250.285		246.418		2057		2		0
252.615		255.327		2041		2		0
310.277		164.719		2016		2		0
319.226		212.157		2017		2		0
326.229		251.938		1974		2		0
324.515		256.99		1968		2		0
271.465		244.151		2014		2		0
268.97		301.556		2019		2		0
264.771		346.839		2166		2		0
266.88		362.445		2156		2		0
295.916		245.727		1999		2		0
293.771		294.028		2099		2		0
287.751		341.382		2206		2		0
285.896		356.673		2184		2		0
283.865		156.115		2005		2		0
254.25		265.25		2059		2		0
246.437		254.878		2067		2		0
320.927		269		1989		2		0
319.181		252.805		2022		2		0
Frame 8
283.786		245.004		2016		2		0
283.738		194.305		1987		2		0
284.144		143.395		1997		2		0
284.718		116.092		1926		2		0
255.599		163.139		2075		2		0
251.437		207.766		2088		2		0
250.309		246.419		2053		2		0
252.509		255.261		2040		2		0
310.459		164.861		2014		2		0
319.343		212.183		2015		2		0
326.458		251.967		1970		2		0
324.875		257.132		1971		2		0
271.648		244.212		2015		2		0
269.011		301.551		2018		2		0
264.809		346.875		2161		2		0
267.012		362.45		2158		2		0
296.083		245.851		1993		2		0
293.957		294.214		2098		2		0
287.789		341.377		2207		2		0
285.9		356.651		2185		2		0
284.031		156.167		2011		2		0
253.165		264.333		2056		2		0
246.191		254.585		2062		2		0
320.904		269.091		1986		2		0
319.897		256.094		2021		2		0
Frame 9
283.862		245.055		2018		2		0
283.865		194.342		1983		2		0
284.3		143.44		1997		2		0
284.919		116.125		1926		2		0
255.849		163.27		2076		2		0
251.441		207.785		2089		2		0
250.379		247.4		2054		1		0
252.715		256.081		2040		1		0
310.667		164.946		2015		2		0
319.579		212.276		2018		2		0
326.654		252.088		1966		2		0
325.259		257.293		1963		2		0
271.73		244.239		2013		2		0
268.797		301.808		2018		2		0
264.768		346.913		2160		2		0
267.015		362.444		2161		2		0
296.152		245.924		1999		2		0
294.143		294.323		2095		2		0
287.945		341.362		2205		2		0
286.001		356.622		2181		2		0
284.182		156.208		2009		2		0
254.639		263.411		2060		2		0
247.248		258.998		2071		2		0
321.923		268.928		1986		2		0
320.795		255.368		1995		2		0
Frame 10
283.957		245.109		2018		2		0
284.009		194.368		1980		2		0
284.454		143.441		1996		2		0
284.993		116.17		1939		2		0
255.985		163.381		2080		2		0
251.466		207.826		2089		2		0
250.667		246.46		2058		2		0
252.507		254.883		2043		1		0
310.791		164.998		2015		2		0
319.65		212.272		2015		2		0
326.914		252.061		1963		2		0
325.589		257.34		1966		2		0
271.834		244.256		2016		2		0
268.825		301.777		2019		2		0
264.791		346.951		2167		2		0
267.023		362.49		2160		2		0
296.242		246.02		1995		2		0
294.204		294.311		2095		2		0
288.147		341.288		2203		2		0
286.15		356.53		2184		2		0
284.335		156.214		2004		2		0
254.667		265.334		2066		2		0
246.333		254		2069		2		0
321.841		269.076		1979		2		0
321.127		252.217		1993		2		0
Frame 11
283.964		245.13		2017		2		0
284.134		194.396		1985		2		0
284.769		143.489		1998		2		0
284.995		116.192		1930		2		0
256.115		163.453		2079		2		0
251.499		207.823		2091		2		0
250.803		246.456		2058		2		0
252.646		255.503		2042		1		0
310.871		165.038		2015		2		0
319.775		212.291		2015		2		0
327.08		252.086		1966		2		0
325.643		257.267		1967		2		0
271.837		244.258		2012		2		0
268.739		301.835		2015		2		0
264.789		346.961		2160		2		0
267.018		362.518		2158		2		0
296.255		246.082		2001		2		0
294.239		294.32		2100		2		0
288.296		341.228		2203		2		0
286.279		356.455		2180		2		0
284.598		156.255		2009		2		0
257		270		2061		2		0
246.683		256.593		2075		2		0
322.302		269.153		1982		2		0
320.383		253.848		2011		2		0
Frame 12
284.006		245.129		2018		2		0
284.348		194.376		1991		2		0
285.151		143.487		2007		2		0
284.963		116.184		1933		2		0
256.278		163.467		2080		2		0
251.573		207.759		2088		2		0
250.883		246.381		2057		2		0
252.726		255.297		2043		2		0
310.92		165.08		2014		2		0
319.919		212.223		2014		2		0
327.18		252.034		1968		2		0
325.637		257.072		1964		2		0
271.887		244.238		2019		2		0
268.572		301.665		2018		2		0
264.79		346.988		2161		2		0
267.005		362.544		2159		2		0
296.305		246.098		2004		2		0
294.282		294.332		2097		2		0
288.444		341.164		2200		2		0
286.376		356.371		2183		2		0
284.94		156.242		2006		2		0
257		269.999		2061		2		0
246.616		256.506		2074		2		0
322.177		268.909		1986		2		0
322.075		253.359		1983		2		0
Frame 13
283.994		245.123		2021		2		0
284.495		194.316		1991		2		0
285.593		143.393		2001		2		0
284.82		116.249		1932		2		0
256.464		163.471		2084		2		0
251.589		207.731		2093		2		0
250.911		246.34		2056		2		0
252.787		255.336		2044		2		0
310.944		165.086		2010		2		0
319.916		212.167		2016		2		0
327.165		251.981		1969		2		0
325.297		257.027		1963		2		0
271.875		244.223		2022		2		0
268.531		301.663		2018		2		0
264.84		346.967		2163		2		0
266.911		362.592		2157		2		0
296.288		246.096		2005		2		0
294.297		294.283		2096		2		0
288.504		341.151		2202		2		0
286.372		356.326		2182		2		0
285.299		156.151		2007		2		0
256.599		269.798		2069		2		0
246.668		256.212		2074		2		0
322.107		269.001		1973		2		0
319.665		256.754		2020		2		0
Frame 14
283.949		245.094		2023		2		0
284.617		194.216		1994		2		0
285.964		143.251		1997		2		0
284.534		116.294		1923		2		0
256.647		163.513		2086		2		0
251.599		207.759		2092		2		0
250.946		246.347		2052		2		0
252.969		255.16		2049		2		0
310.945		165.084		2018		2		0
319.921		212.051		2014		2		0
327.061		251.881		1970		2		0
324.75		256.567		1962		2		0
271.814		244.16		2022		2		0
268.497		301.566		2020		2		0
264.545		346.784		2164		2		0
266.86		362.244		2157		2		0
296.24		246.072		2004		2		0
294.371		294.321		2099		2		0
288.514		341.13		2201		2		0
286.267		356.281		2183		2		0
285.604		156.015		2010		2		0
256.749		268.749		2069		2		0
246.972		256.008		2071		2		0
322.665		267.933		1976		2		0
319.868		254.008		2007		2		0
Frame 15
283.765		245.02		2031		2		0
284.638		194.159		1992		2		0
286.109		143.22		2005		2		0
283.947		116.51		1922		2		0
256.768		163.522		2088		2		0
251.56		207.699		2098		2		0
250.98		246.221		2060		2		0
253.253		255.085		2057		2		0
310.923		165.07		2013		2		0
319.867		211.962		2014		2		0
326.893		251.803		1973		2		0
324.003		256.443		1962		2		0
271.63		244.071		2027		2		0
268.407		301.494		2022		2		0
264.556		346.763		2170		2		0
266.713		362.196		2159		2		0
296.053		246.006		2010		2		0
294.406		294.175		2099		2		0
288.525		341.135		2198		2		0
286.173		356.27		2180		2		0
285.718		155.977		2010		2		0
256.599		267.8		2068		2		0
247.018		256.55		2065		2		0
322.286		267.643		1968		2		0
318.498		257.128		2017		2		0
Frame 16
283.545		244.89		2029		2		0
284.618		194.079		1993		2		0
286.179		143.199		2001		2		0
283.1		116.775		1929		2		0
256.821		163.552		2091		2		0
251.444		207.672		2101		2		0
250.971		246.263		2057		2		0
253.132		255.068		2061		1		0
310.864		165.036		2015		2		0
319.821		211.844		2016		2		0
326.556		251.714		1974		2		0
323.279		255.88		1965		2		0
271.391		243.945		2031		2		0
268.205		301.428		2029		2		0
264.291		346.667		2173		2		0
266.835		361.946		2168		2		0
295.842		245.863		2011		2		0
294.457		293.871		2094		2		0
288.513		341.13		2200		2		0
286.018		356.252		2183		2		0
285.769		155.941		2014		2		0
256.599		269.799		2067		2		0
245.818		253.452		2076		2		0
320.624		268.001		1979		2		0
318.453		253.407		2005		2		0
Frame 17
283.094		244.744		2035		2		0
284.452		194.046		2000		2		0
286.149		143.263		2004		2		0
281.988		117.24		1916		2		0
256.845		163.634		2093		2		0
251.241		207.412		2109		2		0
250.948		246.343		2063		2		0
253.036		254.221		2066		1		0
310.659		164.958		2015		2		0
319.489		211.59		2021		2		0
325.697		251.487		1978		2		0
321.704		260.484		1974		2		0
270.919		243.814		2038		2		0
267.871		301.2		2033		2		0
263.959		346.331		2176		2		0
266.47		361.631		2179		2		0
295.425		245.706		2015		2		0
294.606		293.621		2099		2		0
288.494		341.169		2201		2		0
285.833		356.278		2180		2		0
285.712		155.985		2021		2		0
257		268.5		2056		2		0
246.937		256.539		2085		2		0
318.101		268.401		1986		2		0
318.111		261.492		2002		2		0
Frame 18
282.58		244.472		2046		2		0
284.201		194.026		2007		2		0
286.037		143.383		2005		2		0
280.771		117.866		1911		2		0
256.626		163.641		2099		2		0
250.997		207.22		2118		2		0
250.912		246.348		2071		2		0
252.873		254.124		2070		1		0
310.163		164.942		2021		2		0
318.668		211.156		2022		2		0
324.532		251.037		1984		2		0
321.043		259.759		1970		2		0
270.442		243.572		2049		2		0
267.224		300.998		2045		2		0
263.429		345.653		2184		2		0
259.43		361.08		2183		2		0
294.927		245.42		2023		2		0
294.432		293.37		2103		2		0
288.51		341.162		2203		2		0
285.619		356.262		2183		2		0
285.571		156.082		2025		2		0
254.72		261.478		2085		2		0
246.362		255.18		2083		2		0
317.582		267.416		1989		2		0
316.646		257.475		2023		2		0
Frame 19
282.106		244.288		2051		2		0
283.819		194.04		2015		2		0
285.716		143.571		2010		2		0
279.568		118.602		1910		2		0
256.174		163.67		2100		2		0
250.747		206.867		2124		2		0
250.871		246.425		2078		2		0
252.584		254.478		2082		1		0
309.576		164.905		2021		2		0
317.806		210.992		2027		2		0
323.393		250.854		1993		2		0
319.942		259.552		1977		2		0
270.041		243.385		2052		2		0
266.826		299.914		2047		2		0
263.377		345.284		2192		2		0
264.981		360.982		2177		2		0
294.417		245.237		2024		2		0
294.238		292.993		2099		2		0
288.504		341.161		2199		2		0
285.259		356.225		2184		2		0
285.233		156.231		2023		2		0
256.164		267.999		2069		2		0
246.312		256		2094		2		0
316.922		267.249		1991		2		0
317.841		254.305		1993		2		0
Frame 20
281.482		244.079		2062		2		0
283.23		194.087		2023		2		0
285.132		143.794		2012		2		0
278.35		119.135		1913		2		0
255.56		163.761		2106		2		0
250.531		206.772		2133		2		0
250.777		246.206		2085		2		0
252.345		254.499		2096		1		0
308.819		164.754		2026		2		0
316.495		210.894		2029		2		0
322.209		250.649		1997		2		0
318.851		259.537		1985		2		0
269.545		243.252		2056		2		0
266.236		298.531		2058		2		0
262.934		344.364		2198		2		0
258.351		359.598		2202		2		0
293.671		244.946		2032		2		0
294.12		292.984		2097		2		0
288.497		341.184		2194		2		0
285.009		356.235		2180		2		0
284.649		156.416		2028		2		0
255.499		270		2088		2		0
246.352		256.295		2096		2		0
315.834		267.334		2003		2		0
316.094		253.798		1997		2		0
Frame 21
280.684		243.858		2065		2		0
282.545		194.194		2028		2		0
284.475		144.079		2015		2		0
277.068		119.851		1910		2		0
255.124		163.896		2104		2		0
250.143		206.566		2140		2		0
251.187		244.334		2104		2		0
251.721		252.916		2103		1		0
307.836		164.693		2026		2		0
315.643		210.941		2035		2		0
321.178		250.659		2001		2		0
317.966		259.28		1988		2		0
268.759		243.112		2068		2		0
266.067		297.893		2065		2		0
262.576		343.906		2200		2		0
263.751		359.678		2187		2		0
292.864		244.647		2037		2		0
293.916		292.999		2103		2		0
288.449		341.219		2194		2		0
284.971		356.309		2183		2		0
283.996		156.664		2027		2		0
255.141		267.28		2086		2		0
244.9		254.902		2120		2		0
313.857		267.287		2012		2		0
315.409		253.832		2000		2		0
Frame 22
279.856		243.616		2077		2		0
281.729		194.34		2038		2		0
283.671		144.462		2022		2		0
275.589		120.68		1909		2		0
254.039		163.941		2111		2		0
249.747		206.438		2147		2		0
250.948		244.794		2112		2		0
251.455		253.744		2113		1		0
306.818		164.551		2033		2		0
314.474		210.738		2041		2		0
320.003		250.312		2007		2		0
316.877		258.82		1989		2		0
268.008		242.964		2076		2		0
262.072		295.746		2080		2		0
262.408		343.501		2202		2		0
254.961		352.16		0		2		0
291.957		244.303		2046		2		0
293.362		293.064		2105		2		0
288.065		341.608		2192		2		0
284.394		356.726		2185		2		0
283.191		156.999		2033		2		0
254.743		267.987		2099		2		0
245.374		256.189		2118		2		0
313.665		266.223		2007		2		0
314.447		254.268		2008		2		0
Frame 23
278.989		243.212		2092		2		0
280.744		194.413		2047		2		0
282.561		144.886		2021		2		0
274.637		121.192		1905		2		0
253.45		163.861		2115		2		0
249.019		206.36		2155		2		0
247.593		243.83		2126		2		0
248.404		245.613		2120		1		0
305.823		164.566		2035		2		0
312.906		210.166		2052		2		0
318.823		249.506		2012		2		0
315.704		258.026		1999		2		0
267.279		242.839		2086		2		0
261.502		295.649		2089		2		0
262.294		343.105		2203		2		0
257.626		358.327		2202		2		0
290.914		243.576		2059		2		0
292.935		293.03		2100		2		0
287.74		341.987		2196		2		0
284.133		357.168		2180		2		0
282.115		157.347		2045		2		0
248.056		257.333		2117		2		0
243.588		248.398		2134		2		0
313.404		265.3		2012		2		0
313.576		253.411		2015		2		0
Frame 24
277.849		242.913		2095		2		0
279.611		194.542		2052		2		0
281.459		145.275		2027		2		0
273.508		121.777		1902		2		0
252.463		164.104		2116		2		0
248.347		206.188		2164		2		0
247.29		243.587		2134		2		0
248.726		250.282		2133		2		0
304.589		164.483		2042		2		0
311.741		209.847		2063		2		0
317.12		249.072		2019		2		0
314.189		257.433		2007		2		0
266.201		242.71		2096		2		0
261.442		295.552		2093		2		0
262.263		343.007		2208		2		0
257.595		358.268		2205		2		0
289.724		243.119		2070		2		0
292.238		292.947		2100		2		0
287.631		342.023		2195		2		0
284.014		357.258		2183		2		0
281.001		157.688		2046		2		0
251.748		262.749		2146		2		0
243.334		252.893		2140		2		0
312.303		264.6		2015		2		0
311.548		256.581		2041		2		0
Frame 25
277.084		242.676		2111		2		0
278.664		194.732		2061		2		0
280.226		145.797		2029		2		0
272.034		122.614		1903		2		0
251.724		164.149		2118		2		0
247.589		205.975		2170		2		0
246.396		246.541		2140		2		0
249.758		251.164		2149		2		0
303.254		164.431		2049		2		0
310.469		209.178		2071		2		0
315.899		248.214		2027		2		0
313.027		256.501		2014		2		0
265.495		242.506		2099		2		0
260.979		295.464		2101		2		0
262.228		342.975		2208		2		0
257.69		358.309		2208		2		0
288.892		242.851		2080		2		0
291.674		292.664		2104		2		0
287.612		342.043		2196		2		0
284.125		357.356		2180		2		0
279.856		158.13		2052		2		0
254.361		264.909		2111		2		0
243.483		252.206		2147		2		0
309.496		264.251		2045		2		0
308.663		252.78		2062		2		0
Frame 26
276.441		242.473		2120		2		0
277.754		194.945		2072		2		0
279.032		146.347		2035		2		0
271.136		123.151		1904		2		0
250.721		164.327		2122		2		0
246.825		205.953		2179		2		0
246.319		246.535		2146		2		0
248.898		253.007		2163		2		0
302.145		164.447		2053		2		0
309.291		209.062		2080		2		0
314.722		247.95		2042		2		0
311.965		256.147		2030		2		0
264.815		242.341		2114		2		0
260.06		294.99		2103		2		0
262.198		343.016		2206		2		0
257.774		358.415		2205		2		0
288.284		242.613		2085		2		0
290.996		292.394		2114		2		0
287.553		342.047		2199		2		0
284.177		357.427		2180		2		0
278.733		158.604		2052		2		0
252.359		266.909		2131		2		0
242.414		253.179		2158		2		0
309.398		263.401		2043		2		0
309.095		253.273		2050		2		0
Frame 27
275.665		242.078		2134		2		0
276.65		195.123		2078		2		0
277.581		146.907		2034		2		0
269.986		123.871		1899		2		0
249.642		164.257		2125		2		0
245.861		206.139		2179		2		0
244.361		243.002		2165		2		0
246.033		248.793		2162		2		0
301.141		164.506		2060		2		0
308.147		208.762		2091		2		0
313.583		247.433		2049		2		0
311.013		255.859		2037		2		0
264.097		241.978		2123		2		0
260.037		294.795		2108		2		0
262.195		342.956		2213		2		0
257.933		358.444		2208		2		0
287.449		242.185		2100		2		0
290.251		291.872		2119		2		0
287.448		342.107		2205		2		0
284.225		357.591		2187		2		0
277.376		159.082		2063		2		0
250		261.001		2163		2		0
240.221		251.884		2167		2		0
309.33		262.583		2044		2		0
306.599		254.203		2087		2		0
Frame 28
275.042		241.702		2140		2		0
275.768		195.38		2084		2		0
276.476		147.665		2045		2		0
268.711		124.588		1899		2		0
248.271		164.324		2129		2		0
245.276		206.203		2189		2		0
244.388		243.075		2169		2		0
245.767		249.14		2173		2		0
299.92		164.808		2066		2		0
306.921		208.62		2105		2		0
312.051		247.135		2067		2		0
309.953		255.753		2057		2		0
263.482		241.655		2135		2		0
259.773		294.442		2116		2		0
262.132		342.745		2214		2		0
258.098		358.297		2200		2		0
286.809		241.754		2111		2		0
289.891		291.547		2116		2		0
287.213		342.435		2203		2		0
291.642		351.23		2204		2		0
276.321		159.727		2062		2		0
250		262.999		2157		2		0
240.357		253.002		2189		2		0
307.884		262.667		2066		2		0
305.663		252.42		2095		2		0
Frame 29
274.253		241.663		2157		2		0
274.788		195.832		2095		2		0
275.295		148.499		2039		2		0
267.755		125.463		1899		2		0
247.577		164.425		2130		2		0
244.613		206.331		2190		2		0
244.072		243.153		2178		2		0
245.037		249.167		2179		2		0
299.019		164.978		2069		2		0
305.698		208.488		2113		2		0
310.137		246.88		2071		2		0
309.07		255.221		2063		2		0
262.763		241.5		2143		2		0
258.926		293.878		2119		2		0
262.08		342.62		2210		2		0
258.254		358.256		2194		2		0
285.923		241.867		2123		2		0
289.404		291.642		2117		2		0
287.19		342.542		2199		2		0
284.394		358.215		2178		2		0
275.189		160.477		2068		2		0
249.006		261.996		2183		2		0
238.909		250.32		2191		2		0
307.249		262.751		2076		2		0
306.076		260.507		2079		2		0
Frame 30
272.752		241.68		2171		2		0
273.311		196.384		2111		2		0
273.907		149.305		2048		2		0
266.881		126.492		1899		2		0
246.141		165.157		2132		2		0
244.264		206.968		2201		2		0
243.254		243.648		2186		2		0
244.424		249.089		2185		2		0
298.067		165.301		2079		2		0
304.439		208.772		2125		2		0
308.865		246.95		2087		2		0
308.033		255.745		2076		2		0
261.086		241.352		2153		2		0
258.367		293.471		2121		2		0
262.064		342.625		2210		2		0
258.462		358.396		2200		2		0
284.591		242.036		2138		2		0
289.076		291.963		2114		2		0
287.141		342.688		2194		2		0
292.567		349.769		2204		2		0
273.771		161.248		2070		2		0
248		260.5		2187		2		0
238.24		249.447		2197		2		0
305.597		262.5		2091		2		0
306.419		255.345		2096		2		0
Frame 31
272.067		241.886		2187		2		0
272.417		197.207		2111		2		0
272.792		150.664		2046		2		0
266.046		128.148		1903		2		0
245.022		166.159		2138		2		0
243.694		208.068		2201		2		0
241.338		245.509		2190		2		0
244.84		248.875		2189		2		0
296.99		166.127		2087		2		0
303.537		209.396		2133		2		0
307.691		247.413		2099		2		0
307.155		251.9		2090		2		0
260.408		241.499		2165		2		0
257.833		293.08		2122		2		0
261.949		342.619		2214		2		0
258.714		358.5		2193		2		0
283.892		242.292		2162		2		0
287.683		292.783		2104		2		0
286.934		343.229		2200		2		0
284.719		359.193		2177		2		0
272.709		162.481		2085		2		0
249.695		262.201		2169		2		0
238.134		250.084		2202		2		0
305.87		262.962		2097		2		0
300.6		244.8		2134		2		0
Frame 32
271.47		242.24		2204		2		0
271.646		198.204		2129		2		0
271.825		152.236		2058		2		0
265.298		129.519		1906		2		0
244.277		166.97		2143		2		0
243.215		208.699		2210		2		0
241.326		245.615		2196		2		0
244.192		250.329		2202		2		0
296.104		167.032		2100		2		0
302.64		210.193		2146		2		0
307.11		247.977		2111		2		0
306.624		252.432		2103		2		0
259.751		241.791		2181		2		0
257.246		292.524		2121		2		0
261.675		342.575		2217		2		0
252.317		350.041		0		2		0
283.343		242.71		2170		2		0
287.354		292.867		2106		2		0
286.583		343.838		2197		2		0
292.089		350.496		2204		2		0
271.79		163.917		2092		2		0
248.283		264.143		2180		2		0
237.947		253.158		2209		2		0
305.288		263.429		2115		2		0
301.823		250.877		2153		2		0
Frame 33
270.863		242.513		2213		2		0
270.929		199.204		2139		2		0
271.008		153.779		2066		2		0
264.648		131.31		1905		2		0
243.674		167.472		2150		2		0
241.46		212.635		2209		2		0
241.033		249.071		2195		2		0
241.592		253.454		2197		2		0
295.249		168.29		2109		2		0
301.886		211.195		2164		2		0
306.957		248.673		2125		2		0
305.909		252.783		2118		2		0
259.203		242.021		2194		2		0
256.734		292.45		2126		2		0
261.573		342.616		2211		2		0
248.918		348.032		2525		2		0
282.662		243.021		2182		2		0
287.334		293.109		2106		2		0
286.414		344.246		2197		2		0
293.077		350.186		2219		2		0
270.995		165.341		2105		2		0
243.773		260.998		2222		2		0
235.254		253.761		2220		2		0
304.92		263.562		2122		2		0
301.498		255.501		2160		2		0
Frame 34
270.768		243.003		2239		2		0
270.538		200.428		2154		2		0
270.324		155.682		2071		2		0
264.196		133.687		1910		2		0
242.978		168.823		2157		2		0
241.256		213.859		2214		2		0
239.575		249.974		2200		2		0
240.962		254.852		2200		2		0
294.503		169.419		2117		2		0
301.037		212.784		2173		2		0
307.455		249.862		2138		2		0
305.616		253.26		2128		2		0
259.066		242.512		2213		2		0
256.437		292.459		2126		2		0
261.411		342.943		2210		2		0
258.983		359.166		2196		2		0
282.606		243.508		2203		2		0
287.042		293.365		2111		2		0
286.322		344.392		2195		2		0
293.103		350.421		2226		2		0
270.383		167.08		2108		2		0
243.313		262.108		2248		2		0
233.953		254.668		2225		2		0
305.005		264.083		2137		2		0
301.5		253.114		2155		2		0
Frame 35
270.527		243.655		2251		2		0
270.179		201.835		2169		2		0
269.871		157.544		2079		2		0
263.825		135.823		1917		2		0
242.82		169.726		2168		2		0
240.855		215.538		2213		2		0
240.926		251.639		2207		2		0
241.631		258.501		2219		2		0
293.788		170.902		2127		2		0
300.675		213.908		2185		2		0
306.188		250.853		2152		2		0
304.708		254.406		2140		2		0
258.851		243.2		2224		2		0
256.286		292.646		2128		2		0
261.163		343.529		2215		2		0
258.956		359.935		2195		2		0
282.323		244.116		2217		2		0
287.014		293.878		2117		2		0
286.175		344.621		2198		2		0
293.378		350.187		2228		2		0
269.949		168.858		2116		2		0
246		271.501		2210		2		0
238.195		261.813		2218		2		0
303.599		265.601		2147		2		0
300.747		253.24		2178		2		0
Frame 36
270.598		244.769		2271		2		0
269.937		202.472		2179		2		0
269.525		157.826		2062		2		0
263.742		138.122		1925		2		0
242.378		172.564		2175		2		0
240.592		216.41		2222		2		0
239.461		252.493		2206		2		0
238.675		256.799		2201		2		0
293.127		173.176		2137		2		0
300.056		215.063		2195		2		0
305.298		251.785		2163		2		0
304.296		255.185		2156		2		0
258.884		244.269		2244		2		0
255.931		292.929		2134		2		0
261.058		343.638		2213		2		0
259.064		360.25		2189		2		0
282.424		245.276		2232		2		0
286.56		295.674		2117		2		0
286.064		344.677		2197		2		0
293.41		349.965		2225		2		0
269.662		169.175		2126		2		0
238.223		264.445		2217		2		0
231.9		255.206		2249		2		0
303.274		266.182		2158		2		0
299.571		253.136		2207		2		0
Frame 37
270.323		245.665		2300		2		0
269.502		203.861		2200		2		0
268.998		158.856		2039		2		0
263.687		140.186		1931		2		0
242.069		173.913		2183		2		0
240.263		217.681		2232		2		0
239.052		253.787		2210		2		0
238.402		256.728		2204		2		0
292.725		174.942		2153		2		0
299.55		216.403		2213		2		0
302.079		252.934		2184		2		0
303.588		258.142		2177		2		0
258.631		245.292		2268		2		0
255.363		293.134		2141		2		0
260.96		343.496		2211		2		0
259.065		360.255		2190		2		0
282.113		246.046		2247		2		0
286.091		296.392		2128		2		0
286.033		344.816		2196		2		0
294.042		349.628		0		2		0
269.126		170.36		2132		2		0
240.799		267.2		2245		2		0
232.293		257.031		2230		2		0
304.001		267.167		2176		2		0
299.125		254.496		2213		2		0
Frame 38
269.871		245.635		2309		2		0
268.702		206.164		2217		2		0
268.068		161.221		2061		2		0
263.631		142.991		1944		2		0
242.034		175.829		2192		2		0
239.878		218.582		2236		2		0
238.861		254.668		2208		2		0
240.482		260.537		2223		2		0
292.152		177.158		2167		2		0
298.831		219.996		2227		2		0
302.084		256.394		2190		2		0
301.152		261.525		2201		2		0
258.754		245.578		2282		2		0
255.317		293.623		2143		2		0
260.886		343.475		2216		2		0
259.241		360.85		2187		2		0
281.073		245.699		2273		2		0
285.758		297.286		2131		2		0
285.955		344.801		2205		2		0
294.967		349.119		0		2		0
268.206		172.859		2149		2		0
246		272.5		2231		2		0
233.057		262.892		2227		2		0
301.204		269.003		2196		2		0
295.669		260.21		2249		2		0
Frame 39
270.143		248.823		2343		2		0
268.647		209.29		2243		2		0
267.136		165.997		2078		2		0
264.087		148.221		1965		2		0
242.222		183.014		2214		2		0
238.721		225.77		2244		2		0
239.765		262.909		2222		2		0
244.268		269.386		2283		2		0
292.041		182.856		2186		2		0
300.392		228.02		2242		2		0
298.984		264.165		2239		2		0
295.525		269.699		2283		2		0
258.775		248.876		2302		2		0
255.831		284.408		2165		2		0
260.283		345.361		2206		2		0
258.957		363.084		2183		2		0
281.593		248.789		2289		2		0
283.857		285.467		2156		2		0
285.811		346.57		2196		2		0
294.259		349.618		0		2		0
267.497		177.446		2164		2		0
248.562		277.713		2217		2		0
238		269.288		2226		2		0
291		281		2210		2		0
295.415		269.089		2283		2		0
Frame 40
270.077		250.319		2368		2		0
268.496		211.963		2259		2		0
266.815		169.54		2085		2		0
264.269		151.909		1977		2		0
242.242		184.157		2224		2		0
238.625		225.993		2254		2		0
238.362		261.972		2210		2		0
240.154		266.491		2226		2		0
291.684		185.752		2206		2		0
300.173		229.338		2258		2		0
299.615		265.473		2225		2		0
296.345		271.173		2307		2		0
258.641		250.392		2317		2		0
256.277		284.487		2165		2		0
260.335		345.038		2209		2		0
259.202		362.703		2182		2		0
281.587		250.249		2305		2		0
283.723		285.513		2152		2		0
285.555		346.472		2198		2		0
285.368		364.251		2162		2		0
267.252		180.495		2180		2		0
246.996		274.5		2250		2		0
237.333		269.167		2212		2		0
289.505		279.5		2192		2		0
289.339		268.328		2227		2		0
Frame 41
270.28		253.061		2398		2		0
268.555		217.586		2288		2		0
266.64		178.232		2187		2		0
264.095		158.683		2011		2		0
242.152		189.953		2247		2		0
238.094		227.247		2270		2		0
238.641		263.09		2209		2		0
238.439		266.615		2212		2		0
291.237		190.281		2232		2		0
299.404		233.198		2280		2		0
302.314		268.884		2233		2		0
303.542		269.823		2236		2		0
258.863		253.186		2327		2		0
256.192		283.896		2175		2		0
260.343		344.181		2210		2		0
259.547		361.679		2188		2		0
281.767		252.944		2324		2		0
283.952		285.796		2162		2		0
285.178		345.256		2204		2		0
293.91		350.696		0		2		0
267.134		188.419		2208		2		0
238.328		273.426		2213		2		0
235.14		266.892		2210		2		0
304.801		276.201		2214		2		0
298.922		270.851		2261		2		0
Frame 42
271.154		256.08		2414		2		0
268.946		219.866		2301		2		0
266.731		180.693		2152		2		0
263.753		162.941		2031		2		0
242.066		193.985		2266		2		0
236.606		230.969		2274		2		0
238.19		266.614		2215		2		0
238.12		270.902		2220		2		0
290.648		193.652		2250		2		0
299.806		234.354		2296		2		0
302.896		269.714		2231		2		0
304.035		272.237		2235		2		0
259.651		256.551		2345		2		0
255.612		284.991		2174		2		0
260.338		343.956		2212		2		0
253.573		355.143		2324		2		0
282.718		255.638		2330		2		0
284.044		285.894		2167		2		0
285.034		345.39		2199		2		0
285.274		363.02		2166		2		0
267.3		190.832		2226		2		0
240.567		278.559		2249		2		0
234.446		272.175		2212		2		0
303.49		279.305		2227		2		0
299.797		272.314		2263		2		0
Frame 43
271.188		259.826		2430		2		0
268.94		225.441		2327		2		0
266.502		187.614		2231		2		0
263.632		169.931		2068		2		0
241.854		199.082		2290		2		0
235.915		234.119		2289		2		0
236.681		269.673		2216		2		0
236.41		272.601		2210		2		0
290.01		198.99		2276		2		0
299.392		238.541		2313		2		0
303.431		273.235		2238		2		0
304.444		278.224		2249		2		0
259.634		260.505		2348		2		0
255.293		285.837		2177		2		0
260.226		344.617		2208		2		0
259.931		362.09		2184		2		0
282.776		259.15		2334		2		0
284.36		286.342		2169		2		0
284.977		345.837		2203		2		0
285.616		363.467		2167		2		0
267.131		197.393		2253		2		0
236.5		280.252		2214		2		0
233.155		272.104		2215		2		0
303.121		283.127		2245		2		0
Frame 44
271.802		264.094		2449		2		0
269.067		229.2		2353		2		0
266.124		191.918		2251		2		0
264.475		174.282		2109		2		0
242.05		205.49		2320		2		0
234.822		239.429		2296		2		0
236.058		274.493		2225		2		0
235.961		279.721		2212		2		0
289.453		204.366		2311		2		0
298.627		243.075		2341		2		0
306.622		274.959		2236		2		0
305.474		280.994		2250		1		0
260.482		265.041		2355		2		0
254.401		286.344		2182		2		0
260.175		344.703		2212		2		0
261.104		361.085		2182		2		0
283.157		263.162		2342		2		0
284.726		286.541		2177		2		0
284.988		345.958		2200		2		0
285.691		363.466		2164		2		0
266.89		201.517		2277		2		0
237.269		287.547		2237		2		0
231.621		279.797		2223		2		0
304.325		285.673		2239		2		0
301.553		282.904		2298		2		0
Frame 45
271.74		269.598		2462		2		0
268.863		234.72		2379		2		0
265.779		197.208		2301		2		0
264.079		179.1		2144		2		0
242.105		210.704		2346		2		0
233.657		244.122		2317		2		0
234.858		278.8		2230		2		0
235.633		284.286		2228		2		0
288.832		208.624		2341		2		0
298.513		244.79		2353		2		0
307.91		275.814		2254		2		0
305.478		282.359		2277		2		0
260.972		270.418		2365		2		0
253.732		287.668		2184		2		0
260.103		344.652		2210		2		0
261.539		360.986		2188		2		0
282.53		268.785		2338		2		0
285.619		286.696		2187		2		0
284.974		346.111		2200		2		0
285.919		363.495		2165		2		0
266.571		206.859		2312		2		0
238.449		291.392		2267		2		0
232.12		285.395		2228		2		0
304.286		289.539		2253		2		0
302.335		289.334		2272		2		0
Frame 46
270.214		273.136		2478		2		0
268.243		238.642		2412		2		0
266.263		202.015		2332		2		0
266.212		186.997		2229		2		0
242.774		213.585		2371		2		0
234.4		246.946		2339		2		0
233.055		280.83		2245		2		0
233.054		283.627		2236		2		0
289.039		215.018		2382		2		0
299.061		250.313		2369		2		0
309.668		279.364		2270		2		0
305.838		283.366		2273		2		0
259.439		273.379		2377		2		0
252.826		287.76		2190		2		0
259.805		344.989		2215		2		0
259.817		362.06		2181		2		0
281.014		272.963		2346		2		0
286.019		287.24		2193		2		0
284.958		346.374		2198		2		0
285.958		363.632		2165		2		0
266.749		211.39		2342		2		0
233.707		294.061		2242		2		0
243		279.497		2341		2		0
303.665		293.669		2260		2		0
300.002		288.497		2340		2		0
Frame 47
270.587		275.215		2454		2		0
268.306		241.019		2438		2		0
265.762		204.787		2371		2		0
265.765		189.03		2266		2		0
243.425		217.776		2412		2		0
233.911		249.884		2360		2		0
232.798		284.154		2251		2		0
233.983		286.259		2251		2		0
288.429		217.27		2415		2		0
298.431		251.41		2398		2		0
303.229		284.698		2286		2		0
303.663		289.192		2282		2		0
259.651		275.796		2381		2		0
252.056		287.767		2192		2		0
259.624		345.398		2209		2		0
259.464		362.203		2185		2		0
281.525		274.684		2356		2		0
286.41		287.609		2198		2		0
284.912		346.697		2197		2		0
285.767		363.683		2165		2		0
266.425		214.053		2372		2		0
233.643		296.942		2247		2		0
239.914		288.034		2345		2		0
305.249		294.918		2257		2		0
297.338		288.767		2342		2		0
Frame 48
269.717		276.528		2445		2		0
267.739		241.957		2461		2		0
265.805		205.566		2417		2		0
264.877		190.218		2301		2		0
243.592		218.413		2444		2		0
235.497		250.627		2386		2		0
231.847		283.399		2273		2		0
233.517		287.446		2275		2		0
287.391		217.05		2452		2		0
298.31		251.501		2420		2		0
305.072		283.443		2296		2		0
303.99		289.816		2294		2		0
258.807		276.979		2368		2		0
251.971		287.828		2194		2		0
259.597		345.515		2207		2		0
260.088		362.05		2174		2		0
280.644		276.098		2338		2		0
286.419		287.773		2196		2		0
284.941		346.773		2196		2		0
286.476		363.486		2159		2		0
266.273		214.845		2418		2		0
232.412		297.918		2265		2		0
241.255		286.873		2353		2		0
304.457		296.366		2264		2		0
296.836		288.574		2342		2		0
Frame 49
270.089		276.054		2472		2		0
268.121		240.786		2477		2		0
265.989		204.005		2446		2		0
265.149		188.981		2349		2		0
244.235		216.003		2477		2		0
236.915		248.578		2419		2		0
232.988		280.644		2310		2		0
234.507		287.39		2302		2		0
287.328		215.758		2476		2		0
297.188		250.716		2445		2		0
305.065		281.941		2321		2		0
302.891		286.888		2324		2		0
259.127		276.495		2356		2		0
252.445		287.793		2191		2		0
259.479		345.752		2201		2		0
259.483		362.14		2171		2		0
281.072		275.629		2319		2		0
286.545		287.253		2194		2		0
285.042		346.833		2195		2		0
286.108		363.381		2157		2		0
266.532		213.34		2448		2		0
234.549		295.092		2293		2		0
240.312		284.26		2381		2		0
304.372		295.137		2319		2		0
296.505		282.744		2428		2		0
Frame 50
270.259		274.812		2488		2		0
268.13		238.721		2494		2		0
265.806		201.254		2468		2		0
264.805		185.505		2351		2		0
244.273		214.734		2498		2		0
237.839		248.077		2447		2		0
233.995		281.386		2335		2		0
234.46		286.566		2337		2		0
287.068		212.578		2489		2		0
296.502		251.869		2468		2		0
304.306		282.747		2359		2		0
301.513		285.613		2351		2		0
259.215		275.355		2362		2		0
252.888		287.704		2191		2		0
259.324		346.513		2198		2		0
259.653		362.796		2166		2		0
281.337		274.267		2321		2		0
286.374		286.893		2195		2		0
285.467		347.049		2180		2		0
286.898		363.464		2153		2		0
266.401		210.761		2452		2		0
238.795		294.2		2303		2		0
241.75		293.249		2306		2		0
299.902		294.9		2303		2		0
294.531		287.111		2347		2		0
Frame 51
270.35		273.735		2496		2		0
268.206		237.144		2498		2		0
265.967		199.144		2487		2		0
265.322		182.742		2393		2		0
244.654		211.844		2516		2		0
240.007		243.599		2489		2		0
234.223		280.671		2380		2		0
233.733		285.668		2338		2		0
287.416		210.491		2503		2		0
294.663		251.09		2501		2		0
303.489		280.622		2377		2		0
300.995		287.357		2349		2		0
259.263		274.319		2382		2		0
252.881		287.522		2196		2		0
259.216		347.417		2188		2		0
259.03		363.612		2162		2		0
281.465		273.151		2327		2		0
286.272		286.594		2192		2		0
285.628		347.12		2179		2		0
292.533		357.129		2201		2		0
266.532		208.756		2468		2		0
235.98		292.852		2317		2		0
239.667		292.666		2313		2		0
299.801		294.8		2305		2		0
294.6		291.396		2312		2		0
Frame 52
270.342		273.274		2502		2		0
268.257		236.53		2511		2		0
266.164		198.526		2509		2		0
265.439		180.446		2408		2		0
244.489		211.177		2534		2		0
240.12		243.144		2509		2		0
236.405		278.192		2388		2		0
235.25		283.777		2371		2		0
287.54		209.536		2533		2		0
294.297		250.928		2512		2		0
303.082		280.199		2379		2		0
301.167		286.604		2359		2		0
259.255		273.867		2394		2		0
252.88		287.393		2200		2		0
259.122		347.39		2190		2		0
258.944		363.484		2166		2		0
281.456		272.682		2353		2		0
286.17		286.376		2199		2		0
285.924		347.175		2182		2		0
286.891		363.346		2152		2		0
266.685		208.097		2501		2		0
236.55		293.206		2315		2		0
241.012		287.75		2351		2		0
300.501		294.125		2308		2		0
306.251		294.748		2417		2		0
Frame 53
270.336		272.979		2504		2		0
268.674		235.299		2529		2		0
267.645		196.861		2519		2		0
265.785		179.903		2431		2		0
244.664		210.839		2557		2		0
240.741		242.883		2529		2		0
237.559		275.924		2392		2		0
236.274		282.518		2385		2		0
287.341		209.177		2552		2		0
293.51		246.345		2534		2		0
301.448		278.019		2415		2		0
301.223		285.061		2375		2		0
259.215		273.555		2390		2		0
252.52		286.75		2211		2		0
259.004		347.655		2192		2		0
258.708		363.303		2163		2		0
281.481		272.405		2377		2		0
286.24		286.359		2208		2		0
285.984		347.214		2188		2		0
291.716		356.757		2189		2		0
267.961		206.267		2523		2		0
236.842		292.321		2323		2		0
243.665		281.496		2338		2		0
299.737		294.067		2313		2		0
306.499		291.674		2370		2		0
Frame 54
270.341		272.948		2491		2		0
268.736		235.208		2543		2		0
267.481		197.368		2547		2		0
266.065		180.002		2466		2		0
244.843		211.123		2575		2		0
241.136		243.165		2540		2		0
237.907		273.706		2411		2		0
237.311		278.518		2397		2		0
286.677		209.458		2576		2		0
293.627		246.698		2532		2		0
301.918		278.234		2407		2		0
301.356		284.749		2379		2		0
259.207		273.545		2389		2		0
252.544		286.666		2208		2		0
258.791		347.889		2187		2		0
258.625		363.477		2160		2		0
281.49		272.363		2381		2		0
286.279		287.079		2200		2		0
286.039		347.636		2190		2		0
287.072		363.254		2157		2		0
267.84		206.653		2545		2		0
235.992		287.307		2350		2		0
245.274		274.992		2373		2		0
299.126		294.625		2307		2		0
306.861		289.992		2355		2		0
Frame 55
270.344		272.871		2484		2		0
268.628		235.154		2556		2		0
266.943		197.973		2573		2		0
266.293		180.33		2493		2		0
244.929		211.206		2599		2		0
241.425		243.303		2550		2		0
237.924		274.37		2413		2		0
236.753		284.123		2376		2		0
286.531		209.788		2600		2		0
293.386		246.451		2537		2		0
302.069		278.333		2390		2		0
301.302		285.259		2372		2		0
259.226		273.468		2382		2		0
252.578		286.619		2203		2		0
258.33		348.258		2179		2		0
258.067		363.775		2155		2		0
281.479		272.287		2373		2		0
286.342		286.491		2205		2		0
286.066		347.683		2186		2		0
287.031		363.184		2150		2		0
267.41		207.103		2568		2		0
238.597		294.699		2307		2		0
244.532		278.252		2348		2		0
299.546		294.728		2306		2		0
306.557		290.662		2355		2		0
Frame 56
270.346		272.872		2481		2		0
268.301		235.474		2574		2		0
265.9		199.671		2601		2		0
266.573		181.248		2520		2		0
244.958		211.099		2622		2		0
241.899		243.699		2562		2		0
237.969		273.991		2419		2		0
237.347		283.675		2393		2		0
286.372		210.384		2625		2		0
293.27		246.239		2544		2		0
302.225		278.207		2401		2		0
301.238		285.003		2367		2		0
259.287		273.451		2379		2		0
252.77		286.54		2211		2		0
257.646		348.213		2175		2		0
257.853		363.623		2147		2		0
281.439		272.299		2362		2		0
286.06		286.974		2211		2		0
286.35		348.003		2179		2		0
287.839		363.408		2146		2		0
266.527		208.436		2591		2		0
238.14		293.928		2311		2		0
245.301		278.005		2344		2		0
299.734		294.067		2311		2		0
306.925		287.91		2368		2		0
Frame 57
270.285		272.726		2471		2		0
268.145		235.424		2583		2		0
265.89		199.872		2615		2		0
266.573		181.812		2542		2		0
245.351		209.717		2640		2		0
241.92		243.533		2572		2		0
238.276		273.446		2418		2		0
237.345		283.069		2397		2		0
286.358		210.744		2644		2		0
293.522		250.091		2545		2		0
302.249		278.286		2402		2		0
301.166		285.225		2374		2		0
259.258		273.154		2382		2		0
253.151		286.589		2210		2		0
256.915		350.051		2157		2		0
256.908		365.611		2137		2		0
281.354		272.258		2365		2		0
286.15		287.192		2206		2		0
286.475		349.632		2165		2		0
287.796		365.16		2130		2		0
266.451		208.593		2617		2		0
237.998		292.882		2313		2		0
245.103		276.967		2363		2		0
299.85		294.294		2313		2		0
306.835		292.005		2373		2		0
Frame 58
270.272		272.518		2463		2		0
268.165		235.321		2595		2		0
266.172		200.3		2647		2		0
266.7		182.229		2568		2		0
245.35		209.847		2657		2		0
241.766		243.702		2579		2		0
238.259		272.684		2432		2		0
236.589		281.462		2389		2		0
286.222		210.321		2669		2		0
293.381		249.5		2549		2		0
302.276		278.335		2408		2		0
301.58		284.954		2379		2		0
259.258		272.933		2394		2		0
253.268		286.61		2211		2		0
256.437		350.699		2151		2		0
257.02		366.446		2121		2		0
281.315		272.087		2370		2		0
286.134		286.682		2215		2		0
286.45		350.581		2155		2		0
288.379		366.271		2126		2		0
266.645		208.845		2632		2		0
235.427		291.714		2327		2		0
243		280.997		2374		2		0
300.366		293.909		2315		2		0
306.5		292.5		2407		2		0
Frame 59
270.262		272.231		2465		2		0
268.123		235.157		2599		2		0
266.096		200.513		2674		2		0
266.903		182.647		2598		2		0
245.356		209.983		2679		2		0
241.334		243.84		2590		2		0
238.291		272.368		2432		2		0
236.54		281.351		2385		2		0
286.125		210.463		2693		2		0
293.347		248.444		2562		2		0
302.439		278.637		2417		2		0
301.386		284.887		2376		2		0
259.259		272.628		2383		2		0
253.323		286.596		2210		2		0
256.105		350.967		2141		2		0
257.385		366.865		2112		2		0
281.285		271.833		2378		2		0
286.025		287.907		2214		2		0
286.236		351.135		2145		2		0
288.857		366.985		2104		2		0
266.584		208.956		2660		2		0
235.623		291.749		2330		2		0
243.101		280.894		2374		2		0
300.501		293.8		2311		2		0
306.125		292.75		2415		2		0
Frame 60
270.242		272.041		2462		2		0
268.088		235.114		2597		2		0
266.068		200.902		2688		2		0
266.907		183.137		2615		2		0
245.49		210.618		2691		2		0
241.058		244.409		2590		2		0
238.172		272.193		2439		2		0
236.236		281.034		2390		2		0
286.2		211.098		2700		2		0
293.341		248.345		2566		2		0
302.358		276.063		2409		2		0
301.861		284.676		2371		2		0
259.217		272.379		2387		2		0
253.401		286.576		2211		2		0
255.713		351.152		2137		2		0
256.38		367.29		2105		2		0
281.274		271.698		2368		2		0
285.977		289.035		2194		2		0
286.023		352.627		2136		2		0
288.044		368.84		2095		2		0
266.556		209.213		2679		2		0
234.999		291.8		2334		2		0
242.312		281.047		2388		2		0
301.112		293.558		2314		2		0
306.393		292.325		2402		2		0
Frame 61
270.23		271.823		2474		2		0
267.999		235.006		2607		2		0
265.867		201.06		2698		2		0
266.884		183.483		2629		2		0
245.461		210.933		2705		2		0
240.041		249.698		2581		2		0
237.94		275.263		2438		2		0
235.987		283.785		2386		2		0
286.245		211.502		2709		2		0
292.767		244.936		2587		2		0
301.078		271.87		2429		2		0
301.664		280.664		2443		1		0
259.175		272.156		2383		2		0
253.457		286.561		2213		2		0
255.498		351.311		2134		2		0
256.146		367.668		2102		2		0
281.286		271.492		2373		2		0
285.965		289.383		2197		2		0
285.75		353.081		2124		2		0
287.743		369.54		2085		2		0
266.385		209.296		2686		2		0
236.888		294.001		2313		2		0
242.93		280.786		2387		2		0
303.601		290.401		2326		2		0
307.156		284.438		2399		2		0
Frame 62
270.184		271.703		2465		2		0
267.993		235		2603		2		0
265.967		201.231		2708		2		0
266.905		183.459		2630		2		0
245.492		210.909		2712		2		0
240		248.67		2581		2		0
238.074		274.38		2440		2		0
235.582		282.886		2384		2		0
286.179		211.911		2714		2		0
292.826		244.79		2590		2		0
301.239		271.5		2432		2		0
301.991		280.405		2436		2		0
259.107		272.02		2381		2		0
253.48		286.555		2207		2		0
255.2		351.449		2135		2		0
255.655		367.938		2098		2		0
281.254		271.389		2381		2		0
285.946		289.513		2198		2		0
285.632		353.855		2117		2		0
287.442		370.521		2074		2		0
266.457		209.427		2692		2		0
235.832		293.167		2328		2		0
242.341		280.901		2374		2		0
303.699		290.916		2334		2		0
307.401		282.284		2413		2		0
Frame 63
270.166		271.549		2468		2		0
268.024		234.81		2616		2		0
266.074		201.028		2708		2		0
267.015		183.178		2632		2		0
245.493		210.864		2714		2		0
239.868		245.26		2593		2		0
238.338		271.901		2463		2		0
235.927		280.869		2397		2		0
286.187		211.888		2719		2		0
292.878		244.474		2593		2		0
301.194		271.406		2429		2		0
302.432		279.985		2436		2		0
259.077		271.872		2399		2		0
253.497		286.601		2211		2		0
255.113		351.605		2133		2		0
255.712		368.19		2097		2		0
281.243		271.23		2373		2		0
285.91		289.806		2202		2		0
285.444		354.03		2117		2		0
287.391		370.792		2075		2		0
266.544		209.229		2688		2		0
234.749		291.125		2328		2		0
242.112		279.877		2388		2		0
304.335		290.333		2331		2		0
307.445		281.76		2420		2		0
Frame 64
270.146		271.486		2459		2		0
268.016		234.747		2607		2		0
266.069		200.903		2705		2		0
267.057		182.921		2648		2		0
245.498		210.866		2705		2		0
239.851		246.249		2589		2		0
238.222		273.348		2441		2		0
235.808		281.587		2391		2		0
286.27		211.954		2710		2		0
292.901		244.409		2587		2		0
301.177		271.392		2436		2		0
302.59		280.293		2430		2		0
259.04		271.797		2389		2		0
253.477		286.656		2210		2		0
254.963		351.771		2130		2		0
255.615		368.408		2092		2		0
281.243		271.182		2377		2		0
285.864		289.97		2203		2		0
285.266		354.193		2113		2		0
287.267		371.009		2064		2		0
266.538		209.125		2685		2		0
235.444		290.888		2330		2		0
242		278.988		2386		2		0
303.988		291		2331		2		0
307.334		282.687		2406		2		0
Frame 65
270.119		271.374		2466		2		0
268.046		234.54		2598		2		0
266.189		200.518		2704		2		0
267.154		182.608		2635		2		0
245.552		210.793		2708		2		0
239.862		245.28		2592		2		0
238.377		272.406		2446		2		0
237.091		279.088		2414		2		0
286.295		212.009		2705		2		0
292.9		244.394		2589		2		0
301.191		271.381		2432		2		0
302.69		279.767		2443		2		0
258.999		271.644		2394		2		0
253.441		286.663		2216		2		0
254.833		351.817		2124		2		0
255.413		368.474		2089		2		0
281.22		271.092		2374		2		0
285.799		290.24		2198		2		0
285.243		354.453		2111		2		0
287.179		371.325		2065		2		0
266.633		208.796		2689		2		0
236.817		288.454		2341		2		0
242.642		277.403		2393		2		0
305.404		289.606		2353		2		0
308.126		281.122		2435		2		0
Frame 66
270.094		271.253		2465		2		0
268.089		234.382		2604		2		0
266.316		200.285		2707		2		0
267.199		182.357		2635		2		0
245.58		210.738		2699		2		0
239.922		245.432		2590		2		0
238.294		273.711		2440		2		0
235.492		280.907		2397		2		0
286.333		211.896		2706		2		0
293.259		246.039		2581		2		0
302.86		276.258		2437		2		0
303.45		283.198		2372		2		0
258.976		271.528		2390		2		0
253.384		286.69		2217		2		0
254.733		351.903		2125		2		0
255.188		368.594		2083		2		0
281.195		270.971		2388		2		0
285.811		290.356		2198		2		0
285.318		354.473		2111		2		0
287.135		371.37		2060		2		0
266.737		208.581		2674		2		0
234.399		290.799		2337		2		0
241.599		280.987		2386		2		0
306.75		292.251		2404		2		0
Frame 67
270.087		271.23		2461		2		0
268.124		234.287		2596		2		0
266.46		199.946		2693		2		0
267.228		182.186		2631		2		0
245.598		210.738		2694		2		0
239.989		245.06		2590		2		0
238.54		272.506		2446		2		0
235.694		280.395		2392		2		0
286.384		211.891		2697		2		0
293.354		246.417		2577		2		0
302.381		274.968		2413		2		0
302.572		280.802		2432		2		0
258.959		271.511		2384		2		0
253.364		286.777		2214		2		0
254.469		352.195		2122		2		0
254.918		368.931		2078		2		0
281.193		270.941		2386		2		0
285.819		290.503		2194		2		0
285.23		354.852		2112		2		0
287.054		371.769		2056		2		0
266.849		208.32		2671		2		0
234.499		291.5		2332		2		0
241.322		280.509		2386		2		0
307.895		284.532		2395		2		0
Frame 68
270.082		271.191		2467		2		0
268.146		234.218		2608		2		0
266.508		199.824		2695		2		0
267.282		182.021		2636		2		0
245.631		210.743		2698		2		0
240.077		244.755		2603		2		0
238.487		271.519		2460		2		0
235.797		280.362		2392		2		0
286.486		211.917		2704		2		0
293.453		246.74		2586		2		0
302.13		273.796		2419		2		0
302.17		280.239		2426		1		0
258.951		271.45		2387		2		0
253.335		286.834		2222		2		0
254.39		352.279		2118		2		0
254.889		369.026		2084		2		0
281.191		270.923		2381		2		0
285.826		290.595		2199		2		0
285.348		354.88		2112		2		0
287.233		371.806		2061		2		0
266.892		208.208		2680		2		0
234.665		290.933		2341		2		0
242		281.999		2375		2		0
304.251		291		2332		2		0
307.463		280.588		2425		2		0
Frame 69
270.072		271.146		2471		2		0
268.157		234.17		2614		2		0
266.524		199.787		2698		2		0
267.297		181.974		2635		2		0
245.622		210.768		2701		2		0
240.058		244.78		2612		2		0
238.328		273.636		2443		2		0
235.461		281.592		2392		2		0
286.56		211.955		2705		2		0
293.326		246.19		2586		2		0
302.194		273.203		2420		2		0
302.219		280.656		2421		2		0
258.939		271.407		2388		2		0
253.333		286.83		2221		2		0
254.301		352.3		2118		2		0
254.771		369.064		2080		2		0
281.181		270.876		2384		2		0
285.846		290.729		2197		2		0
285.362		354.986		2113		2		0
287.222		371.925		2060		2		0
266.909		208.167		2681		2		0
235		292.4		2328		2		0
241.286		282.271		2387		2		0
307.129		283.974		2410		2		0
Frame 70
270.068		271.134		2471		2		0
268.161		234.16		2603		2		0
266.527		199.783		2700		2		0
267.311		181.96		2630		2		0
245.66		210.823		2706		2		0
240.067		244.692		2604		2		0
238.662		272.483		2449		2		0
235.674		280.656		2400		2		0
286.645		212.019		2703		2		0
293.269		245.904		2592		2		0
301.329		272.942		2427		2		0
301.6		280.885		2439		2		0
258.921		271.387		2383		2		0
253.333		287.427		2212		2		0
254.233		352.96		2117		2		0
254.703		369.767		2079		2		0
281.182		270.871		2388		2		0
285.89		290.791		2194		2		0
285.482		354.948		2113		2		0
287.351		371.897		2059		2		0
266.912		208.161		2684		2		0
234.498		290.333		2337		2		0
241.593		281.352		2390		2		0
307.085		283.24		2405		2		0
Frame 71
270.063		271.11		2473		2		0
268.15		234.147		2608		2		0
266.501		199.786		2702		2		0
267.345		181.951		2629		2		0
245.663		210.819		2705		2		0
240.073		244.585		2604		2		0
238.618		272.48		2449		2		0
235.875		280.443		2398		2		0
286.638		211.945		2711		2		0
293.26		245.768		2592		2		0
301.272		272.796		2439		2		0
301.342		280.002		2433		1		0
258.915		271.38		2387		2		0
253.413		287.775		2210		2		0
254.207		353.364		2112		2		0
254.582		370.207		2071		2		0
281.179		270.822		2387		2		0
285.931		290.884		2194		2		0
285.471		354.945		2112		2		0
287.246		371.914		2062		2		0
266.893		208.16		2685		2		0
234.799		289.399		2344		2		0
241.602		281.107		2385		2		0
304.201		290.601		2333		2		0
307.247		282.99		2415		2		0
Frame 72
270.058		271.114		2468		2		0
268.154		234.15		2608		2		0
266.513		199.805		2701		2		0
267.361		181.95		2637		2		0
245.675		210.916		2706		2		0
240.055		244.456		2605		2		0
238.72		272.138		2450		2		0
236.016		280.19		2398		2		0
286.695		212.009		2705		2		0
293.211		245.628		2591		2		0
300.801		272.607		2430		2		0
296.62		277.844		2456		2		0
258.904		271.383		2388		2		0
253.395		287.952		2211		2		0
254.171		353.56		2116		2		0
254.525		370.429		2076		2		0
281.19		270.83		2387		2		0
285.946		290.885		2199		2		0
285.596		354.924		2113		2		0
287.358		371.912		2062		2		0
266.903		208.172		2684		2		0
234.333		290.665		2338		2		0
241.612		280.764		2400		2		0
292.753		285.26		2292		2		0
298.998		284.285		2383		2		0
Frame 73
270.057		271.097		2473		2		0
268.157		234.141		2612		2		0
266.512		199.819		2708		2		0
267.375		181.962		2637		2		0
245.724		210.897		2706		2		0
240.048		244.396		2609		2		0
238.762		271.967		2458		2		0
235.965		280.483		2396		2		0
286.674		211.944		2712		2		0
293.189		245.582		2590		2		0
300.73		272.537		2435		2		0
296.236		277.297		2463		2		0
258.899		271.362		2390		2		0
253.441		287.833		2210		2		0
254.132		353.437		2115		2		0
254.369		370.32		2075		2		0
281.193		270.821		2387		2		0
285.982		290.917		2198		2		0
285.584		355.072		2108		2		0
287.23		372.085		2062		2		0
266.904		208.177		2690		2		0
234		291		2330		2		0
241.821		280.786		2391		2		0
292.836		285.84		2297		2		0
300.218		281.562		2410		2		0
Frame 74
270.061		271.086		2466		2		0
268.158		234.143		2607		2		0
266.506		199.845		2694		2		0
267.377		181.979		2636		2		0
245.704		210.987		2706		2		0
240.096		245.106		2601		2		0
238.729		271.836		2460		2		0
235.898		279.951		2394		2		0
286.761		212.057		2704		2		0
293.133		245.474		2592		2		0
300.613		272.419		2430		2		0
296.465		277.827		2458		1		0
258.9		271.341		2390		2		0
253.412		287.743		2204		2		0
254.096		353.349		2110		2		0
254.385		370.244		2075		2		0
281.197		270.819		2387		2		0
285.989		290.922		2198		2		0
285.59		355.075		2106		2		0
287.29		372.101		2058		2		0
266.901		208.193		2686		2		0
234.714		289		2336		2		0
242		282		2369		2		0
292.574		285.291		2298		2		0
299.747		282.29		2396		2		0
Frame 75
270.062		271.106		2469		2		0
268.145		234.194		2601		2		0
266.438		200.024		2700		2		0
267.369		182.024		2632		2		0
245.686		211.113		2705		2		0
240.046		245.471		2599		2		0
238.717		271.675		2459		2		0
235.939		280.12		2392		2		0
286.798		212.11		2704		2		0
293.1		245.406		2594		2		0
300.587		272.297		2433		2		0
296.319		277.526		2456		1		0
258.893		271.355		2386		2		0
253.392		287.91		2215		2		0
254.032		353.549		2115		2		0
254.396		370.482		2077		2		0
281.224		270.844		2385		2		0
286.024		290.927		2201		2		0
285.651		355.039		2111		2		0
287.429		372.084		2059		2		0
266.852		208.33		2697		2		0
234.004		290.001		2334		2		0
241.309		281.401		2383		2		0
292.803		285.607		2290		2		0
299.582		282.66		2405		2		0
Frame 76
270.069		271.09		2458		2		0
268.142		234.194		2601		2		0
266.412		200.043		2701		2		0
267.355		182.047		2635		2		0
245.682		211.176		2707		2		0
240.089		245.079		2606		2		0
238.752		271.647		2458		2		0
235.942		280.287		2397		2		0
286.737		211.992		2708		2		0
293.071		245.362		2589		2		0
300.378		272.236		2432		2		0
296.51		277.664		2453		1		0
258.897		271.343		2389		2		0
253.411		287.861		2207		2		0
254.019		353.499		2116		2		0
254.241		370.435		2078		2		0
281.23		270.829		2387		2		0
286.039		290.945		2196		2		0
285.704		355.056		2108		2		0
287.343		372.112		2060		2		0
266.834		208.343		2684		2		0
234.599		290.6		2339		2		0
242.168		279.148		2373		2		0
292.949		286.055		2290		2		0
299.78		282.779		2395		2		0
Frame 77
270.068		271.08		2464		2		0
268.132		234.204		2613		2		0
266.377		200.098		2708		2		0
267.353		182.093		2633		2		0
245.714		211.15		2705		2		0
240.079		245.325		2607		2		0
238.739		271.608		2462		2		0
235.988		279.818		2401		2		0
286.707		211.917		2711		2		0
293.071		245.35		2591		2		0
300.27		272.224		2433		2		0
296.516		277.738		2455		1		0
258.894		271.339		2384		2		0
253.402		287.81		2206		2		0
254.006		353.449		2114		2		0
254.145		370.389		2077		2		0
281.231		270.802		2392		2		0
286.072		290.925		2197		2		0
285.721		355.016		2107		2		0
287.278		372.078		2060		2		0
266.807		208.384		2697		2		0
235.001		288.599		2336		2		0
242.378		277.849		2400		2		0
292.802		285.606		2295		2		0
299.826		282.291		2399		2		0
Frame 78
270.065		271.069		2466		2		0
268.12		234.21		2611		2		0
266.347		200.128		2700		2		0
267.326		182.152		2629		2		0
245.698		211.181		2703		2		0
240.075		245.44		2604		2		0
238.711		271.562		2458		2		0
235.957		280.13		2397		2		0
286.742		211.988		2706		2		0
293.287		246.351		2587		2		0
300.491		273.293		2426		2		0
287.558		277.689		2312		2		0
258.889		271.337		2383		2		0
253.411		287.72		2209		2		0
253.979		353.352		2114		2		0
254.113		370.296		2074		2		0
281.222		270.76		2377		2		0
286.097		290.909		2194		2		0
285.745		355.029		2104		2		0
287.3		372.099		2058		2		0
266.783		208.407		2687		2		0
234.5		291		2337		2		0
241.753		278.48		2410		2		0
284.904		282.907		2263		2		0
293.105		282.792		2337		2		0
Frame 79
270.07		271.074		2465		2		0
268.121		234.218		2599		2		0
266.345		200.141		2709		2		0
267.299		182.187		2625		2		0
245.675		211.225		2706		2		0
240.098		245.221		2605		2		0
238.299		273.573		2444		2		0
235.659		281.52		2387		2		0
286.707		211.937		2710		2		0
293.259		246.229		2588		2		0
300.55		273.103		2424		2		0
295.91		277.252		2452		2		0
258.889		271.342		2387		2		0
253.356		287.888		2205		2		0
253.973		353.536		2115		2		0
254.041		370.491		2074		2		0
281.234		270.767		2386		2		0
286.123		290.909		2199		2		0
285.763		355.023		2106		2		0
287.253		372.094		2058		2		0
266.781		208.419		2690		2		0
235.25		292.5		2320		2		0
242.005		279.751		2372		2		0
292.001		284.004		2295		2		0
299.247		283.372		2391		2		0
Frame 80
270.068		271.074		2471		2		0
268.109		234.231		2608		2		0
266.308		200.18		2699		2		0
267.282		182.235		2625		2		0
245.653		211.205		2703		2		0
240.129		245.268		2605		2		0
238.671		272.598		2443		2		0
235.855		280.873		2390		2		0
286.727		212.012		2704		2		0
293.637		247.244		2582		2		0
299.674		276.6		2435		2		0
303.173		283.205		2376		2		0
258.883		271.343		2378		2		0
253.362		287.856		2207		2		0
253.865		353.499		2112		2		0
254.031		370.453		2071		2		0
281.234		270.766		2381		2		0
286.141		290.905		2193		2		0
285.749		355.039		2103		2		0
287.342		372.116		2057		2		0
266.751		208.452		2688		2		0
234.999		291		2330		2		0
241.717		280.692		2387		2		0
306.75		295.75		2399		2		0
308		281.138		2449		2		0
Frame 81
270.068		271.071		2470		2		0
268.114		234.229		2612		2		0
266.32		200.179		2701		2		0
267.27		182.239		2632		2		0
245.617		211.212		2703		2		0
240.214		245.619		2599		2		0
238.681		272.547		2451		2		0
235.741		280.661		2392		2		0
286.738		212.046		2707		2		0
293.434		246.504		2586		2		0
299.779		274.246		2428		2		0
302.382		281.483		2394		2		0
258.882		271.344		2385		2		0
253.403		287.636		2211		2		0
253.849		353.256		2114		2		0
254.13		370.2		2073		2		0
281.233		270.754		2380		2		0
286.159		290.905		2199		2		0
285.778		355.026		2107		2		0
287.487		372.103		2054		2		0
266.761		208.451		2692		2		0
234.799		290.399		2342		2		0
241.454		281.174		2380		2		0
306.75		295.104		2400		2		0
307.856		279.282		2446		2		0
Frame 82
270.069		271.078		2473		2		0
268.107		234.247		2609		2		0
266.296		200.217		2698		2		0
267.28		182.319		2630		2		0
245.596		211.229		2706		2		0
240.222		245.488		2602		2		0
238.743		271.888		2463		2		0
236.913		278.889		2405		2		0
286.741		212.071		2699		2		0
293.591		247.146		2581		2		0
299.965		274.185		2429		2		0
299.851		279.276		2426		2		0
258.88		271.348		2382		2		0
253.354		287.543		2213		2		0
253.78		353.169		2112		2		0
254.122		370.118		2070		2		0
281.239		270.769		2381		2		0
286.192		290.888		2198		2		0
285.793		355.017		2107		2		0
287.567		372.098		2056		2		0
266.741		208.484		2693		2		0
236.665		287.999		2349		2		0
243.002		274.431		2410		2		0
299.499		287.332		2350		2		0
306		281.338		2387		2		0
Frame 83
270.068		271.072		2469		2		0
268.106		234.246		2613		2		0
266.294		200.219		2706		2		0
267.265		182.34		2623		2		0
245.597		211.247		2702		2		0
240.211		245.306		2601		2		0
238.623		271.45		2456		2		0
237.168		278.524		2421		2		0
286.761		212.103		2705		2		0
293.427		246.586		2591		2		0
299.793		273.502		2432		2		0
295.78		277.515		2453		2		0
258.879		271.345		2384		2		0
253.356		287.531		2210		2		0
253.769		353.156		2112		2		0
254.139		370.109		2077		2		0
281.239		270.759		2379		2		0
286.207		290.871		2195		2		0
285.789		355.002		2105		2		0
287.593		372.09		2057		2		0
266.739		208.486		2685		2		0
236.497		287.5		2354		2		0
242.679		276.39		2410		2		0
292.251		285.004		2294		2		0
299.273		283.265		2394		2		0
Frame 84
270.066		271.074		2457		2		0
268.101		234.276		2608		2		0
266.286		200.292		2706		2		0
267.272		182.374		2628		2		0
245.589		211.213		2699		2		0
240.188		245.093		2603		2		0
238.709		271.278		2462		2		0
237.305		278.31		2421		2		0
286.756		212.12		2704		2		0
293.27		246.158		2586		2		0
299.74		273.032		2427		2		0
295.66		277.307		2446		1		0
258.871		271.358		2388		2		0
253.342		287.497		2211		2		0
253.762		353.123		2115		2		0
254.172		370.079		2072		2		0
281.238		270.76		2380		2		0
286.242		290.874		2197		2		0
285.799		354.973		2112		2		0
287.642		372.065		2053		2		0
266.731		208.549		2690		2		0
236.537		287.384		2351		2		0
241.669		283.097		2377		2		0
292.369		284.531		2298		2		0
299.302		282.94		2399		2		0
Frame 85
270.067		271.076		2462		2		0
268.103		234.293		2607		2		0
266.29		200.329		2700		2		0
267.273		182.396		2628		2		0
245.579		211.312		2702		2		0
240.215		245.673		2601		2		0
238.738		271.608		2460		2		0
235.857		280.121		2394		2		0
286.76		212.128		2707		2		0
293.483		247.139		2580		2		0
300.003		274.039		2425		2		0
295.839		277.512		2447		1		0
258.87		271.369		2390		2		0
253.319		287.751		2203		2		0
253.753		353.407		2114		2		0
254.148		370.382		2072		2		0
281.241		270.758		2383		2		0
286.271		290.866		2203		2		0
285.789		354.977		2107		2		0
287.618		372.073		2055		2		0
266.734		208.581		2688		2		0
234.6		290.399		2339		2		0
241.284		281.425		2385		2		0
292.001		284.003		2299		2		0
297.383		284.74		2381		2		0
Frame 86
270.068		271.067		2468		2		0
268.108		234.314		2607		2		0
266.299		200.395		2704		2		0
267.278		182.404		2632		2		0
245.559		211.418		2707		2		0
240.256		246.06		2604		2		0
238.657		271.989		2465		2		0
235.808		280.701		2398		2		0
286.718		212.032		2710		2		0
293.48		247.177		2587		2		0
300.032		274.059		2426		2		0
295.425		277.634		2454		1		0
258.871		271.373		2382		2		0
253.273		287.846		2213		2		0
253.743		353.502		2118		2		0
253.985		370.49		2079		2		0
281.243		270.714		2387		2		0
286.291		290.857		2205		2		0
285.811		354.992		2110		2		0
287.488		372.095		2061		2		0
266.742		208.635		2687		2		0
234.999		290.572		2336		2		0
242		280.741		2369		2		0
292.502		285.507		2290		2		0
298.72		282.918		2405		2		0
