side
Frame 0
442.146		231.037		2471		2		0
444.375		188.182		2413		2		0
446.602		144.752		2433		2		0
452.395		123.664		2367		2		0
423.38		161.443		2475		2		0
416.225		198.259		2506		2		0
419.356		230.469		2478		2		0
420.577		234.905		2466		2		0
467.006		164.428		2432		2		0
469.785		200.693		2475		2		0
474.329		231.891		2472		2		0
474.959		237.465		2476		2		0
432.119		230.499		2469		2		0
422.748		271.606		2601		2		0
417.389		313.425		2655		2		0
420.554		326.412		2632		2		0
452.198		231.574		2460		2		0
448.845		273.725		2572		2		0
442.383		315.943		2644		2		0
442.341		327.943		2622		2		0
446.059		155.66		2413		2		0
419.5		243		2488		2		0
425.5		235.282		2477		2		0
477.995		247.747		2490		2		0
468.405		237.383		2470		2		0
Frame 1
442.184		231.042		2459		2		0
444.433		188.168		2421		2		0
446.664		144.715		2422		2		0
452.468		123.652		2375		2		0
423.469		161.445		2476		2		0
416.279		198.365		2503		2		0
419.424		230.784		2474		2		0
420.634		235.235		2460		2		0
467.16		164.449		2421		2		0
470.046		201.628		2463		2		0
475.049		232.79		2473		2		0
474.844		237.918		2471		2		0
432.147		230.503		2467		2		0
422.75		271.582		2615		2		0
417.417		313.542		2667		2		0
420.542		326.377		2628		2		0
452.245		231.58		2460		2		0
448.854		273.703		2577		2		0
442.54		315.861		2644		2		0
442.303		327.891		2630		2		0
446.121		155.628		2422		2		0
419.914		241.232		2494		2		0
425.909		233.88		2479		2		0
477.255		248.637		2476		2		0
468.431		238.08		2473		2		0
Frame 2
442.217		231.052		2468		2		0
444.497		188.168		2405		2		0
446.742		144.699		2430		2		0
452.516		123.655		2368		2		0
423.516		161.443		2476		2		0
416.3		198.343		2503		2		0
419.465		230.993		2471		2		0
420.545		235.368		2469		2		0
467.185		164.456		2429		2		0
470.079		201.835		2462		2		0
475.319		232.978		2471		2		0
475.031		239.234		2467		2		0
432.168		230.512		2467		2		0
422.642		273.572		2609		2		0
417.418		313.528		2659		2		0
420.299		325.868		2629		2		0
452.293		231.591		2467		2		0
448.917		273.646		2567		2		0
442.414		315.861		2640		2		0
445.7		325.446		2619		2		0
446.197		155.616		2413		2		0
421.23		241.539		2483		2		0
426.033		233.371		2477		2		0
475.599		249.066		2477		2		0
468.524		238.345		2473		2		0
Frame 3
442.255		231.025		2469		2		0
444.563		188.136		2417		2		0
446.827		144.659		2432		2		0
452.612		123.588		2369		2		0
423.556		161.431		2480		2		0
416.34		198.386		2502		2		0
419.505		231.223		2472		2		0
420.463		235.495		2463		2		0
467.293		164.428		2415		2		0
470.043		201.096		2460		2		0
475.444		232.221		2467		2		0
475.368		238.73		2465		2		0
432.214		230.482		2467		2		0
422.607		273.581		2616		2		0
417.413		313.537		2656		2		0
420.244		326.057		2630		2		0
452.323		231.566		2457		2		0
448.953		273.625		2570		2		0
442.249		315.84		2645		2		0
441.479		327.574		2632		2		0
446.278		155.578		2419		2		0
421.071		241.617		2481		2		0
426.099		232.654		2478		2		0
476.688		248.023		2476		2		0
469.167		236.002		2475		2		0
Frame 4
442.257		231.024		2463		2		0
444.585		188.148		2405		2		0
446.883		144.705		2422		2		0
452.771		123.605		2365		2		0
423.644		161.41		2473		2		0
416.385		198.363		2506		2		0
419.574		231.292		2474		2		0
420.562		235.594		2464		2		0
467.404		164.422		2428		2		0
469.95		200.571		2470		2		0
474.4		231.781		2466		2		0
474.55		238.228		2460		2		0
432.218		230.48		2463		2		0
422.519		273.696		2612		2		0
417.406		313.536		2666		2		0
420.084		325.943		2634		2		0
452.324		231.565		2465		2		0
448.971		273.629		2574		2		0
442.31		315.889		2644		2		0
441.532		327.601		2633		2		0
446.324		155.613		2423		2		0
421.197		241.534		2481		2		0
426.014		233.347		2474		2		0
475.724		248.182		2473		2		0
468.528		237.828		2479		2		0
Frame 5
442.258		231.025		2464		2		0
444.616		188.157		2419		2		0
446.972		144.727		2424		2		0
452.803		123.606		2376		2		0
423.732		161.404		2479		2		0
416.415		198.348		2502		2		0
419.573		231.337		2477		2		0
420.717		235.665		2467		2		0
467.462		164.408		2415		2		0
469.905		200.331		2469		2		0
474.352		231.548		2471		2		0
474.442		238.334		2463		2		0
432.218		230.479		2469		2		0
422.508		273.767		2612		2		0
417.408		313.53		2661		2		0
420.088		326.141		2634		2		0
452.325		231.567		2466		2		0
448.987		273.614		2573		2		0
442.238		315.936		2642		2		0
441.535		327.508		2633		2		0
446.397		155.632		2423		2		0
421.196		241.535		2479		2		0
425.921		233.594		2481		2		0
474.829		248.082		2478		2		0
468.602		237.518		2474		2		0
Frame 6
442.268		231.015		2472		2		0
444.657		188.158		2417		2		0
447.049		144.752		2429		2		0
452.824		123.592		2373		2		0
423.846		161.397		2480		2		0
416.46		198.367		2506		2		0
419.633		231.394		2478		2		0
420.86		235.666		2467		2		0
467.476		164.418		2419		2		0
470.135		201.214		2456		2		0
473.132		232.431		2475		2		0
473.473		239.592		2468		2		0
432.228		230.469		2472		2		0
422.468		273.966		2620		2		0
417.409		313.55		2663		2		0
420.337		326.968		2637		2		0
452.334		231.558		2467		2		0
449		273.558		2566		2		0
442.226		315.942		2648		2		0
441.566		327.541		2631		2		0
446.465		155.649		2415		2		0
421.927		241.572		2487		2		0
426.098		232.88		2481		2		0
473.499		249.5		2471		2		0
467.376		241.626		2472		2		0
Frame 7
442.308		231.033		2468		2		0
444.726		188.169		2406		2		0
447.127		144.752		2423		2		0
452.918		123.564		2369		2		0
423.898		161.394		2478		2		0
416.48		198.339		2507		2		0
419.686		231.418		2479		2		0
420.862		235.782		2467		2		0
467.522		164.426		2418		2		0
469.602		199.125		2478		2		0
474.055		234.712		2447		2		0
474.2		239.944		2471		2		0
432.257		230.47		2463		2		0
422.423		274.084		2609		2		0
417.369		313.736		2662		2		0
420.733		326.757		2628		2		0
452.389		231.598		2468		2		0
449.008		273.593		2563		2		0
442.148		315.942		2645		2		0
442.255		327.425		2624		2		0
446.542		155.652		2416		2		0
421.596		241.601		2480		2		0
426.008		233.256		2478		2		0
473.864		249.217		2494		2		0
468.344		239.275		2465		2		0
Frame 8
442.33		231.038		2459		2		0
444.766		188.159		2411		2		0
447.176		144.715		2432		2		0
453.003		123.552		2363		2		0
423.928		161.386		2474		2		0
416.516		198.355		2503		2		0
419.758		231.442		2474		2		0
420.966		235.768		2462		2		0
467.584		164.429		2424		2		0
469.597		198.988		2471		2		0
474.583		231.72		2466		2		0
473.92		239.152		2471		2		0
432.28		230.471		2471		2		0
422.436		274.074		2613		2		0
417.368		313.736		2662		2		0
420.541		326.429		2631		2		0
452.415		231.608		2449		2		0
449.125		273.496		2564		2		0
442.06		315.863		2645		2		0
442.26		327.47		2623		2		0
446.589		155.623		2420		2		0
421.711		241.644		2490		2		0
425.97		233.496		2475		2		0
473.287		248.713		2489		2		0
468.82		238.732		2471		2		0
Frame 9
442.432		231.059		2450		2		0
444.883		188.182		2412		2		0
447.298		144.729		2414		2		0
453.156		123.552		2370		2		0
424.022		161.399		2475		2		0
416.574		198.345		2505		2		0
419.918		231.621		2480		2		0
421.113		235.829		2461		2		0
467.61		164.42		2426		2		0
469.522		198.508		2472		2		0
475.374		229.584		2473		2		0
473.823		238.587		2477		2		0
432.376		230.494		2459		2		0
422.406		274.137		2609		2		0
417.315		313.642		2657		2		0
420.499		326.47		2629		2		0
452.523		231.627		2455		2		0
449.146		273.691		2568		2		0
441.921		315.94		2648		2		0
442.107		327.517		2629		2		0
446.71		155.64		2431		2		0
422.353		241.573		2478		2		0
426.375		236.251		2484		2		0
473.499		248.5		2484		2		0
468.557		238.932		2471		2		0
Frame 10
442.593		231.047		2466		2		0
444.969		188.164		2408		2		0
447.322		144.713		2414		2		0
453.24		123.55		2364		2		0
424.165		161.358		2472		2		0
416.645		198.418		2506		2		0
420.032		231.746		2469		2		0
421.242		236.118		2457		2		0
467.745		164.424		2418		2		0
469.526		198.572		2473		2		0
476.113		229.549		2476		2		0
474.023		238.649		2479		2		0
432.55		230.476		2460		2		0
423.014		272.517		2608		2		0
417.308		313.633		2659		2		0
420.445		326.331		2625		2		0
452.667		231.619		2475		2		0
449.148		273.695		2561		2		0
441.936		315.932		2643		2		0
441.992		327.651		2636		2		0
446.745		155.623		2428		2		0
420.717		242.183		2491		2		0
426.631		235.294		2470		2		0
473.621		248.555		2488		2		0
469.669		240.002		2482		2		0
Frame 11
442.621		231.052		2465		2		0
444.999		188.172		2411		2		0
447.34		144.719		2416		2		0
453.289		123.57		2364		2		0
424.214		161.37		2475		2		0
416.679		198.294		2505		2		0
420.137		231.844		2468		2		0
420.889		236.268		2467		2		0
467.825		164.473		2416		2		0
469.738		200.378		2474		2		0
476.403		231.343		2468		2		0
474.049		239.474		2470		2		0
432.587		230.48		2461		2		0
423.145		272.995		2603		2		0
417.323		313.655		2658		2		0
420.444		326.726		2634		2		0
452.687		231.625		2465		2		0
449.181		273.597		2563		2		0
441.953		315.831		2647		2		0
442.262		327.544		2623		2		0
446.768		155.63		2417		2		0
421.184		242.24		2487		2		0
426.209		234.488		2476		2		0
472.501		248.998		2494		2		0
469.334		238.252		2468		2		0
Frame 12
442.635		231.048		2460		2		0
445.025		188.134		2415		2		0
447.368		144.598		2428		2		0
453.313		123.572		2365		2		0
424.238		161.373		2475		2		0
416.713		198.282		2505		2		0
420.195		231.856		2472		2		0
421.321		236.227		2461		2		0
467.844		164.471		2408		2		0
469.763		200.463		2479		2		0
476.299		231.451		2469		2		0
474.042		239.537		2471		2		0
432.594		230.476		2466		2		0
423.13		273.281		2603		2		0
417.321		313.646		2659		2		0
420.694		326.629		2631		2		0
452.708		231.62		2468		2		0
449.199		273.562		2569		2		0
441.917		315.834		2644		2		0
442.324		327.499		2625		2		0
446.797		155.535		2415		2		0
421.448		242.365		2488		2		0
426.284		234.721		2474		2		0
473.799		248.4		2480		2		0
468.941		238.181		2474		2		0
Frame 13
442.663		231.031		2461		2		0
445.058		188.112		2401		2		0
447.393		144.575		2420		2		0
453.391		123.551		2369		2		0
424.284		161.356		2474		2		0
416.759		198.283		2501		2		0
419.763		229.466		2471		2		0
421.152		234.625		2464		2		0
467.873		164.471		2405		2		0
469.752		200.541		2477		2		0
475.847		231.588		2474		2		0
473.821		239.383		2465		2		0
432.614		230.456		2462		2		0
423.505		271.486		2596		2		0
417.33		313.603		2658		2		0
420.261		325.943		2635		2		0
452.744		231.606		2464		2		0
449.216		273.565		2557		2		0
442.089		315.843		2643		2		0
442.177		327.482		2623		2		0
446.825		155.512		2429		2		0
422.374		243.375		2483		2		0
426.137		232.272		2475		2		0
473.8		248.4		2480		2		0
468.75		237.999		2470		2		0
Frame 14
442.673		231.032		2465		2		0
445.061		188.107		2410		2		0
447.387		144.568		2415		2		0
453.42		123.553		2358		2		0
424.298		161.353		2473		2		0
416.772		198.278		2502		2		0
420.324		230.727		2469		2		0
421.597		235.22		2463		2		0
467.889		164.457		2424		2		0
469.65		199.895		2478		2		0
475.392		230.982		2462		2		0
473.917		239.308		2472		2		0
432.617		230.448		2462		2		0
423.708		271.273		2597		2		0
417.32		313.581		2660		2		0
420.101		325.744		2636		2		0
452.759		231.615		2461		2		0
449.231		273.571		2562		2		0
442.45		315.865		2639		2		0
441.874		327.795		2634		2		0
446.821		155.505		2415		2		0
420.319		242.331		2491		2		0
426.727		235.46		2475		2		0
473.569		248.287		2466		2		0
468.472		238.122		2465		2		0
Frame 15
442.663		231.03		2469		2		0
445.11		188.13		2415		2		0
447.597		144.637		2407		2		0
453.445		123.56		2356		2		0
424.32		161.359		2471		2		0
416.784		198.286		2502		2		0
420.341		230.86		2469		2		0
421.306		235.313		2465		2		0
467.914		164.462		2436		2		0
469.624		200.383		2473		2		0
475.28		231.485		2473		2		0
474.015		239.654		2464		2		0
432.599		230.432		2460		2		0
423.574		271.473		2598		2		0
417.336		313.614		2659		2		0
420.036		325.967		2636		2		0
452.75		231.626		2457		2		0
449.255		273.484		2568		2		0
442.383		315.835		2637		2		0
442.026		327.65		2628		2		0
446.982		155.562		2421		2		0
421.226		241.309		2486		2		0
426.62		234.434		2474		2		0
473.284		248.429		2466		2		0
468.55		238.145		2477		2		0
Frame 16
442.621		231.01		2461		2		0
445.134		188.089		2401		2		0
447.7		144.539		2419		2		0
453.503		123.607		2351		2		0
424.314		161.332		2465		2		0
416.77		198.194		2500		2		0
421.281		234.159		2455		2		0
421.92		238.124		2460		1		0
467.871		164.488		2437		2		0
469.245		199.109		2459		2		0
475.109		230.198		2468		2		0
473.995		238.672		2468		2		0
432.557		230.395		2455		2		0
423.045		272.619		2594		2		0
417.315		313.539		2658		2		0
420.062		326.008		2632		2		0
452.706		231.62		2457		2		0
449.242		273.446		2565		2		0
442.329		315.811		2642		2		0
442.021		327.652		2629		2		0
447.065		155.481		2412		2		0
423.499		244.501		2485		2		0
427.251		235.755		2473		2		0
473.376		248.248		2474		2		0
468.23		239.656		2471		2		0
Frame 17
442.588		230.987		2458		2		0
445.106		188.051		2405		2		0
447.656		144.471		2415		2		0
453.492		123.512		2356		2		0
424.28		161.332		2466		2		0
416.729		198.13		2501		2		0
420.649		233.193		2465		2		0
421.291		237.298		2459		2		0
467.864		164.473		2424		2		0
469.189		199.779		2456		2		0
473.774		231.038		2474		2		0
473.398		239.207		2479		2		0
432.519		230.36		2462		2		0
423.297		272.037		2590		2		0
417.364		313.682		2657		2		0
420.121		326.145		2630		2		0
452.676		231.607		2460		2		0
449.195		273.535		2564		2		0
442.536		316.109		2640		2		0
441.987		328.048		2635		2		0
447.028		155.422		2419		2		0
422.497		243.501		2489		2		0
426.433		234.423		2472		2		0
473.164		248.334		2465		2		0
467.468		240.268		2479		2		0
Frame 18
442.549		230.978		2460		2		0
445.078		188.041		2406		2		0
447.626		144.451		2417		2		0
453.429		123.357		2350		2		0
424.224		161.292		2460		2		0
416.636		198.002		2496		2		0
417.757		229.151		2489		2		0
420.465		236.422		2461		2		0
467.714		164.411		2435		2		0
469.198		199.798		2454		2		0
474.244		231.01		2467		2		0
473.787		238.914		2478		2		0
432.474		230.344		2455		2		0
423.307		272.672		2580		2		0
417.369		313.78		2661		2		0
420.196		326.228		2631		2		0
452.641		231.604		2453		2		0
449.111		273.594		2558		2		0
442.256		316.176		2637		2		0
442.161		328.234		2628		2		0
447		155.405		2414		2		0
421.816		242.455		2483		2		0
424.849		234.501		2459		2		0
473.513		248.511		2488		2		0
467.683		239.83		2472		2		0
Frame 19
442.377		230.946		2456		2		0
444.953		188.053		2402		2		0
447.515		144.498		2393		2		0
453.386		123.25		2351		2		0
424.172		161.185		2460		2		0
416.569		198.059		2493		2		0
420.136		233.287		2459		2		0
421.272		238.851		2455		1		0
467.631		164.341		2429		2		0
469.176		199.968		2453		2		0
474.513		231.155		2463		2		0
474.178		239.139		2477		2		0
432.269		230.309		2456		2		0
423.455		273.098		2578		2		0
417.397		314.158		2654		2		0
420.319		326.471		2627		2		0
452.501		231.577		2464		2		0
449.044		273.617		2560		2		0
442.153		316.216		2642		2		0
442.386		328.578		2622		2		0
446.887		155.443		2425		2		0
422.75		244.251		2482		2		0
426.125		236.376		2474		2		0
473.399		248.4		2480		2		0
467.5		237.669		2470		2		0
Frame 20
442.119		230.889		2455		2		0
444.813		187.987		2404		2		0
447.447		144.417		2403		2		0
453.212		123.217		2341		2		0
424.017		161.128		2460		2		0
416.347		198.027		2491		2		0
420.09		233.221		2452		2		0
420.437		237.35		2454		2		0
467.516		164.308		2432		2		0
469.258		202.001		2456		2		0
474.949		233.172		2473		2		0
474.036		240.906		2468		2		0
432.001		230.24		2452		2		0
423.842		273.729		2577		2		0
417.487		314.712		2653		2		0
420.318		326.503		2631		2		0
452.252		231.531		2453		2		0
448.845		273.522		2554		2		0
442.121		316.202		2640		2		0
442.306		328.466		2625		2		0
446.805		155.365		2429		2		0
421.729		243.467		2482		2		0
425.761		234.357		2466		2		0
473.5		248.5		2482		2		0
469.631		241.133		3227		2		0
Frame 21
441.804		230.865		2457		2		0
444.538		187.937		2398		2		0
447.198		144.323		2410		2		0
453.12		123.125		2344		2		0
423.7		161.071		2457		2		0
415.95		197.703		2494		2		0
419.959		234.557		2454		2		0
420.299		238.377		2452		2		0
467.131		164.256		2445		2		0
468.817		201.16		2459		2		0
473.889		232.433		2471		2		0
473.585		238.6		2465		2		0
431.656		230.255		2451		2		0
424.304		274.807		2556		2		0
417.456		314.99		2651		2		0
420.331		326.508		2634		2		0
451.961		231.472		2463		2		0
448.533		273.652		2550		2		0
442.22		316.231		2639		2		0
445.523		325.859		2617		2		0
446.55		155.284		2402		2		0
421.923		244.429		2484		2		0
425.446		236.504		2468		2		0
472.282		248.429		2471		2		0
466.667		236.667		2472		2		0
Frame 22
441.426		230.828		2458		2		0
444.179		187.917		2392		2		0
446.847		144.285		2410		2		0
452.852		123.155		2337		2		0
423.39		161.047		2454		2		0
415.388		197.388		2493		2		0
419.727		234.46		2447		2		0
419.957		238.392		2451		2		0
467.105		164.27		2451		2		0
468.69		201.207		2454		2		0
473.274		232.534		2463		2		0
473.438		240.713		2465		2		0
431.275		230.212		2449		2		0
425.174		276.093		2539		2		0
417.489		315.949		2647		2		0
420.44		326.858		2631		2		0
451.589		231.442		2460		2		0
448.371		273.566		2540		2		0
442.415		316.349		2640		2		0
445.832		325.996		2618		2		0
446.198		155.254		2409		2		0
421.432		244.438		2482		2		0
425.313		238.814		2468		2		0
471.749		249.25		2468		2		0
467.511		238.227		0		2		0
Frame 23
441.016		230.923		2455		2		0
443.71		188.018		2393		2		0
446.308		144.388		2400		2		0
452.529		123.326		2337		2		0
422.742		160.961		2445		2		0
414.662		197.412		2491		2		0
418.556		233.655		2443		2		0
419.838		237.922		2442		2		0
466.198		164.601		2444		2		0
468.008		201.149		2463		2		0
473.213		232.425		2462		2		0
472.768		240.417		2468		2		0
430.858		230.37		2452		2		0
425.705		277.411		2518		2		0
417.472		316.163		2643		2		0
420.611		327.371		2624		2		0
451.172		231.487		2455		2		0
448.227		273.899		2535		2		0
442.507		316.553		2634		2		0
445.911		326.205		2617		2		0
445.677		155.357		2404		2		0
421.495		244.251		2474		2		0
425.412		235.179		2462		2		0
472.501		248.499		2476		2		0
466.2		237.202		2476		2		0
Frame 24
440.84		231.003		2457		2		0
443.437		188.144		2402		2		0
445.913		144.54		2400		2		0
452.104		123.35		2335		2		0
422.152		161.092		2448		2		0
413.554		197.614		2489		2		0
417.687		233.09		2452		2		0
419.035		237.705		2440		2		0
465.895		164.749		2444		2		0
467.459		202.382		2458		2		0
473.629		233.542		2465		2		0
472.766		241.597		2466		2		0
430.7		230.507		2447		2		0
426.033		277.803		2504		2		0
417.601		316.121		2642		2		0
420.633		327.411		2629		2		0
450.981		231.517		2454		2		0
448.025		274.065		2535		2		0
442.563		316.577		2639		2		0
443.643		327.128		2615		2		0
445.314		155.505		2404		2		0
420.993		243.502		2468		2		0
424.885		236.885		2461		2		0
472.001		249.333		2464		2		0
469.858		243.714		0		2		0
Frame 25
440.203		231.156		2461		2		0
442.489		188.446		2393		2		0
444.609		144.987		2390		2		0
451.369		123.641		2331		2		0
421.036		161.228		2440		2		0
412.02		197.91		2490		2		0
414.356		229.041		2464		2		0
417.319		234.837		2438		2		0
464.393		164.797		2439		2		0
466.035		201.348		2459		2		0
473.146		232.346		2463		2		0
472.349		241.409		2463		2		0
430.081		230.715		2436		2		0
426.365		278.646		2489		2		0
417.703		316.504		2637		2		0
420.718		327.533		2622		2		0
450.331		231.609		2460		2		0
447.914		274.271		2534		2		0
442.601		316.632		2639		2		0
443.283		327.168		2623		2		0
444.103		155.917		2407		2		0
418.997		244.251		2465		2		0
423.174		233.567		2446		2		0
471.286		249.714		2475		2		0
468.834		240.34		0		2		0
Frame 26
439.189		231.507		2453		2		0
441.204		188.827		2405		2		0
443.092		145.345		2391		2		0
450.118		124.032		2310		2		0
419.45		161.511		2439		2		0
410.65		198.215		2487		2		0
413.598		231.058		2452		2		0
416.468		236.021		2432		2		0
462.686		165.155		2444		2		0
464.842		201.191		2446		2		0
471.156		235.652		2459		2		0
470.88		243.88		2465		2		0
429.103		231.072		2437		2		0
426.045		279.984		2476		2		0
417.967		317.292		2630		2		0
420.665		328.149		2620		2		0
449.27		231.946		2448		2		0
447.706		274.573		2516		2		0
442.641		316.722		2627		2		0
443.272		327.252		2619		2		0
442.639		156.285		2395		2		0
418.221		244.445		2453		2		0
422.521		234.483		2449		2		0
469.996		251.665		2477		2		0
465.133		245.141		0		2		0
Frame 27
438.225		231.782		2448		2		0
440.172		189.1		2400		2		0
442.004		145.622		2369		2		0
448.574		124.303		2310		2		0
417.654		161.807		2436		2		0
409.254		198.963		2483		2		0
412.645		231.513		2445		2		0
414.892		236.162		2433		2		0
462.006		165.231		2454		2		0
463.64		201.392		2458		2		0
469.64		232.617		2458		2		0
470.252		242.681		2465		2		0
428.147		231.407		2436		2		0
425.751		280.665		2467		2		0
417.839		317.716		2626		2		0
420.642		328.164		2614		2		0
448.289		232.161		2449		2		0
447.215		275.77		2517		2		0
442.726		317.007		2639		2		0
443.363		327.583		2620		2		0
441.564		156.561		2395		2		0
416.999		244		2454		2		0
421.308		235.346		2441		2		0
469.99		251.364		2471		2		0
470.625		245.627		2477		2		0
Frame 28
436.753		232.221		2458		2		0
438.118		189.56		2404		2		0
439.286		146.078		2376		2		0
446.599		124.842		2317		2		0
415.82		162.27		2436		2		0
407.184		199.906		2480		2		0
411.172		232.355		2434		2		0
413.073		237.099		2419		2		0
459.888		166.077		2446		2		0
461.554		203.185		2447		2		0
468.775		234.795		2460		2		0
469.539		244.114		2459		2		0
426.675		231.854		2434		2		0
425.217		281.65		2451		2		0
417.622		318.338		2623		2		0
420.669		328.837		2610		2		0
446.823		232.583		2459		2		0
446.712		276.685		2514		2		0
442.614		317.386		2638		2		0
443.248		327.873		2617		2		0
439.019		157.02		2389		2		0
414.5		244.501		2446		2		0
419.5		236.497		2440		2		0
471.663		252.166		0		2		0
464.5		247		2493		2		0
Frame 29
435.518		232.784		2453		2		0
436.54		190.182		2398		2		0
437.419		146.712		2376		2		0
444.498		125.393		2305		2		0
413.781		162.802		2425		2		0
404.88		200.589		2476		2		0
407.109		231.785		2439		2		0
409.613		236.615		2422		2		0
458.404		166.388		2445		2		0
459.677		203.228		2457		2		0
467.931		234.175		2455		2		0
468.363		244.172		2464		2		0
425.388		232.533		2432		2		0
424.209		282.699		2438		2		0
417.462		318.556		2608		2		0
420.939		329.01		2603		2		0
445.63		233.038		2454		2		0
445.807		278.042		2514		2		0
442.582		318.025		2629		2		0
443.389		328.572		2622		2		0
437.217		157.656		2377		2		0
410.999		244.376		2444		2		0
415.791		235.705		2452		2		0
470.415		252.426		0		2		0
464.376		248.125		2468		2		0
Frame 30
433.571		233.415		2452		2		0
434.354		191.077		2393		2		0
435.015		147.82		2367		2		0
441.968		126.38		2300		2		0
411.685		163.302		2420		2		0
401.759		201.315		2472		2		0
405.548		232.532		2430		2		0
405.575		237.168		2425		2		0
456.759		167.174		2438		2		0
457.331		204.834		2447		2		0
466.701		235.429		2460		2		0
467.176		245.038		2462		2		0
423.533		233.191		2440		2		0
423.535		283.173		2430		2		0
417.008		319.195		2607		2		0
420.674		329.215		2597		2		0
443.557		233.644		2449		2		0
444.818		279.272		2501		2		0
442.556		318.604		2627		2		0
443.312		329.071		2610		2		0
434.865		158.718		2377		2		0
407.248		244.25		2438		2		0
409.563		236.51		2430		2		0
469.996		252.444		2431		2		0
466.457		247.727		2470		2		0
Frame 31
431.624		234.414		2450		2		0
432.217		192.441		2395		2		0
432.723		149.464		2368		2		0
439.384		127.784		2290		2		0
408.944		164.189		2416		2		0
398.619		203.796		2472		2		0
401.444		235.17		2428		2		0
402.478		239.543		2422		2		0
453.334		168.866		2430		2		0
455.029		205.688		2458		2		0
464.75		236.243		2450		2		0
464.956		244.162		2467		2		0
421.649		234.341		2441		2		0
421.863		284.598		2417		2		0
416.505		319.69		2592		2		0
420.363		329.826		2591		2		0
441.561		234.486		2449		2		0
444.161		279.723		2486		2		0
442.42		319.133		2620		2		0
443.811		329.738		2616		2		0
432.606		160.304		2379		2		0
404.799		245.468		2436		2		0
408.189		238.496		2454		2		0
467.635		252.236		2455		2		0
463.668		252.666		0		2		0
Frame 32
428.265		236.058		2452		2		0
429.126		194.525		2394		2		0
429.903		151.84		2361		2		0
435.888		130.647		2282		2		0
405.413		166.285		2413		2		0
395.112		205.76		2473		2		0
397.477		237.123		2422		2		0
397.542		239.272		2420		2		0
450.306		170.788		2432		2		0
451.975		206.722		2442		2		0
461.177		237.374		2462		2		0
462.803		247.204		2470		2		0
418.192		236.148		2444		2		0
420.276		285.387		2398		2		0
416.045		320.045		2583		2		0
420.075		330.801		2582		2		0
438.314		235.964		2453		2		0
443.438		280.941		2465		2		0
442.297		319.923		2619		2		0
443.745		330.523		2607		2		0
429.718		162.62		2372		2		0
398.897		248.501		2452		2		0
402.569		236.561		2471		2		0
464.714		254.729		2469		2		0
457.624		249.997		2485		2		0
Frame 33
424.905		238.217		2464		2		0
426.025		197.172		2399		2		0
427.012		154.824		2353		2		0
431.768		134.336		2272		2		0
401.995		168.935		2410		2		0
391.024		207.28		2480		2		0
392.319		238.607		2425		2		0
392.016		242.198		2417		2		0
447.203		173.305		2423		2		0
448.786		210.286		2449		2		0
460.678		240.268		2455		2		0
461.019		249.395		2477		2		0
415.04		238.397		2450		2		0
417.895		286.285		2396		2		0
414.735		320.414		2578		2		0
419.69		330.983		2564		2		0
434.741		238.03		2460		2		0
442.705		282.394		2452		2		0
442.059		320.184		2613		2		0
443.958		330.734		2616		2		0
426.775		165.538		2369		2		0
394.11		251.445		2447		2		0
392.992		239.706		2422		2		0
463.369		256.625		2454		2		0
461.077		251.076		2481		2		0
Frame 34
420.834		241.11		2466		2		0
422.213		201.12		2407		2		0
423.555		159.632		2337		2		0
427.824		137.844		2273		2		0
397.67		172.649		2407		2		0
385.464		211.301		2475		2		0
386.077		242.603		2424		2		0
386.086		245.879		2422		2		0
443.325		176.339		2418		2		0
446.3		213.417		2449		2		0
459.931		242.931		2443		2		0
460.167		251.519		2458		2		0
410.825		241.587		2460		2		0
416.045		288.193		2364		2		0
413.989		320.982		2553		2		0
419.155		330.701		2558		2		0
430.829		240.637		2455		2		0
441.09		282.464		2424		2		0
440.891		320.719		2611		2		0
443.986		330.967		2599		2		0
423.216		170.156		2361		2		0
387.712		254.43		2460		2		0
387.069		245.001		2418		2		0
461.499		259		2427		2		0
460.428		254.285		2467		2		0
Frame 35
416.123		245.618		2470		2		0
418.072		206.373		2421		2		0
419.957		165.226		2334		2		0
423.331		144.544		2257		2		0
393.548		178.121		2405		2		0
381.488		214.313		2488		2		0
377.984		244.966		2447		2		0
379.253		251.842		2429		2		0
439.91		181.52		2411		2		0
444.021		219.858		2470		2		0
463.972		246.583		2418		2		0
461.686		254.639		2429		2		0
406.667		245.894		2471		2		0
413.416		290.113		2350		2		0
413.553		320.978		2541		2		0
418.252		330.074		2552		2		0
425.537		245.33		2466		2		0
440.767		285.066		2406		2		0
439.707		321.421		2604		2		0
443.776		330.809		2594		2		0
419.487		175.701		2360		2		0
380.239		257.624		2455		2		0
379.617		253.381		2437		2		0
461.999		261.501		2410		2		0
458.078		254.463		2431		2		0
Frame 36
412.103		251.329		2489		2		0
414.22		213.483		2426		2		0
416.479		173.145		2337		2		0
418.753		152.259		2253		2		0
389.068		185.852		2406		2		0
375.296		218.817		2495		2		0
369.382		248.596		2460		2		0
371.469		255.89		2428		2		0
436.577		189.695		2412		2		0
442.221		224.309		2500		2		0
466.875		247.64		0		2		0
464.172		257.368		2422		2		0
402.829		252.004		2481		2		0
411.245		293.101		2329		2		0
414.568		324.622		2545		2		0
418.372		335.714		2524		2		0
421.398		250.577		2479		2		0
441.181		289.35		2374		2		0
437.367		323.876		2594		2		0
443.274		331.795		2591		2		0
415.902		183.476		2365		2		0
372.767		262.446		2457		2		0
368.363		258.455		2479		2		0
463.221		264.557		2387		2		0
464.2		258.401		2433		2		0
Frame 37
409.704		254.431		2491		2		0
410.834		219.278		2424		2		0
412.075		180.931		2331		2		0
414.414		160.909		2255		2		0
384.958		193.936		2412		2		0
369.911		224.336		2508		2		0
362.122		253.518		2460		2		0
362.346		262.369		2443		2		0
433.026		196.963		2411		2		0
441.746		225.42		2510		2		0
467.347		247.58		2346		2		0
467.523		257.509		2353		2		0
400.268		255.451		2488		2		0
408.909		298.129		2307		2		0
413.485		322.386		2523		2		0
416.874		334.067		2470		2		0
419.139		253.398		2492		2		0
438.954		290.095		2370		2		0
436.195		325.204		2592		2		0
441.716		333.315		2584		2		0
411.753		190.841		2359		2		0
363.996		270.251		2486		2		0
358.624		262.881		2506		2		0
470.334		266.332		2338		2		0
471.332		259.283		2326		2		0
Frame 38
402.723		262.653		2505		2		0
405.065		229.11		2426		2		0
407.668		192.096		2343		2		0
409.748		171.409		2259		2		0
380.593		203.076		2416		2		0
362.825		234.281		2513		2		0
351.932		262.683		2491		2		0
352.161		270.315		2458		2		0
430.446		209.341		2433		2		0
448.213		233.592		2466		2		0
472.342		255.344		2310		2		0
470.831		258.266		2295		2		0
393.06		263.656		2494		2		0
403.688		291.711		2328		2		0
413.649		323.667		2509		2		0
416.803		335.593		2451		2		0
412.34		261.642		2502		2		0
438.664		285.087		2366		2		0
437.862		323.071		2551		2		0
441.401		334.722		2583		2		0
406.989		201.705		2368		2		0
352.998		277.25		2509		2		0
348.544		272.181		2549		2		0
473.454		268.274		2268		2		0
475.571		259.856		2280		2		0
Frame 39
399.809		269.921		2519		2		0
401.458		237.278		2436		2		0
403.289		201.315		2342		2		0
404.046		181.271		2267		2		0
376.281		212.069		2425		2		0
357.95		241.282		2533		2		0
343.703		268.1		2485		2		0
342.869		274.956		2473		2		0
424.382		214.787		2421		2		0
447.987		233.702		2448		2		0
470.127		254.963		2269		2		0
472.51		261.679		2252		2		0
390.295		271.348		2507		2		0
399.58		297.523		2321		2		0
406.86		322.739		2449		2		0
410.058		334.931		2449		1		0
409.27		268.49		2504		2		0
437.329		288.386		2361		2		0
438.123		324.83		2560		2		0
441.75		336.495		2601		2		0
402.81		210.645		2368		2		0
341.996		283.745		2506		2		0
339.727		273.91		2517		2		0
475.365		270.535		2240		2		0
475.889		258.887		2212		2		0
Frame 40
393.212		276.654		2523		2		0
394.951		245.038		2445		2		0
396.88		210.234		2349		2		0
398.246		190.986		2276		2		0
370.554		221.04		2431		2		0
350.456		249.762		2546		2		0
333.689		275.052		2508		2		0
332.409		280.023		2498		2		0
418.144		220.483		2418		2		0
449.252		232.244		2355		2		0
465.362		254.869		2253		2		0
469.106		263.748		2195		2		0
383.385		278.336		2512		2		0
395.969		303.581		2324		2		0
396.805		335.138		2409		1		0
399.77		347.921		2287		1		0
402.997		274.967		2514		2		0
433.844		291.093		2362		2		0
438.992		326.485		2563		2		0
442.589		338.206		2586		2		0
396.376		219.26		2382		2		0
329.884		288.11		2530		2		0
328.943		279.833		2544		2		0
472.24		273.337		2193		2		0
464.631		265.931		2193		2		0
Frame 41
388.3		282.581		2525		2		0
389.707		252.34		2449		2		0
391.264		219.077		2354		2		0
391.533		199.274		2286		2		0
364.596		229.104		2439		2		0
343.21		256.209		2566		2		0
325.754		280.878		2532		2		0
321.218		287.144		2534		2		0
413.023		226.346		2417		2		0
441.887		243.27		2411		2		0
457.636		260.167		2196		2		0
458.488		268.346		2159		2		0
378.264		283.885		2516		2		0
388.661		309.187		2324		2		0
387.12		342.316		2330		1		0
396.803		330.56		2364		2		0
398.346		281.264		2512		2		0
428.296		294.379		2368		2		0
438.163		327.105		2551		2		0
449.255		334.87		2560		2		0
390.857		227.7		2391		2		0
317.498		294.5		2555		2		0
318.428		284.07		2570		2		0
464.246		276.131		2138		2		0
452.286		268.428		2148		2		0
Frame 42
381.722		290.893		2527		2		0
381.854		260.222		2449		2		0
381.999		226.652		2370		2		0
382.139		207.216		2299		2		0
356.912		236.909		2450		2		0
335.211		262.345		2584		2		0
316.401		285.899		2554		2		0
310.945		291.204		2552		2		0
404.849		233.463		2418		2		0
434.258		249.952		2377		2		0
437.982		270.421		2200		2		0
438.353		275.288		2173		2		0
372.258		292.478		2514		2		0
380.468		313.112		2359		2		0
380.146		347.333		2271		1		0
382.897		339.694		2331		2		0
391.159		289.302		2515		2		0
422.755		300.213		2367		2		0
436.837		329.124		2556		1		0
448.492		334.642		2561		2		0
381.958		235.338		2388		2		0
305.498		296.5		2579		2		0
307.305		290.233		2581		2		0
445.667		283.666		2131		2		0
444.107		268.991		2150		2		0
Frame 43
375.66		296.423		2526		2		0
373.819		266.465		2470		2		0
371.79		233.683		2383		2		0
370.285		214.97		2311		2		0
346.83		244.833		2469		2		0
324.66		270.048		2583		2		0
304.228		291.883		2576		2		0
300.473		295.123		2575		2		0
393.812		239.645		2426		2		0
420.858		259.945		2379		2		0
415.201		277.459		2228		2		0
413.201		282.663		2213		2		0
366.179		298.775		2525		2		0
368.179		313.123		2416		2		0
368.286		325.014		2347		1		0
376.68		330.64		2287		2		0
385.116		294.07		2527		2		0
419.687		302.435		2373		2		0
436.626		330.744		2549		1		0
450.353		334.473		2575		2		0
372.312		242.163		2398		2		0
292.4		303.799		2608		2		0
300.169		291.329		2642		2		0
413.5		289.5		2192		2		0
418.699		281.295		2206		2		0
Frame 44
365.013		300.677		2485		2		0
363.173		272.299		2469		2		0
361.142		241.176		2401		2		0
356.883		223.095		2318		2		0
335.624		251.388		2479		2		0
313.965		275.015		2585		2		0
292.933		296.102		2595		2		0
285.256		303.975		2588		2		0
381.504		247.496		2435		2		0
403.275		273.69		2366		2		0
387.42		293.633		2273		2		0
381.585		295.749		2287		2		0
355.509		302.379		2517		2		0
375.377		331.505		2332		2		0
354.845		312.291		2508		2		0
360.986		319.435		2448		2		0
374.537		298.966		2351		2		0
417.877		304.814		0		2		0
430.355		336.089		0		1		0
444.67		335.06		2556		2		0
361.666		249.234		2408		2		0
277.25		310.001		2607		2		0
284.998		308.001		2657		2		0
379.901		298.498		0		2		0
384.421		298.003		2263		2		0
Frame 45
363.144		311.517		2473		2		0
356.351		281.327		2483		2		0
349.055		249.103		2410		2		0
342.873		232.418		2335		2		0
323.832		260.186		2491		2		0
301.911		282.003		2581		2		0
279.109		302.517		2607		2		0
270.528		310.074		2590		2		0
369.501		253.836		2437		2		0
386.156		282.781		2401		2		0
363.799		301.268		2327		2		0
355.542		304.667		2347		1		0
354.396		313.419		2369		2		0
374.379		332.857		2360		1		0
354.452		311.658		2355		1		0
359.982		319.56		2499		2		0
371.958		309.596		2529		2		0
410.12		306.221		2395		2		0
440.582		330.826		2520		2		0
443.7		342.389		0		2		0
350.924		257.355		2421		2		0
264.228		314.223		2599		2		0
269.285		314.714		2617		2		0
350.284		310.289		2356		2		0
356.718		309.283		2349		2		0
Frame 46
352.029		315.825		2525		2		0
344.4		287.403		2473		2		0
336.173		256.892		2446		2		0
327.823		241.356		2348		2		0
311.273		268.761		2497		2		0
290.008		288.504		2562		2		0
269.521		307.816		2637		2		0
260.502		311.506		2599		2		0
355.087		260.501		2442		2		0
368.224		291.225		2409		2		0
344.629		311.04		2384		1		0
335.122		313.383		2389		1		0
343.438		318.238		2532		2		0
362.834		331.915		2399		1		0
343.593		311.912		2380		1		0
351.79		318.393		2523		2		0
360.694		313.39		2528		2		0
398.103		308.071		2420		2		0
437.845		330.041		2487		2		0
440.939		341.827		2578		2		0
338.285		264.722		2442		2		0
252.599		316.194		2602		2		0
262.602		314.2		2650		2		0
328.856		316.571		2404		2		0
333.569		317.858		2391		2		0
Frame 47
339.37		318.053		2540		2		0
330.794		292.316		2473		2		0
321.504		264.503		2447		2		0
311.966		248.575		2366		2		0
297.404		274.214		2507		2		0
278.11		294.984		2557		2		0
255.459		312.715		2599		2		0
252.38		314.298		2596		1		0
339.812		270.224		2449		2		0
345.782		302.598		2419		2		0
322.553		323.325		2454		1		0
314.562		324.888		2425		1		0
330.541		319.548		2437		2		0
340.849		332.392		2516		1		0
324.018		312.57		2485		1		0
336.339		316.423		2436		2		0
348.347		316.532		2535		2		0
385.847		304.593		2461		2		0
431.209		326.878		2448		2		0
433.559		338.962		2464		2		0
323.895		271.659		2448		2		0
245.667		318.332		2598		2		0
253.618		315.592		2610		2		0
312		329.5		2422		2		0
312		330		2422		2		0
Frame 48
326.587		320.184		2584		2		0
316.577		296.159		2490		2		0
305.697		270.069		2463		2		0
294.736		255.304		2375		2		0
284.647		279.605		2521		2		0
265.066		300.407		2562		2		0
244.508		319.308		2635		1		0
243.136		318.356		2606		1		0
322.403		273.075		2448		2		0
332.868		303.966		2426		2		0
304.829		314.912		2734		1		0
295.129		318.712		2658		1		0
317.881		321.74		2449		2		0
308.506		316.03		0		2		0
295.128		298.125		2551		1		0
306.394		302.984		2511		2		0
335.468		318.598		2558		2		0
386.715		313.86		2433		2		0
434.294		327.838		2482		2		0
436.669		340.093		0		2		0
308.502		276.795		2454		2		0
241.504		319		2602		2		0
245.836		318.667		2627		2		0
292.515		323.472		2598		1		0
292.515		323.987		2598		1		0
Frame 49
333.292		320.345		2567		2		0
312.313		297.86		2456		2		0
290.352		274.299		2465		2		0
279.208		263.2		2394		2		0
271.749		286.713		2548		2		0
250.896		306.438		2583		2		0
228.36		321.564		2635		1		0
221.331		317.995		2663		1		0
308.212		279.607		2451		2		0
325.885		306.279		2490		2		0
300.028		322.938		2452		1		0
295.899		325.099		2464		1		0
326.662		323.212		2605		2		0
336.028		321.328		2556		1		0
319.306		302.166		2427		1		0
330.905		308.809		2543		2		0
340.054		317.423		2551		2		0
393.238		311.481		2400		2		0
439.306		325.115		2503		1		0
454.626		327.887		2468		2		0
295.934		280.288		2470		2		0
220		318		2653		2		0
220.501		317.499		2685		2		0
295		326		2465		2		0
296.667		326.333		2461		2		0
Frame 50
334.699		317.061		2564		2		0
308.106		298.444		2430		2		0
277.516		280.835		2475		2		0
263.373		268.05		2410		2		0
262.367		295.32		2601		2		0
238.411		310.049		2599		2		0
211.146		323.313		2634		1		0
204.792		318.439		2694		1		0
298.313		279.662		2444		2		0
309.932		310.675		2426		2		0
285.683		331.775		2481		1		0
277.276		339.092		2406		1		0
330.873		320.382		2578		2		0
340.027		322.061		2522		1		0
322.853		302.776		2558		1		0
334.923		309.326		2562		2		0
339.121		312.52		2551		2		0
376.897		301.511		2428		2		0
430.139		312.546		2475		2		0
432.232		324.821		0		2		0
284.936		285.332		2493		2		0
203.621		318.441		2699		1		0
204.153		317.939		2715		1		0
276.352		340.024		2389		1		0
278.067		340.403		2379		1		0
Frame 51
333.394		314.055		2551		2		0
301.005		299.192		2443		2		0
268.182		284.788		2494		2		0
252.901		274.036		2430		2		0
254.143		300.1		2625		2		0
229.071		312.456		2618		2		0
200.867		322.81		2613		1		0
191.381		326.283		2597		1		0
287.982		284.829		2459		2		0
308.762		310.552		2430		2		0
284.651		331.864		2477		1		0
276.299		339.248		2412		1		0
330.691		318.288		2563		2		0
345.078		320.522		2497		1		0
394.304		323.637		2479		2		0
383.925		328.263		2392		2		0
336.285		309.613		2550		2		0
375.846		301.424		2439		2		0
430.453		308.437		2486		2		0
432.64		320.758		0		2		0
276.432		288.411		2498		2		0
190.34		326.208		2591		1		0
190.897		325.693		2591		1		0
275.48		340.161		2402		1		0
277.168		340.542		2391		1		0
Frame 52
330.503		313.345		2541		2		0
294.427		301.702		2450		2		0
258.693		290.276		2502		2		0
243.297		280.307		2444		2		0
256.418		308.699		2596		2		0
217.237		313.213		2623		2		0
188.257		324.602		2602		1		0
178.594		328.384		2519		1		0
279.81		289.79		2474		2		0
306.935		309.551		2430		2		0
283.831		332.07		2476		1		0
275.819		339.878		2401		1		0
329.073		318.323		2537		2		0
344.505		320.926		2483		1		0
394.36		321.624		2475		2		0
382.21		326.473		2406		2		0
331.508		307.936		2536		2		0
388.419		307.978		2403		2		0
427.585		308.335		2480		2		0
441.891		312.992		2477		2		0
267.62		293.14		2515		2		0
177.679		328.287		2520		1		0
178.258		327.771		2543		1		0
274.899		340.806		2393		1		0
276.606		341.185		2352		1		0
Frame 53
326.94		309.214		2531		2		0
290.894		301.367		2452		2		0
252.304		293.782		2529		2		0
237.084		285.982		2473		2		0
246.51		312.026		2636		2		0
207.955		316.45		2630		1		0
179.338		327.678		2552		1		0
169.806		331.397		2447		1		0
272.174		296.019		2500		2		0
301.911		307.057		2436		2		0
277.491		328.595		2542		1		0
269.177		335.929		2510		1		0
324.759		313.678		2535		2		0
340.951		321.119		2480		1		0
391.454		321.475		2470		1		0
378.224		327.494		2382		2		0
329.331		305.103		2524		2		0
385.877		301.087		2434		2		0
424.997		306.569		2479		2		0
438.95		310.91		0		2		0
261.778		295.545		2511		2		0
168.987		331.272		2446		1		0
169.574		330.758		2470		1		0
268.284		336.843		2505		1		0
269.942		337.207		2473		1		0
Frame 54
323.58		313.04		2523		2		0
284.665		306.464		2506		2		0
246.83		299.285		2552		2		0
229.979		294.489		2501		2		0
241.251		317.213		2650		1		0
203.067		321.526		2590		1		0
174.684		332.641		2435		1		0
165.238		336.314		2348		1		0
269.264		294.303		2498		2		0
298.443		306.616		2452		2		0
274.254		328.324		2557		1		0
266.012		335.722		2511		1		0
321.572		318.702		2525		2		0
360.586		330.782		2310		2		0
404.458		318.374		2499		2		0
392.518		320.362		2473		1		0
325.626		307.628		2524		2		0
381.702		302.141		2431		2		0
422.338		302.192		2468		2		0
437.085		308.571		0		2		0
256.254		301.063		2540		2		0
164.47		336.142		2346		1		0
165.059		335.625		2355		1		0
265.126		336.634		2498		1		0
266.772		336.995		2498		1		0
Frame 55
318.685		311.287		2528		2		0
280.202		305.961		2503		2		0
241.288		300.916		2584		2		0
224.692		298.624		2530		2		0
235.932		318.625		2659		1		0
198.175		322.88		2584		1		0
170.061		333.874		2413		1		0
160.71		337.502		2339		1		0
261.995		297.77		2528		2		0
291.84		303.505		2461		2		0
268.253		325.666		2561		1		0
260.216		333.217		2528		1		0
317.963		317.559		2530		2		0
368.713		328.331		2350		2		0
408.932		310.223		3204		1		0
418.605		321.649		2501		2		0
318.418		304.692		2527		2		0
374.213		301.406		2420		2		0
413.772		304.342		2482		2		0
429.522		307.302		0		2		0
250.975		302.076		2562		2		0
159.992		337.321		2339		1		0
160.583		336.808		2342		1		0
259.343		334.126		2515		1		0
260.965		334.48		2513		1		0
Frame 56
315.551		307.796		2523		2		0
276.192		305.113		2538		2		0
236.595		302.674		2579		2		0
219.533		301.696		2555		2		0
231.407		320.249		2666		1		0
193.875		324.462		2570		1		0
165.894		335.388		2345		1		0
156.594		338.989		2325		1		0
257.501		299.293		2545		2		0
286.931		305.903		2472		2		0
262.897		327.535		2572		1		0
254.647		334.958		2428		1		0
314.654		314.079		2521		2		0
360.518		329.493		2326		2		0
396.879		318.162		2517		2		0
412.123		321.861		2503		2		0
316.426		301.731		2518		2		0
372.368		301.064		2403		2		0
412.729		301.92		2474		2		0
428.158		301.41		2447		2		0
246.484		303.169		2575		2		0
155.918		338.794		2327		1		0
156.513		338.281		2325		1		0
253.777		335.87		2422		1		0
255.396		336.228		2397		1		0
Frame 57
313.901		307.855		2528		2		0
273.523		305.315		2534		2		0
234.154		302.981		2603		2		0
217.13		302.634		2580		2		0
229.066		320.462		2679		1		0
191.742		324.652		2585		1		0
163.898		335.518		2354		1		0
154.646		339.098		2320		1		0
255.782		298.372		2550		2		0
284.911		296.255		2491		2		0
265.459		322.196		2568		1		0
258.839		331.019		2542		1		0
313.224		314.265		2528		2		0
360.41		329.502		2356		1		0
396.779		318.17		2558		1		0
409.897		311.551		0		2		0
314.471		301.566		2516		2		0
370.365		301.895		2402		2		0
410.184		301.027		2474		2		0
425.67		301.876		2459		2		0
243.878		303.519		2589		2		0
153.991		338.903		2329		1		0
154.586		338.393		2324		1		0
257.974		331.924		2547		1		0
259.582		332.271		2524		1		0
Frame 58
310.331		308.533		2524		2		0
270.948		305.717		2558		2		0
232.472		303.168		2633		2		0
215.93		302.712		2596		2		0
227.46		320.556		2682		1		0
190.342		324.724		2588		1		0
162.637		335.532		2350		1		0
153.432		339.092		2322		1		0
252.844		296.64		2566		2		0
281.701		295.997		2503		2		0
262.202		321.801		2574		1		0
255.566		330.576		2559		1		0
309.669		314.545		2526		2		0
359.922		329.519		2378		1		0
396.327		318.188		2593		1		0
409.608		311.868		2493		2		0
310.738		302.613		2526		2		0
366.586		304.309		2377		2		0
406.71		304.058		2476		2		0
422.505		306.69		2462		2		0
242.003		303.772		2593		2		0
152.792		338.898		2329		1		0
153.387		338.39		2327		1		0
254.708		331.48		2528		1		0
256.304		331.824		2523		1		0
Frame 59
308.825		307.971		2526		2		0
269.891		305.479		2551		2		0
231.886		303.13		2619		2		0
215.164		302.597		2608		2		0
226.9		320.492		2689		1		0
189.847		324.655		2593		1		0
162.186		335.445		2348		1		0
152.996		338.998		2330		1		0
251.051		294.301		2571		2		0
279.508		294.214		2508		2		0
261.459		321.379		2580		1		0
255.311		330.624		2525		1		0
308.307		314.269		2525		2		0
355.761		329.636		2397		1		0
403.233		331.756		2485		1		0
416.751		338.09		2478		2		0
309.243		301.697		2521		2		0
364.854		306.739		2377		2		0
405.588		311.948		2472		2		0
407.52		323.786		2857		2		0
241.304		303.695		2609		2		0
152.4		338.806		2330		1		0
152.955		338.299		2330		1		0
254.454		331.526		2521		1		0
256.047		331.87		2512		1		0
Frame 60
308.013		306.961		2517		2		0
268.88		304.865		2557		2		0
230.603		302.741		2637		2		0
213.436		304.748		2601		2		0
225.675		320.048		2688		1		0
188.779		324.203		2595		1		0
161.223		334.951		2366		1		0
152.07		338.49		2329		1		0
250.693		294.294		2580		2		0
279.138		294.354		2526		2		0
260.987		321.128		2585		1		0
254.8		330.246		2521		1		0
307.393		313.296		2520		2		0
355.118		328.457		0		1		0
402.226		331.059		2488		1		0
417.541		330.255		2475		2		0
308.573		300.659		2511		2		0
359.358		311.132		2339		2		0
408.083		314.413		2476		2		0
419.678		325.374		0		2		0
240.08		303.244		2617		2		0
151.446		338.302		2330		1		0
152.039		337.799		2335		1		0
253.944		331.148		2516		1		0
255.535		331.491		2505		1		0
Frame 61
307.051		306.846		2518		2		0
268.169		304.574		2563		2		0
230.372		302.387		2643		2		0
213.355		305.033		2605		2		0
225.459		319.679		2689		1		0
188.618		323.835		2598		1		0
161.1		334.569		2367		1		0
151.959		338.104		2333		1		0
250.13		293.808		2588		2		0
278.497		294.663		2520		2		0
260.298		321.378		2581		1		0
254.084		330.492		2514		1		0
306.356		313.14		2525		2		0
355.134		328.307		2412		1		0
402.728		331.32		2491		1		0
418.138		328.607		2449		2		0
307.58		300.548		2512		2		0
359.443		311.876		2359		1		0
407.794		318.73		2479		2		0
420.346		328.415		2437		2		0
239.722		302.907		2626		2		0
151.458		338.002		2333		1		0
151.929		337.418		2341		1		0
253.229		331.394		2506		1		0
254.818		331.737		2508		1		0
Frame 62
307.151		307.249		2518		2		0
268.142		304.63		2568		2		0
230.325		302.316		2644		2		0
213.353		304.976		2608		2		0
225.415		319.604		2683		1		0
188.588		323.759		2598		1		0
161.081		334.49		2366		1		0
151.943		338.023		2332		1		0
250.204		293.909		2592		2		0
278.639		294.605		2524		2		0
258.609		319.77		2577		1		0
251.764		328.366		2562		1		0
306.433		314.01		2520		2		0
355.811		329.593		2373		1		0
403.975		333.832		2485		1		0
405.498		346.26		2312		1		0
307.773		300.818		2514		2		0
359.009		313.409		2360		1		0
407.373		320.137		2471		2		0
419.739		330.224		2434		2		0
239.675		302.879		2622		2		0
151.525		337.997		2340		1		0
151.914		337.338		2340		1		0
250.913		329.27		2518		1		0
252.496		329.608		2525		1		0
Frame 63
306.821		307.127		2522		2		0
268.063		304.587		2567		2		0
230.416		302.279		2640		2		0
213.451		304.966		2613		2		0
225.505		319.563		2688		1		0
188.689		323.717		2599		1		0
161.19		334.445		2365		1		0
152.055		337.978		2340		1		0
250.611		294.157		2597		2		0
279.139		294.812		2530		2		0
258.651		319.486		2575		1		0
251.636		327.931		2593		1		0
306.039		313.762		2530		2		0
355.487		328.879		2366		1		0
403.724		333.065		2489		1		0
405.238		345.46		2329		1		0
307.489		300.717		2518		2		0
358.673		313.782		2367		1		0
407.279		320.631		2470		2		0
419.807		330.632		2431		2		0
239.709		302.845		2630		2		0
151.579		337.95		2340		1		0
152.04		337.312		2340		1		0
250.785		328.835		2546		1		0
252.368		329.173		2532		1		0
Frame 64
306.655		307.87		2523		2		0
268.164		304.846		2573		2		0
231.034		302.421		2643		2		0
213.617		304.954		2609		2		0
226.098		319.723		2690		1		0
189.226		323.88		2597		1		0
161.69		334.623		2367		1		0
152.542		338.161		2333		1		0
250.626		294.133		2596		2		0
282.806		292.318		2532		2		0
260.427		318.929		2577		1		0
252.598		328.236		2563		1		0
305.859		314.702		2539		2		0
356.091		331.594		2345		1		0
404.721		333.758		2482		2		0
406.282		346.122		2319		1		0
307.365		301.257		2520		2		0
358.676		314.029		2362		1		0
407.53		320.998		2467		2		0
420.054		330.974		2434		2		0
240.121		303.021		2637		2		0
151.914		337.976		2341		1		0
152.386		337.591		2342		1		0
251.743		329.143		2514		1		0
253.357		329.558		2528		1		0
Frame 65
306.713		307.957		2535		2		0
268.337		304.99		2569		2		0
231.416		302.535		2645		2		0
214.099		305.481		2608		2		0
226.465		319.845		2685		1		0
189.564		324.003		2597		1		0
162.01		334.753		2365		1		0
152.856		338.294		2330		1		0
250.69		294.04		2596		2		0
282.928		292.255		2531		1		0
260.636		319.239		2584		1		0
252.836		328.677		2559		1		0
305.927		314.75		2545		2		0
357.133		331.569		2336		1		0
405.42		334.938		2485		2		0
407.017		347.298		2304		1		0
307.44		301.39		2515		2		0
359.696		314.724		2355		1		0
408.204		321.401		2459		2		0
420.837		331.316		2436		2		0
240.469		303.148		2629		2		0
152.225		338.108		2330		1		0
152.505		337.628		2335		1		0
251.981		329.584		2516		1		0
253.554		329.997		2527		1		0
Frame 66
307.801		309.175		2536		2		0
269.026		305.503		2566		2		0
231.871		302.567		2643		2		0
214.63		305.804		2599		2		0
226.903		319.885		2680		1		0
189.978		324.044		2598		1		0
162.41		334.801		2370		1		0
153.251		338.344		2333		1		0
250.758		294.016		2597		2		0
283.208		291.961		2538		2		0
260.909		319.313		2580		1		0
253.105		328.882		2559		1		0
306.815		315.936		2537		2		0
356.562		333.201		2319		1		0
405.448		335.149		2500		2		0
407.011		347.48		2307		1		0
308.757		302.509		2520		2		0
357.969		322.864		2327		2		0
405.812		319.822		2456		2		0
418.189		329.586		2445		2		0
240.983		303.272		2640		2		0
152.615		338.158		2335		1		0
152.919		337.649		2343		1		0
252.25		329.788		2528		1		0
253.642		330.108		2517		1		0
Frame 67
307.844		309.081		2545		2		0
269.281		305.432		2562		2		0
232.602		302.431		2639		2		0
215.321		306.044		2597		2		0
227.62		319.725		2679		1		0
190.744		323.881		2596		1		0
163.217		334.624		2369		1		0
154.07		338.164		2335		1		0
252.192		294.102		2590		2		0
283.365		291.669		2532		1		0
261.058		319.263		2578		1		0
253.248		328.921		2559		1		0
306.975		315.513		2540		2		0
363.063		319.578		2322		2		0
417.21		334.612		2479		2		0
427.926		335.021		2421		2		0
308.791		302.473		2529		2		0
358.546		323.455		2336		2		0
405.269		319.46		2449		2		0
417.694		329.105		2459		2		0
241.592		303.155		2622		2		0
153.428		337.98		2345		1		0
154.017		337.477		2345		1		0
252.394		329.825		2521		1		0
253.679		330.119		2508		1		0
Frame 68
307.996		309.056		2549		2		0
269.772		305.5		2560		2		0
233.366		302.516		2640		2		0
215.899		306.318		2601		2		0
228.362		319.804		2679		1		0
191.483		323.957		2597		1		0
163.961		334.7		2368		1		0
154.815		338.241		2331		1		0
253.164		294.296		2588		2		0
281.763		290.804		2530		2		0
261.861		319.815		2583		1		0
255.008		329.797		2513		1		0
307.156		315.355		2539		2		0
363.201		319.511		2321		2		0
421.821		331.662		2449		2		0
425.817		342.806		2435		2		0
309.043		302.587		2528		2		0
361.556		322.582		2331		2		0
404.104		318.513		2455		2		0
416.42		328.09		2454		2		0
242.311		303.239		2625		2		0
154.166		338.056		2331		1		0
154.754		337.553		2337		1		0
254.154		330.697		2510		1		0
255.742		331.038		2496		1		0
Frame 69
308.556		309.287		2544		2		0
270.491		305.701		2573		2		0
234.087		302.547		2637		2		0
216.727		306.509		2599		2		0
229.063		319.828		2681		1		0
192.189		323.978		2596		1		0
164.676		334.72		2375		1		0
155.532		338.26		2337		1		0
253.548		294.39		2595		2		0
282.343		291.652		2530		2		0
266.175		321.581		2579		1		0
260.589		331.91		2495		1		0
307.96		315.645		2544		2		0
364.001		319.6		2324		2		0
419.834		333.171		2481		2		0
429.588		337.037		2428		2		0
309.354		302.79		2537		2		0
361.75		322.518		2332		2		0
402.698		317.829		2470		2		0
415.192		327.167		2457		2		0
243.042		303.313		2622		2		0
154.876		338.075		2338		1		0
155.463		337.572		2339		1		0
259.726		332.81		2498		1		0
261.329		333.156		2477		1		0
Frame 70
309.626		308.942		2544		2		0
271.162		305.62		2567		2		0
234.433		302.576		2638		2		0
216.987		306.596		2599		2		0
229.4		319.854		2678		1		0
192.529		324.003		2594		1		0
165.018		334.744		2368		1		0
155.875		338.284		2341		1		0
253.967		294.481		2591		2		0
282.723		291.437		2534		2		0
265.758		321.342		2582		1		0
259.902		331.653		2488		1		0
308.726		315.373		2543		2		0
364.847		319.627		2325		2		0
419.456		333.29		2486		2		0
429.611		336.788		2416		2		0
310.671		302.431		2530		2		0
361.986		322.425		2335		2		0
402.32		317.683		2472		2		0
414.928		326.963		2453		2		0
243.462		303.322		2620		2		0
155.216		338.099		2341		1		0
155.803		337.596		2346		1		0
259.041		332.553		2488		1		0
260.948		333.013		2478		1		0
Frame 71
309.647		308.874		2542		2		0
271.27		305.607		2568		2		0
234.686		302.643		2639		2		0
217.164		306.695		2599		2		0
229.643		319.923		2676		1		0
192.758		324.073		2599		1		0
165.239		334.817		2366		1		0
156.092		338.359		2333		1		0
254.136		294.377		2590		2		0
282.928		291.316		2535		1		0
275.248		322.349		2497		2		0
272.447		323		2502		1		0
308.763		315.153		2543		2		0
364.818		319.665		2331		2		0
419.431		333.666		2469		2		0
429.702		336.211		2415		2		0
310.678		302.409		2535		2		0
362.024		322.417		2335		2		0
401.805		317.621		2480		2		0
414.528		326.777		2458		2		0
243.677		303.361		2623		2		0
155.431		338.173		2333		1		0
156.018		337.67		2340		1		0
268		323		2544		2		0
273.011		323		2501		1		0
Frame 72
309.693		308.817		2548		2		0
271.411		305.573		2567		2		0
234.927		302.613		2636		2		0
217.365		306.777		2600		2		0
229.876		319.899		2677		1		0
192.979		324.049		2593		1		0
165.452		334.797		2370		1		0
156.303		338.34		2336		1		0
254.283		294.308		2590		2		0
283.095		291.26		2544		1		0
275.265		322.255		2501		2		0
273.561		323		2497		1		0
308.831		315.038		2546		2		0
364.812		319.772		2334		2		0
419.287		333.971		2462		2		0
430.012		336.648		2410		2		0
310.687		302.402		2541		2		0
359.951		323.558		2346		2		0
402.243		318.197		2480		2		0
414.926		327.333		2460		2		0
243.896		303.331		2623		2		0
155.641		338.155		2336		1		0
156.227		337.651		2341		1		0
268		323		2541		2		0
269.99		323		2523		2		0
Frame 73
310.154		309.181		2540		2		0
271.706		305.834		2568		2		0
235.026		302.75		2636		2		0
217.635		306.99		2590		2		0
229.971		320.037		2674		1		0
193.062		324.186		2595		1		0
165.528		334.937		2368		1		0
156.377		338.48		2336		1		0
254.357		294.282		2588		2		0
283.203		291.118		2543		1		0
275.34		322.127		2497		2		0
274.02		323		2500		1		0
309.695		315.698		2543		2		0
365.825		319.921		2334		2		0
419.131		334.199		2477		2		0
429.964		336.524		2414		2		0
310.863		302.605		2534		2		0
360.423		323.039		2347		2		0
401.685		317.933		2474		2		0
414.344		327.12		2454		2		0
244.04		303.497		2616		2		0
155.713		338.293		2338		1		0
156.199		337.775		2340		1		0
268		323		2540		2		0
270.996		323		2499		2		0
Frame 74
310.08		309.072		2543		2		0
271.723		305.841		2573		2		0
235.084		302.843		2640		2		0
217.743		307.143		2591		2		0
230.026		320.13		2679		1		0
193.111		324.278		2593		1		0
165.571		335.03		2354		1		0
156.418		338.575		2338		1		0
254.41		294.322		2590		2		0
283.557		291.192		2543		2		0
275.264		322.163		2502		2		0
272.494		323		2492		1		0
309.504		315.516		2546		2		0
365.542		319.877		2339		2		0
418.991		334.204		2491		2		0
429.862		336.547		2417		2		0
310.834		302.559		2533		2		0
363.125		322.711		2342		2		0
401.534		317.853		2465		2		0
414.178		327.071		2461		2		0
244.084		303.555		2616		2		0
155.754		338.387		2334		1		0
156.165		337.842		2344		1		0
268		323		2533		2		0
272.5		323		2492		2		0
Frame 75
310.025		309.385		2538		2		0
271.733		306.063		2578		2		0
235.091		303.027		2629		2		0
217.819		307.301		2591		2		0
230.031		320.313		2678		1		0
193.104		324.46		2590		1		0
165.556		335.215		2353		1		0
156.4		338.76		2335		1		0
254.422		294.333		2590		2		0
283.721		291.504		2543		1		0
275.091		322.393		2499		2		0
271.493		323		2497		1		0
309.37		315.858		2548		2		0
365.347		319.92		2337		2		0
418.979		334.342		2484		2		0
429.852		336.419		2417		2		0
310.805		302.868		2537		2		0
362.567		322.284		2345		2		0
400.271		317.224		2465		2		0
412.883		326.31		2460		2		0
244.099		303.749		2611		2		0
155.736		338.57		2334		1		0
156.131		337.981		2341		1		0
268		323		2526		2		0
271.908		323		2497		2		0
Frame 76
311.08		309.434		2536		2		0
272.002		306.104		2569		2		0
235.09		303.033		2628		2		0
217.818		307.343		2596		2		0
230.03		320.32		2677		1		0
193.103		324.466		2592		1		0
165.555		335.221		2356		1		0
156.399		338.766		2337		1		0
254.435		294.333		2590		2		0
288.111		304.323		2578		2		0
267.209		327.266		2521		1		0
259.934		335.247		2431		1		0
310.991		316.265		2537		2		0
367.429		320.112		2361		2		0
418.945		334.38		2485		2		0
429.972		336.59		2416		2		0
311.589		302.73		2531		2		0
363.016		322.311		2351		2		0
400.446		317.257		2473		2		0
413.125		326.278		2458		2		0
244.118		303.763		2615		2		0
155.735		338.577		2334		1		0
156.087		337.967		2338		1		0
256.487		335.123		2437		1		0
260.432		335.265		2422		1		0
Frame 77
311.407		309.516		2535		2		0
272.191		306.176		2565		2		0
235.099		303.064		2641		2		0
217.815		307.424		2596		2		0
230.038		320.351		2678		1		0
193.108		324.497		2592		1		0
165.559		335.252		2355		1		0
156.402		338.797		2335		1		0
254.442		294.326		2589		2		0
279.414		311.726		2511		2		0
264.07		340.547		2328		1		0
258.792		350.427		2276		1		0
311.283		316.475		2535		2		0
367.804		320.128		2358		2		0
419.077		334.581		2481		2		0
430.099		336.459		2408		2		0
311.879		302.69		2530		2		0
363.112		322.348		2345		2		0
399.277		317.171		2470		2		0
412.04		325.951		2457		2		0
244.16		303.807		2618		2		0
155.738		338.607		2334		1		0
156.08		337.984		2338		1		0
255.352		350.148		2270		1		0
259.29		350.468		2274		1		0
Frame 78
310.632		310.116		2533		2		0
272.001		306.406		2561		2		0
235.05		303.126		2638		2		0
217.757		307.548		2590		2		0
229.99		320.412		2677		1		0
193.061		324.557		2593		1		0
165.511		335.312		2358		1		0
156.354		338.857		2334		1		0
254.507		294.492		2591		2		0
279.542		311.809		2515		2		0
263.382		340.093		2330		1		0
257.832		349.775		2279		1		0
309.799		316.93		2543		2		0
365.955		320.114		2346		2		0
419.458		335.04		2483		2		0
430.117		336.217		2410		2		0
311.348		303.415		2533		2		0
363.514		322.387		2348		2		0
399.741		317.191		2468		2		0
412.45		326.123		2461		2		0
244.1		303.898		2611		2		0
155.691		338.667		2334		1		0
156.026		338.008		2334		1		0
254.407		349.502		2276		1		0
258.524		349.947		2277		1		0
Frame 79
310.656		309.752		2534		2		0
271.974		306.348		2564		2		0
234.94		303.15		2637		2		0
217.73		307.571		2590		2		0
229.884		320.434		2672		1		0
192.959		324.578		2592		1		0
165.412		335.332		2356		1		0
156.256		338.877		2336		1		0
254.506		294.491		2590		2		0
279.487		311.898		2514		2		0
263.358		340.205		2329		1		0
257.819		349.894		2272		1		0
309.782		316.472		2542		2		0
365.986		320.047		2339		2		0
419.431		335.01		2482		2		0
430.054		336.169		2411		2		0
311.442		303.024		2527		2		0
363.628		322.457		2343		2		0
399.927		317.204		2465		2		0
412.819		326.023		2455		2		0
244.036		303.899		2611		2		0
155.593		338.686		2335		1		0
155.928		337.99		2342		1		0
254.394		349.621		2276		1		0
258.579		350.075		2271		1		0
Frame 80
310.13		310.136		2534		2		0
271.826		306.493		2574		2		0
234.92		303.185		2631		2		0
217.728		307.594		2595		2		0
229.865		320.468		2677		1		0
192.937		324.613		2594		1		0
165.388		335.367		2352		1		0
156.232		338.912		2339		1		0
254.498		294.486		2591		2		0
279.522		311.857		2510		2		0
263.285		340.096		2333		1		0
257.703		349.774		2284		1		0
309.116		316.795		2543		2		0
365.113		320.057		2338		2		0
419.168		334.76		2478		2		0
430.038		336.24		2410		2		0
310.96		303.519		2526		2		0
363.013		322.241		2340		2		0
400.046		317.164		2479		2		0
412.955		326.04		2456		2		0
244.002		303.953		2615		2		0
155.569		338.72		2335		1		0
155.918		338.009		2335		1		0
254.276		349.501		2277		1		0
258.47		349.976		2281		1		0
Frame 81
310.144		310.152		2532		2		0
271.822		306.514		2560		2		0
234.913		303.217		2630		2		0
217.754		307.661		2596		2		0
229.857		320.499		2676		1		0
192.929		324.643		2593		1		0
165.38		335.398		2354		1		0
156.224		338.942		2331		1		0
254.563		294.597		2590		2		0
279.577		311.988		2514		2		0
263.264		340.171		2326		1		0
257.661		349.821		2277		1		0
309.217		316.807		2540		2		0
365.272		320.103		2339		2		0
417.54		333.2		2484		2		0
428.926		336.744		2416		2		0
310.949		303.533		2529		2		0
361.399		322.865		2340		2		0
400.797		317.865		2465		2		0
413.697		326.657		2459		2		0
243.996		303.985		2613		2		0
155.561		338.751		2331		1		0
155.917		338.027		2331		1		0
254.237		349.548		2274		1		0
258.424		349.999		2273		1		0
Frame 82
309.863		310.304		2541		2		0
271.709		306.593		2576		2		0
234.902		303.23		2630		2		0
217.76		307.674		2594		2		0
229.847		320.512		2677		1		0
192.921		324.655		2587		1		0
165.373		335.409		2354		1		0
156.217		338.954		2332		1		0
254.554		294.604		2591		2		0
279.527		312.058		2512		2		0
263.178		340.216		2328		1		0
257.564		349.854		2279		1		0
308.934		316.889		2544		2		0
364.923		320.092		2335		2		0
418.422		334.382		2486		2		0
429.823		336.682		2419		2		0
310.702		303.732		2531		2		0
361.453		322.498		2340		2		0
411.568		323.151		2458		2		0
423.473		333.216		2436		2		0
243.971		304.013		2627		2		0
155.555		338.762		2331		1		0
155.913		338.032		2331		1		0
254.143		349.581		2278		1		0
258.314		350.003		2273		1		0
Frame 83
310.045		309.885		2530		2		0
271.774		306.522		2571		2		0
234.948		303.272		2630		2		0
217.824		307.734		2596		2		0
229.891		320.555		2677		1		0
192.958		324.699		2591		1		0
165.405		335.454		2356		1		0
156.247		338.999		2334		1		0
254.564		294.605		2587		2		0
279.568		312.043		2511		2		0
262.842		339.956		2359		1		0
257.093		349.521		2276		1		0
309.259		316.431		2539		2		0
365.33		320.049		2338		2		0
419.845		335.872		2484		2		0
429.73		335.574		2414		2		0
310.791		303.302		2535		2		0
360.602		323.384		2353		2		0
410.842		323.165		2462		2		0
422.827		333.355		2448		2		0
244.017		304.033		2616		2		0
155.585		338.807		2333		1		0
155.952		338.079		2333		1		0
253.674		349.251		2280		1		0
257.599		349.566		2276		1		0
Frame 84
310.208		309.473		2532		2		0
271.866		306.405		2563		2		0
235.016		303.309		2630		2		0
217.913		307.789		2588		2		0
229.955		320.596		2675		1		0
193.01		324.74		2592		1		0
165.449		335.499		2353		1		0
156.289		339.045		2326		1		0
254.584		294.683		2584		2		0
279.597		312.125		2512		2		0
262.485		339.774		2348		1		0
256.605		349.247		2275		1		0
309.562		315.995		2543		2		0
365.766		320.037		2340		2		0
419.789		335.683		2485		2		0
430.018		335.869		2411		2		0
310.853		302.909		2527		2		0
360.517		323.578		2350		2		0
400.942		317.342		2468		2		0
413.571		326.819		2457		2		0
244.087		304.044		2608		2		0
155.626		338.852		2335		1		0
156.009		338.139		2335		1		0
253.19		348.98		2277		1		0
257.098		349.286		2275		1		0
Frame 85
310.579		309.454		2533		2		0
271.957		306.375		2569		2		0
235.017		303.306		2633		2		0
217.909		307.8		2594		2		0
229.957		320.593		2677		1		0
193.012		324.737		2592		1		0
165.451		335.496		2357		1		0
156.291		339.042		2326		1		0
254.616		294.75		2589		2		0
279.708		312.141		2515		2		0
261.883		339.267		2358		1		0
255.754		348.567		2278		1		0
310.109		316.034		2536		2		0
366.418		320.07		2342		2		0
419.177		335.119		2485		2		0
429.898		336.201		2415		2		0
311.085		302.857		2529		2		0
360.358		323.823		2351		2		0
400.869		317.326		2472		2		0
413.523		326.836		2457		2		0
244.096		304.039		2623		2		0
155.628		338.849		2330		1		0
156.007		338.133		2333		1		0
252.348		348.307		2281		1		0
256.247		348.605		2281		1		0
Frame 86
310.431		309.326		2526		2		0
271.918		306.365		2566		2		0
234.966		303.378		2629		2		0
217.891		307.875		2594		2		0
229.906		320.666		2675		1		0
192.957		324.809		2589		1		0
165.394		335.568		2356		1		0
156.233		339.114		2327		1		0
254.634		294.821		2584		2		0
279.716		312.188		2516		2		0
261.677		339.136		2353		1		0
255.486		348.36		2276		1		0
309.833		315.827		2541		2		0
366.069		320.02		2346		2		0
418.548		334.903		2487		2		0
429.333		335.824		2416		2		0
311.018		302.785		2529		2		0
361.076		322.758		2342		2		0
400.843		317.323		2466		2		0
413.386		326.832		2457		2		0
244.057		304.081		2615		2		0
155.57		338.921		2336		1		0
155.978		338.177		2336		1		0
252.088		348.102		2284		1		0
255.977		348.397		2276		1		0
Frame 87
309.829		310.032		2542		2		0
271.702		306.568		2563		2		0
234.907		303.406		2639		2		0
217.867		307.903		2595		2		0
229.85		320.692		2678		1		0
192.903		324.835		2590		1		0
165.341		335.593		2360		1		0
156.18		339.139		2330		1		0
254.687		294.909		2594		2		0
279.793		312.233		2516		2		0
261.871		339.259		2355		1		0
255.723		348.505		2277		1		0
308.978		316.445		2548		2		0
364.958		320.064		2336		2		0
418.757		334.948		2489		2		0
429.445		335.825		2421		2		0
310.628		303.583		2536		2		0
362.472		322.829		2344		2		0
400.823		317.317		2474		2		0
413.438		326.724		2459		2		0
243.975		304.139		2619		2		0
155.518		338.946		2338		1		0
155.942		338.178		2338		1		0
252.325		348.246		2285		1		0
256.38		348.654		2282		1		0
Frame 88
310.5		309.807		2529		2		0
271.847		306.495		2568		2		0
234.916		303.392		2628		2		0
217.875		307.907		2593		2		0
229.858		320.678		2675		1		0
192.912		324.821		2591		1		0
165.35		335.579		2349		1		0
156.19		339.125		2324		1		0
254.707		294.913		2589		2		0
279.811		312.251		2514		2		0
261.705		339.14		2352		1		0
255.493		348.339		2279		1		0
310.114		316.281		2536		2		0
366.395		320.13		2345		2		0
418.612		334.879		2484		2		0
429.376		335.868		2416		2		0
310.992		303.34		2537		2		0
362.466		322.731		2340		2		0
401.979		318.057		2464		2		0
414.577		327.467		2453		2		0
243.996		304.12		2617		2		0
155.527		338.932		2331		1		0
155.945		338.168		2331		1		0
252.097		348.082		2286		1		0
256.101		348.457		2283		1		0
Frame 89
310.327		309.592		2536		2		0
271.788		306.449		2570		2		0
234.871		303.419		2630		2		0
217.87		307.921		2595		2		0
229.815		320.702		2676		1		0
192.874		324.844		2588		1		0
165.315		335.601		2355		1		0
156.156		339.146		2326		1		0
254.716		294.945		2588		2		0
279.839		312.259		2515		2		0
261.622		339.061		2358		1		0
255.373		348.231		2277		1		0
309.729		315.889		2543		2		0
365.886		320.058		2340		2		0
418.5		334.805		2491		2		0
429.329		335.893		2420		2		0
310.92		303.224		2533		2		0
362.841		322.735		2343		2		0
401.609		317.893		2475		2		0
414.061		327.374		2457		2		0
243.955		304.132		2615		2		0
155.494		338.953		2333		1		0
155.924		338.17		2333		1		0
251.978		347.975		2287		1		0
256.006		348.369		2280		1		0
Frame 90
310.341		309.602		2531		2		0
271.858		306.503		2565		2		0
235.003		303.561		2635		2		0
217.985		307.998		2591		2		0
229.941		320.845		2679		1		0
192.986		324.986		2589		1		0
165.418		335.746		2356		1		0
156.256		339.292		2332		1		0
254.717		294.942		2589		2		0
279.837		312.258		2512		2		0
261.774		339.185		2352		1		0
255.575		348.402		2278		1		0
309.75		315.931		2542		2		0
365.916		320.083		2337		2		0
418.545		334.792		2486		2		0
429.371		335.909		2417		2		0
310.934		303.221		2531		2		0
363.213		322.831		2344		2		0
401.504		317.787		2471		2		0
414.064		327.199		2453		2		0
244.076		304.255		2614		2		0
155.593		339.098		2326		1		0
156.029		338.337		2339		1		0
252.176		348.144		2284		1		0
256.377		348.649		2280		1		0
Frame 91
311.123		309.577		2533		2		0
271.979		306.509		2570		2		0
234.959		303.585		2630		2		0
217.978		308.029		2594		2		0
229.9		320.866		2677		1		0
192.95		325.006		2592		1		0
165.387		335.765		2357		1		0
156.226		339.31		2329		1		0
254.725		294.985		2591		2		0
279.845		312.298		2513		2		0
261.547		339.049		2356		1		0
255.266		348.207		2274		1		0
311.03		316.245		2530		2		0
367.596		320.228		2355		2		0
418.549		334.789		2486		2		0
429.392		335.889		2425		2		0
311.565		303.013		2534		2		0
362.619		322.477		2349		2		0
401.419		317.675		2468		2		0
413.892		327.138		2456		2		0
244.071		304.267		2605		2		0
155.564		339.115		2327		1		0
156.003		338.33		2337		1		0
251.869		347.951		2291		1		0
255.971		348.386		2274		1		0
Frame 92
311.184		309.574		2536		2		0
272.139		306.531		2575		2		0
235.079		303.636		2633		2		0
218.077		308.062		2595		2		0
230.015		320.918		2684		1		0
193.059		325.057		2595		1		0
165.492		335.817		2357		1		0
156.33		339.363		2326		1		0
254.737		294.989		2591		2		0
279.849		312.322		2519		2		0
260.422		338.114		2379		1		0
253.767		346.927		2286		1		0
311.056		316.258		2537		2		0
367.622		320.214		2359		2		0
418.602		334.844		2492		2		0
429.425		335.565		2414		2		0
311.613		302.967		2532		2		0
362.585		322.295		2347		2		0
402.078		318.095		2471		2		0
414.655		327.943		2453		2		0
244.201		304.315		2624		2		0
155.666		339.168		2323		1		0
156.094		338.414		2336		1		0
250.394		346.685		2287		1		0
254.254		346.962		2283		1		0
Frame 93
311.205		309.572		2534		2		0
272.167		306.534		2573		2		0
235.081		303.64		2638		2		0
218.08		308.068		2587		2		0
230.017		320.922		2677		1		0
193.061		325.061		2595		1		0
165.494		335.822		2357		1		0
156.332		339.368		2329		1		0
254.728		294.914		2587		2		0
279.791		312.318		2516		2		0
260.654		338.347		2381		1		0
254.1		347.239		2282		1		0
311.061		316.264		2531		2		0
367.627		320.209		2357		2		0
418.592		334.799		2490		2		0
429.403		335.54		2422		2		0
311.626		302.938		2531		2		0
363.089		322.418		2346		2		0
401.712		317.845		2476		2		0
414.176		327.414		2458		2		0
244.208		304.321		2620		2		0
155.668		339.172		2326		1		0
156.092		338.411		2337		1		0
250.724		346.994		2283		1		0
254.644		347.316		2282		1		0
Frame 94
311.197		309.574		2526		2		0
272.159		306.535		2568		2		0
235.05		303.646		2641		2		0
218.073		308.09		2588		2		0
229.987		320.928		2676		1		0
193.031		325.068		2594		1		0
165.464		335.828		2355		1		0
156.302		339.374		2330		1		0
254.716		294.92		2589		2		0
278.993		314.23		2509		2		0
259.872		340.259		2331		1		0
253.342		349.125		2281		1		0
311.044		316.271		2529		2		0
367.616		320.22		2358		2		0
418.814		334.961		2485		2		0
429.403		335.647		2421		2		0
311.609		302.927		2534		2		0
363.062		322.189		2345		2		0
401.556		317.743		2470		2		0
413.957		327.369		2456		2		0
244.186		304.326		2615		2		0
155.638		339.178		2327		1		0
156.067		338.403		2340		1		0
249.982		348.861		2269		1		0
253.827		349.163		2281		1		0
Frame 95
311.249		309.356		2532		2		0
272.23		306.452		2564		2		0
235.078		303.648		2633		2		0
218.105		308.094		2590		2		0
230.014		320.931		2679		1		0
193.056		325.071		2592		1		0
165.486		335.831		2354		1		0
156.324		339.378		2333		1		0
254.725		294.874		2590		2		0
279.153		313.746		2515		2		0
260.735		340.307		2330		1		0
254.45		349.345		2278		1		0
311.068		316.094		2531		2		0
367.636		320.195		2360		2		0
418.84		335.08		2489		2		0
429.429		335.619		2418		2		0
311.64		302.641		2529		2		0
362.737		321.897		2339		2		0
401.464		317.654		2474		2		0
414.035		327.118		2462		2		0
244.222		304.318		2611		2		0
155.66		339.182		2333		1		0
156.085		338.413		2341		1		0
251.042		348.756		2285		1		0
254.937		349.384		2278		1		0
Frame 96
310.86		309.164		2535		2		0
272.137		306.359		2576		2		0
235.065		303.613		2630		2		0
218.105		308.091		2589		2		0
230.001		320.896		2678		1		0
193.044		325.036		2594		1		0
165.477		335.797		2353		1		0
156.314		339.343		2329		1		0
254.731		294.799		2594		2		0
279.224		313.667		2517		2		0
260.976		340.42		2331		1		0
254.735		349.543		2275		1		0
310.092		315.561		2540		2		0
366.396		320.04		2348		2		0
418.847		335.09		2489		2		0
429.474		335.675		2420		2		0
311.483		302.587		2526		2		0
362.492		321.687		2338		2		0
400.659		317.401		2473		2		0
413.357		326.673		2457		2		0
244.197		304.274		2613		2		0
155.651		339.148		2327		1		0
156.069		338.378		2336		1		0
251.356		349.274		2281		1		0
255.112		349.287		2272		1		0
Frame 97
310.788		309.157		2536		2		0
272.122		306.357		2564		2		0
235.063		303.616		2634		2		0
218.106		308.108		2594		2		0
229.999		320.899		2674		1		0
193.043		325.039		2594		1		0
165.475		335.799		2357		1		0
156.312		339.345		2333		1		0
254.724		294.793		2590		2		0
279.274		314.352		2518		2		0
257.576		338.066		2368		1		0
250.11		346.21		2280		1		0
310.061		315.578		2536		2		0
366.364		320.036		2349		2		0
418.831		335.113		2488		2		0
429.452		335.574		2421		2		0
311.381		302.561		2527		2		0
362.306		321.602		2340		2		0
402.693		318.44		2473		2		0
415.229		327.94		2452		2		0
244.194		304.276		2628		2		0
155.649		339.15		2331		1		0
156.068		338.379		2344		1		0
246.759		345.974		2283		1		0
250.594		346.244		2280		1		0
Frame 98
310.724		309.228		2536		2		0
272.115		306.376		2573		2		0
235.069		303.626		2636		2		0
218.121		308.122		2592		2		0
230.005		320.909		2679		1		0
193.048		325.049		2591		1		0
165.48		335.809		2352		1		0
156.318		339.355		2329		1		0
254.732		294.824		2591		2		0
279.331		314.222		2518		2		0
252.453		329.873		2512		1		0
243.147		335.293		2332		1		0
310.021		315.678		2536		2		0
366.317		320.056		2351		2		0
418.877		335.144		2488		2		0
429.458		335.454		2412		2		0
311.308		302.624		2534		2		0
362.176		321.488		2339		2		0
401.731		317.945		2471		2		0
414.421		327.255		2454		2		0
244.197		304.287		2614		2		0
155.654		339.16		2329		1		0
156.073		338.388		2338		1		0
239.847		335.171		2321		1		0
243.624		335.311		2332		1		0
Frame 99
310.81		309.235		2531		2		0
272.108		306.392		2572		2		0
235		303.668		2636		2		0
218.083		308.153		2590		2		0
229.938		320.951		2672		1		0
192.978		325.091		2589		1		0
165.408		335.852		2354		1		0
156.245		339.398		2325		1		0
254.726		294.851		2590		2		0
279.432		313.98		2512		2		0
250.95		325.213		2596		1		0
241.094		329.107		2474		1		0
310.249		315.819		2536		2		0
366.656		320.128		2346		2		0
418.762		334.999		2491		2		0
429.458		335.592		2416		2		0
311.338		302.598		2531		2		0
362.772		322.131		2345		2		0
401.609		317.844		2473		2		0
414.325		327.418		2456		2		0
244.149		304.32		2610		2		0
155.582		339.202		2327		1		0
156.038		338.408		2334		1		0
237.818		329.05		2403		1		0
241.568		329.116		2474		1		0
Frame 100
310.934		309.248		2532		2		0
272.153		306.399		2571		2		0
235.004		303.674		2629		2		0
218.078		308.16		2592		2		0
229.941		320.957		2677		1		0
192.981		325.097		2592		1		0
165.41		335.858		2358		1		0
156.247		339.405		2324		1		0
254.734		294.875		2590		2		0
279.425		313.413		2515		2		0
250.048		320.816		2586		1		0
239.9		323.384		2671		1		0
310.455		315.871		2533		2		0
366.919		320.139		2347		2		0
418.747		334.982		2495		2		0
429.558		335.84		2418		2		0
311.404		302.593		2528		2		0
363.007		322.202		2346		2		0
402.292		318.29		2475		2		0
414.743		327.885		2454		2		0
244.158		304.327		2614		2		0
155.584		339.209		2324		1		0
156.041		338.416		2332		1		0
236.643		323.387		2676		1		0
240.371		323.384		2649		1		0
Frame 101
310.745		309.122		2529		2		0
272.12		306.373		2565		2		0
234.999		303.68		2631		2		0
218.067		308.185		2586		2		0
229.936		320.965		2675		1		0
192.972		325.105		2586		1		0
165.398		335.867		2356		1		0
156.234		339.414		2324		1		0
254.742		294.912		2591		2		0
279.432		313.326		2513		2		0
249.966		320.172		2596		1		0
239.789		322.549		2684		1		0
310.05		315.586		2533		2		0
366.417		320.069		2348		2		0
418.771		335.037		2490		2		0
429.569		335.842		2418		2		0
311.348		302.561		2526		2		0
362.655		321.958		2337		2		0
402.037		318.115		2467		2		0
414.496		327.699		2454		2		0
244.149		304.326		2613		2		0
155.571		339.218		2323		1		0
156.038		338.427		2333		1		0
236.533		322.56		2682		1		0
240.259		322.547		2669		1		0
Frame 102
310.455		308.96		2532		2		0
272.047		306.35		2568		2		0
234.977		303.715		2633		2		0
218.033		308.224		2589		2		0
229.914		321.001		2672		1		0
192.946		325.141		2590		1		0
165.37		335.904		2354		1		0
156.205		339.451		2324		1		0
254.744		294.912		2586		2		0
279.431		313.305		2517		2		0
249.913		319.903		2593		1		0
239.722		322.193		2684		1		0
309.721		315.433		2547		2		0
366.018		320.007		2344		2		0
418.485		334.897		2491		2		0
429.38		335.892		2418		2		0
311.131		302.418		2528		2		0
362.547		321.8		2336		2		0
400.763		317.571		2468		2		0
413.313		326.964		2454		2		0
244.125		304.345		2613		2		0
155.542		339.254		2321		1		0
156.029		338.457		2329		1		0
236.468		322.208		2690		1		0
240.192		322.191		2674		1		0
Frame 103
310.307		308.763		2539		2		0
272.022		306.275		2570		2		0
234.993		303.704		2631		2		0
218.037		308.222		2591		2		0
229.929		320.991		2676		1		0
192.96		325.131		2589		1		0
165.383		335.895		2355		1		0
156.217		339.442		2329		1		0
254.759		294.916		2592		2		0
279.448		313.239		2516		2		0
249.872		319.558		2600		1		0
239.665		321.75		2686		1		0
309.566		315.203		2546		2		0
365.777		319.956		2336		2		0
418.488		334.869		2488		2		0
429.385		335.897		2424		2		0
311.006		302.263		2530		2		0
362.899		321.82		2337		2		0
400.768		317.556		2473		2		0
413.269		326.954		2456		2		0
244.132		304.331		2620		2		0
155.554		339.246		2327		1		0
156.036		338.455		2340		1		0
236.413		321.77		2686		1		0
240.135		321.747		2674		1		0
Frame 104
310.54		308.898		2535		2		0
272.046		306.302		2570		2		0
234.971		303.718		2632		2		0
217.988		308.249		2590		2		0
229.908		321.005		2674		1		0
192.936		325.146		2592		1		0
165.356		335.91		2358		1		0
156.19		339.457		2324		1		0
254.773		294.912		2598		2		0
279.513		313.13		2513		2		0
252.152		327.623		2579		1		0
242.681		332.644		2366		1		0
310.025		315.474		2536		2		0
366.356		320.042		2347		2		0
418.281		334.778		2494		2		0
429.242		335.919		2421		2		0
311.099		302.319		2523		2		0
362.893		321.801		2341		2		0
400.777		317.536		2471		2		0
413.273		326.942		2456		2		0
244.118		304.346		2617		2		0
155.527		339.261		2327		1		0
156.025		338.468		2333		1		0
239.388		332.549		2344		1		0
243.157		332.657		2370		1		0
Frame 105
310.657		308.836		2530		2		0
272.054		306.276		2577		2		0
234.957		303.712		2634		2		0
217.986		308.252		2584		2		0
229.895		320.999		2676		1		0
192.923		325.14		2594		1		0
165.344		335.904		2360		1		0
156.178		339.451		2324		1		0
254.788		294.902		2592		2		0
279.547		313.074		2517		2		0
253.711		330.759		2498		1		0
244.764		336.882		2327		1		0
310.19		315.442		2532		2		0
366.582		320.047		2345		2		0
418.323		334.753		2489		2		0
429.255		335.882		2417		2		0
311.171		302.237		2531		2		0
360.958		323.314		2356		2		0
411.215		323.07		2460		2		0
422.729		333.612		2443		2		0
244.111		304.339		2618		2		0
155.516		339.255		2327		1		0
156.018		338.461		2330		1		0
241.449		336.743		2324		1		0
245.243		336.902		2334		1		0
Frame 106
310.576		309.082		2533		2		0
272.04		306.33		2575		2		0
234.959		303.722		2633		2		0
217.985		308.257		2591		2		0
229.896		321.011		2674		1		0
192.922		325.151		2594		1		0
165.341		335.916		2352		1		0
156.175		339.463		2328		1		0
254.752		294.848		2589		2		0
279.549		313.074		2517		2		0
254.546		332.213		2469		1		0
245.889		338.835		2323		1		0
310.073		315.739		2531		2		0
366.443		320.081		2351		2		0
418.319		334.742		2498		2		0
429.255		335.831		2417		2		0
311.112		302.438		2526		2		0
361.349		322.735		2342		2		0
401.226		317.232		2471		2		0
413.663		326.888		2458		2		0
244.109		304.355		2613		2		0
155.512		339.267		2327		1		0
156.019		338.475		2335		1		0
242.562		338.675		2311		1		0
246.37		338.858		2320		1		0
Frame 107
310.534		309.189		2530		2		0
272.035		306.361		2569		2		0
234.974		303.733		2629		2		0
217.994		308.268		2588		2		0
229.91		321.022		2675		1		0
192.933		325.163		2591		1		0
165.35		335.928		2356		1		0
156.184		339.476		2329		1		0
254.759		294.88		2591		2		0
279.544		313.018		2513		2		0
256.127		334.307		2465		1		0
247.997		341.689		2297		1		0
310.027		315.817		2533		2		0
366.389		320.108		2348		2		0
418.315		334.715		2487		2		0
429.245		335.835		2415		2		0
311.067		302.581		2527		2		0
360.841		323.246		2353		2		0
402.368		317.991		2471		2		0
414.794		327.631		2458		2		0
244.117		304.369		2620		2		0
155.521		339.279		2326		1		0
156.026		338.491		2339		1		0
244.639		341.499		2293		1		0
248.482		341.717		2291		1		0
Frame 108
310.629		309.174		2535		2		0
272.061		306.384		2568		2		0
234.964		303.794		2623		2		0
217.996		308.28		2588		2		0
229.9		321.084		2675		1		0
192.917		325.224		2592		1		0
165.329		335.991		2356		1		0
156.161		339.539		2327		1		0
254.758		294.859		2591		2		0
279.562		313		2516		2		0
256.77		335.329		2434		1		0
248.893		343.034		2284		1		0
310.171		315.85		2537		2		0
366.57		320.088		2348		2		0
418.355		334.765		2488		2		0
429.299		335.825		2419		2		0
311.124		302.526		2532		2		0
360.587		323.5		2352		2		0
402.081		317.854		2475		2		0
414.536		327.44		2460		2		0
244.116		304.419		2609		2		0
155.498		339.342		2326		1		0
156.022		338.55		2336		1		0
245.542		342.83		2294		1		0
249.378		343.063		2279		1		0
Frame 109
310.42		309.053		2531		2		0
271.996		306.377		2569		2		0
234.938		303.828		2634		2		0
217.983		308.3		2591		2		0
229.874		321.119		2673		1		0
192.889		325.258		2597		1		0
165.3		336.026		2350		1		0
156.131		339.574		2330		1		0
254.756		294.858		2592		2		0
279.531		314.071		2517		2		0
253.072		329.926		2515		1		0
243.865		335.444		2333		1		0
309.726		315.569		2540		2		0
366.009		320.014		2353		2		0
418.612		334.767		2485		2		0
429.443		335.776		2421		2		0
311.054		302.489		2526		2		0
362.912		322.912		2342		2		0
401.807		317.684		2477		2		0
414.287		327.221		2458		2		0
244.087		304.442		2615		2		0
155.469		339.376		2327		1		0
156.009		338.578		2338		1		0
240.543		335.319		2329		1		0
244.345		335.462		2333		1		0
Frame 110
310.332		308.992		2532		2		0
271.936		306.341		2565		2		0
234.91		303.818		2629		2		0
217.946		308.326		2586		2		0
229.847		321.109		2676		1		0
192.863		325.249		2592		1		0
165.274		336.016		2347		1		0
156.105		339.564		2326		1		0
254.769		294.9		2591		2		0
279.414		313.648		2513		2		0
251.581		323.241		2588		1		0
241.833		326.61		2525		1		0
309.561		315.43		2540		2		0
365.815		320.004		2334		2		0
418.526		334.764		2491		2		0
429.268		335.796		2419		2		0
311.028		302.478		2529		2		0
363.258		322.855		2340		2		0
401.539		317.584		2469		2		0
413.949		327.163		2455		2		0
244.052		304.427		2620		2		0
155.443		339.367		2323		1		0
155.995		338.566		2332		1		0
238.51		326.578		2488		1		0
242.313		326.614		2543		1		0
Frame 111
310.528		309.022		2534		2		0
271.961		306.349		2571		2		0
234.907		303.821		2636		2		0
217.925		308.339		2590		2		0
229.844		321.112		2672		1		0
192.86		325.252		2592		1		0
165.271		336.019		2347		1		0
156.102		339.567		2325		1		0
254.761		294.919		2588		2		0
279.451		313.505		2512		2		0
253.236		328.628		2550		1		0
244.051		333.929		2356		1		0
309.975		315.58		2541		2		0
366.346		320.061		2344		2		0
418.637		334.839		2493		2		0
429.307		335.816		2414		2		0
311.107		302.449		2526		2		0
362.86		322.321		2342		2		0
402.189		318.06		2466		2		0
414.672		327.552		2457		2		0
244.051		304.43		2612		2		0
155.44		339.37		2325		1		0
155.994		338.568		2334		1		0
240.703		333.819		2338		1		0
244.535		333.945		2356		1		0
