front
Frame 0
282.848		199.982		3624		2		0
282.525		171.333		3609		2		0
282.151		142.518		3634		2		0
280.765		127.85		3527		2		0
265.807		154.186		3633		2		0
260.577		178.828		3681		1		0
261.099		200.324		3667		1		0
261.795		206.271		3660		1		0
297.491		153.904		3637		2		0
302.862		178.89		3703		1		0
305.237		200.203		3671		1		0
304.345		205.025		3682		1		0
275.79		200.196		3638		2		0
272.996		229.823		3725		2		0
272.978		259.773		3825		2		0
273.609		267.32		3819		2		0
289.905		199.771		3639		2		0
293.795		230.505		3721		2		0
293.632		263.049		3804		2		0
294.822		270.715		3797		2		0
282.25		149.745		3625		2		0
261		213.501		3690		2		0
257.143		206.4		3666		2		0
305.801		212.4		3694		2		0
300.693		206.3		3667		2		0
Frame 1
282.804		199.97		3635		2		0
282.519		171.332		3612		2		0
282.172		142.522		3636		2		0
280.765		127.862		3526		2		0
265.791		154.181		3642		2		0
260.53		178.79		3687		1		0
261.098		200.314		3667		1		0
261.722		205.857		3677		1		0
297.479		153.917		3637		2		0
302.872		178.908		3713		1		0
305.224		200.221		3682		1		0
304.297		204.977		3688		1		0
275.747		200.181		3651		2		0
272.954		229.798		3735		2		0
272.963		259.817		3825		2		0
273.595		267.365		3819		2		0
289.865		199.761		3642		2		0
293.767		230.504		3730		2		0
293.59		263.024		3818		2		0
294.781		270.689		3797		2		0
282.262		149.747		3625		2		0
260.833		212.334		3693		2		0
256.8		205.205		3692		2		0
305.773		212.419		3710		2		0
300.721		205.738		3672		2		0
Frame 2
282.819		199.971		3636		2		0
282.528		171.327		3591		2		0
282.186		142.503		3638		2		0
280.755		127.852		3515		2		0
265.788		154.178		3637		2		0
260.529		178.79		3688		1		0
261.091		200.27		3663		1		0
261.537		205.748		3663		1		0
297.458		153.92		3637		2		0
302.873		178.897		3713		1		0
305.36		200.19		3676		1		0
304.412		204.623		3678		1		0
275.756		200.183		3640		2		0
272.942		229.8		3729		2		0
272.974		259.833		3829		2		0
273.615		267.382		3827		2		0
289.89		199.761		3638		2		0
293.765		230.505		3724		2		0
293.575		263.039		3805		2		0
294.773		270.704		3804		2		0
282.274		149.732		3626		2		0
261.714		212.429		3695		2		0
257.1		207.502		3667		2		0
305.8		211.4		3703		2		0
300.626		203.754		3673		2		0
Frame 3
282.829		199.974		3633		2		0
282.53		171.326		3583		2		0
282.183		142.489		3628		2		0
280.749		127.845		3523		2		0
265.78		154.186		3630		2		0
260.515		178.782		3680		1		0
261.076		200.263		3670		1		0
261.31		205.783		3666		1		0
297.479		153.893		3636		2		0
302.859		178.881		3707		1		0
305.346		200.175		3676		1		0
304.397		204.949		3681		1		0
275.762		200.186		3638		2		0
272.919		229.675		3733		2		0
272.999		259.804		3820		2		0
273.665		267.352		3820		2		0
289.909		199.762		3641		2		0
293.765		230.498		3721		2		0
293.55		263.054		3803		2		0
294.771		270.719		3790		2		0
282.273		149.723		3616		2		0
261.201		213.401		3691		2		0
256.57		208.715		3696		2		0
305.965		212.251		3703		2		0
300.562		205.674		3671		2		0
Frame 4
282.824		199.971		3626		2		0
282.491		171.311		3609		2		0
282.091		142.449		3630		2		0
280.745		127.835		3520		2		0
265.767		154.16		3636		2		0
260.506		178.775		3688		1		0
261.061		200.256		3669		1		0
261.272		205.643		3662		1		0
297.44		153.887		3634		2		0
302.849		178.866		3707		1		0
305.27		200.163		3678		1		0
304.326		205.146		3679		1		0
275.755		200.181		3638		2		0
272.925		229.702		3727		2		0
273.041		259.834		3828		2		0
273.703		267.386		3826		2		0
289.902		199.76		3636		2		0
293.762		230.502		3723		2		0
293.59		263.14		3798		2		0
294.809		270.813		3795		2		0
282.196		149.691		3614		2		0
261.142		212.287		3686		2		0
256.785		204.213		3698		2		0
305.499		212.501		3694		2		0
300.661		205.09		3677		2		0
Frame 5
282.831		199.966		3632		2		0
282.485		171.298		3599		2		0
282.069		142.418		3622		2		0
280.74		127.83		3527		2		0
265.756		154.137		3632		2		0
260.504		178.779		3682		1		0
261.054		200.263		3667		1		0
261.483		205.83		3670		1		0
297.436		153.865		3630		2		0
302.844		178.836		3698		1		0
305.262		200.137		3676		1		0
304.394		204.897		3681		1		0
275.764		200.179		3641		2		0
272.91		229.644		3735		2		0
273.046		259.821		3829		2		0
273.726		267.373		3820		2		0
289.909		199.753		3643		2		0
293.789		230.455		3731		2		0
293.577		263.134		3797		2		0
294.812		270.807		3800		2		0
282.177		149.664		3619		2		0
260.6		213.201		3689		2		0
257.499		207.002		3682		2		0
305.609		212.376		3707		2		0
300.701		205.023		3663		2		0
Frame 6
282.823		199.961		3627		2		0
282.483		171.297		3597		2		0
282.069		142.418		3630		2		0
280.736		127.833		3518		2		0
265.761		154.144		3633		2		0
260.489		178.766		3680		1		0
261.033		200.251		3667		1		0
261.22		205.796		3665		1		0
297.432		153.833		3633		2		0
302.837		178.83		3708		1		0
305.217		200.135		3676		1		0
304.419		204.926		3679		1		0
275.76		200.176		3641		2		0
272.907		229.637		3728		2		0
273.039		259.809		3822		2		0
273.714		267.361		3815		2		0
289.897		199.746		3644		2		0
293.771		230.422		3726		2		0
293.568		263.136		3805		2		0
294.798		270.809		3802		2		0
282.177		149.664		3623		2		0
261.222		212.445		3681		2		0
256.949		205.035		0		2		0
305.8		212.401		3693		2		0
300.671		204.806		3678		2		0
Frame 7
282.826		199.956		3635		2		0
282.483		171.293		3596		2		0
282.074		142.415		3622		2		0
280.698		127.824		3520		2		0
265.736		154.126		3626		2		0
260.48		178.766		3688		1		0
261.021		200.254		3670		1		0
261.454		205.616		3664		1		0
297.398		153.823		3633		2		0
302.825		178.848		3698		1		0
305.21		200.159		3677		1		0
304.4		205.023		3684		1		0
275.763		200.165		3643		2		0
272.905		229.538		3732		2		0
273.033		259.81		3831		2		0
273.704		267.363		3814		2		0
289.9		199.744		3637		2		0
293.771		230.427		3724		2		0
293.577		263.138		3801		2		0
294.805		270.813		3806		2		0
282.181		149.661		3612		2		0
260.5		213.334		3690		2		0
257.269		205.781		3670		2		0
305.799		212.401		3695		2		0
300.546		206.274		3673		2		0
Frame 8
282.837		199.953		3637		2		0
282.485		171.289		3602		2		0
282.078		142.401		3623		2		0
280.68		127.836		3514		2		0
265.733		154.119		3626		2		0
260.466		178.753		3685		1		0
261.036		200.248		3668		1		0
261.716		205.378		3668		1		0
297.389		153.824		3634		2		0
302.801		178.85		3707		1		0
305.206		200.158		3681		1		0
304.22		204.707		3681		1		0
275.769		200.163		3649		2		0
272.915		229.511		3738		2		0
273.027		259.837		3829		2		0
273.702		267.392		3821		2		0
289.918		199.74		3638		2		0
293.765		230.48		3721		2		0
293.563		263.111		3806		2		0
294.793		270.784		3795		2		0
282.184		149.65		3618		2		0
261.143		212.286		3688		2		0
256.961		205.424		0		2		0
306		211.501		3698		2		0
300.541		205.838		3675		2		0
Frame 9
282.873		199.944		3631		2		0
282.486		171.285		3593		2		0
282.054		142.399		3618		2		0
280.667		127.816		3515		2		0
265.703		154.133		3635		2		0
260.455		178.742		3681		1		0
261.033		200.238		3666		1		0
261.41		205.476		3661		1		0
297.369		153.814		3626		2		0
302.803		178.847		3702		1		0
305.196		200.157		3676		1		0
304.246		204.806		3684		1		0
275.789		200.159		3646		2		0
272.908		229.526		3735		2		0
273.055		259.924		3830		2		0
273.72		267.482		3818		2		0
289.977		199.725		3645		2		0
293.765		230.488		3717		2		0
293.513		263.208		3804		2		0
294.73		270.884		3807		2		0
282.168		149.647		3617		2		0
260.5		212.501		3687		2		0
256.742		205.035		3699		2		0
305.962		212.24		3711		2		0
300.522		205.708		3670		2		0
Frame 10
282.807		199.952		3630		2		0
282.451		171.288		3594		2		0
282.042		142.387		3630		2		0
280.657		127.788		3513		2		0
265.687		154.142		3631		2		0
260.445		178.735		3678		1		0
261.027		200.233		3661		1		0
261.239		205.56		3665		1		0
297.387		153.78		3627		2		0
302.795		178.862		3700		1		0
305.191		200.176		3678		1		0
304.208		204.662		3684		1		0
275.731		200.171		3644		2		0
272.9		229.521		3724		2		0
273.041		259.866		3821		2		0
273.702		267.429		3815		2		0
289.9		199.728		3640		2		0
293.765		230.479		3718		2		0
293.509		263.207		3800		2		0
294.723		270.889		3795		2		0
282.146		149.641		3614		2		0
260.5		212.501		3686		2		0
256.813		205.512		3699		2		0
306		211.501		3697		2		0
300.51		204.565		3676		2		0
Frame 11
282.885		199.948		3627		2		0
282.487		171.289		3597		2		0
282.054		142.392		3616		2		0
280.652		127.78		3510		2		0
265.661		154.112		3630		2		0
260.436		178.752		3678		1		0
261.011		200.258		3665		1		0
261.403		205.334		3661		1		0
297.363		153.784		3628		2		0
302.771		178.937		3703		1		0
305.184		200.256		3678		1		0
304.351		204.995		3679		1		0
275.787		200.173		3647		2		0
272.924		229.513		3730		2		0
273.035		259.852		3814		2		0
273.682		267.417		3821		2		0
290.004		199.717		3635		2		0
293.753		230.471		3725		2		0
293.495		263.23		3805		2		0
294.695		270.915		3797		2		0
282.165		149.644		3618		2		0
260.999		212.375		3693		2		0
256.941		205.037		0		2		0
305.499		212.334		3700		2		0
300.573		205.557		3673		2		0
Frame 12
282.892		199.955		3628		2		0
282.485		171.292		3591		2		0
282.041		142.376		3612		2		0
280.677		127.809		3512		2		0
265.63		154.134		3623		2		0
260.419		178.777		3674		1		0
261.001		200.289		3669		1		0
261.205		205.707		3662		1		0
297.349		153.818		3623		2		0
302.773		178.933		3698		1		0
305.177		200.25		3675		1		0
304.257		204.759		3676		1		0
275.781		200.188		3638		2		0
272.945		229.571		3723		2		0
273.001		259.892		3822		2		0
273.65		267.465		3819		2		0
290.03		199.716		3643		2		0
293.747		230.511		3716		2		0
293.515		263.246		3803		2		0
294.717		270.94		3807		2		0
282.155		149.634		3611		2		0
260.715		213.429		3688		2		0
256.599		206.5		3690		2		0
305.985		211.544		3705		2		0
300.542		206.196		3671		2		0
Frame 13
282.878		199.966		3626		2		0
282.466		171.309		3584		2		0
282.013		142.405		3617		2		0
280.655		127.805		3512		2		0
265.638		154.083		3628		2		0
260.407		178.719		3676		1		0
261.002		200.24		3664		1		0
261.326		205.528		3661		1		0
297.331		153.824		3631		2		0
302.769		178.887		3699		1		0
305.171		200.209		3676		1		0
304.423		204.657		3686		1		0
275.779		200.194		3639		2		0
272.987		229.9		3719		2		0
273.029		259.906		3814		2		0
273.68		267.485		3816		2		0
289.993		199.736		3639		2		0
293.704		230.621		3712		2		0
293.512		263.144		3794		2		0
294.717		270.84		3782		2		0
282.128		149.661		3608		2		0
260.222		212.445		3680		2		0
256.818		204.37		0		2		0
305.999		211.5		3705		2		0
300.561		205.441		3673		2		0
Frame 14
282.87		199.968		3630		2		0
282.442		171.303		3580		2		0
281.979		142.38		3623		2		0
280.636		127.718		3504		2		0
265.604		154.068		3627		2		0
260.399		178.698		3675		1		0
260.972		200.218		3657		1		0
261.378		205.49		3662		1		0
297.363		153.777		3630		2		0
302.773		178.85		3706		1		0
305.166		200.175		3676		1		0
304.377		204.799		3678		1		0
275.771		200.197		3632		2		0
273.028		230.086		3729		2		0
273.032		259.969		3812		2		0
273.683		267.554		3811		2		0
289.982		199.739		3637		2		0
293.704		230.882		3707		2		0
293.513		263.143		3803		2		0
294.718		270.843		3796		2		0
282.095		149.641		3608		2		0
260.777		212.445		3681		2		0
256.931		205.335		0		2		0
305.999		212.251		3708		2		0
300.57		205.613		3666		2		0
Frame 15
282.866		199.982		3623		2		0
282.424		171.33		3584		2		0
281.954		142.404		3611		2		0
280.613		127.716		3502		2		0
265.548		154.092		3613		2		0
260.409		178.638		3672		1		0
260.971		200.167		3655		1		0
261.172		205.638		3664		1		0
297.391		153.731		3617		2		0
302.774		178.834		3702		1		0
305.174		200.175		3676		1		0
304.49		204.688		3677		1		0
275.773		200.214		3635		2		0
273.137		230.48		3715		2		0
272.912		260.624		3816		2		0
273.566		268.239		3811		2		0
289.971		199.75		3632		2		0
293.648		231.04		3719		2		0
293.502		263.252		3801		2		0
294.711		270.964		3796		2		0
282.072		149.667		3602		2		0
260.223		212.445		3681		2		0
256.692		204.543		0		2		0
306		211.501		3693		2		0
300.589		203.885		3666		2		0
Frame 16
282.951		199.97		3622		2		0
282.471		171.315		3587		2		0
281.963		142.385		3609		2		0
280.582		127.742		3506		2		0
265.529		154.091		3615		2		0
260.399		178.63		3674		1		0
260.999		200.176		3655		1		0
261.263		205.651		3652		1		0
297.377		153.682		3623		2		0
302.795		178.848		3699		1		0
305.182		200.197		3673		1		0
304.567		204.804		3681		1		0
275.852		200.215		3636		2		0
273.138		230.621		3718		2		0
272.832		261.476		3815		2		0
273.53		269.122		3817		2		0
290.061		199.728		3637		2		0
293.596		231.288		3717		2		0
293.53		263.27		3807		2		0
294.786		270.985		3799		2		0
282.09		149.649		3594		2		0
260.778		212.445		3687		2		0
256.624		207.378		3675		2		0
305.749		212.251		3696		2		0
301.014		205.467		3680		2		0
Frame 17
283.007		199.976		3623		2		0
282.485		171.291		3575		2		0
281.895		142.282		3605		2		0
280.602		127.66		3494		2		0
265.465		154.084		3609		2		0
260.385		178.486		3664		1		0
260.944		200.056		3649		1		0
261.193		205.803		3654		1		0
297.448		153.548		3613		2		0
302.825		178.864		3695		1		0
305.134		200.216		3668		1		0
304.721		205.063		3672		1		0
275.942		200.225		3631		2		0
273.171		231.085		3715		2		0
272.885		261.721		3810		2		0
273.561		269.399		3811		2		0
290.089		199.73		3629		2		0
293.31		231.804		3702		2		0
293.599		263.376		3802		2		0
294.833		271.119		3790		2		0
282.047		149.571		3597		2		0
261.143		213.287		3683		2		0
256.714		206.285		0		2		0
305.499		212.334		3692		2		0
301.026		205.211		3664		2		0
Frame 18
283.08		200.02		3618		2		0
282.463		171.288		3589		2		0
281.801		142.24		3597		2		0
280.614		127.552		3494		2		0
265.423		154.095		3609		2		0
260.346		178.507		3661		1		0
260.954		200.102		3646		1		0
261.069		205.713		3648		1		0
297.45		153.479		3611		2		0
302.865		178.82		3692		1		0
305.092		200.205		3665		1		0
304.504		204.875		3666		1		0
276.004		200.293		3627		2		0
273.266		231.255		3700		2		0
272.9		261.881		3815		2		0
273.597		269.562		3823		2		0
290.172		199.744		3628		2		0
293.373		231.893		3695		2		0
293.619		263.316		3798		2		0
294.874		271.059		3787		2		0
281.969		149.537		3592		2		0
261.141		213.286		3686		2		0
256.625		208.128		3675		2		0
305.499		212.501		3686		2		0
300.668		205.337		3660		2		0
Frame 19
283.162		200.111		3614		2		0
282.5		171.361		3565		2		0
281.791		142.267		3594		2		0
280.633		127.525		3482		2		0
265.402		154.106		3602		2		0
260.351		178.57		3653		1		0
260.908		200.182		3641		1		0
261.16		206.169		3641		1		0
297.549		153.509		3603		2		0
302.821		178.928		3683		1		0
305.087		200.345		3658		1		0
304.432		205.138		3666		1		0
276.086		200.422		3621		2		0
273.309		231.433		3701		2		0
272.931		262.132		3803		2		0
273.601		269.837		3813		2		0
290.254		199.798		3624		2		0
293.442		232.074		3689		2		0
293.56		263.318		3800		2		0
294.786		271.077		3794		2		0
281.97		149.577		3587		2		0
262		215.5		3687		2		0
256.858		206.153		3700		2		0
305.499		212.334		3680		2		0
300.534		205.735		3665		2		0
Frame 20
283.202		200.151		3613		2		0
282.538		171.36		3578		2		0
281.841		142.232		3587		2		0
280.598		127.46		3472		2		0
265.313		154.154		3606		2		0
260.332		178.603		3655		1		0
260.812		200.534		3640		1		0
261.105		206.037		3637		1		0
297.558		153.43		3600		2		0
302.946		178.83		3681		1		0
305.157		200.287		3656		1		0
304.945		205.061		3660		1		0
276.087		200.472		3616		2		0
273.34		231.682		3698		2		0
272.968		262.171		3816		2		0
273.638		269.875		3817		2		0
290.324		199.83		3616		2		0
293.48		232.257		3686		2		0
293.509		263.363		3795		2		0
294.732		271.121		3788		2		0
282.017		149.55		3579		2		0
260.665		213.334		3670		2		0
256.786		206.367		0		2		0
306.284		212.429		3673		2		0
301.236		205.238		3661		2		0
Frame 21
283.276		200.288		3607		2		0
282.547		171.448		3556		2		0
281.788		142.247		3571		2		0
280.596		127.502		3479		2		0
265.235		154.145		3588		2		0
260.307		179.001		3650		1		0
260.823		200.687		3631		1		0
260.816		206.293		3629		1		0
297.458		153.576		3590		2		0
303.005		178.84		3660		1		0
305.167		200.362		3649		1		0
305.024		205.116		3658		1		0
276.156		200.646		3610		2		0
273.356		231.727		3701		2		0
272.958		262.249		3810		2		0
273.412		269.972		3810		2		0
290.401		199.931		3611		2		0
293.466		232.477		3686		2		0
293.46		263.395		3793		2		0
294.641		273.017		3778		2		0
281.979		149.585		3571		2		0
260.502		213.401		3651		2		0
256.499		207.002		3651		2		0
306		212.375		3672		2		0
301.119		205.239		3653		2		0
Frame 22
283.18		200.393		3594		2		0
282.512		171.5		3546		2		0
281.829		142.25		3577		2		0
280.49		127.531		3459		2		0
265.121		154.239		3586		2		0
260.292		178.929		3643		1		0
260.647		201.089		3627		1		0
260.946		206.62		3635		1		0
297.555		153.538		3584		2		0
303.051		178.796		3662		1		0
305.287		200.328		3643		1		0
305.131		205.138		3644		1		0
276.092		200.745		3606		2		0
273.437		231.827		3691		2		0
273.009		262.331		3820		2		0
273.484		270.056		3809		2		0
290.27		200.038		3605		2		0
293.484		232.686		3684		2		0
293.535		263.508		3799		2		0
294.579		273.144		3775		2		0
282.001		149.6		3573		2		0
260.834		214.334		3659		2		0
256.499		206.575		3659		2		0
306.284		212.429		3665		2		0
301.268		205.339		3637		2		0
Frame 23
283.088		200.667		3581		2		0
282.487		171.603		3529		2		0
281.896		142.14		3565		2		0
280.428		127.482		3449		2		0
265.015		154.229		3574		2		0
260.254		178.929		3638		1		0
260.62		201.433		3617		1		0
261.047		206.897		3618		1		0
297.607		153.706		3572		2		0
303.283		179.047		3642		1		0
305.539		200.692		3641		1		0
305.122		205.92		3636		1		0
276.01		200.989		3596		2		0
273.434		231.939		3687		2		0
272.964		262.459		3816		2		0
273.305		270.208		3813		2		0
290.177		200.344		3599		2		0
293.139		234.667		3671		2		0
293.49		263.564		3791		2		0
294.463		273.206		3778		2		0
282.042		149.548		3556		2		0
261.4		215.201		3664		2		0
256.571		206.502		0		2		0
305.798		213.401		3672		2		0
301.501		207.002		3637		2		0
Frame 24
283.018		200.873		3576		2		0
282.268		171.678		3535		2		0
281.53		142.109		3557		2		0
280.321		127.386		3435		2		0
264.9		154.272		3571		2		0
260.199		179.185		3631		1		0
260.485		201.647		3611		1		0
260.989		206.994		3616		1		0
297.631		153.67		3560		2		0
303.453		179.157		3645		1		0
305.623		200.852		3623		1		0
305.106		205.872		3626		1		0
275.949		201.194		3591		2		0
273.405		232.511		3684		2		0
272.961		262.448		3812		2		0
273.307		270.189		3804		2		0
290.101		200.55		3585		2		0
293.114		235.32		3657		2		0
293.487		263.578		3783		2		0
294.492		273.21		3786		2		0
281.714		149.542		3546		2		0
260.666		214.334		3638		2		0
256.47		206.24		3621		2		0
306.284		213.429		3643		2		0
301.438		206.442		3621		2		0
Frame 25
282.804		201.152		3570		2		0
282.086		171.928		3515		2		0
281.393		142.298		3538		2		0
280.044		127.509		3424		2		0
264.719		154.39		3564		2		0
260.217		179.531		3623		1		0
260.37		201.888		3599		1		0
260.784		207.035		3609		1		0
297.46		153.756		3543		2		0
303.499		179.135		3629		1		0
305.687		200.893		3609		1		0
305.238		205.98		3609		1		0
275.724		201.45		3583		2		0
273.366		232.701		3680		2		0
272.959		262.427		3801		2		0
273.077		270.191		3805		2		0
289.903		200.853		3572		2		0
293.172		235.238		3652		2		0
293.393		263.571		3788		2		0
294.569		273.153		3787		2		0
281.564		149.748		3535		2		0
260		214.501		3623		2		0
256.5		207.055		3619		2		0
305.498		213.334		3647		2		0
301.501		208.001		3618		2		0
Frame 26
282.523		201.553		3558		2		0
281.888		172.147		3521		2		0
281.27		142.341		3532		2		0
279.774		127.745		3419		2		0
264.561		154.548		3549		2		0
260.132		179.852		3617		1		0
260.11		202.151		3589		1		0
260.644		207.361		3586		1		0
297.553		153.848		3532		2		0
303.731		179.099		3614		1		0
306.013		200.959		3592		1		0
305.38		206.258		3591		1		0
275.463		201.82		3566		2		0
273.336		232.787		3676		2		0
272.951		262.459		3811		2		0
272.977		270.222		3810		2		0
289.606		201.284		3560		2		0
293.011		236.133		3642		2		0
293.332		263.759		3775		2		0
293.904		271.598		3784		2		0
281.423		149.835		3522		2		0
260.374		215.376		3630		2		0
256.6		209.008		3627		2		0
306.286		213.43		3615		2		0
301.501		208.999		3606		2		0
Frame 27
282.365		201.686		3547		2		0
281.724		172.318		3497		2		0
281.097		142.548		3517		2		0
279.63		127.86		3395		2		0
264.455		154.595		3538		2		0
260.091		180.023		3601		1		0
259.935		202.587		3571		1		0
260.842		207.726		3580		1		0
297.588		153.757		3514		2		0
303.942		179.092		3604		1		0
306.686		200.941		3577		1		0
305.553		206.103		3588		1		0
275.271		201.988		3558		2		0
273.327		232.7		3674		2		0
272.887		262.511		3802		2		0
272.918		270.29		3803		2		0
289.493		201.378		3546		2		0
292.992		235.963		3629		2		0
293.197		263.939		3774		2		0
294.639		273.413		3784		2		0
281.253		150.033		3509		2		0
260.22		215.445		3610		2		0
256.499		210.5		3601		2		0
306.285		213.429		3610		2		0
301.534		205.802		3583		2		0
Frame 28
282.314		202.38		3527		2		0
281.648		172.865		3482		2		0
280.992		142.859		3487		2		0
279.345		127.938		3383		2		0
264.168		155.223		3518		2		0
259.959		180.762		3584		1		0
259.905		202.757		3549		1		0
260.667		208.413		3556		1		0
297.566		154.215		3496		2		0
304.413		178.945		3587		1		0
306.815		200.751		3556		1		0
305.281		206.587		3568		1		0
275.146		202.716		3543		2		0
273.359		233.028		3665		2		0
272.862		262.558		3794		2		0
272.761		270.386		3799		2		0
289.509		202.041		3528		2		0
292.922		235.787		3609		2		0
293.157		264.124		3767		2		0
293.599		272.04		3779		2		0
281.156		150.412		3488		2		0
260.601		216.201		3592		2		0
256.583		210.753		3576		2		0
305.858		213.286		3575		2		0
301.5		206.003		3567		2		0
Frame 29
282.251		203.09		3512		2		0
281.541		173.334		3463		2		0
280.85		143.128		3480		2		0
279.203		128.141		3367		2		0
263.975		155.399		3508		2		0
259.384		180.853		3567		1		0
260.125		203.321		3533		1		0
260.731		208.526		3526		1		0
297.561		154.384		3478		2		0
305.068		178.245		3572		1		0
306.99		200.299		3538		1		0
305.557		206.537		3538		1		0
274.978		203.383		3529		2		0
273.331		233.117		3655		2		0
272.775		262.583		3803		2		0
272.337		270.39		3808		2		0
289.573		202.795		3513		2		0
292.639		236.81		3602		2		0
293.141		264.161		3752		2		0
293.245		272.06		3776		2		0
281.021		150.727		3474		2		0
260.713		216.143		3568		2		0
255.999		208.5		0		2		0
305		214.5		3583		2		0
301.556		206.502		3553		2		0
Frame 30
281.909		203.77		3493		2		0
281.321		173.799		3436		2		0
280.741		143.399		3458		2		0
278.865		128.436		3343		2		0
263.714		155.839		3495		2		0
258.993		180.877		3545		2		0
259.639		203.164		3495		2		0
260.114		209.371		3487		2		0
297.676		154.562		3460		2		0
306.408		177.246		3560		1		0
308.08		199.699		3492		1		0
306.346		205.546		3499		1		0
274.589		204.09		3516		2		0
273.487		234.407		3645		2		0
272.736		262.455		3781		2		0
272.438		270.257		3802		2		0
289.273		203.446		3492		2		0
292.331		237.254		3586		2		0
293.063		264.133		3746		2		0
293.309		272.038		3777		2		0
280.885		151.045		3451		2		0
260.221		216.445		3514		2		0
256.051		207.372		3507		2		0
307.001		212.376		3521		2		0
302.5		205.497		3538		2		0
Frame 31
281.802		204.244		3479		2		0
280.956		174.313		3423		2		0
280.044		143.885		3427		2		0
278.64		128.998		3324		2		0
263.366		156.355		3469		2		0
258.49		180.766		3527		2		0
259.088		203.272		3459		2		0
259.493		209.687		3455		2		0
297.626		154.912		3441		2		0
307.712		175.881		3548		2		0
308.385		198.935		3464		2		0
306.853		204.789		3469		2		0
274.472		204.543		3492		2		0
273.242		234.055		3635		2		0
272.782		262.369		3790		2		0
272.203		270.244		3802		2		0
289.173		203.944		3473		2		0
291.948		237.714		3566		2		0
292.988		264.481		3738		2		0
292.944		272.468		3778		2		0
280.279		151.545		3434		2		0
260.834		217.335		3475		2		0
255.562		208.442		3476		2		0
305.667		212.667		3509		2		0
302.8		202.399		3521		2		0
Frame 32
281.515		204.91		3462		2		0
280.672		174.876		3400		2		0
279.828		144.274		3408		2		0
278.493		128.977		3304		2		0
263.191		157.007		3439		2		0
257.388		180.761		3504		2		0
258.342		202.794		3420		2		0
258.271		210.233		3411		2		0
297.615		154.857		3409		2		0
310.105		174.254		3501		2		0
309.815		195.518		3418		2		0
306.701		202.333		3436		2		0
274.113		205.191		3480		2		0
273.466		235.25		3611		2		0
272.714		262.533		3766		2		0
272.12		270.443		3798		2		0
288.97		204.626		3450		2		0
291.873		238.292		3545		2		0
292.865		264.628		3723		2		0
292.804		272.676		3764		2		0
280.04		151.983		3412		2		0
260.224		216.446		3417		2		0
255.41		207.119		3418		2		0
307.332		210.001		3465		2		0
300.732		201.074		3489		2		0
Frame 33
281.515		205.745		3442		2		0
280.491		175.482		3378		2		0
279.47		144.675		3365		2		0
278.389		129.639		3273		2		0
262.827		158.218		3430		2		0
256.681		180.391		3475		2		0
258.073		202.873		3373		2		0
257.913		210.285		3352		2		0
297.585		155.165		3386		2		0
311.392		172.624		3485		2		0
310.428		195.688		3382		2		0
306.964		200.962		3407		2		0
274.058		206.143		3464		2		0
273.519		236.446		3584		2		0
272.782		262.654		3754		2		0
272.086		270.591		3787		2		0
289.013		205.35		3433		2		0
291.275		237.432		3498		2		0
292.85		264.787		3728		2		0
292.686		272.843		3777		2		0
279.726		152.434		3387		2		0
260.445		216.669		3370		2		0
257.114		211.352		3355		2		0
306.599		207.902		3417		2		0
301.039		200.005		3481		2		0
Frame 34
281.605		206.381		3423		2		0
280.544		176.179		3350		2		0
279.477		145.384		3343		2		0
278.334		130.686		3255		2		0
262.636		158.647		3398		2		0
255.584		180.819		3439		2		0
257.361		202.898		3319		2		0
257.532		210.769		3302		2		0
297.663		155.44		3365		2		0
314.091		170.356		3442		2		0
313.021		190.716		3341		2		0
310.033		198.334		3335		2		0
274.106		206.714		3434		2		0
273.006		236.942		3544		2		0
273.013		263.004		3745		2		0
272.317		271.032		3781		2		0
289.152		206.049		3413		2		0
291.424		238.289		3469		2		0
292.791		264.885		3694		2		0
292.62		273.052		3759		2		0
279.745		153.145		3364		2		0
260.09		216.641		3298		2		0
260.43		210.857		3288		2		0
308.5		205.5		3386		2		0
306.692		199.046		3382		2		0
Frame 35
281.723		207.528		3404		2		0
280.464		177.651		3328		2		0
279.139		147.123		3327		2		0
278.306		132.034		3233		2		0
262.454		160.701		3370		2		0
254.668		182.888		3396		2		0
255.52		201.532		3273		2		0
257.119		210.206		3225		2		0
298.234		156.222		3342		2		0
316.53		169.199		3403		2		0
313.776		187.529		3287		2		0
311.158		194.84		3277		2		0
274.118		207.845		3418		2		0
273.237		237.159		3506		2		0
273.409		262.985		3707		2		0
273.185		271.172		3775		2		0
289.379		207.209		3393		2		0
291.352		238.901		3433		2		0
293.26		264.892		3676		2		0
293.571		273.217		3754		2		0
279.477		154.824		3333		2		0
259.624		216.755		3235		2		0
260.062		209.557		3247		2		0
307.89		200.336		3323		2		0
307.497		196.17		3315		2		0
Frame 36
281.706		208.925		3375		2		0
280.515		178.873		3301		2		0
279.301		148.046		3291		2		0
278.303		133.329		3197		2		0
262.146		161.394		3339		2		0
254.466		183.834		3361		2		0
255.629		202.065		3209		2		0
256.507		210.403		3182		2		0
299.072		157.412		3317		2		0
320.291		167.492		3340		2		0
314.83		184.69		3238		2		0
312.548		188.932		3230		2		0
274.045		209.279		3406		2		0
272.537		237.616		3457		2		0
273.203		263.024		3670		2		0
272.83		271.333		3754		2		0
289.412		208.57		3363		2		0
291.212		238.844		3389		2		0
292.844		264.225		3603		2		0
293.007		272.713		3730		2		0
279.608		155.831		3309		2		0
259.055		216.216		3179		2		0
259.501		212.5		3160		2		0
307.5		195.5		3268		2		0
310.2		184.199		3272		2		0
Frame 37
281.619		210.479		3342		2		0
280.767		180.494		3284		2		0
279.953		149.79		3242		2		0
278.026		135.023		3170		2		0
261.266		163.744		3319		2		0
252.943		186.186		3296		2		0
255.066		202.916		3162		2		0
256.107		210.664		3119		2		0
299.739		158.589		3293		2		0
323.155		164.124		3299		2		0
314.965		180.112		3184		2		0
313.192		184.847		3172		2		0
273.925		210.878		3382		2		0
272.095		239.039		3422		2		0
273.278		263.669		3639		2		0
273.343		272.073		3741		2		0
289.354		210.078		3350		2		0
291.749		239.265		3344		2		0
292.646		264.503		3522		2		0
293.258		273.176		3712		2		0
280.151		157.54		3283		2		0
258.5		216.395		3117		2		0
254.152		210.691		3112		2		0
310		192		3205		2		0
310.426		186.571		3186		2		0
Frame 38
281.384		212.839		3327		2		0
280.2		183.352		3274		2		0
278.966		152.918		3214		2		0
277.999		138.618		3142		2		0
261.241		165.678		3286		2		0
251.677		187.764		3250		2		0
253.712		203.306		3101		2		0
255.646		211.117		3060		2		0
299.766		160.416		3265		2		0
324.514		160.642		3250		2		0
314.648		176.953		3126		2		0
313.367		180.615		3124		2		0
273.793		213.332		3363		2		0
271.25		242.029		3375		2		0
272.857		263.317		3534		2		0
272.869		272.039		3726		2		0
289.012		212.358		3319		2		0
292.238		241.744		3302		2		0
294.679		269.853		3591		2		0
295.293		278.677		3467		1		0
279.263		160.677		3252		2		0
258.601		217.471		3051		2		0
258.071		211.21		3052		2		0
310.2		186.401		3162		2		0
311.665		178.238		3124		2		0
Frame 39
281.497		215.726		3307		2		0
280.242		186.093		3267		2		0
278.973		155.649		3192		2		0
278.175		140.613		3110		2		0
261.122		169.234		3250		2		0
249.544		189.887		3200		2		0
253.703		206.105		3024		2		0
255.523		213.313		2993		2		0
300.023		161.513		3250		2		0
324.23		157.73		3187		2		0
313.957		174.681		3070		2		0
312.9		176.21		3071		2		0
274.036		216.407		3334		2		0
270.47		245.049		3333		2		0
274.038		273.336		3678		2		0
274.83		282.55		3401		1		0
288.985		215.039		3298		2		0
293.287		244.523		3269		2		0
291.35		276.384		3511		2		0
292.696		286.084		3307		1		0
279.289		163.298		3226		2		0
258.694		219.388		2983		2		0
258.778		212.664		2994		2		0
310.25		179.002		3096		2		0
312.284		172.429		3067		2		0
Frame 40
281.894		220.364		3288		2		0
280.643		190.726		3246		2		0
279.378		160.169		3163		2		0
278.193		145.404		3082		2		0
261.256		172.952		3214		2		0
247.874		192.991		3154		2		0
251.903		207.33		2990		2		0
255.289		215.036		2932		2		0
300.194		164.741		3221		2		0
322.603		153.025		3140		2		0
315.273		168.216		3003		2		0
315.182		167.331		3001		2		0
274.37		220.747		3307		2		0
269.921		250.006		3303		2		0
271.522		280.608		3457		1		0
271.937		266.376		3357		2		0
289.422		219.775		3280		2		0
294.02		249.632		3227		2		0
293.197		283.294		3364		1		0
294.892		293.491		3200		1		0
279.696		167.902		3195		2		0
258.5		221.288		2924		2		0
259.7		217.099		2927		2		0
310.923		172.312		3012		2		0
314.822		164.999		3021		2		0
Frame 41
282.465		224.912		3262		2		0
280.765		195.845		3231		2		0
279.018		165.701		3131		2		0
278.499		150.521		3058		2		0
261.219		177.751		3185		2		0
248.23		197.194		3092		2		0
253.314		212.493		2918		2		0
255.194		218.741		2858		2		0
300.227		169.166		3192		2		0
322.977		156.597		3049		2		0
319.489		158.846		3004		2		0
314.802		161.915		2938		2		0
274.8		225.684		3283		2		0
267.992		254.41		3270		2		0
272.034		287.112		3324		1		0
271.025		272.161		3358		2		0
290.145		224.207		3250		2		0
293.874		254.447		3197		2		0
292.303		288.036		3258		1		0
293.965		298.501		3020		1		0
279.458		173.333		3161		2		0
258		224.504		2851		2		0
259.691		220.381		2857		2		0
312.168		166.969		2946		2		0
313.892		157.698		3008		2		0
Frame 42
282.594		230.176		3233		2		0
280.815		201.124		3188		2		0
278.996		171.014		3104		2		0
278.542		155.236		3011		2		0
261.084		182.39		3137		2		0
247.651		201.473		3076		2		0
254.035		217.227		2868		2		0
255.388		224.251		2804		2		0
299.988		174.283		3149		2		0
323.066		161.427		0		1		0
318.429		160.077		0		2		0
312.819		158.138		2891		2		0
274.918		230.937		3255		2		0
268.633		260.369		3244		2		0
269.738		292.677		3248		1		0
272.292		277.834		3327		2		0
290.279		229.416		3228		2		0
295.811		259.721		3165		2		0
291.746		293.126		3204		1		0
293.698		303.931		2958		1		0
279.455		178.65		3126		2		0
257.933		229.418		2778		2		0
259.57		225.065		2797		2		0
310.563		161.609		2881		2		0
310.694		153.995		2981		2		0
Frame 43
282.693		235.593		3220		2		0
280.678		206.466		3117		2		0
278.609		176.198		3059		2		0
278.23		161.707		2977		2		0
261.112		187.411		3087		2		0
251.13		209.829		3008		2		0
254.2		224.38		2825		2		0
255.876		233.203		2733		2		0
299.935		179.119		3109		2		0
323.629		164.438		3101		2		0
308.486		168.321		3115		2		0
308.944		157.97		2823		2		0
275.175		236.453		3232		2		0
269.265		265.875		3220		2		0
265.741		299.076		3057		1		0
268.48		284.012		3283		2		0
290.208		234.735		3208		2		0
297.138		265.103		3150		2		0
290.612		298.362		3035		1		0
292.728		309.471		2860		1		0
279.132		183.882		3096		2		0
258.115		238.31		2721		2		0
260.443		234.441		2719		2		0
308.04		157.956		2823		2		0
311.333		154.666		2836		2		0
Frame 44
283.172		241.313		3197		2		0
279.928		212.798		3062		2		0
276.546		182.882		3006		2		0
277.675		167.361		2929		2		0
259.783		196.222		3029		2		0
251.456		218.341		2943		2		0
255.529		236.384		2751		2		0
255.7		244.308		2680		2		0
299.964		186.184		3062		2		0
327.787		172.37		3036		2		0
311.471		162.366		2883		2		0
307.081		158.83		2837		2		0
275.546		242.583		3211		2		0
270.515		266.718		3202		2		0
271.249		280.302		3207		2		0
263.912		287.231		3252		2		0
290.758		239.895		3179		2		0
299.424		270.189		3140		2		0
290.112		303.114		2940		1		0
294.454		288.682		3132		2		0
277.405		190.504		3058		2		0
257.997		250.081		2653		2		0
260.426		245.066		2664		2		0
302.712		155.503		2785		2		0
307.718		154.789		2810		2		0
Frame 45
283.065		246.292		3161		2		0
279.274		219.654		3009		2		0
275.285		191.323		2970		2		0
276.742		174.906		2867		2		0
259.328		203.616		2965		2		0
253.372		227.941		2870		2		0
255.082		246.724		2712		2		0
255.615		257.236		2631		2		0
299.275		193.786		3010		2		0
320.902		178.222		2958		2		0
306.208		164.153		2808		2		0
303.534		162.022		2814		2		0
275.844		248.064		3188		2		0
271.167		273.898		3189		2		0
269.768		280.361		3185		2		0
271.794		291.758		3214		1		0
290.273		244.366		3155		2		0
296.469		271.949		3132		2		0
292.406		281.405		3131		2		0
298.487		291.328		3136		2		0
276.302		198.562		3000		2		0
257.749		264.876		2577		2		0
260.901		258.796		2607		2		0
297.71		156.288		2783		2		0
306.871		159.967		2818		2		0
Frame 46
282.435		252.931		3128		2		0
278.275		227.401		2956		2		0
273.835		200.08		2929		2		0
276.213		182.621		2805		2		0
259.319		210.931		2900		2		0
254.586		236.141		2808		2		0
256.134		260.659		2644		2		0
255.899		270.616		2607		2		0
298.155		200.773		2956		2		0
321.756		188.604		2875		2		0
305.239		170.359		2766		2		0
300.906		166.667		2779		2		0
275.274		254.814		3173		2		0
272.596		280.064		3188		2		0
269.983		286.575		3186		1		0
264.549		276.722		0		2		0
289.532		251.069		3138		2		0
294.781		279.086		3127		2		0
294.359		282.639		3118		2		0
298.058		294.117		3123		2		0
274.973		207.092		2951		2		0
257.163		279.501		2534		2		0
260.717		275.124		2553		2		0
293.5		160.501		2760		2		0
301.139		160.142		2783		2		0
Frame 47
283.685		255.092		3107		2		0
279.446		232.026		2888		2		0
274.2		205.78		2813		2		0
274.796		189.33		2733		2		0
259.795		217.693		2825		2		0
254.997		244.692		2752		2		0
256.767		272.165		2613		2		0
255.974		282.505		2574		2		0
297.085		207.927		2890		2		0
321.816		201.07		2782		2		0
303.972		177.964		2712		2		0
299.781		172.987		2733		2		0
277.042		258.233		3162		2		0
271.024		286.356		3188		1		0
291.458		259.801		3134		2		0
281.284		270.036		3242		2		0
290.339		252.273		3094		2		0
296.485		284.225		3104		1		0
280.902		278.217		0		2		0
287.091		281.819		3170		2		0
275.555		212.564		2875		2		0
254.998		293.356		2523		2		0
261.286		286.429		2565		2		0
293.501		166.5		0		2		0
303.445		168.594		2727		2		0
Frame 48
282.38		257.001		3115		2		0
278.914		236.146		2830		2		0
275.541		212.211		2714		2		0
273.538		195.803		2634		2		0
261.205		224.204		2755		2		0
255.021		252.254		2693		2		0
259.367		281.087		2597		2		0
256.922		290.59		2557		2		0
293.711		218.366		2811		2		0
318.137		210.196		2678		2		0
303.667		186.298		2628		2		0
301.141		181.444		2647		2		0
275.172		259.535		3148		2		0
269.719		287.123		3173		2		0
289.944		259.979		3118		2		0
279.571		270.09		3204		1		0
289.599		254.607		3064		2		0
290.306		287.038		3138		1		0
306.123		287.202		3329		2		0
299.404		288.048		3116		1		0
276.419		218.45		2806		2		0
257.742		301.184		2528		2		0
261.6		300.597		2542		2		0
298.368		173.504		2645		2		0
305.375		177.916		2641		2		0
Frame 49
280.64		258.472		3093		2		0
279.693		244.038		2782		2		0
279.315		227.214		2749		2		0
274.223		210.362		2566		2		0
263.448		230.055		2695		2		0
254.963		258.675		2655		2		0
264.538		288.267		2624		2		0
258.526		295.602		2564		1		0
293.06		225.221		2742		2		0
318.199		223.024		2583		2		0
304.175		194.653		2509		2		0
301.761		189.628		2521		2		0
272.521		261.466		3129		2		0
269.556		288.89		3194		1		0
283.622		257.13		3033		1		0
274.47		257.926		3090		1		0
288.53		255.612		3032		2		0
286.329		288.085		3309		1		0
311.903		266.934		0		1		0
301.122		275.938		3117		1		0
279.413		231.616		2768		2		0
260		308.999		2552		2		0
262.355		295.114		2592		2		0
298.498		182.75		0		2		0
306.832		188.746		2510		2		0
Frame 50
278.634		262.652		3080		2		0
275.419		247.665		2677		2		0
271.734		230.485		2610		2		0
270.811		212.98		2469		2		0
262.858		238.908		2613		2		0
257.527		269.311		2601		2		0
257.483		301.188		2562		2		0
256.457		309.422		2556		2		0
292.946		226.828		2645		2		0
321.265		233.73		2470		2		0
302.399		199.399		2390		1		0
301.52		195.869		0		1		0
270.81		266.362		3119		2		0
270.518		283.449		3191		2		0
284.771		249.18		2727		1		0
275.529		253.831		2729		1		0
286.352		258.998		3006		2		0
279.364		292.645		3307		1		0
302.274		276.293		3115		2		0
294.023		284.273		3131		2		0
272.705		235.012		2659		2		0
255.688		318.562		2543		2		0
261.111		305.384		2567		2		0
299		195		2370		2		0
304.996		195.499		2369		2		0
Frame 51
280.077		274.683		0		2		0
277.103		260.945		2671		2		0
273.708		245.261		2577		2		0
271.373		227.723		2407		2		0
260.782		248.277		2543		2		0
258.664		281.314		2569		2		0
257.142		312.707		2573		2		0
257.486		315.129		2570		1		0
293.024		239.606		2601		2		0
322.746		246.418		2384		2		0
310.108		226.914		2248		2		0
307.851		221.309		2250		2		0
272.221		277.749		3149		2		0
272.277		294.383		3270		1		0
286.592		261.504		0		1		0
277.219		266.386		0		1		0
287.85		271.655		3138		2		0
281.266		306.957		2891		1		0
305.363		290.996		3279		1		0
309.606		304.532		2863		1		0
274.601		249.387		2638		2		0
254.754		318.749		2578		2		0
261.884		315.059		2580		2		0
305.487		210.502		4308		2		0
311.829		215.831		2184		2		0
Frame 52
278.663		280.996		3473		2		0
276.123		265.589		2589		2		0
273.143		247.511		2397		2		0
269.679		231.774		2340		2		0
259.516		256.87		2494		2		0
257.198		285.071		2563		2		0
260.85		314.275		2599		2		0
257.505		315.074		2590		1		0
292.634		254.004		2551		2		0
323.284		252.871		2217		1		0
312.471		247.515		2143		2		0
312.663		241.648		2133		2		0
270.904		284.612		3178		2		0
272.947		303.071		2953		1		0
287.541		268.642		0		1		0
277.942		273.739		0		1		0
286.31		277.44		0		2		0
282.162		316.054		2748		1		0
306.824		299.105		3065		1		0
309.884		313.47		2713		1		0
273.935		252.318		2476		2		0
257.501		319		2591		2		0
262.501		314.001		2618		2		0
313.146		233.167		0		2		0
319.379		243.969		2131		2		0
Frame 53
283.992		286.847		3368		2		0
281.056		272.891		2535		2		0
277.593		256.429		2310		2		0
270.228		243.401		2267		2		0
256.235		267.911		2470		2		0
256.93		294.272		2592		2		0
260.108		322.012		2623		1		0
261.144		331.035		2615		1		0
293.765		264.199		2501		2		0
325.399		264.105		0		1		0
313.684		266.544		2040		2		0
316.963		268.253		2035		2		0
276.04		289.178		3342		2		0
277.733		310.409		2845		1		0
292.487		275.122		0		1		0
282.796		280.382		0		1		0
291.922		284.527		3113		2		0
287.508		323.999		2648		1		0
312.231		306.273		2832		1		0
314.508		321.17		2574		1		0
278.516		260.816		2326		2		0
261.152		334.905		2560		1		0
265.981		329.845		2641		1		0
320		264		1983		2		0
321.779		263.786		1997		2		0
Frame 54
287.33		298.435		3103		2		0
282.91		282.996		2532		2		0
277.691		264.764		2254		2		0
270.547		252.32		2209		2		0
254.751		269.912		2429		2		0
257.952		296.122		2615		2		0
261.094		323.659		2671		1		0
262.118		332.617		2601		1		0
294.995		273.902		2455		1		0
317.999		277.885		2280		2		0
318.717		291.147		0		2		0
321.784		297.772		2007		2		0
277.768		296.588		3159		2		0
278.445		318.712		2739		1		0
293.472		283.217		0		1		0
283.642		288.667		0		1		0
297.066		300.321		3008		2		0
288.503		333.731		2482		1		0
309.684		317.973		2657		1		0
310.272		333.485		2435		1		0
279.082		269.624		2266		2		0
262.129		336.467		2522		1		0
266.917		331.42		2609		1		0
314		300		1905		2		0
326.772		298.231		1932		2		0
Frame 55
291.679		291.131		2465		2		0
288.403		282.394		2341		2		0
284.498		271.98		2233		2		0
270.414		262.465		2153		2		0
254.204		277.502		2397		2		0
257.87		303.962		2630		1		0
261.043		331.526		2614		1		0
262.076		340.471		2451		1		0
299.735		275.999		2305		2		0
327.616		297.713		0		2		0
319.893		305.784		2200		1		0
326.554		326.778		1944		1		0
283.912		291.612		2490		2		0
284.203		322.767		2678		1		0
299.628		286.474		0		1		0
289.561		292.139		2502		1		0
299.551		290.647		0		2		0
295.123		339.069		2380		1		0
320.552		319.483		2070		1		0
321.044		335.479		2016		1		0
285.543		274.766		2258		2		0
262.086		344.385		2375		1		0
266.931		339.189		2435		1		0
327.5		326.5		1948		2		0
327		326		1948		2		0
Frame 56
295.551		299.018		2342		2		0
291.275		291.407		2314		2		0
286.115		282.222		2209		2		0
270.368		272.333		2119		2		0
253.005		285.426		2358		2		0
256.81		311.686		2588		1		0
260.048		339.469		2495		1		0
261.1		348.471		2304		1		0
299.555		289.302		2260		2		0
326.015		314.677		0		2		0
319.526		324.424		2164		1		0
321.195		334.302		2111		1		0
287.052		298.145		2406		2		0
285.349		331.866		2520		1		0
301.095		294.648		2267		1		0
290.826		300.552		2419		1		0
304.229		299.913		2267		2		0
296.621		349.322		2257		1		0
318.528		331.807		2144		1		0
317.756		348.383		2137		1		0
287.502		284.692		2234		2		0
261.108		352.456		2251		1		0
266.03		347.098		2318		1		0
322.147		334.07		2108		1		0
321.624		333.541		2114		1		0
Frame 57
295.66		311.166		2332		2		0
290.96		304.527		2231		2		0
285.258		296.47		2128		2		0
269.374		284.625		2079		2		0
253.928		295.834		2320		2		0
257.765		321.996		2361		1		0
261.067		350.242		2247		1		0
262.139		359.37		2116		1		0
300.14		299.937		2219		2		0
329.244		323.046		2523		2		0
323.879		335.135		2166		1		0
325.472		346.061		2125		1		0
285.946		309.08		2335		2		0
284.303		344.289		2309		1		0
300.361		306.228		2224		1		0
289.894		312.404		2374		1		0
305.64		313.311		2223		2		0
295.684		363.125		2134		1		0
318.057		344.514		2174		1		0
317.378		361.516		2117		1		0
286.794		298.641		2160		2		0
262.15		363.475		2055		1		0
267.181		357.864		2148		1		0
326.452		345.925		2127		1		0
325.931		345.395		2127		1		0
Frame 58
296.023		334.482		2427		2		0
294.451		323.85		2288		2		0
292.604		311.38		2184		2		0
274.341		302.42		2019		2		0
257.762		313.816		2182		2		0
261.283		338.385		2457		1		0
264.487		365.957		2055		1		0
265.524		374.838		1939		1		0
303.868		311.945		2187		1		0
334.247		334.851		2248		2		0
328.122		347.915		2139		1		0
329.98		359.765		2069		1		0
286.223		334.023		2401		2		0
287.191		355.389		2221		1		0
303.323		315.825		2198		1		0
292.794		322.195		2274		1		0
306.036		334.953		2421		2		0
298.876		374.197		2044		1		0
321.284		354.809		2197		1		0
321.264		372.182		2002		1		0
293.095		314.695		2173		2		0
265.545		378.922		1891		1		0
270.488		373.208		1959		1		0
331.013		359.738		2069		1		0
330.483		359.196		2070		1		0
Frame 59
297.342		344.609		2300		2		0
296.478		335.369		2221		2		0
295.46		324.536		2151		2		0
276.799		318.806		1991		2		0
256.192		322.977		2072		2		0
259.887		347.196		2316		1		0
263.165		374.908		1936		1		0
264.225		383.811		1849		1		0
306.819		324.95		2167		1		0
337.33		349.478		2105		2		0
336.784		368.229		2042		1		0
339.158		381.459		1949		1		0
287.402		343.31		2265		2		0
289.348		365.123		2124		1		0
305.656		326.165		2178		1		0
295.061		332.735		2183		1		0
307.526		345.938		2287		2		0
335.139		311.129		2694		2		0
357.323		293.925		0		1		0
357.624		308.9		3190		1		0
295.731		327.415		2150		2		0
264.242		387.957		1813		1		0
269.271		382.08		1864		1		0
340.286		381.607		1937		1		0
339.745		381.052		1949		1		0
Frame 60
297.495		351.846		2190		2		0
296.243		341.556		2122		2		0
294.852		329.756		2157		2		0
276.002		324.259		1972		1		0
255.317		327.914		2173		1		0
260.327		363.999		2040		1		0
263.883		393.666		1772		1		0
265.029		403.122		1720		1		0
306.306		330.109		2139		1		0
342.258		350.185		2100		2		0
335.01		381.608		1952		1		0
336.812		392.949		1868		1		0
286.098		344.54		1950		2		0
288.816		369.481		2041		1		0
305.243		330.254		2140		1		0
294.575		336.923		2115		1		0
309.914		360.048		2126		2		0
332.442		320.086		2445		1		0
355.192		301.975		3353		1		0
355.422		317.289		2894		1		0
295.216		332.868		2153		2		0
265.047		407.605		1708		1		0
270.483		401.075		1730		1		0
337.893		393.183		1855		1		0
337.368		392.642		1859		1		0
Frame 61
279.515		338.361		1954		2		0
275.461		328.175		2035		2		0
270.744		316.311		2421		2		0
253.109		310.883		2336		1		0
263.679		307.199		2587		2		0
259.055		348.524		1981		1		0
250.999		303.322		2394		2		0
250.899		299.599		2441		1		0
281.107		316.755		2404		1		0
312.128		337.524		2122		2		0
344.016		356.526		2070		2		0
354.814		357.111		2109		2		0
272.566		334.459		1977		2		0
269.77		354.876		1954		1		0
284.908		319.413		2344		1		0
275.002		325.321		2197		1		0
286.648		342.364		1980		2		0
311.302		306.166		2660		1		0
333.017		290.696		3225		1		0
324.492		282.314		3404		1		0
271.994		319.456		2376		2		0
250.999		299		0		2		0
249.001		299.5		2454		2		0
360.917		363.881		2040		2		0
356.761		352.483		2160		2		0
Frame 62
280.635		340.04		1985		2		0
276.79		329.625		2197		2		0
272.247		317.358		2371		2		0
254.257		311.847		2322		1		0
264.935		307.984		2545		1		0
261.946		349.709		1950		1		0
249.829		304.365		2357		2		0
248.219		300.276		2396		1		0
295.941		315.727		2421		2		0
315.264		341.856		2099		2		0
360.414		355.2		2130		2		0
366.212		357.417		2108		1		0
271.814		338.473		2012		2		0
270.971		356.436		1901		1		0
286.37		320.307		2304		1		0
276.299		326.336		2229		1		0
288.888		341.895		2094		2		0
314.457		305.083		2889		1		0
336.294		289.463		3276		1		0
326.545		282.514		3395		1		0
273.453		320.617		2328		2		0
247.5		299		0		2		0
245.333		300.332		2425		2		0
370.799		363.79		2198		2		0
361.999		346.499		2191		2		0
Frame 63
281.444		344.265		1975		2		0
277.676		333.383		2146		2		0
273.229		320.525		2307		2		0
254.691		314.987		2283		1		0
265.638		310.673		2492		1		0
250.396		341.227		2152		1		0
248.763		302.488		2348		2		0
246.076		299.835		2373		1		0
297.641		318.789		2351		1		0
318.472		345.925		2087		2		0
360.598		355.167		2178		1		0
374.293		358.084		2327		1		0
272.386		343.928		1971		2		0
271.728		359.957		1875		1		0
287.504		322.895		2267		1		0
277.191		329.11		2188		1		0
290.564		344.607		2100		2		0
316.313		307.313		2854		1		0
338.555		291.184		0		1		0
328.544		284.049		3333		1		0
274.414		323.952		2265		2		0
246		299.499		2373		2		0
243		299.996		2399		2		0
378.601		364.402		2271		1		0
369.965		347.2		2385		1		0
Frame 64
280.254		343.77		1986		2		0
276.403		332.842		2162		2		0
271.859		319.935		2306		2		0
253.3		314.383		2270		1		0
264.373		310.142		2480		1		0
251.035		341.973		2142		1		0
248.336		301.703		2341		2		0
245.858		298.721		2373		1		0
300.754		311.178		2447		2		0
303.031		330.169		2136		2		0
345.113		341.362		2325		1		0
350.141		353.35		2106		1		0
270.432		343.725		2004		2		0
270.626		359.412		1858		1		0
286.389		322.421		2258		1		0
276.081		328.619		2181		1		0
289.554		343.553		2095		2		0
315.133		306.862		2871		1		0
337.408		290.788		3265		1		0
338.327		304.953		2836		1		0
273.07		323.375		2254		2		0
245.747		297.997		2387		2		0
243.501		297.499		0		2		0
354.799		353.196		2215		2		0
347.781		347.999		2169		2		0
Frame 65
285.253		339.006		2074		2		0
282.023		328.205		2173		2		0
278.235		315.525		2377		2		0
260.406		309.881		2521		1		0
270.503		306.205		2479		1		0
260.329		338.66		2132		1		0
248.157		301.42		2341		2		0
246.351		298.819		2372		1		0
297.823		313.383		2406		2		0
303.126		331.801		2132		2		0
337.426		352.196		2103		1		0
342.621		352.85		2095		2		0
277.111		340.563		2101		2		0
275.82		355.163		1857		1		0
291.224		318.864		2319		1		0
281.163		324.903		2243		1		0
293.328		337.463		2092		2		0
319.511		303.555		2930		1		0
341.157		287.955		3622		1		0
331.287		280.994		0		1		0
279.242		318.896		2303		2		0
245.999		298		0		2		0
245.002		297.998		0		2		0
350.802		357.798		2090		2		0
342.282		346.001		2123		2		0
Frame 66
285.431		338.509		2072		2		0
282.231		327.695		2196		2		0
278.487		315.059		2374		2		0
260.758		309.42		2514		1		0
259.832		300.371		2611		2		0
249.697		331.514		2169		1		0
248.292		302.772		2335		2		0
248.012		305.615		2311		1		0
297.832		313.386		2404		2		0
298.686		331.901		2131		2		0
333.666		350.651		2097		1		0
340.317		352.74		2092		2		0
277.659		340.12		2093		2		0
276.034		354.636		1854		1		0
291.376		318.48		2334		1		0
281.355		324.49		2254		1		0
293.189		336.832		2099		2		0
319.556		303.226		2917		1		0
341.122		287.702		3620		1		0
331.287		280.769		3474		1		0
279.481		318.41		2310		2		0
248.634		309.522		2289		2		0
246.799		299.398		2373		2		0
350.717		357.425		2082		2		0
340.722		346.148		2122		2		0
Frame 67
285.346		338.552		2084		2		0
282.097		327.774		2208		2		0
278.303		315.175		2381		2		0
260.593		309.551		2517		1		0
259.693		300.51		2617		1		0
256.925		329		2185		1		0
248.396		304.087		2326		2		0
248.655		308.607		2292		1		0
297.667		313.57		2432		1		0
310.606		338.412		2112		2		0
354.996		351.453		2222		1		0
369.768		355.701		2195		1		0
277.701		340.226		2090		2		0
275.888		354.683		1850		1		0
291.214		318.569		2352		1		0
281.204		324.573		2266		1		0
292.91		336.815		2100		2		0
319.36		303.333		2923		1		0
340.913		287.819		3627		1		0
331.092		280.893		0		1		0
279.31		318.518		2352		2		0
249.501		314.728		2259		2		0
245.789		302.567		2355		2		0
379.802		360.2		2159		1		0
369.6		349.201		2316		1		0
Frame 68
285.355		338.485		2091		2		0
282.053		327.807		2220		2		0
278.174		315.385		2392		2		0
260.496		309.783		2521		1		0
260.391		302.919		2602		2		0
257.271		331.507		2171		1		0
248.325		304.494		2321		2		0
247.802		304.098		2323		1		0
302.871		317.953		2426		2		0
311.761		340.248		2096		2		0
354.978		351.465		2205		1		0
355		351.986		2208		1		0
277.578		339.283		2096		2		0
275.787		354.786		1862		1		0
291.089		318.731		2365		1		0
281.094		324.727		2266		1		0
292.992		337.084		2100		2		0
319.186		303.522		2917		1		0
340.716		288.021		3617		1		0
330.913		281.102		3435		1		0
279.205		318.676		2359		2		0
247.5		301.619		2347		2		0
246.6		300		2363		2		0
355		349		2233		2		0
351.276		344.828		2267		1		0
Frame 69
280.687		337.566		2114		2		0
275.949		327.432		2229		2		0
271.099		315.79		2399		2		0
253.354		310.298		2303		1		0
255.062		304.219		0		1		0
251.399		332.593		2165		1		0
248.204		304.913		2323		2		0
247.664		309.602		2289		1		0
302.894		317.751		2425		2		0
311.684		340.093		2094		2		0
354.951		351.467		2205		1		0
355.001		353.447		2189		1		0
272.717		337.979		2133		2		0
270.053		354.668		1879		1		0
285.27		319.013		2343		1		0
275.314		324.948		2266		1		0
288.957		337.066		2103		2		0
312.985		303.97		0		1		0
334.645		288.604		3277		1		0
325.035		281.751		3407		1		0
272.383		318.872		2352		2		0
248.667		315.569		2252		2		0
246.64		302.518		2339		2		0
355		348.499		2234		2		0
355		348		2234		2		0
Frame 70
284.118		338.613		2095		2		0
281.836		328.237		2201		2		0
278.434		315.752		2384		2		0
260.812		310.181		2526		1		0
261.212		304.161		2573		1		0
252.908		333.309		2162		1		0
248.434		304.996		2325		2		0
246.233		304.168		2323		1		0
308.412		324.481		2394		2		0
303.982		337.042		2111		2		0
346.044		346.477		2125		1		0
352.344		352.8		2098		1		0
277.274		340.431		2100		2		0
276.002		355.005		1874		1		0
291.272		319.017		2339		1		0
281.298		325.006		2260		1		0
291.388		337.229		2099		2		0
319.317		303.841		2926		1		0
340.8		288.348		3601		1		0
331.013		281.437		3440		1		0
279.423		319.079		2316		2		0
245.5		302.998		2340		2		0
244		300		0		2		0
354.75		348.747		2225		2		0
348.602		344.199		2264		2		0
Frame 71
284.376		338.676		2096		2		0
281.863		328.223		2203		2		0
278.437		315.729		2388		2		0
260.816		310.158		2531		1		0
261.216		304.141		2562		1		0
253.069		333.216		2171		1		0
248.299		305.066		2317		2		0
245.947		304.011		2328		1		0
302.939		311.588		2470		2		0
297.293		329.014		2168		2		0
331.076		347.362		2094		2		0
340.099		353.329		2073		1		0
277.125		340.485		2103		2		0
276.005		354.986		1890		1		0
291.274		318.999		2349		1		0
281.301		324.988		2264		1		0
292.494		337.195		2103		2		0
319.318		303.823		2931		1		0
340.8		288.332		3610		1		0
331.014		281.422		3436		1		0
279.426		319.059		2309		2		0
245.199		300.796		2358		2		0
244.8		299.4		2375		2		0
350.232		358.876		2052		2		0
345.356		345.816		2133		2		0
Frame 72
284.55		338.708		2101		2		0
281.884		328.214		2205		2		0
278.436		315.716		2395		2		0
260.816		310.144		2539		1		0
261.215		304.129		2561		1		0
253.002		333.24		2172		1		0
248.38		305.067		2320		2		0
246.323		303.849		2336		1		0
301.441		309.563		2490		2		0
297.164		328.245		2199		2		0
331.053		347.334		2097		1		0
340.301		353.333		2076		1		0
276.969		340.481		2108		2		0
276.004		354.974		1883		1		0
291.273		318.988		2346		1		0
281.3		324.976		2274		1		0
293.023		337.219		2114		2		0
319.316		303.812		2927		1		0
340.798		288.323		3612		1		0
331.012		281.413		3435		1		0
279.426		319.046		2312		2		0
245.887		302.219		2345		2		0
244		299.599		2391		2		0
350.221		359.116		2048		2		0
345.458		345.946		2131		2		0
Frame 73
284.646		338.748		2103		2		0
281.895		328.211		2210		2		0
278.431		315.707		2394		2		0
260.811		310.135		2538		1		0
261.211		304.121		2567		1		0
252.947		333.251		2170		1		0
248.601		304.92		2314		2		0
246.535		303.577		2329		1		0
302.026		310.309		2482		2		0
308.415		332.811		2236		2		0
345.947		355.282		2041		1		0
349.423		356.576		2050		1		0
276.839		340.445		2117		2		0
276		354.966		1876		1		0
291.269		318.981		2346		1		0
281.296		324.969		2277		1		0
293.217		337.307		2116		2		0
319.311		303.806		2925		1		0
340.792		288.317		3604		1		0
331.006		281.407		3431		1		0
279.42		319.037		2312		2		0
247.266		302.121		2334		2		0
243.002		300.567		2370		2		0
352.854		360.316		2081		2		0
354.253		352.753		2121		2		0
Frame 74
284.721		338.877		2107		2		0
281.905		328.237		2212		2		0
278.431		315.703		2393		2		0
260.811		310.13		2542		1		0
261.211		304.117		2568		1		0
252.94		333.267		2171		1		0
248.666		304.716		2310		2		0
246.465		303.443		2318		1		0
309.912		311.391		2517		2		0
310.274		330.699		2326		2		0
345.997		355.272		2042		1		0
344.515		356.743		2035		1		0
276.565		340.461		2117		2		0
276		354.961		1873		1		0
291.269		318.978		2358		1		0
281.296		324.965		2278		1		0
293.497		337.579		2117		2		0
319.31		303.803		2924		1		0
340.791		288.314		3617		1		0
331.006		281.404		3452		1		0
279.418		319.036		2314		2		0
245.766		299.684		2346		2		0
244.669		297.665		0		2		0
338.509		363.001		1989		2		0
353.116		356.663		2078		2		0
Frame 75
284.821		338.918		2112		2		0
281.938		328.241		2211		2		0
278.43		315.685		2402		2		0
260.815		310.114		2546		1		0
261.215		304.104		2582		1		0
252.942		333.261		2177		1		0
248.714		304.35		2298		2		0
245.725		302.402		2314		1		0
301.827		310.464		2484		2		0
308.454		332.942		2233		2		0
345.956		355.237		2045		1		0
346.233		356.293		2040		2		0
276.543		340.523		2120		2		0
276		354.939		1879		1		0
291.265		318.963		2358		1		0
281.295		324.949		2272		1		0
293.591		337.556		2118		2		0
319.301		303.791		2933		1		0
340.778		288.306		3598		1		0
330.995		281.398		3446		1		0
279.417		319.022		2320		2		0
245.614		298.457		2341		2		0
242.672		298.83		2354		2		0
345.896		362.352		2011		2		0
354.068		354.397		2094		2		0
Frame 76
284.859		338.938		2111		2		0
281.949		328.238		2213		2		0
278.427		315.664		2395		2		0
260.816		310.093		2551		1		0
261.215		304.087		2591		1		0
252.941		333.244		2177		1		0
248.426		304.39		2301		2		0
246.989		308.819		2278		1		0
302.609		311.791		2477		2		0
303.589		331.953		2184		2		0
340.399		356.388		2037		2		0
344.439		356.524		2030		1		0
276.55		340.632		2123		2		0
275.998		354.916		1900		1		0
291.261		318.946		2356		1		0
281.292		324.931		2283		1		0
293.586		337.399		2122		2		0
319.292		303.776		2936		1		0
340.766		288.294		3601		1		0
330.984		281.387		3439		1		0
279.411		319.005		2321		2		0
248.023		314.132		2249		2		0
246.867		301.41		2317		2		0
343.459		362.433		2004		2		0
350.349		351.021		2079		2		0
Frame 77
284.885		338.961		2116		2		0
281.945		328.241		2217		2		0
278.407		315.653		2399		2		0
260.798		310.082		2551		1		0
261.199		304.078		2593		1		0
252.917		333.238		2175		1		0
248.12		304.272		2305		2		0
246.574		309.01		2280		1		0
302.836		312.002		2465		2		0
303.552		331.927		2178		2		0
340.194		356.391		2044		1		0
343.417		354.784		2047		2		0
276.516		340.642		2121		2		0
275.982		354.902		1897		1		0
291.243		318.937		2354		1		0
281.275		324.921		2276		1		0
293.606		337.414		2122		2		0
319.27		303.769		2939		1		0
340.743		288.29		3601		1		0
330.963		281.384		3431		1		0
279.389		318.997		2343		2		0
247.666		314.772		2252		2		0
245.967		301.469		2316		2		0
352.356		358.585		2065		2		0
345.041		346.682		2113		2		0
Frame 78
284.87		338.957		2115		2		0
281.913		328.221		2215		2		0
278.371		315.619		2395		2		0
260.766		310.049		2546		1		0
261.171		304.05		2593		1		0
252.896		333.198		2176		1		0
247.548		304.092		2316		2		0
246.246		309.169		2285		1		0
302.957		312.104		2460		1		0
303.622		331.967		2185		2		0
340.097		356.362		2047		2		0
343.297		354.933		2057		2		0
276.458		340.698		2114		2		0
275.954		354.864		1894		1		0
291.211		318.909		2350		1		0
281.245		324.891		2277		1		0
293.567		337.325		2121		2		0
319.231		303.744		2942		1		0
340.701		288.27		3600		1		0
330.924		281.366		3466		1		0
279.348		318.966		2349		2		0
247.217		315.214		2256		2		0
244.856		301.775		2330		2		0
352.002		358.714		2069		2		0
347.082		348.406		2104		2		0
Frame 79
284.879		338.947		2112		2		0
281.917		328.199		2214		2		0
278.375		315.586		2396		2		0
260.775		310.015		2545		1		0
261.179		304.022		2596		1		0
252.908		333.155		2173		1		0
246.79		299.806		2366		2		0
244.443		297.081		2391		1		0
303.102		312.179		2468		1		0
303.625		332.002		2170		2		0
340.048		356.282		2048		2		0
345.567		356.074		2042		1		0
276.449		340.734		2118		2		0
275.957		354.83		1895		1		0
291.212		318.881		2352		1		0
281.248		324.862		2273		1		0
293.557		337.221		2122		2		0
319.226		303.719		2929		1		0
340.693		288.25		3603		1		0
330.917		281.347		3447		1		0
279.348		318.935		2348		2		0
242.834		298.164		2370		2		0
242.879		293.872		2503		2		0
352.422		358.708		2070		2		0
347.318		347.679		2117		2		0
Frame 80
284.918		338.97		2122		2		0
281.944		328.207		2212		2		0
278.397		315.583		2394		2		0
260.799		310.012		2543		1		0
261.2		304.02		2592		1		0
252.934		333.155		2177		1		0
246.712		301.681		2379		2		0
244.642		299.776		2400		1		0
303.281		312.285		2473		1		0
304.812		334.501		2148		2		0
339.202		356.055		2059		2		0
345.565		355.325		2048		1		0
276.485		340.883		2117		2		0
275.976		354.825		1896		1		0
291.229		318.879		2353		1		0
281.266		324.859		2281		1		0
293.594		337.133		2122		2		0
319.241		303.718		2942		1		0
340.706		288.249		3600		1		0
330.931		281.347		3458		1		0
279.369		318.935		2355		2		0
243.126		300.121		2382		2		0
244.667		295.998		2504		2		0
352.026		358.98		2078		2		0
347.137		348.403		2108		2		0
Frame 81
285.191		339.023		2105		2		0
282.174		328.235		2213		2		0
278.602		315.59		2391		2		0
261.017		310.021		2529		1		0
261.393		304.028		2586		1		0
251.592		335.295		2178		1		0
248.114		302.93		2446		2		0
246.033		300.034		2474		1		0
303.731		312.438		2472		1		0
307.871		334.913		2193		2		0
342.21		355.831		2057		1		0
347.394		355.057		2056		1		0
276.647		340.886		2116		2		0
276.142		354.825		1885		1		0
291.391		318.884		2354		1		0
281.431		324.863		2278		1		0
293.865		337.22		2121		2		0
319.401		303.726		2938		1		0
340.853		288.259		3610		1		0
331.078		281.357		3451		1		0
279.571		318.947		2356		2		0
244.126		302.12		2420		2		0
245.909		296.902		2549		2		0
352.328		358.81		2078		2		0
350.762		351.265		2098		2		0
Frame 82
287.422		338.861		2123		2		0
284.628		328.035		2224		2		0
281.351		315.35		2389		2		0
263.931		309.778		2522		1		0
263.968		303.825		2581		1		0
253.212		334.567		2186		1		0
249.149		303.486		2520		2		0
246.23		302.727		2534		1		0
306.736		312.474		2496		1		0
308.928		334.655		2218		2		0
342.646		355.825		2058		1		0
346.849		355.892		2054		1		0
278.753		340.663		2109		2		0
278.381		354.563		1879		1		0
293.571		318.688		2362		1		0
283.656		324.653		2270		1		0
295.985		337.102		2128		2		0
321.558		303.556		2938		1		0
342.85		288.125		0		1		0
333.06		281.236		3474		1		0
282.22		318.72		2363		2		0
245.5		305		2452		2		0
246.341		301.622		2548		2		0
351.939		359.543		2073		2		0
352.836		354.67		2105		2		0
Frame 83
282.528		337.998		2144		2		0
278.926		327.317		2231		2		0
274.678		314.85		2410		2		0
257.029		309.287		2584		1		0
247.032		303.678		2586		2		0
243.49		330.647		2263		2		0
255.822		303.396		2705		2		0
262.491		303.286		2587		1		0
300.17		312.144		2457		1		0
307.454		334.089		2202		2		0
342.851		355.796		2061		1		0
347.389		355.473		2063		1		0
273.98		339.723		2137		2		0
272.963		354.029		1898		1		0
288.182		318.273		2348		1		0
278.233		324.216		2277		1		0
291.019		336.3		2136		2		0
316.015		303.182		2950		1		0
337.562		287.82		0		1		0
327.881		280.958		3480		1		0
275.81		318.157		2349		2		0
264.967		300.164		2597		2		0
270.402		303.388		2533		2		0
351.674		359.779		2072		2		0
354.249		356.245		2140		2		0
Frame 84
283.2		338.263		2127		2		0
279.988		327.57		2231		2		0
276.325		315.047		2394		2		0
258.725		309.483		2557		1		0
248.886		303.874		2767		1		0
244.333		330.911		2267		2		0
256.045		303.393		2660		1		0
265.458		303.012		2558		1		0
308.948		311.303		2517		2		0
309.84		331.773		2328		2		0
343.208		355.995		2064		1		0
347.47		355.776		2063		1		0
274.597		340.169		2120		2		0
274.3		354.232		1892		1		0
289.516		318.435		2352		1		0
279.573		324.386		2275		1		0
291.809		336.414		2146		2		0
317.395		303.33		2951		1		0
338.885		287.944		0		1		0
329.174		281.072		3454		1		0
277.288		318.374		2349		2		0
265.606		299.916		2593		2		0
270.3		304.596		2523		2		0
349.936		361.568		2051		2		0
353.377		355.462		2123		2		0
Frame 85
284.122		338.109		2127		2		0
280.781		327.509		2232		2		0
276.991		315.08		2400		2		0
259.422		309.517		2556		1		0
249.501		303.901		2927		1		0
244.725		330.94		2281		2		0
256.333		303.327		2666		1		0
265.395		302.862		2567		1		0
300.811		314.877		2451		2		0
310.267		342.014		2114		2		0
345.94		360.692		2037		1		0
348.942		355.689		2069		1		0
276.201		340.065		2119		2		0
274.842		354.258		1897		1		0
290.05		318.462		2358		1		0
280.113		324.413		2282		1		0
292.234		336.23		2146		2		0
317.934		303.358		2951		1		0
339.392		287.971		3593		1		0
329.673		281.099		3437		1		0
277.984		318.383		2353		2		0
265.386		299.674		2588		2		0
270.411		302.279		2545		2		0
352.347		355.968		2109		2		0
352.561		353.627		2139		2		0
Frame 86
284.45		338.214		2127		2		0
281.113		327.59		2228		2		0
277.28		315.139		2391		2		0
259.716		309.575		2550		1		0
262.953		299.657		2622		2		0
250.239		327.118		2269		2		0
253.884		298.023		3053		1		0
263.554		297.994		2625		1		0
301.667		319.241		2387		2		0
311.028		344.85		2097		2		0
347.722		361.856		2040		1		0
350.518		357.935		2072		1		0
277.138		339.789		2122		2		0
275.077		354.321		1891		1		0
290.287		318.51		2353		1		0
280.349		324.464		2275		1		0
292.262		336.638		2140		2		0
318.185		303.401		2947		1		0
339.637		288.005		3599		1		0
329.911		281.13		3443		1		0
278.29		318.447		2347		2		0
263.496		295.501		2653		2		0
265.667		298.83		2594		2		0
355		358.499		2150		2		0
355		359		2144		2		0
Frame 87
284.675		338.289		2125		2		0
281.299		327.637		2232		2		0
277.415		315.164		2391		2		0
259.856		309.601		2555		1		0
260.876		301.548		2630		2		0
254.924		324.492		2287		2		0
247.937		290.028		3220		1		0
245.647		278.728		0		1		0
301.685		319.423		2384		1		0
311.173		345.26		2096		2		0
348.934		359.016		2049		1		0
349.852		355.387		2075		1		0
277.469		339.828		2130		2		0
275.186		354.342		1900		1		0
290.395		318.531		2354		1		0
280.458		324.485		2276		1		0
292.301		336.707		2145		2		0
318.295		303.421		2945		1		0
339.741		288.024		3586		1		0
330.013		281.148		3452		1		0
278.438		318.477		2354		2		0
245.806		276.228		0		1		0
247.755		279.409		3711		1		0
353		354.498		2159		2		0
353		354		2159		2		0
Frame 88
284.89		338.241		2125		2		0
281.49		327.616		2238		2		0
277.576		315.174		2396		2		0
260.026		309.612		2543		1		0
261.188		301.49		2613		2		0
250.477		327.709		2270		2		0
245.161		297.599		3082		1		0
243.534		288.376		3329		1		0
301.444		317.19		2422		2		0
310.814		344.098		2100		2		0
349.113		358.853		2061		1		0
349.91		355.614		2073		1		0
277.717		339.358		2127		2		0
275.317		354.348		1898		1		0
290.523		318.539		2356		1		0
280.589		324.492		2280		1		0
292.647		337.04		2135		2		0
318.423		303.431		2945		1		0
339.86		288.034		3593		1		0
330.131		281.159		3455		1		0
278.607		318.479		2357		2		0
243.706		285.938		3392		1		0
245.468		289.118		3258		1		0
351.337		357.323		2087		2		0
351.003		352.003		2131		2		0
Frame 89
284.991		338.244		2129		2		0
281.621		327.613		2242		2		0
277.732		315.169		2396		2		0
260.193		309.608		2538		1		0
261.409		301.453		2617		2		0
253.565		326.427		2268		2		0
248.978		294.193		3149		1		0
247.561		284.221		3370		1		0
301.413		316.682		2440		1		0
309.131		343.498		2111		2		0
347.424		358.177		2051		1		0
349.013		355.335		2080		1		0
277.79		339.424		2126		2		0
275.445		354.337		1897		1		0
290.646		318.534		2353		1		0
280.715		324.487		2282		1		0
292.69		336.983		2143		2		0
318.543		303.429		2940		1		0
339.969		288.034		3587		1		0
330.24		281.16		3445		1		0
278.758		318.474		2358		2		0
247.688		281.798		3697		1		0
249.568		284.926		3354		1		0
353		355		2146		2		0
348		350		2125		2		0
Frame 90
285.006		338.238		2124		2		0
281.663		327.614		2240		2		0
277.816		315.186		2395		2		0
260.279		309.625		2535		1		0
264.391		307.719		2526		2		0
252.185		334.838		2221		2		0
250.801		305.389		2878		1		0
250.384		296.5		3085		1		0
300.538		311.405		2474		2		0
307.465		336.521		2190		2		0
347.698		358.222		2056		1		0
350.005		357.534		2074		1		0
277.176		339.192		2127		2		0
275.512		354.352		1899		1		0
290.714		318.548		2355		1		0
280.783		324.501		2279		1		0
293.31		337.162		2137		2		0
318.612		303.442		2938		1		0
340.035		288.046		3604		1		0
330.305		281.171		3461		1		0
278.831		318.485		2353		2		0
250.48		293.904		3164		1		0
252.449		297.357		3071		1		0
351		359		2083		2		0
351		356.498		2085		2		0
Frame 91
284.713		338.004		2129		2		0
281.608		327.568		2239		2		0
277.838		315.209		2397		2		0
260.301		309.648		2537		1		0
246.991		323.136		2423		2		0
247.851		344.326		2182		2		0
250.881		308.038		2851		1		0
261.831		306.831		2560		1		0
301.337		311.742		2477		2		0
307.914		336.998		2186		2		0
348.009		358.258		2060		1		0
351.703		357.861		2089		1		0
276.437		339.211		2132		2		0
275.53		354.374		1901		1		0
290.732		318.567		2357		1		0
280.801		324.52		2280		1		0
293.216		336.625		2145		2		0
318.633		303.46		2945		1		0
340.057		288.061		3612		1		0
344.02		301.471		3100		1		0
278.844		318.499		2362		2		0
262		305		2558		2		0
262.75		307.249		2537		2		0
354.006		359		2128		2		0
354.5		358		2131		2		0
Frame 92
284.66		337.876		2148		2		0
281.605		327.525		2242		2		0
277.897		315.207		2401		2		0
260.368		309.649		2543		1		0
246.977		323.067		2428		2		0
248.788		345.035		2174		2		0
252.02		310.069		2771		1		0
252.973		299.753		3037		1		0
302.798		313.055		2461		2		0
300.386		335.391		2147		2		0
336.527		354.894		2103		1		0
342.793		354.779		2077		2		0
276.255		339.113		2135		2		0
275.579		354.365		1897		1		0
290.778		318.565		2358		1		0
280.849		324.517		2280		1		0
293.23		336.462		2148		2		0
318.673		303.461		2945		1		0
340.09		288.066		3605		1		0
343.702		301.543		0		1		0
278.874		318.484		2355		2		0
253.217		297.881		3082		1		0
253.9		300.161		3025		1		0
353.117		357.887		2119		2		0
342.58		348.824		2128		2		0
Frame 93
284.635		337.869		2149		2		0
281.604		327.521		2239		2		0
277.934		315.215		2395		2		0
260.406		309.656		2540		1		0
246.881		323.08		2430		2		0
247.488		343.658		2186		2		0
250.539		307.616		2860		1		0
260.907		306.906		2569		1		0
303.304		313.277		2471		2		0
309.192		338.818		2172		2		0
349.219		358.293		2067		1		0
350.601		358.199		2073		1		0
276.072		339.49		2136		2		0
275.609		354.37		1899		1		0
290.806		318.571		2357		1		0
280.878		324.523		2275		1		0
293.155		336.137		2146		2		0
318.702		303.467		2950		1		0
340.117		288.072		3608		1		0
343.646		301.564		3052		1		0
278.893		318.485		2360		2		0
260.998		305.501		2589		2		0
261.667		307.666		2541		2		0
351		359		2081		2		0
350.08		359.448		2071		1		0
Frame 94
284.567		337.87		2151		2		0
281.58		327.522		2240		2		0
277.942		315.226		2398		2		0
260.414		309.668		2542		1		0
247.089		323.018		2428		2		0
247.484		343.667		2188		2		0
250.536		307.623		2862		1		0
260.886		307.221		2557		1		0
303.622		313.613		2468		2		0
309.327		339.121		2151		2		0
349.221		358.26		2064		1		0
350.601		358.199		2071		1		0
275.887		339.732		2137		2		0
275.616		354.381		1891		1		0
290.814		318.58		2356		1		0
280.885		324.533		2279		1		0
293.096		336.021		2147		2		0
318.71		303.477		2940		1		0
340.125		288.08		3611		1		0
343.572		301.587		3034		1		0
278.896		318.494		2366		2		0
261		306		2560		2		0
261.8		307.6		2544		2		0
351		359		2080		2		0
350.08		359.448		2070		1		0
Frame 95
284.522		337.79		2148		2		0
281.572		327.489		2240		2		0
277.959		315.236		2395		2		0
260.431		309.678		2545		1		0
247.461		322.964		2455		2		0
247.485		343.675		2186		2		0
250.538		307.629		2856		1		0
260.612		306.921		2573		1		0
301.459		312.513		2462		2		0
308.674		338.559		2151		2		0
344.532		363.27		2024		1		0
350.116		358.166		2065		1		0
275.831		339.665		2134		2		0
275.629		354.389		1889		1		0
290.827		318.588		2358		1		0
280.898		324.54		2273		1		0
293.125		335.947		2151		2		0
318.724		303.484		2942		1		0
340.139		288.086		3604		1		0
343.887		301.541		0		1		0
278.909		318.496		2360		2		0
261		305		2568		2		0
261.671		307.664		2547		2		0
351.707		359		2075		2		0
354		358.5		2140		2		0
Frame 96
284.51		337.738		2148		2		0
281.58		327.455		2240		2		0
278.028		315.222		2397		2		0
260.507		309.665		2547		1		0
247.489		322.981		2452		2		0
247.487		343.699		2187		2		0
250.539		307.647		2855		1		0
261.099		306.796		2555		1		0
302.32		312.702		2472		2		0
308.864		337.828		2184		2		0
348.584		358.266		2059		1		0
350.225		357.887		2073		1		0
275.782		339.539		2138		2		0
275.686		354.371		1894		1		0
290.88		318.576		2356		1		0
280.954		324.528		2278		1		0
293.133		335.926		2151		2		0
318.773		303.475		2940		1		0
340.181		288.081		3596		1		0
343.899		301.539		3049		1		0
278.954		318.474		2365		2		0
261		305.5		2587		2		0
261.67		307.665		2542		2		0
351		359		2080		2		0
351		357		2087		2		0
Frame 97
291.674		333.496		2161		2		0
289.812		323.509		2282		2		0
287.659		311.968		2462		2		0
270.922		306.359		2511		1		0
257.288		319.817		0		1		0
247.488		343.705		2191		2		0
250.54		307.652		2869		1		0
261.089		306.632		2554		1		0
302.579		312.513		2474		2		0
308.904		337.386		2189		2		0
348.318		358.288		2063		1		0
350.226		357.887		2080		1		0
282.996		335.248		2167		2		0
283.586		351.122		1959		1		0
298.43		315.916		2430		1		0
288.752		321.737		2312		1		0
300.354		331.746		2213		2		0
325.976		301.033		2969		1		0
346.661		286.01		0		1		0
349.895		299.335		0		1		0
288.228		315.018		2410		2		0
260.999		305.168		2590		2		0
261.669		307.665		2537		2		0
351.005		359		2088		2		0
351		356.022		2094		2		0
Frame 98
291.679		333.507		2161		2		0
289.818		323.521		2286		2		0
287.666		311.98		2458		2		0
270.927		306.372		2512		1		0
257.292		319.83		0		1		0
247.425		343.795		2190		2		0
250.484		307.735		2854		1		0
261.221		306.886		2563		1		0
302.603		312.481		2473		2		0
308.915		337.224		2187		2		0
348.165		358.285		2061		1		0
351.566		357.677		2085		1		0
283.003		335.269		2164		2		0
283.591		351.134		1947		1		0
298.435		315.926		2430		1		0
288.757		321.747		2308		1		0
300.357		331.751		2215		2		0
325.983		301.042		2969		1		0
346.669		286.018		0		1		0
349.917		299.342		0		1		0
288.234		315.03		2411		2		0
262		305		2564		2		0
260.332		307.666		2557		2		0
352.503		359		2092		2		0
354		357.998		2149		2		0
Frame 99
291.678		333.549		2162		2		0
289.821		323.551		2284		2		0
287.675		312.008		2444		2		0
270.935		306.4		2513		1		0
257.298		319.858		0		1		0
247.432		343.798		2192		2		0
250.49		307.736		2858		1		0
261.221		306.886		2559		1		0
307.386		311.454		2508		2		0
309.164		334.164		2288		2		0
331.109		348.671		2115		1		0
339.625		354.064		2096		2		0
283.001		335.287		2163		2		0
283.598		351.16		1957		1		0
298.444		315.948		2433		1		0
288.765		321.771		2303		1		0
300.358		331.828		2215		2		0
325.994		301.064		2979		1		0
346.681		286.037		0		1		0
350.303		299.303		3349		1		0
288.242		315.058		2405		2		0
262		305		2562		2		0
261.102		307.586		2549		1		0
348.761		357.847		2065		2		0
348.563		351.282		2113		2		0
Frame 100
284.186		337.725		2150		2		0
281.454		327.405		2239		2		0
278.274		315.384		2398		2		0
260.765		309.834		2542		1		0
247.096		322.991		2447		2		0
247.376		343.9		2189		2		0
250.439		307.826		2861		1		0
260.907		306.906		2568		1		0
305.372		315.011		2465		2		0
309.868		339.791		2162		2		0
344.49		362.951		2024		1		0
343.357		357.537		2053		1		0
275.434		340.228		2124		2		0
275.885		354.502		1894		1		0
291.077		318.706		2363		1		0
281.154		324.659		2279		1		0
292.849		335.251		2151		2		0
318.972		303.606		2940		1		0
340.368		288.205		3608		1		0
343.477		301.77		0		1		0
279.116		318.571		2368		2		0
260.999		305.501		2588		2		0
261.649		307.666		2542		2		0
337.004		363		1999		2		0
349.547		357.272		2067		2		0
Frame 101
284.244		337.606		2152		2		0
281.464		327.382		2247		2		0
278.271		315.388		2402		2		0
260.765		309.839		2548		1		0
247.097		322.993		2458		1		0
247.384		343.905		2191		2		0
250.447		307.83		2863		1		0
261.374		306.872		2560		1		0
302.118		320.445		2394		2		0
307.321		345.375		2105		2		0
345.327		357.3		2060		1		0
347.591		354.686		2077		1		0
275.489		339.644		2137		2		0
275.884		354.5		1897		1		0
291.074		318.709		2368		1		0
281.151		324.661		2282		1		0
293.046		335.421		2156		2		0
318.965		303.61		2942		1		0
340.36		288.21		3602		1		0
342.029		301.905		3028		1		0
279.118		318.566		2371		2		0
262		305		2563		2		0
261.247		307.639		2548		1		0
353		355		2153		2		0
347.346		350.117		2122		2		0
Frame 102
284.349		337.356		2152		2		0
281.492		327.3		2246		2		0
278.271		315.374		2397		2		0
260.767		309.825		2534		1		0
247.101		322.979		2452		1		0
247.392		343.904		2188		2		0
250.454		307.828		2858		1		0
260.999		306.997		2573		1		0
300.033		318.42		2398		2		0
309.721		345.167		2101		2		0
347.572		358.137		2054		1		0
348.804		354.977		2081		1		0
275.562		339.267		2139		2		0
275.884		354.486		1900		1		0
291.073		318.697		2366		1		0
281.151		324.649		2279		1		0
293.213		335.336		2152		2		0
318.962		303.6		2947		1		0
340.355		288.202		3602		1		0
342.281		301.887		0		1		0
279.121		318.548		2367		2		0
262		305		2562		2		0
261.136		307.832		2545		1		0
353		355		2153		2		0
348.765		351.014		2105		2		0
Frame 103
291.76		333.358		2166		2		0
289.748		323.521		2286		2		0
287.427		312.174		2441		2		0
270.658		306.568		2512		1		0
256.682		319.669		0		1		0
247.463		343.728		2189		2		0
250.457		307.828		2864		1		0
260.873		307.374		2557		1		0
300.782		317.9		2416		2		0
309.95		344.58		2115		2		0
347.598		358.184		2059		1		0
348.938		355.153		2074		1		0
283.279		334.879		2168		2		0
283.392		351.328		1956		1		0
298.253		316.085		2413		1		0
288.564		321.914		2310		1		0
300.255		331.838		2219		2		0
325.824		301.189		2970		1		0
346.537		286.143		0		1		0
347.615		299.632		0		1		0
288.04		315.171		2414		2		0
260.999		306.5		2573		2		0
261.47		307.668		2548		2		0
353		355		2153		2		0
350.761		352.261		2116		2		0
Frame 104
291.77		333.449		2166		2		0
289.77		323.557		2288		2		0
287.444		312.18		2444		2		0
270.676		306.574		2515		1		0
256.699		319.674		0		1		0
247.466		343.721		2189		2		0
250.458		307.825		2857		1		0
261.123		307.123		2541		1		0
303.983		312.707		2481		2		0
308.802		337.384		2202		2		0
348.038		358.152		2063		1		0
349.675		357.996		2073		1		0
283.248		335.015		2169		2		0
283.406		351.331		1953		1		0
298.267		316.089		2415		1		0
288.577		321.918		2314		1		0
300.315		331.88		2233		2		0
325.838		301.193		2974		1		0
346.549		286.147		0		1		0
349.591		299.514		3389		1		0
288.059		315.181		2415		2		0
261		306		2558		2		0
261.666		307.666		2541		2		0
351		359		2092		2		0
351		356		2096		2		0
Frame 105
291.707		333.613		2168		2		0
289.757		323.607		2292		2		0
287.448		312.176		2449		2		0
270.681		306.57		2513		1		0
256.704		319.67		0		1		0
247.479		343.701		2190		2		0
250.462		307.827		2862		1		0
261.429		306.996		2568		1		0
305.662		306.3		2528		2		0
308.721		330.56		2326		2		0
348.255		358.159		2058		1		0
363.103		368.392		2086		1		0
283.184		335.304		2163		2		0
283.41		351.327		1959		1		0
298.27		316.086		2412		1		0
288.581		321.915		2316		1		0
300.234		331.906		2234		2		0
325.84		301.191		2975		1		0
346.551		286.145		0		1		0
351.306		299.174		3404		1		0
288.062		315.182		2409		2		0
262		305		2562		2		0
260.499		308		2549		1		0
364.368		369.341		2080		1		0
364.359		366.228		2102		1		0
Frame 106
291.702		333.617		2170		2		0
289.756		323.612		2287		2		0
287.452		312.174		2447		2		0
270.686		306.568		2510		1		0
256.709		319.668		0		1		0
247.438		343.758		2191		2		0
250.42		307.89		2856		1		0
260.886		307.22		2553		1		0
303.909		313.099		2471		2		0
308.934		338.072		2176		2		0
348.433		358.166		2064		1		0
351.591		357.825		2080		1		0
283.163		335.313		2167		2		0
283.413		351.324		1961		1		0
298.273		316.084		2416		1		0
288.584		321.913		2310		1		0
300.245		331.906		2227		2		0
325.842		301.189		2970		1		0
346.552		286.144		0		1		0
349.476		299.524		3326		1		0
288.065		315.182		2408		2		0
261		306		2560		2		0
261.613		307.674		2542		2		0
355		359		2148		2		0
354		357		2152		2		0
Frame 107
291.681		333.707		2165		2		0
289.758		323.65		2287		2		0
287.464		312.168		2445		2		0
270.7		306.562		2510		1		0
256.724		319.661		0		1		0
247.415		343.772		2189		2		0
250.394		307.92		2855		1		0
260.999		306.997		2573		1		0
303.815		312.854		2481		2		0
308.901		337.919		2201		2		0
348.529		358.165		2059		1		0
350.006		358.108		2076		1		0
283.201		335.818		2163		2		0
283.424		351.317		1966		1		0
298.282		316.079		2413		1		0
288.594		321.908		2309		1		0
300.084		331.562		2226		2		0
325.85		301.185		2977		1		0
346.559		286.141		0		1		0
349.546		299.512		0		1		0
288.077		315.183		2407		2		0
262		305		2561		2		0
261.385		307.709		2544		2		0
351		359		2088		2		0
351		358		2090		2		0
Frame 108
284.14		337.299		2154		2		0
281.34		327.154		2248		2		0
278.085		315.349		2400		2		0
260.597		309.807		2541		1		0
246.959		322.945		2463		1		0
247.553		343.985		2188		2		0
250.603		307.857		2866		1		0
261.332		307.332		2549		1		0
303.815		312.854		2478		2		0
309.117		338.301		2183		2		0
349.175		358.168		2068		1		0
350.601		358.199		2073		1		0
275.219		338.892		2157		2		0
275.735		354.422		1895		1		0
290.909		318.674		2368		1		0
280.996		324.619		2281		1		0
293.033		335.714		2152		2		0
318.765		303.593		2952		1		0
340.148		288.211		3599		1		0
343.708		301.693		3031		1		0
278.947		318.477		2367		2		0
262		306		2552		2		0
261.796		307.928		2549		1		0
351		359		2080		2		0
351.27		358.042		2083		1		0
Frame 109
291.693		333.668		2166		2		0
289.775		323.693		2288		2		0
287.556		312.16		2448		2		0
270.807		306.558		2515		1		0
256.834		319.649		0		1		0
247.707		343.46		2188		2		0
250.538		307.916		2860		1		0
261.272		307.45		2549		1		0
303.81		312.858		2481		2		0
308.84		337.182		2198		2		0
344.267		357.063		2052		1		0
347.382		355.738		2069		1		0
282.98		335.375		2164		2		0
283.501		351.29		1951		1		0
298.35		316.071		2414		1		0
288.668		321.896		2313		1		0
300.411		331.963		2224		2		0
325.905		301.185		2980		1		0
346.6		286.148		0		1		0
349.566		299.517		0		1		0
288.143		315.208		2411		2		0
261.5		305.5		2576		2		0
261.259		308.552		2539		2		0
350.203		358.6		2068		2		0
350.668		352.667		2116		2		0
Frame 110
291.694		333.673		2164		2		0
289.78		323.692		2282		2		0
287.562		312.156		2448		2		0
270.813		306.554		2514		1		0
256.84		319.645		0		1		0
247.716		343.444		2189		2		0
250.545		307.903		2860		1		0
260.767		307.612		2552		1		0
306.759		312.806		2504		2		0
308.987		335.734		2264		2		0
331.141		349.185		2112		1		0
339.699		354.295		2093		2		0
282.979		335.37		2164		2		0
283.505		351.287		1966		1		0
298.355		316.068		2419		1		0
288.673		321.893		2316		1		0
300.414		331.989		2230		2		0
325.909		301.182		2973		1		0
346.604		286.145		0		1		0
349.678		299.5		0		1		0
288.148		315.205		2412		2		0
259.999		306.5		2581		2		0
261.448		308.023		2534		2		0
349.259		357.495		2068		2		0
349.171		351.173		2123		2		0
Frame 111
291.691		333.68		2162		2		0
289.778		323.698		2285		2		0
287.561		312.161		2447		2		0
270.812		306.559		2510		1		0
256.837		319.65		0		1		0
247.587		343.497		2186		2		0
250.461		307.877		2855		1		0
260.907		306.906		2568		1		0
304.939		312.294		2486		2		0
308.715		336.068		2233		2		0
344.261		357.101		2048		1		0
347.773		357.135		2054		1		0
282.979		335.393		2164		2		0
283.504		351.292		1943		1		0
298.354		316.072		2416		1		0
288.672		321.897		2314		1		0
300.409		331.986		2220		2		0
325.909		301.186		2974		1		0
346.604		286.149		0		1		0
349.75		299.494		0		1		0
288.147		315.21		2409		2		0
260.998		305.501		2586		2		0
261.527		307.742		2542		2		0
349.883		362.373		2055		2		0
350.306		353.302		2099		2		0
Frame 112
284.335		336.899		2163		2		0
281.526		326.806		2256		2		0
278.263		315.073		2400		2		0
260.828		309.532		2543		1		0
247.211		322.653		2460		1		0
247.37		343.957		2190		2		0
250.436		307.859		2856		1		0
260.999		306.997		2573		1		0
304.67		312.493		2490		2		0
309.244		337.637		2232		2		0
348.962		358.251		2059		1		0
350.668		358.666		2075		1		0
275.388		338.271		2156		2		0
275.885		354.121		1897		1		0
291.027		318.446		2376		1		0
281.135		324.376		2277		1		0
293.266		335.532		2155		2		0
318.829		303.393		2940		1		0
340.168		288.052		3602		1		0
343.723		301.506		0		1		0
279.127		318.181		2366		2		0
262		305		2563		2		0
262		305		2563		2		0
350.841		359.183		2072		2		0
351		358.5		2085		1		0
