side
Frame 0
438.997		227.967		2475		2		0
442.677		187.183		2440		2		0
446.088		145.703		2438		2		0
451.492		124.296		2374		2		0
421.87		160.84		2505		2		0
411.755		198.825		2548		2		0
411.064		229.15		2527		2		0
413.084		231.908		2516		1		0
466.975		165.002		2441		2		0
475.282		202.857		2511		2		0
493.062		229.237		2468		2		0
494.103		237.52		2478		2		0
428.93		226.544		2487		2		0
423.233		262.185		2570		2		0
409.453		294.018		2712		1		0
414.537		282.696		2665		1		0
449.092		229.394		2467		2		0
448.61		268.215		2582		2		0
450.054		307.924		2650		2		0
446.742		324.166		2633		2		0
445.275		156.132		2441		2		0
413.168		242.02		2543		2		0
419.142		233.858		2517		2		0
494.369		242.888		2468		2		0
496.144		242.002		2464		2		0
Frame 1
438.885		227.943		2473		2		0
442.607		187.187		2429		2		0
446.057		145.728		2431		2		0
451.431		124.264		2367		2		0
421.771		160.813		2507		2		0
411.729		198.766		2551		2		0
410.946		229.128		2532		2		0
412.818		232.039		2512		2		0
466.756		164.934		2441		2		0
475.632		203.091		2522		2		0
492.941		229.572		2471		2		0
493.476		237.723		2490		2		0
428.769		226.51		2487		2		0
422.462		264.718		2583		2		0
407.106		296.058		0		1		0
412.894		284.912		2679		1		0
449.008		229.375		2478		2		0
448.562		268.195		2585		2		0
449.947		307.963		2664		2		0
446.484		324.15		2631		2		0
445.237		156.151		2441		2		0
412.497		242.9		2541		2		0
418.888		236.446		2528		2		0
493.865		243.316		2479		2		0
494.287		242.429		2467		2		0
Frame 2
438.82		227.928		2473		2		0
442.544		187.193		2430		2		0
446.014		145.757		2432		2		0
451.392		124.266		2366		2		0
421.618		160.756		2505		2		0
411.637		198.725		2547		2		0
410.786		229.119		2528		2		0
412.294		232.578		2514		2		0
466.753		164.917		2453		2		0
475.553		203.257		2522		2		0
492.782		229.717		2489		2		0
491.994		238.101		2493		2		0
428.709		226.499		2490		2		0
422.53		264.736		2583		2		0
406.048		295.66		0		1		0
412.385		284.748		2679		1		0
448.945		229.357		2469		2		0
448.521		268.138		2570		2		0
449.644		309.278		2655		2		0
442.328		323.577		2648		2		0
445.187		156.174		2434		2		0
411.997		242.501		2546		2		0
418.199		236.7		2528		2		0
492.244		243.252		2497		2		0
495.167		237.343		2484		2		0
Frame 3
438.753		227.954		2469		2		0
442.434		187.206		2430		2		0
445.871		145.768		2445		2		0
451.297		124.246		2374		2		0
421.57		160.758		2503		2		0
411.553		198.786		2554		2		0
410.633		229.215		2527		2		0
412.22		232.575		2507		2		0
466.743		164.902		2449		2		0
475.337		203.439		2510		2		0
491.57		230.233		2473		2		0
490.232		235.512		2481		2		0
428.638		226.531		2487		2		0
422.662		263.071		2573		2		0
409.021		294.072		2712		1		0
414.107		283.084		2664		1		0
448.883		229.377		2471		2		0
448.438		268.025		2581		2		0
449.897		307.924		2655		2		0
442.824		322.352		2655		1		0
445.049		156.184		2448		2		0
411.774		242.446		2548		2		0
418.205		235.828		2528		2		0
490.706		244.145		2484		2		0
491.226		240.002		2513		2		0
Frame 4
438.735		227.951		2472		2		0
442.324		187.182		2422		2		0
445.639		145.722		2434		2		0
451.206		124.232		2375		2		0
421.476		160.737		2499		2		0
411.463		198.835		2553		2		0
410.478		229.302		2522		2		0
411.711		232.647		2512		2		0
466.585		164.891		2457		2		0
474.924		203.545		2522		2		0
490.355		230.56		2518		2		0
488.836		239.13		2508		2		0
428.619		226.526		2489		2		0
423.213		262.328		2564		2		0
408.031		293.032		2722		1		0
413.852		282.253		2679		2		0
448.869		229.377		2476		2		0
448.44		268.069		2583		2		0
449.605		309.049		2655		2		0
442.466		323.321		2651		2		0
444.846		156.143		2435		2		0
411.22		242.445		2537		2		0
418.027		233.346		2530		2		0
487.992		243.999		2549		2		0
490.333		244.334		2487		2		0
Frame 5
438.722		227.955		2472		2		0
442.28		187.191		2429		2		0
445.575		145.746		2424		2		0
451.178		124.242		2359		2		0
421.452		160.753		2502		2		0
411.334		198.897		2555		2		0
410.28		229.395		2524		2		0
411.554		233.047		2511		2		0
466.536		164.881		2455		2		0
474.289		203.644		2526		2		0
489.176		230.875		0		2		0
486.494		236.601		2497		2		0
428.597		226.531		2485		2		0
423.175		262.297		2569		2		0
408.242		292.926		2713		1		0
413.968		282.193		2669		2		0
448.863		229.38		2481		2		0
448.434		268.073		2573		2		0
449.913		307.941		2649		2		0
443.117		322.449		2648		1		0
444.785		156.162		2449		2		0
410.426		243.143		2557		2		0
418.169		235.023		2532		2		0
486.42		244.429		2510		2		0
490.503		238.723		2511		2		0
Frame 6
438.698		227.957		2477		2		0
442.244		187.194		2438		2		0
445.546		145.751		2432		2		0
451.123		124.262		2367		2		0
421.382		160.742		2505		2		0
411.192		198.963		2549		2		0
410.094		229.505		2525		2		0
411.219		233.271		2508		2		0
466.541		164.845		2455		2		0
472.655		203.41		2522		2		0
487.335		230.393		0		2		0
484.692		236.743		2514		2		0
428.576		226.542		2491		2		0
423.174		262.194		2573		2		0
408.293		292.834		2722		1		0
413.977		282.091		2673		2		0
448.832		229.374		2469		2		0
448.433		268.072		2590		2		0
449.548		308.498		2655		2		0
443.474		323.103		2649		1		0
444.752		156.167		2442		2		0
410.496		242.401		2541		2		0
417.948		232.204		2538		2		0
484.95		243.996		2542		2		0
486.504		240.64		2515		2		0
Frame 7
438.671		227.971		2479		2		0
442.188		187.211		2424		2		0
445.473		145.773		2441		2		0
451.052		124.269		2374		2		0
421.369		160.748		2505		2		0
411.133		199.07		2548		2		0
409.993		229.655		2526		2		0
411.321		233.319		2514		2		0
466.414		164.781		2462		2		0
471.688		203.584		2520		2		0
485.596		230.695		0		2		0
482.792		237.523		2520		2		0
428.54		226.566		2486		2		0
423.424		261.797		2567		2		0
408.237		292.625		2718		1		0
414.018		281.827		2666		2		0
448.816		229.38		2478		2		0
448.391		267.987		2569		2		0
449.758		309.954		2670		2		0
442.746		324.044		2652		1		0
444.681		156.188		2449		2		0
410.398		243.201		2553		2		0
417.865		236.536		2539		2		0
482.465		244.824		2544		2		0
486.666		242.666		2515		2		0
Frame 8
438.632		227.979		2471		2		0
442.119		187.208		2429		2		0
445.39		145.76		2439		2		0
450.901		124.312		2377		2		0
421.173		160.766		2502		2		0
411.091		199.216		2547		2		0
409.954		229.852		2528		2		0
411.311		233.484		2517		2		0
466.175		164.77		2464		2		0
470.677		203.615		2499		2		0
483.86		230.882		0		2		0
480.833		237.662		2516		2		0
428.498		226.581		2489		2		0
423.501		261.758		2565		2		0
408.05		292.55		2718		1		0
413.954		281.781		2675		2		0
448.782		229.383		2465		2		0
448.38		267.993		2576		2		0
449.784		308.232		2660		2		0
443.498		322.879		2643		1		0
444.6		156.177		2442		2		0
411.226		243.218		2556		2		0
416.999		238.001		2542		2		0
480.444		246.001		2531		2		0
484.153		241.233		2533		2		0
Frame 9
438.573		227.998		2481		2		0
442.061		187.225		2428		2		0
445.344		145.774		2424		2		0
450.813		124.32		2372		2		0
421.076		160.756		2502		2		0
411.084		199.213		2547		2		0
409.92		229.861		2528		2		0
411.373		233.178		2520		2		0
465.802		164.757		2463		2		0
468.314		200.412		2466		2		0
480.912		227.567		2504		2		0
478.972		238.144		2533		2		0
428.444		226.604		2486		2		0
423.484		261.76		2577		2		0
408.009		292.525		2713		1		0
413.916		281.801		2669		2		0
448.721		229.397		2476		2		0
448.383		267.994		2586		2		0
449.839		307.8		2662		2		0
447.731		324.209		2629		2		0
444.549		156.192		2437		2		0
410.997		242.501		2545		2		0
417.938		231.124		2531		2		0
477.38		246.308		2549		2		0
482.429		240.143		2536		2		0
Frame 10
438.579		228.006		2480		2		0
442.051		187.229		2428		2		0
445.306		145.781		2421		2		0
450.686		124.325		2377		2		0
421.012		160.794		2503		2		0
411.109		199.312		2544		2		0
409.889		229.978		2535		2		0
411.985		232.663		2518		2		0
465.519		164.735		2455		2		0
467.868		199.606		2461		2		0
478.958		227.419		2504		2		0
477.776		237.451		2530		2		0
428.46		226.624		2488		2		0
423.452		261.836		2568		2		0
407.983		292.687		0		1		0
413.864		281.923		2669		2		0
448.722		229.399		2469		2		0
448.38		268.015		2568		2		0
450.129		307.811		2655		2		0
447.595		324.099		2627		2		0
444.52		156.198		2445		2		0
412.22		242.445		2536		2		0
418.366		230.934		2527		2		0
477.665		246.166		2544		2		0
479.729		237.369		2524		2		0
Frame 11
438.561		228.007		2473		2		0
442.008		187.221		2432		2		0
445.241		145.765		2423		2		0
450.636		124.327		2382		2		0
420.886		160.797		2506		2		0
411.113		199.332		2548		2		0
409.924		230.004		2536		2		0
412.145		233.011		2515		2		0
465.411		164.744		2465		2		0
467.444		199.016		2464		2		0
477.873		228.98		2507		2		0
476.399		237.546		2522		2		0
428.454		226.623		2492		2		0
423.453		261.822		2564		2		0
407.941		292.654		2731		1		0
413.833		281.927		2674		2		0
448.685		229.403		2480		2		0
448.366		268.044		2586		2		0
450.127		307.827		2664		2		0
447.465		324.06		2626		2		0
444.459		156.183		2456		2		0
412.797		243.2		2553		2		0
417.998		233.453		2530		2		0
477.25		245.875		2548		2		0
479.556		239.888		2525		2		0
Frame 12
438.564		228.022		2474		2		0
441.968		187.235		2430		2		0
445.113		145.788		2427		2		0
450.516		124.348		2377		2		0
420.844		160.799		2504		2		0
411.117		199.39		2548		2		0
409.992		230.066		2534		2		0
412.613		232.954		2516		2		0
465.294		164.751		2457		2		0
467.193		198.75		2461		2		0
475.723		229.663		2530		2		0
475.47		237.578		2522		2		0
428.463		226.654		2483		2		0
423.486		261.738		2564		2		0
407.879		292.536		2732		1		0
413.83		281.887		2673		2		0
448.686		229.408		2466		2		0
448.371		268.06		2582		2		0
450.13		307.794		2657		2		0
445.174		323.301		2641		2		0
444.357		156.204		2445		2		0
412.996		242.501		2543		2		0
417.668		235.543		2517		2		0
476.43		245.856		2523		2		0
477.245		239.507		2519		2		0
Frame 13
438.568		228.024		2478		2		0
441.913		187.228		2435		2		0
444.889		145.757		2434		2		0
450.444		124.323		2382		2		0
420.818		160.807		2502		2		0
411.119		199.423		2544		2		0
410.219		230.114		2533		2		0
412.974		232.722		2514		1		0
465.084		164.781		2465		2		0
467.037		198.605		2462		2		0
472.201		229.716		2507		2		0
474.116		238.454		2514		2		0
428.472		226.659		2486		2		0
423.51		261.734		2566		2		0
407.828		292.593		2725		1		0
413.829		281.968		2668		2		0
448.687		229.407		2474		2		0
448.274		267.878		2581		2		0
450.106		307.635		2669		2		0
445.192		323.144		2631		2		0
444.182		156.18		2449		2		0
413.398		243.201		2538		2		0
417.802		234.627		2511		2		0
474.264		246.667		2533		2		0
470.79		244.237		2593		2		0
Frame 14
438.564		228.026		2478		2		0
441.849		187.228		2429		2		0
444.744		145.758		2425		2		0
450.329		124.3		2379		2		0
420.778		160.813		2504		2		0
411.126		199.426		2548		2		0
410.41		230.128		2528		2		0
413.625		232.41		2510		1		0
464.906		164.743		2462		2		0
466.845		198.473		2459		2		0
472.737		229.327		2526		2		0
473.683		238.66		2516		2		0
428.472		226.664		2485		2		0
423.473		261.733		2566		2		0
407.873		292.442		0		1		0
413.879		281.931		2666		2		0
448.675		229.4		2481		2		0
448.271		267.888		2570		2		0
450.028		307.597		2659		2		0
444.876		322.948		2645		2		0
444.056		156.18		2446		2		0
414.283		242.43		2536		2		0
419.148		230.444		2520		2		0
472.424		247.285		2536		2		0
466.299		236.812		2502		2		0
Frame 15
438.567		228.024		2471		2		0
441.836		187.214		2430		2		0
444.717		145.729		2443		2		0
450.242		124.269		2373		2		0
420.724		160.841		2506		2		0
411.133		199.417		2545		2		0
410.798		230.136		2536		2		0
413.724		232.235		2515		1		0
464.764		164.795		2452		2		0
466.735		198.464		2471		2		0
474.053		229.487		2509		2		0
473.948		238.373		2516		2		0
428.483		226.669		2490		2		0
423.359		261.74		2560		2		0
408.198		292.528		2719		1		0
414.055		282.052		2653		2		0
448.677		229.379		2479		2		0
448.266		267.915		2578		2		0
450.023		307.607		2653		2		0
446.216		323.472		2633		2		0
444.031		156.154		2447		2		0
414.721		242.455		2535		2		0
418.561		233.825		2512		2		0
471.997		247.5		2532		2		0
469.513		237.269		3225		2		0
Frame 16
438.527		227.995		2472		2		0
441.734		187.19		2430		2		0
444.587		145.727		2434		2		0
450.147		124.195		2378		2		0
420.562		160.838		2500		2		0
411.134		199.408		2546		2		0
410.899		230.125		2537		2		0
413.775		232.001		2508		1		0
464.926		164.705		2459		2		0
466.638		198.411		2467		2		0
473.799		229.413		2478		2		0
473.872		238.213		2516		2		0
428.455		226.644		2485		2		0
422.733		264.609		2579		2		0
404.032		292.544		0		1		0
411.344		283.312		2681		1		0
448.619		229.343		2480		2		0
448.21		267.939		2580		2		0
449.972		307.634		2666		2		0
445.218		323.148		2638		2		0
443.905		156.146		2442		2		0
414.996		242.376		2536		2		0
418.837		233.662		2509		2		0
473.353		246.999		2503		2		0
466.428		234.008		2506		2		0
Frame 17
438.413		227.941		2475		2		0
441.602		187.125		2431		2		0
444.494		145.66		2433		2		0
450		124.067		2367		2		0
420.437		160.764		2499		2		0
411.104		199.263		2540		2		0
410.939		230.003		2532		2		0
413.743		232.072		2506		1		0
464.854		164.663		2461		2		0
466.644		198.663		2466		2		0
474.048		229.23		2474		2		0
474.104		238.181		2484		2		0
428.347		226.601		2487		2		0
422.361		263.275		2575		2		0
407.758		293.218		0		1		0
413.588		283.246		2663		1		0
448.488		229.275		2481		2		0
448.066		267.9		2571		2		0
449.976		307.536		2668		2		0
446.315		322.823		2629		2		0
443.8		156.08		2429		2		0
414.493		242.401		2529		2		0
419.286		234.427		2510		2		0
473.46		247.133		2507		2		0
467.511		240.014		0		2		0
Frame 18
438.249		227.926		2482		2		0
441.4		187.127		2425		2		0
444.311		145.68		2425		2		0
449.872		124.087		2380		2		0
420.177		160.705		2499		2		0
410.909		199.022		2544		2		0
411.017		229.797		2522		2		0
413.285		232.181		2506		1		0
464.65		164.627		2461		2		0
466.561		199.255		2464		2		0
474.726		229.771		2482		2		0
474.873		238.015		2478		2		0
428.155		226.605		2484		2		0
422.511		262.009		2561		2		0
409.517		292.37		2705		1		0
414.731		282.441		2652		2		0
448.355		229.244		2477		2		0
447.937		267.942		2566		2		0
449.941		307.433		2665		2		0
446.379		322.765		2638		2		0
443.609		156.095		2450		2		0
413.742		242.471		2539		2		0
418.997		234.159		2510		2		0
473.839		247.309		2502		2		0
467.421		238.952		0		2		0
Frame 19
438.13		227.89		2482		2		0
441.262		187.097		2428		2		0
444.181		145.653		2434		2		0
449.668		124.038		2373		2		0
420.082		160.622		2502		2		0
410.676		199.014		2544		2		0
410.671		229.782		2527		2		0
412.939		232.184		2508		1		0
464.42		164.589		2457		2		0
466.544		199.535		2469		2		0
475.06		230.034		2477		2		0
475.528		237.633		2478		2		0
428.031		226.584		2492		2		0
422.581		261.738		2560		2		0
409.131		292.439		2706		1		0
414.601		282.404		2654		2		0
448.241		229.195		2480		2		0
447.646		267.691		2571		2		0
449.946		307.155		2654		2		0
447.033		322.898		2637		2		0
443.476		156.068		2432		2		0
413.371		242.875		2532		2		0
419.053		235.316		2508		2		0
474.876		246.89		2480		2		0
465.876		232.754		2501		2		0
Frame 20
437.835		227.828		2476		2		0
440.953		187.058		2422		2		0
443.893		145.628		2424		2		0
449.446		123.952		2366		2		0
419.719		160.539		2497		2		0
410.34		199.084		2538		2		0
410.494		229.87		2520		2		0
412.353		232.204		2502		2		0
464.196		164.504		2468		2		0
466.503		199.93		2467		2		0
475.424		230.46		2470		2		0
476.431		237.755		2468		2		0
427.726		226.548		2484		2		0
422.427		261.535		2552		2		0
409.121		293.05		2698		1		0
414.604		282.632		2646		1		0
447.953		229.108		2479		2		0
447.533		267.78		2569		2		0
449.934		307.014		2655		2		0
443.606		321.532		2648		1		0
443.18		156.041		2441		2		0
412.997		242.25		2537		2		0
418.97		232.761		2508		2		0
475.453		246.615		2472		2		0
471.786		239.321		3233		2		0
Frame 21
437.438		227.743		2482		2		0
440.441		187.014		2447		2		0
443.284		145.622		2428		2		0
449.115		123.868		2356		2		0
419.296		160.411		2494		2		0
409.84		198.954		2539		2		0
410.091		229.766		2514		2		0
411.662		232.319		2511		2		0
463.884		164.499		2460		2		0
466.478		200.135		2469		2		0
475.689		230.665		2478		2		0
477.127		237.061		2440		2		0
427.327		226.452		2484		2		0
422.313		261.727		2548		2		0
408.349		292.382		2704		1		0
414.248		282.504		2637		1		0
447.564		229.034		2484		2		0
447.413		267.874		2556		2		0
449.889		307.023		2649		2		0
444.28		321.888		2639		1		0
442.594		156.026		2437		2		0
412.228		242.462		2525		2		0
418		235.001		2508		2		0
475.884		246.556		2453		2		0
473		246.501		2480		2		0
Frame 22
436.693		227.744		2486		2		0
439.924		187.002		2432		2		0
442.967		145.567		2419		2		0
448.777		123.93		2355		2		0
418.978		160.309		2496		2		0
409.399		199.126		2539		2		0
409.594		229.982		2511		2		0
411.17		232.722		2503		1		0
463.427		164.528		2459		2		0
466.164		202.43		2483		2		0
476.893		232.708		2459		2		0
477.413		237.335		2449		2		0
426.602		226.517		2485		2		0
422.324		262.179		2534		2		0
423.332		303.456		2661		1		0
420.843		287.8		2602		1		0
446.803		228.971		2476		2		0
447.141		265.154		2552		2		0
449.827		312.053		2650		2		0
443.939		325.709		2640		2		0
442.23		155.985		2439		2		0
412.997		243.167		2537		2		0
418.273		233.14		2498		2		0
477.262		246.134		2453		2		0
474.252		243.99		0		2		0
Frame 23
436.021		227.763		2482		2		0
439.366		187.038		2443		2		0
442.525		145.571		2426		2		0
448.308		123.937		2361		2		0
418.168		160.267		2490		2		0
408.629		198.986		2543		2		0
409.191		229.87		2513		2		0
410.418		232.536		2506		1		0
463.066		164.395		2453		2		0
465.885		202.284		2480		2		0
477.085		232.491		2443		2		0
477.411		237.315		2438		2		0
425.888		226.584		2486		2		0
422.193		262.664		2525		2		0
423.977		302.922		2637		2		0
421.713		287.874		2594		2		0
446.176		228.946		2478		2		0
446.806		266.338		2548		2		0
449.669		311.673		2657		2		0
445.626		327.261		2626		2		0
441.758		156.002		2434		2		0
411.904		242.363		2540		2		0
417.8		236.7		2504		2		0
477.076		246.584		2453		2		0
474.671		240.516		0		2		0
Frame 24
435.091		227.867		2491		2		0
438.608		187.136		2440		2		0
441.955		145.606		2429		2		0
447.841		123.997		2362		2		0
417.396		160.215		2491		2		0
407.791		199.172		2538		2		0
408.475		230.123		2511		2		0
409.843		233.342		2509		1		0
462.573		164.567		2454		2		0
465.349		202.227		2486		2		0
477.301		232.296		2435		2		0
477.489		241.429		2442		2		0
425.008		226.745		2489		2		0
422.499		263.169		2513		2		0
424.255		305.002		2645		2		0
423.252		289.873		2580		2		0
445.184		228.993		2484		2		0
446.38		266.886		2529		2		0
449.636		311.773		2645		2		0
446.126		325.76		2628		2		0
441.14		156.058		2431		2		0
413.885		244.777		2531		2		0
416.792		234.376		2499		2		0
476.176		247.546		2453		2		0
473.168		246.832		2465		2		0
Frame 25
434.027		228.173		2492		2		0
437.515		187.571		2429		2		0
440.846		146.102		2412		2		0
447.075		124.52		2346		2		0
416.56		160.433		2481		2		0
406.445		198.962		2542		2		0
407.041		229.9		2516		2		0
408.33		233.009		2502		1		0
461.498		165.125		2454		2		0
464.494		202.599		2479		2		0
477.326		232.433		2438		2		0
477.317		241.791		2428		2		0
423.942		227.259		2490		2		0
422.993		265.327		2494		2		0
423.891		308.072		2636		2		0
422.267		293.09		2572		2		0
444.097		229.11		2487		2		0
445.907		267.078		2524		2		0
449.676		311.883		2633		2		0
444.724		325.819		2641		2		0
440.029		156.55		2433		2		0
410.663		243.444		2535		2		0
415.219		232.344		2498		2		0
476.085		248.204		2451		2		0
473.834		248.167		2463		2		0
Frame 26
433.048		228.673		2490		2		0
436.628		188.148		2443		2		0
440.087		146.668		2402		2		0
446.625		125.092		2344		2		0
415.643		160.933		2477		2		0
405.085		198.871		2547		2		0
406.406		229.835		2513		2		0
407.566		233.558		2503		1		0
460.337		165.856		2451		2		0
463.073		202.997		2481		2		0
477.56		232.288		2439		2		0
476.639		237.882		2434		2		0
422.987		227.827		2497		2		0
421.994		268.996		2487		2		0
417.884		329.811		2531		2		0
418.392		338.71		2436		2		0
443.118		229.53		2490		2		0
446.477		271.516		2508		2		0
449.691		312.19		2626		2		0
443.786		327.049		2635		2		0
439.233		157.128		2418		2		0
410.81		244.453		2535		2		0
415		237		2494		2		0
477.541		248.728		2436		2		0
474.004		238.355		2443		2		0
Frame 27
431.444		230.076		2505		2		0
435.176		189.698		2449		2		0
438.791		148.273		2408		2		0
445.724		127.023		2340		2		0
414.623		162.232		2472		2		0
403.409		199.626		2544		2		0
404.333		230.599		2515		2		0
405.707		233.379		2503		2		0
458.847		167.935		2449		2		0
461.168		205.257		2478		2		0
476.375		234.305		2425		2		0
476.192		239.193		2423		2		0
421.292		229.438		2500		2		0
421.355		278.272		2482		2		0
417.434		332.35		2491		2		0
418.212		340.495		2402		2		0
441.615		230.729		2502		2		0
447.05		272.451		2484		2		0
449.7		312.572		2622		2		0
444.129		327.688		2633		2		0
437.898		158.73		2420		2		0
408.325		244.001		2532		2		0
412.889		233.887		2503		2		0
477.384		249.845		2455		2		0
472.501		235.401		2455		2		0
Frame 28
430.319		232.05		2505		2		0
433.888		191.922		2448		2		0
437.311		150.674		2401		2		0
444.749		129.224		2328		2		0
412.865		164.276		2472		2		0
400.379		202.634		2544		2		0
402.934		233.528		2505		2		0
405.145		239.482		2509		2		0
457.311		170.063		2454		2		0
459.59		206.437		2473		2		0
475.368		235.25		2428		2		0
476.258		245.348		2429		2		0
420.313		231.775		2509		2		0
420.952		279.566		2473		2		0
417.081		332.251		2490		2		0
418.12		340.609		2405		2		0
440.309		232.4		2504		2		0
447.314		273.684		2472		2		0
449.674		312.802		2623		2		0
444.026		327.866		2627		2		0
436.469		161.101		2420		2		0
409.496		252.801		2519		2		0
412.227		240.13		2497		2		0
478.665		253.669		2421		2		0
476.143		250.001		2430		2		0
Frame 29
428.57		235.469		2518		2		0
432.05		195.89		2455		2		0
435.437		154.979		2400		2		0
442.856		134.111		2333		2		0
411.66		167.422		2461		2		0
398.061		204.433		2553		2		0
401.816		235.283		2501		2		0
403.1		241.479		2509		2		0
454.986		174.956		2443		2		0
457.007		210.378		2485		2		0
475.289		238.045		2426		2		0
476.025		246.62		2422		2		0
418.754		235.177		2510		2		0
419.778		282.375		2454		2		0
416.641		332.519		2489		2		0
418.06		341.386		2390		2		0
438.4		235.733		2513		2		0
447.182		274.69		2456		2		0
449.641		313.721		2623		2		0
442.386		328.033		2636		2		0
434.597		165.346		2415		2		0
407.496		254.801		2513		2		0
410.555		241.604		2497		2		0
477.396		257.602		2439		2		0
471.889		242.219		2447		2		0
Frame 30
426.404		239.874		2525		2		0
430.138		200.386		2453		2		0
433.875		159.116		2396		2		0
441.703		138.794		2329		2		0
410.057		171.452		2456		2		0
394.779		208.08		2549		2		0
398.145		239.023		2505		2		0
398.525		244.141		2506		2		0
453.255		178.441		2450		2		0
455.854		214.14		2508		2		0
474.759		241.43		2432		2		0
476.761		253.513		2424		2		0
417.058		239.839		2527		2		0
418.887		284.631		2438		2		0
415.959		332.28		2488		2		0
417.863		341.518		2377		2		0
435.656		239.981		2520		2		0
446.587		277.829		2442		2		0
447.793		313.291		2595		1		0
441.322		327.033		2648		2		0
432.945		169.602		2404		2		0
400.481		250.501		2522		2		0
405.285		242.742		2511		2		0
479.072		262.072		2420		2		0
475.288		259.569		2435		2		0
Frame 31
423.82		244.605		2540		2		0
427.613		206.122		2461		2		0
431.583		165.531		2380		2		0
439.123		146.912		2317		2		0
407.077		178.868		2453		2		0
391.441		216.332		2545		2		0
406.685		252.054		2483		2		0
410.271		262.412		2459		2		0
450.688		186.563		2448		2		0
453.705		222.393		2535		2		0
476.919		246.642		2403		2		0
477.796		258.215		2426		2		0
414.576		244.599		2536		2		0
418.577		286.439		2410		2		0
415.478		332.22		2490		2		0
417.765		341.696		2378		2		0
433.072		244.533		2527		2		0
445.707		285.286		2440		2		0
447.852		317.829		2615		1		0
442.945		330.372		2633		2		0
430.576		175.887		2411		2		0
415.175		273.185		2426		2		0
416.609		259.436		2482		2		0
481.795		265.302		2414		2		0
474.002		264.833		2429		2		0
Frame 32
421.203		250.431		2550		2		0
425.039		213.611		2472		2		0
429.125		174.008		2387		2		0
436.863		154.311		2315		2		0
405.216		186.035		2456		2		0
387.685		222.426		2549		2		0
391.216		259.126		2524		2		0
396.422		265.592		2535		2		0
448.104		193.86		2460		2		0
452.943		225.598		2539		2		0
475.602		252.142		2422		2		0
479.783		263.261		2436		2		0
412.225		250.621		2558		2		0
417.564		291.592		2403		2		0
415.358		336.167		2452		2		0
417.969		344.167		2330		2		0
430.155		250.23		2528		2		0
444.486		288.665		2422		2		0
449.029		318.825		2605		2		0
442.804		329.714		2632		2		0
428.081		184.185		2405		2		0
399.831		273.333		2536		2		0
399.695		265.561		2508		2		0
483.329		271.17		2390		2		0
480.165		264.166		2457		2		0
Frame 33
416.652		258.971		2562		2		0
421.573		222.908		2485		2		0
426.889		183.75		2396		2		0
434.394		163.638		2313		2		0
401.609		193.616		2458		2		0
384.413		231.461		2553		2		0
383.608		262.531		2519		2		0
384.8		265.015		2524		2		0
445.515		202.768		2460		2		0
453.544		236.166		2531		2		0
479.477		258.525		2386		2		0
481.798		266.61		2399		2		0
407.981		258.941		2569		2		0
415.775		286.593		2388		2		0
415.872		334.685		2466		2		0
418.625		344.953		2336		2		0
425.26		258.991		2532		2		0
445.595		284.983		2404		2		0
448.155		315.69		2584		1		0
443.638		328.94		2622		2		0
425.522		193.85		2407		2		0
385.333		272		2576		2		0
390		262.468		2535		2		0
487.223		274.695		2362		2		0
481.857		268.571		2428		2		0
Frame 34
408.395		263.585		2594		2		0
416.1		229.917		2478		2		0
424.538		192.991		2391		2		0
431.974		172.992		2324		2		0
398.969		202.236		2460		2		0
380.508		237.624		2558		2		0
385.644		268.715		2563		2		0
381.885		270.91		2532		2		0
443.075		212.247		2477		2		0
459.831		240.611		2513		2		0
484.029		263.882		2382		2		0
486.064		273.522		2395		2		0
399.282		263.029		2551		2		0
414.024		286.941		2381		2		0
417.243		333.068		2469		2		0
418.884		342.569		2367		2		0
417.46		264.13		2559		2		0
442.836		284.268		2414		2		0
435.004		316.752		2617		2		0
443.485		329.111		2610		2		0
422.356		202.553		2413		2		0
379.499		279		2552		2		0
385.794		275.896		2604		2		0
490.713		280.432		2323		2		0
484.943		275.878		2398		2		0
Frame 35
403.658		270.414		2613		2		0
412.346		238.133		2497		2		0
421.911		202.587		2397		2		0
428.729		183.733		2317		2		0
395.855		211.412		2462		2		0
375.1		244.63		2562		2		0
370.053		275.094		2517		2		0
372.368		279.081		2512		2		0
440.078		221.448		2487		2		0
460.02		245.025		2507		2		0
484.557		267.772		2358		2		0
486.373		271.975		2336		2		0
395.014		270.233		2542		2		0
410.333		289.804		2392		2		0
416.63		333.784		2475		2		0
418.976		343.819		2359		2		0
412.206		270.584		2568		2		0
438.004		286.625		2413		2		0
435.191		317.029		2587		1		0
443.668		328.908		2621		2		0
419.432		211.806		2428		2		0
371.995		286.5		2570		2		0
379.497		277.002		2591		2		0
493.711		282.572		2303		2		0
488.665		278.661		2402		2		0
Frame 36
397.417		275.996		2624		2		0
406.796		245.593		2510		2		0
417.128		212.128		2406		2		0
425.101		192.991		2322		2		0
391.086		219.946		2465		2		0
369.819		250.673		2570		2		0
364.048		281.037		2520		2		0
363.717		285.771		2529		2		0
435.51		228.247		2495		2		0
457.944		248.464		2525		2		0
485.209		267.909		2362		2		0
484.609		269.478		2350		2		0
388.217		275.439		2550		2		0
407.411		293.604		2392		2		0
416.399		335.266		2457		2		0
419.293		345.689		2320		2		0
406.552		276.538		2582		2		0
435.541		287.454		2434		2		0
434.331		317.854		2567		1		0
444.682		328.239		2608		2		0
414.448		220.807		2428		2		0
363.394		293.197		2582		2		0
371.2		281.599		2626		2		0
494.331		281.665		2308		2		0
486.452		275.222		2329		2		0
Frame 37
398.865		280.591		2610		2		0
405.02		251.98		2511		2		0
411.767		220.311		2408		2		0
419.904		201.971		2335		2		0
386.412		228.434		2476		2		0
364.153		258.076		2570		2		0
356.917		288.093		2533		2		0
355.76		292.409		2532		2		0
429.778		237.23		2510		2		0
458.438		249.253		2520		2		0
483.212		269.91		2346		2		0
482.86		270.808		2347		2		0
389.164		280.684		2617		2		0
401.479		296.651		2404		2		0
417.307		335.079		2457		2		0
419.498		345.131		2327		2		0
408.387		280.289		2552		2		0
432.616		291.13		2421		2		0
435.057		319.941		2568		1		0
446.875		329.138		2596		2		0
410.01		228.548		2441		2		0
354.598		299.199		2584		2		0
362.802		289.996		2606		2		0
491.455		281.003		2294		2		0
487.332		275.821		2304		2		0
Frame 38
393.056		285.518		2617		2		0
399.02		258.051		2517		2		0
405.633		227.619		2418		2		0
413.829		210.019		2337		2		0
379.995		235.126		2482		2		0
357.915		267.845		2578		2		0
348.408		297.025		2532		2		0
347.413		299.987		2535		2		0
426.291		240.5		2506		2		0
454.054		254.073		2512		2		0
478.215		274.111		2344		2		0
480.458		274.838		2327		2		0
384.095		286.663		2617		2		0
397.84		299.445		2436		2		0
417.499		335.754		2451		2		0
419.51		345.7		2337		2		0
401.91		284.375		2571		2		0
429.909		293.319		2437		2		0
421.633		330.601		0		1		0
437.441		330.239		2676		2		0
403.911		235.53		2449		2		0
346.803		306.002		2589		2		0
342.749		297.499		2615		2		0
488.924		286.772		2272		2		0
481.764		276.72		2311		2		0
Frame 39
384.418		290.858		2630		2		0
390.299		263.451		2522		2		0
396.785		233.278		2445		2		0
405.449		216.201		2362		2		0
372.735		241.057		2492		2		0
351.231		271.339		2586		2		0
341.893		300.612		2551		2		0
339.895		305.597		2537		2		0
416.84		245.464		2524		2		0
444.458		259.6		2542		2		0
473.756		272.879		2346		2		0
475.055		277.611		2320		2		0
375.01		291.507		2588		2		0
394.756		306.603		2386		2		0
420.353		348.569		2289		2		0
420.013		352.124		2268		2		0
393.744		290.204		2587		2		0
423.97		295.624		2446		2		0
417.184		335.68		2445		1		0
433.547		333.007		0		2		0
395.1		241.103		2467		2		0
336		316.501		2621		2		0
341.469		300.985		2551		2		0
483.379		288.751		2292		2		0
468.875		275.114		0		2		0
Frame 40
376.696		295.517		2617		2		0
381.389		267.823		2510		2		0
386.554		237.396		2454		2		0
394.442		220.462		2377		2		0
363.574		246.721		2503		2		0
342.357		278.176		2584		2		0
334.914		308.317		2564		2		0
333.013		313.963		2542		2		0
406.796		253.02		2559		2		0
436.767		263.191		2555		2		0
463.774		275.147		2355		2		0
464.869		278.762		2358		2		0
367.625		296.638		2601		2		0
384.933		310.376		2429		2		0
412.706		356.459		2229		2		0
421.762		352.412		2272		2		0
385.652		294.402		2613		2		0
420.042		298.517		2410		2		0
415.506		338.345		2413		1		0
431.553		335.631		2677		1		0
385.212		245.281		2486		2		0
329.62		322.625		2573		2		0
336.998		317.938		2571		2		0
473		288.105		2325		2		0
473.573		286.427		2312		2		0
Frame 41
376.571		300.913		2636		2		0
375.89		273.479		2547		2		0
375.144		242.856		2462		2		0
380.499		226.825		2397		2		0
353.239		252.36		2514		2		0
334.946		282.402		2583		2		0
330.159		313.056		2579		2		0
328.452		315.268		2569		2		0
396.307		254.789		2570		2		0
425.376		266.509		2572		2		0
451.559		277.852		2381		2		0
451.541		279.793		2376		2		0
367.792		303.782		2619		2		0
382.239		316.955		2515		2		0
409.784		363.446		2240		1		0
420.166		361.268		2220		1		0
385.327		298.218		2587		2		0
416.159		300.138		0		2		0
415.618		338.757		2420		1		0
431.725		336.112		2582		2		0
375.336		250.757		2499		2		0
328.447		322.687		2545		2		0
333.004		319.481		2597		2		0
462.001		289.859		2352		2		0
448.712		285.568		2382		2		0
Frame 42
369.693		304.503		2635		2		0
366.217		277.832		2565		2		0
362.413		248.897		2478		2		0
366.214		232.76		2416		2		0
341.077		258.614		2523		2		0
326.163		287.348		2590		2		0
321.863		316.441		2595		2		0
322.374		317.488		2595		1		0
384.266		259.573		2599		2		0
413.803		269.217		2592		2		0
438.861		281.621		2400		2		0
439.636		284.791		2386		2		0
361.252		307.44		2612		2		0
381.066		318.717		2671		2		0
436.487		367.148		2248		1		0
448.315		368.056		2198		1		0
378.034		301.597		2618		2		0
417.252		309.866		2415		2		0
418.715		334.95		2509		1		0
434.37		332.359		2752		1		0
363.394		256.355		2523		2		0
321.705		316.735		2595		2		0
316.5		315		2719		2		0
448.831		292.839		2389		2		0
433.5		285.746		2408		2		0
Frame 43
352.161		310.431		2624		2		0
350.534		283.553		2552		2		0
348.755		254.48		2499		2		0
351.222		238.734		2432		2		0
328.784		265.793		2534		2		0
318.37		292.597		2601		2		0
322.224		317.175		2694		2		0
323		316.994		2732		1		0
371.373		262.771		2613		2		0
400.297		271.874		2618		2		0
425.116		283.013		2425		2		0
426.508		287.494		2426		2		0
343.221		313.288		2623		2		0
374.383		328.908		2388		2		0
429.474		376.571		2176		1		0
443.528		379.015		2136		1		0
360.981		307.611		2637		2		0
416.693		310.044		2438		2		0
413.917		335.93		2454		1		0
430.889		334.283		2553		2		0
349.212		261.966		2524		2		0
323		318		2717		2		0
317.313		314.611		2613		1		0
433.342		296.886		2412		2		0
419.799		289.601		2403		2		0
Frame 44
347.561		311.857		2626		2		0
340.889		286.054		2571		2		0
334.552		258.006		2532		2		0
336.098		240.364		2449		2		0
315.883		269.036		2549		2		0
311.721		302.11		2618		2		0
318.076		328.58		2614		1		0
320.139		337.201		2512		1		0
357.521		264.095		2633		2		0
385.306		273.562		2646		2		0
410.796		286.62		2453		2		0
414.113		289.62		2449		2		0
338.973		315.044		2593		2		0
370.325		322.143		2425		2		0
410.967		363.888		2219		1		0
423.402		364.78		2215		1		0
355.922		308.707		2635		2		0
414.987		311.23		2453		2		0
420.49		335.029		2552		1		0
437.647		333.641		0		2		0
336.181		265.213		2548		2		0
320.129		338.274		2500		1		0
314.493		334.114		2548		1		0
421.537		297.664		2436		2		0
417.332		298.162		2434		2		0
Frame 45
341.177		312.152		2638		2		0
331.921		286.255		2621		2		0
322.065		258.728		2539		2		0
320.162		241.068		2461		2		0
303.36		269.969		2555		2		0
301.998		300.224		2627		2		0
312.248		325.904		2656		1		0
315.596		334.293		2542		1		0
345.231		264.082		2660		2		0
380.608		277.022		2613		2		0
406.239		298.892		2460		2		0
408.055		309.094		2465		2		0
333.529		316.125		2644		2		0
370.798		318.116		2424		2		0
413.733		357.73		2239		1		0
426.044		358.699		2242		1		0
348.942		308.19		2635		2		0
394.431		306.886		2501		2		0
417.278		336.719		2446		1		0
434.3		334.711		2591		2		0
324.585		265.767		2566		2		0
315.573		335.361		2541		1		0
310.095		331.296		2548		1		0
412.224		314.666		2471		2		0
403.929		313.357		2461		2		0
Frame 46
347.03		306.115		2645		2		0
330.284		284.289		2640		2		0
310.498		258.722		2536		2		0
305.211		242.273		2475		2		0
293.543		272.29		2567		2		0
292.882		300.325		2640		2		0
305.617		325.109		2630		1		0
309.787		333.219		2551		1		0
331.965		261.594		2631		2		0
366.39		276.518		2640		2		0
388.688		299.193		2510		2		0
393.563		304.497		2512		1		0
340.452		311.624		2641		2		0
374.998		313.686		0		2		0
409.748		352.167		2237		1		0
422.057		353.243		2269		1		0
353.545		300.662		2657		2		0
394.835		299.639		2486		2		0
417.056		335.982		2455		1		0
434.169		333.982		2511		2		0
315.273		264.917		2580		2		0
309.748		334.284		2537		1		0
304.484		330.256		2569		1		0
399.997		309.004		2482		2		0
389.233		307.594		2510		2		0
Frame 47
344.127		305.287		2646		2		0
322.298		283.276		2640		2		0
300.889		260.676		2559		2		0
292.286		246.193		2482		2		0
284.582		275.933		2577		2		0
289.144		303.525		2637		2		0
299.767		329.001		2567		1		0
303.241		337.326		2427		1		0
321.253		260.703		2641		2		0
346.194		271.769		2706		2		0
378.744		291.59		2524		2		0
382.38		296.007		2534		1		0
337.935		310.952		2644		2		0
369.042		314.003		2448		1		0
400.58		352.41		2249		1		0
413.027		353.533		2206		1		0
350.172		299.618		2660		2		0
394.835		299.639		2533		1		0
416.619		334.958		2466		1		0
434.099		335.324		2503		2		0
306.326		266.415		2588		2		0
303.183		338.4		2409		1		0
298.181		334.235		2479		1		0
385		299		2538		2		0
381.502		299.25		2536		2		0
Frame 48
339.183		302.398		2660		2		0
314.29		284.483		2656		2		0
288.366		265.779		2570		2		0
281.39		251.395		2495		2		0
280.16		283.573		2602		2		0
287.098		309.589		2649		2		0
303.596		333.189		2502		1		0
309.051		340.977		2383		1		0
312.273		260.429		2663		2		0
339.155		271.259		2719		2		0
354.839		281.181		2640		2		0
361.878		286.856		2527		2		0
334.708		309.218		2652		2		0
366.781		314.656		2484		2		0
397.671		352.671		2250		1		0
410.018		353.794		2214		1		0
343.849		295.722		2671		2		0
401.437		301.356		2558		2		0
410.925		355.361		2232		2		0
426.509		348.714		2295		2		0
294.973		270.544		2589		2		0
309.01		342.061		2347		1		0
303.784		337.76		2426		1		0
367.958		291.913		2522		2		0
358.765		292.921		2618		2		0
Frame 49
338.414		302.388		2678		2		0
311.111		286.022		2674		2		0
280.933		270.243		2591		2		0
270.572		256.97		2517		2		0
274.61		289.663		2609		2		0
281.259		316.607		2654		2		0
301.417		337.384		2406		1		0
308.087		344.239		2275		1		0
302.924		263.261		2669		2		0
334.434		272.084		2720		2		0
356.102		282.285		2538		2		0
361.336		286.807		2540		2		0
334.763		310.128		2655		2		0
363.959		317.575		2437		2		0
394.497		355.912		2239		1		0
409.151		355.996		2245		2		0
341.861		294.751		2680		2		0
390.272		306.685		2546		2		0
423.644		334.234		2554		2		0
440.98		331.589		2756		2		0
288.274		274.392		2606		2		0
308.043		345.336		2269		1		0
302.836		340.903		2360		1		0
367.401		290.201		2537		2		0
360.587		293.668		2535		2		0
Frame 50
337.288		304.92		2693		2		0
305.206		291.197		2684		2		0
272.739		277.319		2620		2		0
260.831		264.74		2532		2		0
269.802		297.697		2623		2		0
260.27		324.014		2520		2		0
287.956		333.707		2442		1		0
297.164		336.929		2412		1		0
295.46		266.423		2700		2		0
326.92		272.559		2738		2		0
350.185		281.128		2563		2		0
356.052		284.95		2558		1		0
332.528		313.248		2648		2		0
362.883		324.773		2409		2		0
393.038		363.64		2229		1		0
408.683		359.226		2243		2		0
341.977		296.719		2670		2		0
388.166		304.301		2554		2		0
433.173		317.573		2566		2		0
443.686		326.993		0		2		0
280.892		280.799		2623		2		0
297.09		338.008		2377		1		0
292.287		333.835		2478		1		0
362.5		286.5		2550		2		0
357.137		291.856		2574		2		0
Frame 51
334.603		304.112		2694		2		0
301.09		294.044		2693		2		0
266.878		284.387		2634		2		0
253.406		272.744		2558		2		0
266.883		303.161		2630		2		0
273.7		329.7		2516		1		0
299.316		317.958		2693		1		0
299.731		306.219		2681		1		0
286.601		272.493		2705		2		0
325.437		273.236		2720		2		0
336.113		276.556		2637		2		0
343.728		281.66		2592		2		0
331.747		312.933		2642		2		0
362.484		324.687		2411		2		0
410.128		344.558		2314		2		0
414.487		348.162		2283		2		0
336.703		295.325		2670		2		0
385.578		304.087		2565		2		0
433.053		316.128		2559		2		0
436.842		328.315		2806		1		0
275.429		286.867		2651		2		0
302.027		301.512		2678		2		0
291.751		299.748		2664		2		0
354.667		285.997		2589		2		0
341.772		287.432		2623		2		0
Frame 52
333.671		303.249		2685		2		0
298.226		294.628		2719		2		0
260.563		287.639		2661		2		0
243.439		282.186		2565		2		0
263.865		306.818		2653		2		0
292.667		314.572		2681		1		0
284.268		340.04		2323		1		0
281.528		348.316		2266		1		0
275.072		276.828		2717		2		0
313.354		277.525		2789		2		0
331.963		279.999		2652		2		0
339.885		283.485		2632		2		0
330.692		312.485		2629		2		0
358.242		324.156		2436		1		0
401.861		326.514		2513		1		0
407.88		336.326		2430		2		0
336.166		294.196		2648		2		0
385.265		303.188		2569		2		0
429.271		312.959		2557		2		0
439.003		321.397		0		2		0
269.641		289.462		2674		2		0
283.819		343.64		2295		1		0
289.715		355.123		2237		1		0
351.2		288.599		2624		2		0
336.745		290.523		2646		2		0
Frame 53
327.507		299.02		2685		2		0
292.359		296.741		2709		2		0
256.97		294.672		2668		2		0
237.209		289.757		2586		2		0
258.58		308.232		2667		2		0
287.481		314.853		2678		1		0
281.132		340.606		2317		1		0
279.06		348.969		2270		1		0
273.545		278.187		2744		2		0
309.033		274.325		2763		2		0
336.414		283.577		2643		2		0
344.088		288.582		2624		1		0
325.203		308.892		2664		2		0
359.786		312.343		2443		2		0
415.423		325.54		2553		2		0
416.498		336.646		2425		2		0
329.713		289.566		2662		2		0
378.698		301.188		2565		2		0
423.938		305.564		2557		2		0
439.748		310.763		2522		2		0
265.762		295.197		2683		2		0
281.343		344.316		2285		1		0
287.207		355.741		2246		1		0
355.167		292.663		2576		2		0
340.465		292.691		2610		2		0
Frame 54
324.155		298.019		2682		2		0
288.22		297.025		2711		2		0
252.187		296.527		2683		2		0
234.228		297.749		2603		2		0
253.162		310.204		2680		1		0
278.145		295.136		2686		2		0
291.313		319.793		2642		1		0
295.647		327.901		2564		1		0
265.856		284.69		2726		2		0
295.188		277.298		2815		2		0
321.473		275.432		2685		2		0
326.958		280.107		2676		2		0
321.841		306.112		2677		2		0
363.278		315.915		2425		2		0
418.926		326.535		2536		2		0
423.448		338.264		2588		2		0
323.666		289.256		2675		2		0
372.895		299.98		2544		2		0
418.533		303.308		2550		2		0
431.077		313.574		2529		2		0
261.237		296.585		2688		2		0
297.91		323.257		2607		1		0
287.8		321.609		2633		1		0
337.25		282.248		2659		2		0
330.745		285.417		2656		2		0
Frame 55
317.491		302.726		2689		2		0
281.799		300.327		2693		2		0
246.84		297.889		2692		2		0
228.683		302.944		2612		2		0
248.339		311.372		2694		1		0
273.27		296.389		2687		1		0
286.895		320.729		2626		1		0
291.38		328.734		2558		1		0
259.364		281.078		2757		2		0
291.385		276.911		2825		2		0
317.463		275.742		2697		2		0
323.859		280.214		2697		1		0
316.025		312.109		2654		2		0
355.074		311.243		2445		2		0
406.512		321.241		2551		2		0
409.785		332.489		2466		1		0
319.039		293.431		2698		2		0
368.375		300.335		2547		2		0
414.155		302.182		2546		2		0
429.18		313.306		0		2		0
255.409		298.511		2689		2		0
293.644		324.096		2599		1		0
283.537		322.457		2630		1		0
335.377		283.869		2640		2		0
326.78		274.778		2741		2		0
Frame 56
317.028		301.82		2696		2		0
281.36		300.267		2710		2		0
245.42		298.959		2703		2		0
226.424		304.708		2619		2		0
246.684		312.54		2698		1		0
279.02		290.633		2732		1		0
303.051		306.288		2698		1		0
307.715		308.182		2694		1		0
259.916		290.875		2707		2		0
289.174		274.812		2820		2		0
315.155		272.283		2702		2		0
320.442		277.191		2682		2		0
315.688		311.053		2657		2		0
353.658		311.929		2448		2		0
410.991		325.767		2530		2		0
416.254		337.877		2419		1		0
318.302		292.545		2696		2		0
367.621		296.56		2529		2		0
412.83		306.039		2547		2		0
429.842		306.355		2490		2		0
254.441		299.123		2690		2		0
314.571		310.999		2662		2		0
309.248		302.623		2698		2		0
332.499		280		2666		2		0
323.836		272.668		2746		2		0
Frame 57
317.007		301.384		2700		2		0
280.874		300.243		2706		2		0
243.894		299.695		2696		2		0
223.618		306.478		2631		2		0
245.151		313.226		2692		1		0
277.47		291.464		2742		1		0
303.138		304.539		2700		1		0
308.839		306.511		2696		1		0
259.724		291.165		2710		2		0
286.327		274.441		2843		2		0
302.216		272.676		2791		2		0
311.097		273.835		2712		2		0
316.318		310.66		2651		2		0
365.433		314.628		2477		2		0
414.923		326.432		2512		2		0
418.537		337.991		2443		1		0
317.626		291.655		2686		2		0
364.898		295.309		2522		2		0
412.293		303.261		2518		2		0
428.816		306.116		2477		2		0
253.173		299.68		2703		2		0
315.825		308.227		2664		2		0
308.935		300.274		2707		2		0
320.803		275.495		2696		2		0
307.525		267.839		2735		2		0
Frame 58
316.857		301.619		2707		2		0
280.709		300.34		2712		2		0
243.895		299.654		2718		2		0
223.766		306.37		2635		2		0
245.153		313.223		2695		1		0
277.655		291.685		2754		1		0
302.984		305.292		2709		1		0
308.214		306.979		2692		1		0
257.971		289.98		2724		2		0
285.416		273.621		2843		2		0
310.891		271.204		2716		2		0
311.449		273.54		2730		2		0
316.256		311.845		2644		2		0
349.481		314.694		2460		2		0
398.834		322.228		2527		1		0
408.101		334.751		2456		2		0
317.363		291.717		2667		2		0
355.873		294.39		2497		2		0
405.07		303.997		2524		2		0
423.491		306.422		2481		2		0
253.151		299.675		2691		2		0
315.156		308.685		2673		2		0
309.711		301.63		2692		2		0
321.655		274.965		2714		2		0
308.896		267.473		2740		2		0
Frame 59
315.433		299.656		2703		2		0
278.647		299.404		2717		2		0
241.688		299.477		2713		2		0
223.512		306.057		2641		2		0
243.138		313.199		2702		1		0
275.786		292.004		2749		1		0
299.838		307.223		2701		1		0
303.92		308.495		2696		1		0
253.757		289.069		2732		2		0
285.063		273.13		2843		2		0
310.467		271.598		2714		2		0
310.871		274.462		0		2		0
315.569		310.497		2655		2		0
348.199		315.337		2458		2		0
396.311		322.69		2531		1		0
404.627		335.518		2455		1		0
315.004		289.014		2675		2		0
361.523		298.993		2506		2		0
406.032		304.924		2517		2		0
419.492		317.787		0		2		0
250.91		299.383		2704		2		0
308.332		311.333		2683		2		0
305.398		303.664		2710		2		0
320.242		275.178		2710		2		0
307.811		270.784		2727		2		0
Frame 60
309.717		300.357		2696		2		0
275.822		299.83		2721		2		0
241.204		299.533		2722		2		0
223.402		305.964		2641		2		0
242.595		313.274		2708		1		0
275.259		292.248		2746		1		0
299.392		307.306		2702		1		0
303.248		309.198		2700		1		0
248.537		281.409		2810		2		0
283.248		272.999		2860		2		0
309.999		273.273		2716		2		0
311.468		276.823		2811		2		0
308.399		307.612		2688		2		0
344.846		316.197		2470		2		0
394.181		323.717		2535		1		0
402.629		336.465		2418		1		0
311.061		292.958		2703		2		0
359.062		298.148		2492		2		0
403.043		307.843		2509		2		0
418.677		318.5		0		2		0
250.021		299.532		2704		2		0
307.748		311.876		2686		2		0
305.141		303.855		2701		2		0
321.331		280.328		2729		2		0
309.302		270.513		2748		2		0
Frame 61
309.137		298.947		2699		2		0
275.544		299.402		2716		2		0
241.192		299.525		2728		2		0
222.958		305.929		2649		2		0
242.9		313.295		2706		1		0
275.63		292.332		2747		1		0
299.82		307.348		2705		1		0
304.262		307.936		2700		1		0
249.09		282.145		2808		2		0
283.166		273.397		2863		2		0
308.173		274.108		2720		2		0
313.047		279.37		2738		2		0
308.037		305.432		2690		2		0
342.32		309.296		2603		2		0
384.749		334.592		2426		1		0
401.179		344.313		2309		1		0
310.276		291.965		2698		2		0
347.368		297.644		2463		2		0
403.527		309.574		2510		2		0
418.43		320.971		2459		2		0
249.946		299.475		2718		2		0
308.399		313.8		2680		2		0
305.753		304.085		2700		2		0
324		283		2673		2		0
315.051		275.406		2721		2		0
Frame 62
309.414		298.445		2694		2		0
275.624		299.188		2713		2		0
241.26		299.511		2724		2		0
223.071		305.94		2650		2		0
243.657		313.336		2708		1		0
276.479		292.414		2748		1		0
300.722		307.427		2709		1		0
305.502		309.091		2696		1		0
249.625		281.954		2811		2		0
282.78		277.791		2845		2		0
308.202		273.581		2790		1		0
312.563		279.803		2711		1		0
308.258		305.097		2689		2		0
343.423		308.886		2492		2		0
385.761		334.818		2422		1		0
390.165		348.87		2246		1		0
310.604		291.384		2693		2		0
346.814		299.047		2456		2		0
401.066		311.53		2511		2		0
416.967		321.953		2456		2		0
249.994		299.427		2722		2		0
309.818		313.272		2673		2		0
306.237		303.448		2702		2		0
319.127		281.866		2695		2		0
316.773		277.552		2721		2		0
Frame 63
310.001		298.042		2696		2		0
275.838		299.008		2717		2		0
241.37		299.511		2723		2		0
223.293		306.013		2646		2		0
244.166		313.386		2702		1		0
277.045		292.47		2752		1		0
301.306		307.508		2699		1		0
306.299		309.32		2696		1		0
249.783		282.018		2797		2		0
286.863		275.56		2855		2		0
311.468		280.713		2714		1		0
317.329		285.592		2667		1		0
308.81		304.825		2693		2		0
344.422		312.217		2484		2		0
386.234		338.265		2374		1		0
402.947		346.577		2277		1		0
311.266		290.88		2680		2		0
346.353		299.706		2465		1		0
401.524		315.095		2488		2		0
406.197		328.189		2523		2		0
250.097		299.394		2720		2		0
310.443		314.556		2665		2		0
307.31		304.731		2697		2		0
329.2		288.599		2611		2		0
321.997		280.664		2727		2		0
Frame 64
309.927		297.879		2688		2		0
275.868		298.937		2712		2		0
241.594		299.535		2713		2		0
224.717		305.866		2655		2		0
244.568		313.437		2705		1		0
277.491		292.517		2732		1		0
301.767		307.578		2696		1		0
306.537		309.57		2689		1		0
249.944		282.034		2803		2		0
286.999		275.566		2854		2		0
311.527		280.796		2705		1		0
317.326		285.49		2673		1		0
308.79		304.617		2688		2		0
344.593		313.165		2472		2		0
389.095		330.492		2512		1		0
403.21		341.906		2344		1		0
311.139		290.782		2683		2		0
346.214		299.485		2467		1		0
402.431		316.259		2478		2		0
419.043		325.895		2436		2		0
250.219		299.383		2722		2		0
311.4		313.799		2663		2		0
307.213		304.57		2688		2		0
329.202		288.598		2611		2		0
323.798		281.797		2716		2		0
Frame 65
310.042		297.863		2684		2		0
276		298.888		2705		2		0
241.888		299.53		2714		2		0
225.179		305.986		2651		2		0
244.809		313.442		2714		1		0
277.756		292.52		2723		1		0
302.04		307.595		2689		1		0
307.434		309.572		2689		1		0
250.166		281.584		2803		2		0
287.276		275.487		2855		2		0
311.7		280.85		2702		1		0
317.785		285.652		2672		1		0
308.973		304.578		2695		2		0
344.763		313.694		2460		2		0
389.149		330.688		2513		1		0
403.998		341.627		2339		1		0
311.191		290.822		2684		2		0
346.291		300.027		2466		1		0
403.189		317.136		2470		2		0
420.013		326.415		2431		2		0
250.439		299.364		2718		2		0
311.571		315.285		2662		2		0
308.394		305.144		2693		2		0
329.401		289.197		2599		2		0
322.744		281.751		2684		2		0
Frame 66
310.049		297.84		2672		2		0
276.081		298.827		2712		2		0
242.049		299.507		2704		2		0
225.596		306.032		2650		2		0
244.919		313.438		2712		1		0
277.883		292.512		2727		1		0
302.173		307.597		2685		1		0
306.985		310.186		2677		1		0
250.422		281.677		2796		2		0
287.536		275.475		2831		2		0
311.626		280.96		2692		1		0
318.207		285.788		2663		1		0
308.992		304.549		2682		2		0
345.181		314.092		2445		1		0
389.289		331.625		2499		1		0
404.331		342.329		2326		1		0
311.179		290.842		2675		2		0
347.471		302.889		2446		2		0
404.257		318.234		2465		1		0
408.676		331.685		2501		2		0
250.558		299.337		2715		2		0
309.747		315.877		2675		2		0
308.356		306.196		2679		2		0
329.334		289.33		2602		2		0
324.656		282.326		2673		2		0
Frame 67
310.746		298.078		2675		2		0
277.122		299.099		2704		2		0
243.844		300.072		2705		2		0
226.285		306.259		2647		2		0
246.458		314.027		2697		1		0
279.481		293.101		2724		1		0
303.792		308.203		2685		1		0
308.182		310.466		2678		1		0
254.099		282.1		2778		2		0
291.313		275.507		2805		1		0
315.545		281.407		2673		1		0
321.522		286.559		2638		1		0
309.336		304.767		2678		2		0
345.388		314.133		2436		2		0
387.178		338.894		2389		1		0
404.163		346.556		2274		1		0
312.328		291.11		2663		2		0
350.942		304.869		2436		1		0
404.962		318.75		2456		2		0
421.815		327.579		2421		2		0
252.122		299.81		2709		2		0
313.401		313.999		2656		2		0
309.284		305.498		2678		2		0
332.891		291.219		2576		2		0
325.701		282.632		2674		2		0
Frame 68
311.03		298.349		2664		2		0
277.47		299.26		2698		2		0
244.182		300.162		2717		2		0
229.024		307.236		2640		2		0
246.81		314.153		2694		1		0
279.859		293.215		2708		1		0
304.18		308.332		2670		1		0
308.322		310.739		2676		1		0
254.52		282.123		2768		2		0
291.794		275.456		2796		2		0
315.131		281.742		2665		1		0
321.101		285.541		2638		1		0
309.744		305.247		2673		2		0
345.853		314.395		2427		2		0
388.693		335.528		2422		1		0
404.722		344.741		2301		2		0
312.471		291.237		2664		2		0
346.87		301.041		2460		1		0
405.176		319.079		2454		2		0
409.7		331.999		2507		2		0
252.473		299.92		2700		2		0
312		316.5		2650		2		0
309.666		306.554		2671		2		0
331.905		290.497		2597		2		0
324.903		282.268		2664		2		0
Frame 69
311.203		298.581		2657		2		0
277.763		299.321		2694		2		0
244.606		300.098		2705		2		0
228.919		307.323		2643		2		0
247.235		314.11		2689		1		0
280.313		293.159		2713		1		0
304.647		308.292		2672		1		0
308.577		310.944		2667		1		0
255.079		281.949		2771		2		0
292.37		275.253		2785		1		0
315.442		281.791		2663		1		0
321.07		285.638		2631		1		0
309.944		305.582		2668		2		0
346.163		314.615		2418		1		0
388.773		335.554		2429		1		0
404.688		344.769		2294		2		0
312.579		291.38		2653		2		0
342.107		300.927		2475		2		0
402.225		318.713		2452		2		0
406.622		331.644		2501		2		0
252.861		299.891		2702		2		0
312.4		315.4		2652		2		0
309.727		305.909		2668		2		0
331.502		290.665		2594		2		0
325.695		282.597		2662		2		0
Frame 70
312.04		299.425		2651		2		0
278.255		299.839		2691		2		0
244.834		300.368		2709		2		0
228.902		307.348		2644		2		0
247.462		314.416		2689		1		0
280.571		293.45		2713		1		0
304.924		308.597		2663		1		0
308.352		311.138		2660		1		0
255.615		281.84		2769		2		0
292.94		275.089		2780		1		0
320.038		281.108		2654		1		0
324.59		287.9		2606		1		0
310.869		306.516		2659		2		0
346.143		308.272		2418		2		0
384.441		335.373		2440		1		0
400.299		344.428		2288		1		0
313.274		292.133		2644		2		0
342.331		301.192		2462		1		0
399.368		315.827		2466		2		0
403.454		328.655		2503		1		0
253.148		300.215		2695		2		0
311.499		315		2651		2		0
309.917		307		2657		2		0
330.76		290.616		2593		2		0
328.688		284.939		2648		2		0
Frame 71
312.782		300.898		2641		2		0
278.775		300.491		2676		2		0
245.148		300.486		2703		2		0
228.863		307.403		2633		2		0
247.774		314.558		2686		1		0
280.922		293.571		2704		1		0
305.299		308.736		2658		1		0
308.677		311.25		2656		1		0
257.686		284.972		2734		2		0
295.382		276.672		2753		2		0
320.264		281.21		2673		1		0
324.79		286.903		2610		1		0
311.39		308.018		2653		2		0
349.931		315.451		2394		2		0
412.575		315.061		2495		2		0
423.252		330.761		2421		2		0
314.264		293.609		2636		2		0
343.408		301.305		2466		1		0
404.729		315.905		2466		2		0
409.117		328.26		2486		2		0
253.512		300.442		2693		2		0
312		315.5		2642		2		0
310.154		306.845		2659		2		0
331.186		289.835		2598		2		0
326.574		284.343		2629		2		0
Frame 72
312.806		302.201		2649		2		0
278.576		300.796		2686		2		0
244.702		300.292		2700		2		0
229.393		307.535		2636		2		0
247.075		314.257		2685		1		0
280.202		293.278		2696		1		0
304.57		308.437		2650		1		0
308.051		311.654		2651		1		0
257.211		284.588		2742		2		0
295.062		277.06		2742		2		0
321.602		281.563		2650		1		0
325.841		289.39		2594		1		0
311.225		309.45		2651		2		0
354.971		317.568		2373		2		0
396.317		303.369		0		1		0
409.108		317.116		2470		2		0
314.438		294.798		2627		2		0
343.631		301.494		2471		2		0
400.782		315.909		2464		2		0
404.952		328.311		2503		2		0
253.195		300.401		2693		2		0
312.5		315		2646		2		0
308.5		307.2		2653		2		0
332.435		292.423		2571		2		0
328.57		285.781		2636		2		0
Frame 73
312.385		303.034		2640		2		0
278.251		301.19		2679		2		0
244.506		300.258		2701		2		0
229.705		307.637		2639		2		0
246.701		314.132		2688		1		0
279.814		293.159		2694		1		0
304.175		308.313		2654		1		0
307.432		311.624		2652		1		0
257.063		284.373		2727		2		0
294.961		277.193		2738		2		0
321.199		281.832		0		1		0
325.707		289.466		2592		1		0
310.586		310.362		2653		2		0
348.949		315.708		2392		2		0
413.319		317.718		2480		2		0
424.287		332.787		2414		2		0
314.194		295.559		2623		2		0
343.388		301.626		2478		1		0
404.308		320.721		2439		2		0
408.576		333.389		2476		2		0
252.973		300.44		2694		2		0
311		312.999		2651		2		0
309.1		307.7		2652		2		0
332.171		292.664		2566		2		0
330.289		286.989		2647		2		0
Frame 74
315.056		302.951		2624		2		0
278.497		301.231		2676		2		0
244.04		300.18		2695		2		0
229.78		307.687		2634		2		0
246.249		313.973		2693		1		0
279.343		293.009		2706		1		0
303.693		308.156		2653		1		0
306.904		311.741		2651		1		0
257.099		284.353		2725		2		0
295.004		277.149		2730		2		0
320.409		281.945		0		1		0
324.982		289.582		2591		1		0
314.879		313.422		2636		2		0
354.981		316.782		2364		2		0
413.93		318.339		2467		2		0
424.854		333.444		2424		2		0
318.303		292.578		2599		2		0
340.589		300.066		2489		1		0
400.92		319.807		2449		2		0
404.856		332.367		2493		2		0
252.782		300.417		2693		2		0
310.167		313.666		2654		2		0
307.818		307.999		2651		2		0
331.606		292.795		2578		2		0
328.816		286.334		2631		2		0
Frame 75
315.223		303.818		2618		2		0
278.608		301.48		2677		2		0
243.908		300.102		2693		2		0
229.878		307.74		2635		2		0
246.107		313.871		2697		1		0
279.191		292.912		2696		1		0
303.535		308.056		2649		1		0
306.797		311.902		2649		1		0
257.098		284.339		2732		2		0
295.01		277.144		2730		2		0
320.217		281.984		0		1		0
324.861		289.701		2589		1		0
314.374		314.353		2631		2		0
352.133		316.913		2374		2		0
411.337		318.788		2468		2		0
422.241		334.101		2455		1		0
317.943		293.685		2600		2		0
339.943		299.26		2501		1		0
400.096		315.53		2463		2		0
404.02		327.844		2485		2		0
252.709		300.41		2693		2		0
310		314		2653		2		0
307.751		308.375		2646		2		0
331.291		292.996		2576		2		0
329.433		287.821		2618		2		0
Frame 76
315.199		304.5		2624		2		0
278.606		301.818		2673		2		0
243.677		300.095		2706		2		0
229.806		307.934		2638		2		0
245.951		313.834		2702		1		0
279.029		292.878		2707		1		0
303.371		308.02		2651		1		0
305.699		311.965		2653		1		0
257.046		284.32		2725		2		0
294.963		277.128		2727		2		0
319.896		282.021		2668		1		0
324.535		289.748		2586		1		0
313.983		315.022		2631		2		0
351.492		316.907		2372		2		0
410.853		319.043		2460		2		0
420.288		333.213		2461		2		0
317.646		294.416		2590		2		0
339.397		298.673		2521		1		0
399.557		315.395		2464		2		0
403.466		327.702		2489		2		0
252.512		300.475		2692		2		0
307.2		308.5		2648		2		0
331.45		292.439		2572		2		0
328.428		287.11		2624		2		0
Frame 77
315.958		305.529		2622		2		0
278.878		302.252		2673		2		0
243.57		300.074		2697		2		0
229.804		308.013		2627		2		0
245.883		313.798		2699		1		0
278.958		292.843		2694		1		0
303.297		307.984		2656		1		0
311.413		311.445		2642		1		0
257.008		284.291		2722		2		0
295.038		277.78		2718		2		0
319.701		282.828		2684		1		0
324.385		290.423		2580		1		0
314.49		316.228		2627		2		0
348.567		316.185		2377		2		0
408.241		319.098		2456		2		0
421.853		332.016		2428		2		0
317.981		294.947		2588		2		0
339.167		299.65		2502		1		0
399.622		315.706		2458		2		0
403.486		328.032		2498		2		0
252.452		300.508		2684		2		0
317.557		315.107		2625		2		0
311.141		304.428		2634		2		0
331.006		293.494		2562		2		0
328.48		287.554		2616		2		0
Frame 78
315.895		305.609		2622		2		0
278.847		302.374		2670		2		0
243.399		300.094		2701		2		0
229.718		308.114		2628		2		0
245.796		313.777		2699		1		0
278.867		292.824		2692		1		0
303.205		307.964		2645		1		0
311.387		311.396		2641		1		0
256.986		284.265		2733		2		0
294.986		277.521		2724		2		0
319.298		282.69		2698		1		0
324.14		290.419		2581		1		0
314.381		316.307		2624		2		0
348.346		316.124		2379		2		0
407.972		319.31		2454		2		0
420.563		332.459		2439		2		0
317.829		295.095		2583		2		0
338.665		299.678		2499		1		0
399.336		316.181		2458		2		0
403.206		328.532		2497		2		0
252.298		300.573		2684		2		0
317.708		315.171		2625		2		0
310.497		304.307		2636		2		0
330.786		293.105		2563		2		0
328.838		287.518		2628		2		0
Frame 79
316.068		305.792		2612		2		0
278.961		302.52		2671		2		0
243.362		300.089		2696		2		0
229.711		308.152		2630		2		0
245.77		313.755		2700		1		0
278.839		292.803		2700		1		0
303.175		307.941		2655		1		0
311.2		311.393		2640		1		0
256.962		284.268		2730		2		0
294.963		277.472		2727		2		0
319.253		282.656		2696		1		0
323.96		290.406		2580		1		0
314.475		316.515		2631		2		0
348.009		316.03		2380		2		0
407.638		319.458		2450		2		0
419.579		332.581		2456		2		0
317.971		295.226		2586		2		0
338.58		299.12		2505		1		0
399.077		316.32		2455		2		0
402.931		328.666		2499		2		0
252.277		300.591		2691		2		0
317.252		315.058		2623		2		0
310.726		304.273		2629		2		0
330.51		293.292		2559		2		0
328.654		288.188		2609		2		0
Frame 80
316.092		305.852		2614		2		0
279.033		302.6		2676		2		0
243.361		300.085		2696		2		0
229.723		308.163		2632		2		0
245.762		313.74		2696		1		0
278.83		292.788		2690		1		0
303.165		307.927		2655		1		0
311.209		311.535		2639		1		0
256.947		284.253		2722		2		0
294.948		277.43		2730		2		0
319.212		282.636		2686		1		0
324.025		290.263		2579		1		0
314.486		316.571		2631		2		0
348.542		316.3		2379		2		0
408.481		320.179		2451		2		0
420.831		334.61		2479		2		0
317.969		295.288		2583		2		0
338.528		298.791		2518		1		0
398.945		316.463		2453		2		0
402.787		328.811		2496		2		0
252.281		300.603		2694		2		0
317.302		315.193		2624		2		0
310.951		304.652		2633		2		0
330.507		293.493		2559		2		0
329.361		287.993		2620		2		0
Frame 81
316.053		306.035		2619		2		0
279.033		302.707		2669		2		0
243.324		300.078		2704		2		0
229.706		308.185		2633		2		0
245.717		313.716		2692		1		0
278.782		292.766		2702		1		0
303.115		307.903		2648		1		0
311.281		311.556		2637		1		0
256.93		284.234		2731		2		0
294.93		277.384		2726		2		0
319.159		282.619		2699		1		0
324.089		290.37		2582		1		0
314.393		316.688		2625		2		0
348.739		316.407		2376		2		0
408.743		320.439		2450		2		0
421.51		333.679		2442		2		0
317.935		295.576		2584		2		0
338.642		298.738		2517		1		0
399.237		318.612		2452		2		0
403.071		331.091		2495		1		0
252.241		300.624		2683		2		0
317.503		315.243		2620		2		0
310.682		304.825		2633		2		0
330.342		293.326		2561		2		0
330.172		288.988		2628		2		0
Frame 82
316.012		306.076		2623		2		0
279.008		302.746		2671		2		0
243.233		300.069		2702		2		0
229.651		308.227		2634		2		0
245.65		313.69		2700		1		0
278.711		292.742		2699		1		0
303.042		307.878		2651		1		0
311.238		311.329		2641		1		0
256.921		284.23		2731		2		0
294.921		277.346		2724		2		0
319.112		282.609		2699		1		0
323.99		290.333		2582		1		0
314.324		316.703		2629		2		0
358.429		316.892		2373		2		0
400.31		310.782		0		2		0
413.089		324.74		2441		2		0
317.882		295.663		2583		2		0
343.47		306.768		2431		2		0
402.748		311.515		0		2		0
416.772		323.995		2443		2		0
252.164		300.64		2686		2		0
317.336		315.104		2623		2		0
310.697		304.543		2635		2		0
330.784		293.106		2561		2		0
329.062		287.803		2620		2		0
Frame 83
316.092		306.1		2627		2		0
279.035		302.766		2672		2		0
243.194		300.055		2700		2		0
229.651		308.262		2633		2		0
245.627		313.672		2701		1		0
278.686		292.725		2696		1		0
303.015		307.86		2655		1		0
311.075		311.285		2643		1		0
256.654		283.689		2737		2		0
294.697		277.248		2724		2		0
318.882		282.494		2673		1		0
323.894		290.259		2584		1		0
314.408		316.775		2632		2		0
358.521		316.899		2371		1		0
409.871		321.422		2451		2		0
422.046		334.052		2448		2		0
317.933		295.65		2589		2		0
343.073		313.728		2412		2		0
405.19		321.851		2441		2		0
409.163		334.357		2470		2		0
252.148		300.641		2690		2		0
317.002		315.382		2630		2		0
311.283		304.612		2635		2		0
330.233		293.214		2557		2		0
329.399		288.169		2622		2		0
Frame 84
316.296		306.193		2627		2		0
279.075		302.812		2669		2		0
243.098		300.048		2698		2		0
229.593		308.303		2634		2		0
245.59		313.659		2696		1		0
278.646		292.713		2701		1		0
302.975		307.847		2652		1		0
311.211		311.179		2637		1		0
256.683		283.737		2733		2		0
294.725		277.225		2725		2		0
318.893		282.485		2692		1		0
323.955		290.271		2579		1		0
314.555		316.916		2632		2		0
362.884		319.213		2383		2		0
409.37		321.495		2450		2		0
423.016		334.776		2433		2		0
318.157		295.679		2575		2		0
343.1		313.746		2406		2		0
402.683		318.714		2451		2		0
419.191		327.993		2433		2		0
252.099		300.654		2679		2		0
317.503		314.494		2631		2		0
310.532		303.931		2634		2		0
330.785		293.105		2558		2		0
328.033		287.405		2627		2		0
Frame 85
315.533		306.078		2628		2		0
278.808		302.859		2678		2		0
243.079		300.044		2695		2		0
229.608		308.332		2631		2		0
245.582		313.651		2698		1		0
278.638		292.706		2697		1		0
302.966		307.84		2650		1		0
305.053		312.574		2646		1		0
256.693		283.77		2739		2		0
294.736		277.212		2727		2		0
318.909		282.467		2688		1		0
323.874		290.239		2581		1		0
313.551		316.743		2629		2		0
364.152		323.406		2421		2		0
405.615		314.687		0		2		0
417.973		328.995		2437		2		0
317.485		295.622		2588		2		0
343.111		313.753		2410		2		0
405.47		321.913		2442		2		0
408.36		334.473		2466		2		0
252.026		300.658		2690		2		0
309.667		313		2647		2		0
306.501		309.25		2644		2		0
330.297		292.993		2569		2		0
329.021		287.855		2626		2		0
Frame 86
314.378		304.707		2628		2		0
278.232		302.419		2674		2		0
243.018		300.056		2701		2		0
229.66		308.479		2629		2		0
245.565		313.648		2698		1		0
278.62		292.703		2698		1		0
302.948		307.837		2655		1		0
305.614		312.47		2648		1		0
256.686		283.776		2744		1		0
294.721		277.165		2727		1		0
318.889		282.412		2688		1		0
324.165		289.746		2583		1		0
311.629		311.287		2640		2		0
357.662		315.323		2374		2		0
419.495		334.48		2492		2		0
429.841		350.83		0		1		0
314.984		295.363		2608		2		0
349.466		319.704		2385		1		0
403.951		319.19		2441		2		0
420.29		328.674		2429		2		0
251.846		300.637		2690		2		0
309.333		314.334		2652		2		0
307.397		308.989		2648		2		0
330.766		292.693		2570		2		0
329.097		287.785		2626		2		0
Frame 87
314.091		304.41		2624		2		0
278.006		302.287		2673		2		0
242.964		300.082		2699		2		0
229.674		308.592		2637		2		0
245.552		313.647		2697		1		0
278.607		292.702		2699		1		0
302.934		307.836		2653		1		0
305.644		312.098		2654		1		0
256.667		283.781		2742		1		0
294.686		277.096		2731		1		0
318.843		282.329		2688		1		0
323.981		289.717		2584		1		0
311.689		311.301		2643		2		0
360.009		316.611		2375		2		0
402.984		326.888		2478		2		0
417.105		339.35		2424		1		0
314.914		295.374		2614		2		0
354.318		319.406		2364		2		0
403.955		319.179		2443		2		0
420.263		328.605		2428		2		0
251.724		300.647		2687		2		0
309.667		312		2650		2		0
309.667		311.333		2650		2		0
330.417		292.208		2570		2		0
329.202		287.88		2625		2		0
Frame 88
314.041		304.38		2626		2		0
277.906		302.287		2678		2		0
242.848		300.161		2697		2		0
229.575		308.673		2635		2		0
245.527		313.651		2701		1		0
278.581		292.707		2704		1		0
302.907		307.84		2657		1		0
305.053		312.695		2647		1		0
257.777		286.867		2708		2		0
295.924		279.707		2715		1		0
320.292		285.081		2621		1		0
325.131		291.716		2576		1		0
311.818		311.4		2634		2		0
360.111		316.709		2379		1		0
402.68		327.536		2490		2		0
416.693		340.035		2405		1		0
314.882		295.45		2615		2		0
354.577		319.331		2366		2		0
403.955		319.154		2445		2		0
420.24		328.588		2425		2		0
251.587		300.708		2692		2		0
308.5		314.001		2647		2		0
307		311.125		2642		2		0
335		296		2528		2		0
327.768		287.103		2617		2		0
Frame 89
314.079		304.407		2634		2		0
277.888		302.303		2681		2		0
242.756		300.19		2699		2		0
229.521		308.715		2636		2		0
245.506		313.638		2698		1		0
278.557		292.695		2705		1		0
302.882		307.828		2656		1		0
305.792		312.796		2648		1		0
258.336		288.911		2704		2		0
296.664		281.887		2708		1		0
321.208		287.383		2602		1		0
327.236		293.652		2563		1		0
312.05		311.668		2633		2		0
360.398		316.81		2381		1		0
403.004		327.597		2487		2		0
416.98		340.149		2407		1		0
315.223		295.773		2605		2		0
354.622		319.272		2366		2		0
403.969		319.166		2443		2		0
420.088		328.651		2429		2		0
251.514		300.728		2696		2		0
309.333		314		2651		2		0
308.325		310.67		2645		2		0
337.835		298.665		2510		2		0
331.993		291.326		2584		2		0
Frame 90
314.101		304.421		2630		2		0
277.877		302.325		2675		2		0
242.707		300.229		2692		2		0
229.482		308.76		2632		2		0
245.502		313.637		2698		1		0
278.553		292.694		2704		1		0
302.878		307.826		2654		1		0
305.812		312.652		2649		1		0
258.397		289.365		2710		2		0
296.761		282.327		2706		1		0
321.338		287.85		2605		1		0
326.143		292.911		2563		1		0
312.174		311.778		2631		2		0
360.537		316.864		2381		1		0
403.155		327.554		2492		2		0
417.098		340.134		2409		1		0
315.377		295.949		2600		2		0
354.655		319.253		2363		2		0
403.994		319.152		2444		2		0
420.131		328.615		2429		2		0
251.463		300.764		2695		2		0
309		314.5		2649		2		0
308.242		310.496		2649		2		0
331.757		296.117		2522		2		0
327.291		288.909		2605		2		0
Frame 91
314.409		304.906		2630		2		0
277.908		302.523		2674		2		0
242.635		300.309		2698		2		0
229.418		308.831		2632		2		0
245.494		313.639		2696		1		0
278.545		292.696		2702		1		0
302.87		307.828		2659		1		0
305.247		311.981		2647		1		0
258.55		289.577		2700		2		0
296.932		282.538		2707		1		0
321.533		288.073		2598		1		0
326.608		293.133		2561		1		0
313.178		312.854		2634		2		0
361.853		317.151		2376		2		0
404.586		327.847		2489		2		0
418.316		340.724		2418		1		0
315.657		296.786		2603		2		0
354.836		319.197		2371		2		0
405.505		319.259		2449		2		0
421.471		329.127		2426		2		0
251.402		300.86		2693		2		0
306.4		307.6		2652		2		0
332.19		296.263		2523		2		0
333.399		293.599		2563		2		0
Frame 92
314.589		305.118		2627		2		0
277.924		302.602		2680		2		0
242.581		300.329		2696		2		0
229.385		308.859		2635		2		0
245.483		313.626		2694		1		0
278.532		292.684		2706		1		0
302.856		307.816		2657		1		0
305.358		311.363		2647		1		0
258.645		289.731		2701		2		0
297.042		282.691		2702		1		0
321.66		288.236		2593		1		0
326.349		293.205		2559		1		0
313.391		313.026		2631		2		0
362.117		317.161		2382		1		0
404.771		327.964		2490		2		0
418.417		340.903		2411		1		0
315.799		297.039		2598		2		0
354.848		319.168		2370		2		0
406.034		319.248		2450		2		0
421.902		329.303		2426		2		0
251.363		300.886		2691		2		0
309		312.5		2648		2		0
307.123		308.936		2650		2		0
332.257		296.366		2524		2		0
330.071		291.688		2582		2		0
Frame 93
314.67		305.26		2633		2		0
277.943		302.701		2675		2		0
242.55		300.379		2700		2		0
229.354		308.909		2634		2		0
245.481		313.626		2698		1		0
278.531		292.684		2697		1		0
302.855		307.816		2655		1		0
305.446		311.653		2651		1		0
258.67		289.866		2703		2		0
297.074		282.824		2706		1		0
321.7		288.377		2599		1		0
326.613		293.606		2567		1		0
313.49		313.141		2630		2		0
362.26		317.115		2387		1		0
405.005		328.011		2504		2		0
418.619		340.989		2414		1		0
315.867		297.235		2611		2		0
354.875		319.15		2371		2		0
403.452		318.34		2451		2		0
419.46		327.859		2436		2		0
251.336		300.946		2694		2		0
309		314.5		2649		2		0
306.286		307.142		2654		2		0
331.895		296.881		2527		2		0
331.571		292.617		2577		2		0
Frame 94
314.527		305.189		2630		2		0
277.906		302.691		2680		2		0
242.525		300.382		2693		2		0
229.341		308.921		2636		2		0
245.473		313.611		2698		1		0
278.521		292.669		2697		1		0
302.845		307.8		2660		1		0
305.673		312.601		2646		1		0
258.685		289.912		2702		2		0
297.093		282.87		2701		1		0
321.722		288.426		2597		1		0
326.773		293.286		2559		1		0
313.233		313.07		2637		2		0
361.806		316.791		2384		2		0
404.279		327.97		2495		1		0
417.957		340.816		2411		1		0
315.776		297.159		2609		2		0
354.929		319.128		2370		2		0
402.248		317.546		2454		2		0
418.2		327.134		2435		2		0
251.306		300.946		2694		2		0
308.666		314.667		2653		2		0
307.7		309.899		2644		2		0
332.672		296.315		2527		2		0
334.333		294.666		2558		2		0
Frame 95
314.173		304.633		2631		2		0
277.858		302.614		2676		2		0
242.546		300.431		2694		2		0
229.371		308.967		2635		2		0
245.478		313.612		2697		1		0
278.526		292.67		2699		1		0
302.85		307.802		2651		1		0
305.658		312.269		2651		1		0
258.761		290.005		2703		2		0
296.029		278.524		2714		2		0
324.765		282.239		0		1		0
328.216		291.064		2575		1		0
312.772		312.26		2632		2		0
361.408		316.534		2378		1		0
403.909		327.775		2493		1		0
417.693		340.536		2404		1		0
315.516		296.793		2605		2		0
354.974		319.11		2368		2		0
402.208		317.561		2453		2		0
418.162		327.115		2431		2		0
251.309		300.964		2692		2		0
308.8		313.2		2653		2		0
308.167		310.501		2648		2		0
334.5		294		2555		2		0
329.067		288.066		2615		2		0
Frame 96
314.4		304.141		2630		2		0
277.866		302.479		2675		2		0
242.509		300.449		2701		2		0
229.348		308.997		2637		2		0
245.458		313.602		2698		1		0
278.505		292.661		2710		1		0
302.828		307.792		2654		1		0
305.623		312.802		2650		1		0
258.684		290.135		2703		2		0
295.928		278.552		2723		1		0
324.625		282.263		0		1		0
328.122		291.049		2577		1		0
313.019		311.763		2627		2		0
361.666		316.352		2384		1		0
404.138		327.683		2490		1		0
417.825		340.553		2414		1		0
315.74		296.339		2608		2		0
354.993		319.103		2367		2		0
402.236		317.573		2452		2		0
418.172		327.13		2435		2		0
251.284		300.962		2698		2		0
309		313.5		2656		2		0
308.001		311.001		2650		2		0
334.3		294.295		2560		2		0
328.634		287.542		2629		2		0
Frame 97
314.121		304.273		2629		2		0
277.79		302.499		2677		2		0
242.496		300.467		2699		2		0
229.323		308.996		2635		2		0
245.454		313.598		2699		1		0
278.5		292.658		2696		1		0
302.822		307.788		2655		1		0
305.472		312.551		2655		1		0
258.703		290.182		2703		2		0
295.936		278.554		2721		1		0
324.621		282.261		0		1		0
328.593		292.124		2570		2		0
312.575		311.915		2633		2		0
361.054		316.558		2379		1		0
403.882		327.443		2495		2		0
417.617		340.346		2413		1		0
315.579		296.457		2604		2		0
355.026		319.1		2368		2		0
405.944		319.01		2449		2		0
421.695		329.215		2429		2		0
251.26		300.977		2692		2		0
306.167		309.666		2645		2		0
339.8		298.599		2519		2		0
331.14		289.855		2605		2		0
Frame 98
314.138		304.194		2628		2		0
277.78		302.477		2679		2		0
242.461		300.493		2702		2		0
229.296		309.022		2627		2		0
245.446		313.596		2701		1		0
278.492		292.655		2701		1		0
302.814		307.786		2658		1		0
305.631		311.981		2650		1		0
258.719		290.199		2703		2		0
295.944		278.544		2720		1		0
324.617		282.25		0		1		0
328.338		292.159		2561		1		0
312.573		311.813		2637		2		0
360.889		315.705		2386		1		0
403.785		327.417		2494		2		0
417.606		340.369		2414		1		0
315.635		296.362		2611		2		0
355.035		319.092		2369		2		0
405.615		318.937		2448		2		0
421.374		329.079		2425		2		0
251.235		300.986		2694		2		0
308.25		313.5		2649		2		0
307.724		309.448		2652		2		0
340		298.333		2511		2		0
330.374		290.144		2587		2		0
Frame 99
314.139		304.189		2627		2		0
277.77		302.462		2677		2		0
242.448		300.495		2694		2		0
229.292		309.034		2629		2		0
245.442		313.588		2698		1		0
278.488		292.648		2699		1		0
302.809		307.778		2655		1		0
305.398		312.687		2651		1		0
258.747		290.237		2713		2		0
283.305		275.519		2793		1		0
311.158		284.865		2630		2		0
316.295		291.963		2609		1		0
312.566		311.809		2633		2		0
360.858		315.687		2382		2		0
403.566		327.419		2488		1		0
417.436		340.244		2406		1		0
315.659		296.338		2613		2		0
355.061		319.082		2371		2		0
403.461		318.148		2445		2		0
419.31		327.917		2433		2		0
251.219		300.983		2686		2		0
308.666		314.667		2653		2		0
304.8		309.6		2649		2		0
321.003		294.666		2574		2		0
323.68		284.308		2642		2		0
Frame 100
314.253		304.287		2622		2		0
277.779		302.469		2677		2		0
242.44		300.498		2701		2		0
229.306		309.062		2631		2		0
245.44		313.585		2700		1		0
278.486		292.645		2705		1		0
302.807		307.775		2657		1		0
305.702		311.974		2647		1		0
258.767		290.245		2709		2		0
283.313		275.5		2799		1		0
311.184		284.772		2631		2		0
316.238		291.959		2617		1		0
312.81		312.021		2632		2		0
361.575		317.871		2379		1		0
402.822		327.506		2490		2		0
416.383		339.547		2412		1		0
315.723		296.398		2605		2		0
355.064		319.078		2370		2		0
403.663		318.267		2446		2		0
419.507		328.043		2430		2		0
251.215		300.986		2692		2		0
308.667		314		2651		2		0
305.695		308.545		2652		2		0
320.877		294.877		2576		2		0
320.402		285.208		2622		2		0
Frame 101
314.243		304.481		2627		2		0
277.834		302.547		2683		2		0
242.594		300.595		2706		2		0
229.352		309.046		2631		2		0
245.477		313.596		2699		1		0
278.524		292.655		2705		1		0
302.846		307.786		2656		1		0
305.409		312.442		2651		1		0
258.777		290.31		2706		2		0
283.298		275.509		2798		1		0
311.168		284.774		2625		2		0
316.256		291.989		2610		1		0
312.732		312.358		2633		2		0
361.186		317.419		2379		1		0
402.712		327.666		2493		2		0
416.446		339.723		2417		1		0
315.746		296.575		2609		2		0
355.081		319.073		2369		2		0
403.707		318.331		2448		2		0
419.589		328.054		2431		2		0
251.332		301.076		2690		2		0
308.666		314		2651		2		0
306.381		309.081		2645		2		0
320.815		294.968		2578		2		0
320.263		285.272		2626		2		0
Frame 102
314.262		304.618		2631		2		0
277.934		302.684		2674		2		0
242.82		300.826		2690		2		0
229.488		309.222		2631		2		0
245.494		313.615		2705		1		0
278.543		292.673		2705		1		0
302.867		307.804		2656		1		0
305.553		312.222		2648		1		0
258.817		290.321		2701		2		0
283.323		275.485		2792		1		0
311.187		284.735		2628		2		0
316.12		292.086		2612		1		0
312.721		312.508		2634		2		0
361.124		317.34		2382		1		0
402.77		327.586		2496		2		0
416.544		339.659		2418		1		0
315.789		296.66		2610		2		0
355.086		319.068		2368		2		0
403.709		318.385		2448		2		0
419.57		328.174		2428		2		0
251.52		301.282		2687		2		0
310		312.5		2651		2		0
306.5		306.5		2656		2		0
320.78		294.965		2579		2		0
320.414		285.138		2622		2		0
