front
Frame 0
285.141		200.213		3669		2		0
284.871		171.587		3635		2		0
284.563		142.872		3665		2		0
283.79		128.549		3562		2		0
268.321		154.616		3675		2		0
264.041		178.154		3722		2		0
264.202		199.847		3689		2		0
264.545		206.132		3676		2		0
300.209		154.429		3676		2		0
304.799		179.843		3724		2		0
307.155		200.806		3687		2		0
305.496		206.889		3701		2		0
277.979		200.308		3680		2		0
275.315		226.08		3739		2		0
275.26		253.903		3839		2		0
275.649		261.167		3861		2		0
292.3		200.111		3672		2		0
295.324		225.7		3743		2		0
294.049		254.615		3843		2		0
294.949		261.897		3860		2		0
284.642		150.062		3658		2		0
264		213.251		3702		2		0
260.471		206.412		3681		2		0
305.497		211		3704		2		0
302.598		206.22		3713		2		0
Frame 1
285.132		200.206		3673		2		0
284.843		171.572		3620		2		0
284.519		142.848		3669		2		0
283.733		128.508		3558		2		0
268.308		154.604		3674		2		0
263.987		178.049		3723		2		0
264.186		199.852		3682		2		0
264.418		205.975		3677		2		0
300.145		154.395		3681		2		0
304.737		179.882		3728		2		0
307.16		200.833		3688		2		0
305.573		207.004		3697		2		0
277.969		200.304		3678		2		0
275.302		226.074		3744		2		0
275.235		253.942		3845		2		0
275.644		261.207		3860		2		0
292.291		200.1		3668		2		0
295.328		225.676		3751		2		0
294.025		254.414		3852		2		0
294.946		261.691		3856		2		0
284.602		150.041		3664		2		0
264.667		213.334		3706		2		0
260.414		206.909		3695		2		0
306.499		212.501		3712		2		0
302.597		206.55		3715		2		0
Frame 2
285.124		200.197		3670		2		0
284.824		171.567		3622		2		0
284.492		142.852		3675		2		0
283.666		128.533		3561		2		0
268.287		154.611		3680		2		0
263.938		178.082		3721		2		0
264.183		199.855		3686		2		0
264.462		206.155		3675		2		0
300.109		154.387		3682		2		0
304.701		179.927		3721		2		0
307.038		200.892		3689		2		0
305.601		207.154		3699		2		0
277.962		200.3		3683		2		0
275.3		226.094		3744		2		0
275.172		253.954		3841		2		0
275.579		261.218		3867		2		0
292.286		200.086		3665		2		0
295.321		225.671		3748		2		0
294.038		254.419		3854		2		0
294.958		261.694		3865		2		0
284.577		150.042		3664		2		0
264.201		213.401		3693		2		0
260.408		206.296		3703		2		0
306.5		212.501		3703		2		0
302.702		206.501		3710		2		0
Frame 3
285.046		200.174		3668		2		0
284.739		171.551		3626		2		0
284.412		142.84		3668		2		0
283.662		128.533		3566		2		0
268.23		154.641		3678		2		0
263.89		178.116		3714		2		0
264.16		199.857		3690		2		0
264.469		205.881		3688		2		0
300.077		154.395		3680		2		0
304.696		179.913		3729		2		0
307.029		200.881		3694		2		0
305.596		207.243		3698		2		0
277.866		200.28		3678		2		0
275.289		226.088		3745		2		0
275.165		253.953		3844		2		0
275.586		261.218		3866		2		0
292.228		200.063		3669		2		0
295.327		225.7		3737		2		0
294.011		254.469		3848		2		0
294.944		261.745		3881		2		0
284.495		150.03		3661		2		0
264.5		212.334		3706		2		0
260.499		209.501		3720		2		0
306.666		212.667		3703		2		0
302.548		206.745		3716		2		0
Frame 4
285.031		200.159		3668		2		0
284.702		171.538		3624		2		0
284.35		142.835		3663		2		0
283.627		128.507		3567		2		0
268.169		154.667		3672		2		0
263.863		178.097		3717		2		0
264.146		199.855		3691		2		0
264.407		206.028		3678		2		0
300.045		154.401		3676		2		0
304.673		179.922		3726		2		0
306.981		200.888		3693		2		0
305.447		206.95		3702		2		0
277.853		200.269		3678		2		0
275.281		226.033		3744		2		0
275.167		253.738		3849		2		0
275.588		260.998		3854		2		0
292.214		200.043		3670		2		0
295.292		225.739		3737		2		0
294.038		254.512		3854		2		0
294.973		261.789		3863		2		0
284.439		150.021		3661		2		0
263.777		212.445		3692		2		0
260.466		206.269		3705		2		0
304.997		211		3726		2		0
302.507		206.355		3709		2		0
Frame 5
285.034		200.155		3672		2		0
284.669		171.522		3631		2		0
284.205		142.8		3676		2		0
283.614		128.502		3561		2		0
268.148		154.682		3681		2		0
263.824		178.118		3719		2		0
264.128		199.869		3687		2		0
264.422		206.182		3672		2		0
300.006		154.421		3681		2		0
304.641		179.968		3725		2		0
306.979		200.932		3696		2		0
305.449		205.886		3702		2		0
277.853		200.269		3676		2		0
275.242		225.961		3749		2		0
275.16		253.742		3838		2		0
275.595		260.997		3858		2		0
292.224		200.032		3670		2		0
295.291		225.735		3730		2		0
294.027		254.519		3837		2		0
294.975		261.79		3868		2		0
284.329		149.991		3667		2		0
264.399		213.2		3700		2		0
260.499		206.506		3694		2		0
305.8		212.4		3712		2		0
302.5		205.505		3710		2		0
Frame 6
285.026		200.149		3676		2		0
284.632		171.513		3620		2		0
284.142		142.791		3668		2		0
283.56		128.498		3554		2		0
268.116		154.68		3672		2		0
263.801		178.11		3716		2		0
264.105		199.876		3687		2		0
264.3		206.147		3668		2		0
299.974		154.43		3680		2		0
304.623		179.978		3724		2		0
306.966		200.925		3690		2		0
305.364		205.853		3691		2		0
277.843		200.264		3677		2		0
275.224		225.968		3735		2		0
275.16		253.784		3857		2		0
275.607		261.041		3857		2		0
292.217		200.025		3669		2		0
295.297		225.763		3730		2		0
294.019		254.517		3843		2		0
294.979		261.788		3860		2		0
284.271		149.982		3663		2		0
263.714		213.429		3706		2		0
260.461		206.771		3689		2		0
305.8		212.401		3705		2		0
301.833		204.836		3695		2		0
Frame 7
285.001		200.144		3669		2		0
284.58		171.5		3617		2		0
284.084		142.771		3670		2		0
283.542		128.493		3562		2		0
268.093		154.683		3684		2		0
263.752		178.145		3719		2		0
264.108		199.866		3692		2		0
264.412		206.048		3676		2		0
299.939		154.44		3680		2		0
304.616		179.972		3726		2		0
306.912		200.923		3692		2		0
305.416		205.829		3702		2		0
277.827		200.263		3679		2		0
275.219		225.938		3737		2		0
275.142		253.777		3842		2		0
275.598		261.033		3864		2		0
292.183		200.015		3674		2		0
295.288		225.753		3733		2		0
294.018		254.517		3845		2		0
294.987		261.788		3868		2		0
284.213		149.964		3666		2		0
263.999		212.375		3706		2		0
260.5		206.004		3688		2		0
306.2		212.601		3712		2		0
302.455		207.729		3706		2		0
Frame 8
284.992		200.145		3670		2		0
284.49		171.508		3632		2		0
283.859		142.793		3670		2		0
283.521		128.479		3557		2		0
268.078		154.68		3682		2		0
263.709		178.14		3722		2		0
264.085		199.87		3690		2		0
264.428		206.248		3679		2		0
299.927		154.465		3677		2		0
304.606		179.984		3732		2		0
306.938		200.928		3692		2		0
305.446		205.415		3707		2		0
277.824		200.264		3679		2		0
275.219		225.934		3736		2		0
275.142		253.822		3840		2		0
275.615		261.078		3863		2		0
292.167		200.015		3671		2		0
295.283		225.753		3738		2		0
294.123		254.293		3855		2		0
295.112		261.556		3860		2		0
284.026		149.982		3667		2		0
264.501		213.334		3690		2		0
260.485		206.711		3693		2		0
305.985		212.143		3721		2		0
301.818		204.365		3703		2		0
Frame 9
284.96		200.127		3677		2		0
284.445		171.501		3641		2		0
283.825		142.796		3675		2		0
283.509		128.475		3554		2		0
268.072		154.665		3681		2		0
263.664		178.158		3719		2		0
264.081		199.869		3687		2		0
264.453		206.094		3673		2		0
299.901		154.466		3686		2		0
304.593		180.004		3723		2		0
306.897		200.955		3701		2		0
305.466		205.642		3699		2		0
277.8		200.25		3684		2		0
275.218		225.935		3734		2		0
275.137		253.847		3840		2		0
275.624		261.103		3863		2		0
292.127		199.993		3672		2		0
295.256		225.764		3740		2		0
294.045		254.348		3855		2		0
295.046		261.611		3865		2		0
283.987		149.983		3666		2		0
265		213.25		3715		2		0
260.487		206.687		3696		2		0
306.2		212.401		3711		2		0
301.819		204.369		3698		2		0
Frame 10
284.958		200.125		3672		2		0
284.429		171.5		3633		2		0
283.801		142.802		3670		2		0
283.5		128.47		3557		2		0
268.026		154.665		3679		2		0
263.647		178.157		3717		2		0
264.061		199.855		3693		2		0
264.454		206.12		3672		2		0
299.872		154.47		3685		2		0
304.559		179.954		3728		2		0
306.834		200.902		3699		2		0
305.486		205.692		3701		2		0
277.798		200.252		3683		2		0
275.217		225.926		3744		2		0
275.107		254.16		3849		2		0
275.595		261.422		3864		2		0
292.126		199.986		3671		2		0
295.262		225.745		3744		2		0
294.045		254.348		3849		2		0
295.047		261.609		3864		2		0
283.965		149.987		3669		2		0
264.054		213.217		3707		2		0
260.471		206.455		3696		2		0
306		212.251		3713		2		0
301.877		204.721		3711		2		0
Frame 11
284.956		200.119		3672		2		0
284.428		171.505		3634		2		0
283.812		142.824		3675		2		0
283.498		128.504		3553		2		0
268.021		154.664		3680		2		0
263.541		178.187		3722		2		0
264.052		199.861		3692		2		0
264.56		205.974		3683		2		0
299.863		154.471		3679		2		0
304.555		179.957		3733		2		0
306.838		200.904		3696		2		0
305.48		205.798		3697		2		0
277.796		200.248		3678		2		0
275.215		225.919		3738		2		0
275.094		254.137		3854		2		0
275.59		261.397		3870		2		0
292.126		199.977		3669		2		0
295.27		225.697		3748		2		0
294.049		254.353		3856		2		0
295.061		261.614		3862		2		0
283.971		150.004		3663		2		0
264.499		212.5		3697		2		0
260.267		205.402		3698		2		0
306.5		212.334		3712		2		0
302.546		206.729		3708		2		0
Frame 12
284.908		200.117		3674		2		0
284.394		171.5		3618		2		0
283.789		142.812		3672		2		0
283.497		128.482		3566		2		0
267.954		154.727		3683		2		0
263.517		178.185		3718		2		0
264.031		199.842		3684		2		0
264.344		206.139		3685		2		0
299.855		154.466		3678		2		0
304.546		179.975		3734		2		0
306.736		200.931		3699		2		0
305.334		205.549		3694		2		0
277.754		200.246		3677		2		0
275.222		225.891		3752		2		0
275.136		254.154		3853		2		0
275.617		261.417		3862		2		0
292.074		199.978		3668		2		0
295.26		225.696		3738		2		0
294.043		254.345		3847		2		0
295.038		261.608		3866		2		0
283.947		149.994		3673		2		0
263.6		213.201		3706		2		0
260.438		206.409		3697		2		0
306		212.251		3714		2		0
301.643		204.289		3700		2		0
Frame 13
284.914		200.129		3673		2		0
284.38		171.504		3632		2		0
283.765		142.807		3674		2		0
283.492		128.511		3556		2		0
267.95		154.735		3682		2		0
263.514		178.167		3717		2		0
264.021		199.839		3692		2		0
264.402		206.139		3676		2		0
299.852		154.455		3678		2		0
304.542		179.992		3727		2		0
306.746		200.942		3692		2		0
305.371		205.719		3701		2		0
277.766		200.263		3683		2		0
275.232		225.935		3742		2		0
275.127		254.164		3848		2		0
275.619		261.428		3857		2		0
292.075		199.984		3669		2		0
295.257		225.703		3738		2		0
294.042		254.356		3842		2		0
295.048		261.62		3865		2		0
283.925		149.992		3665		2		0
264.5		213.334		3701		2		0
260.441		206.591		3688		2		0
306		212.251		3709		2		0
301.808		204.829		3704		2		0
Frame 14
284.915		200.126		3675		2		0
284.363		171.502		3640		2		0
283.726		142.804		3661		2		0
283.496		128.538		3557		2		0
267.951		154.727		3680		2		0
263.502		178.18		3720		2		0
264.012		199.846		3683		2		0
264.431		206.181		3681		2		0
299.831		154.451		3681		2		0
304.51		180.061		3733		2		0
306.764		200.997		3692		2		0
305.402		205.79		3705		2		0
277.767		200.263		3683		2		0
275.217		225.945		3746		2		0
275.109		254.096		3840		2		0
275.608		261.357		3859		2		0
292.075		199.978		3672		2		0
295.206		225.947		3744		2		0
294.04		254.359		3853		2		0
295.053		261.623		3862		2		0
283.891		149.989		3666		2		0
264.558		213.182		3710		2		0
260.5		209.5		3705		2		0
306.8		212.4		3711		2		0
302.168		206.921		3714		2		0
Frame 15
284.918		200.134		3667		2		0
284.341		171.504		3617		2		0
283.648		142.785		3660		2		0
283.466		128.59		3549		2		0
267.933		154.755		3678		2		0
263.485		178.162		3721		2		0
263.999		199.903		3680		2		0
264.333		206.222		3681		2		0
299.812		154.449		3679		2		0
304.504		180.063		3718		2		0
306.723		201.003		3692		2		0
305.361		205.766		3701		2		0
277.77		200.27		3686		2		0
275.242		226.004		3752		2		0
275.059		253.939		3831		2		0
275.55		261.201		3858		2		0
292.08		199.989		3660		2		0
295.197		226.122		3745		2		0
294.028		254.647		3831		2		0
295.035		261.92		3860		2		0
283.829		149.978		3662		2		0
264		213.501		3698		2		0
260.499		207.003		3698		2		0
306.499		212.334		3704		2		0
301.948		205.718		3695		2		0
Frame 16
284.907		200.139		3673		2		0
284.296		171.503		3633		2		0
283.573		142.764		3652		2		0
283.462		128.572		3554		2		0
267.901		154.765		3678		2		0
263.407		178.21		3720		2		0
263.989		199.915		3685		2		0
264.356		206.182		3679		2		0
299.81		154.449		3675		2		0
304.494		180.083		3723		2		0
306.645		201.025		3695		2		0
305.274		205.816		3694		2		0
277.758		200.278		3682		2		0
275.245		226.01		3745		2		0
275.09		253.926		3839		2		0
275.585		261.191		3854		2		0
292.068		199.994		3664		2		0
295.142		226.205		3745		2		0
294.044		254.667		3842		2		0
295.054		261.944		3859		2		0
283.76		149.962		3661		2		0
263.399		213.2		3711		2		0
260.333		209.666		3711		2		0
306		212.501		3710		2		0
302.077		206.737		3710		2		0
Frame 17
284.87		200.155		3669		2		0
284.263		171.507		3630		2		0
283.549		142.741		3651		2		0
283.396		128.632		3543		2		0
267.88		154.778		3674		2		0
263.342		178.254		3721		2		0
263.957		199.928		3689		2		0
264.299		206.187		3683		2		0
299.78		154.463		3674		2		0
304.492		180.098		3719		2		0
306.615		201.048		3691		2		0
305.349		205.753		3691		2		0
277.736		200.294		3671		2		0
275.262		226.027		3743		2		0
275.086		253.979		3840		2		0
275.559		261.251		3860		2		0
292.006		200.012		3669		2		0
295.121		226.392		3743		2		0
294.047		254.68		3851		2		0
295.035		261.965		3851		2		0
283.732		149.95		3666		2		0
263.6		213.201		3713		2		0
260.499		207.004		3697		2		0
306.024		212.247		3715		2		0
301.715		204.931		3700		2		0
Frame 18
284.884		200.195		3665		2		0
284.223		171.564		3627		2		0
283.44		142.814		3641		2		0
283.324		128.688		3532		2		0
267.826		154.79		3680		2		0
263.308		178.251		3715		2		0
263.944		199.943		3685		2		0
264.306		206.368		3676		2		0
299.767		154.46		3668		2		0
304.53		180.05		3718		2		0
306.641		201.023		3687		2		0
305.402		205.904		3684		2		0
277.744		200.35		3669		2		0
275.31		226.216		3737		2		0
275.057		253.955		3841		2		0
275.526		261.235		3858		2		0
292.026		200.041		3661		2		0
295.127		226.636		3731		2		0
294.067		254.77		3841		2		0
295.053		262.063		3871		2		0
283.641		150.019		3649		2		0
263.715		213.43		3701		2		0
260.48		207.717		3708		2		0
306		212.501		3706		2		0
302.5		208.501		3705		2		0
Frame 19
284.804		200.263		3661		2		0
284.091		171.645		3623		2		0
283.296		142.891		3638		2		0
283.265		128.765		3535		2		0
267.809		154.93		3677		2		0
263.209		178.272		3722		2		0
263.893		199.929		3686		2		0
264.141		206.318		3680		2		0
299.703		154.577		3667		2		0
304.531		180.147		3713		2		0
306.517		201.163		3685		2		0
305.414		206.049		3699		2		0
277.641		200.429		3676		2		0
275.332		226.271		3728		2		0
275.052		253.932		3835		2		0
275.478		261.22		3859		2		0
291.969		200.1		3663		2		0
295.067		226.688		3727		2		0
294.016		254.709		3848		2		0
294.956		262.01		3856		2		0
283.498		150.098		3651		2		0
263.834		213.334		3703		2		0
259.699		207.302		3712		2		0
306.285		212.429		3706		2		0
302.144		206.646		3698		2		0
Frame 20
284.76		200.332		3663		2		0
284.09		171.737		3612		2		0
283.396		143.001		3655		2		0
283.152		128.829		3533		2		0
267.741		154.956		3661		2		0
263.111		178.26		3717		2		0
263.85		199.93		3681		2		0
264.264		206.477		3673		2		0
299.597		154.605		3660		2		0
304.502		180.034		3706		2		0
306.407		201.073		3686		2		0
305.441		206.206		3679		2		0
277.594		200.492		3667		2		0
275.37		226.297		3732		2		0
275.099		253.928		3836		2		0
275.432		261.228		3860		2		0
291.933		200.175		3657		2		0
295.008		226.798		3728		2		0
294.056		254.673		3839		2		0
294.904		261.99		3854		2		0
283.567		150.204		3641		2		0
264.002		213.375		3676		2		0
260.499		209.666		3711		2		0
306		213.251		3712		2		0
301.962		207.199		3698		2		0
Frame 21
284.68		200.43		3658		2		0
283.983		171.826		3608		2		0
283.282		143.032		3650		2		0
283.064		128.809		3515		2		0
267.514		154.962		3654		2		0
262.954		178.278		3704		2		0
263.774		199.888		3674		2		0
264.032		206.449		3672		2		0
299.595		154.681		3650		2		0
304.475		179.914		3696		2		0
306.36		200.993		3675		2		0
305.274		206.029		3682		2		0
277.547		200.577		3664		2		0
275.424		226.478		3722		2		0
275.067		253.931		3833		2		0
275.4		261.252		3857		2		0
291.816		200.282		3649		2		0
294.937		227.09		3728		2		0
293.848		255.282		3846		2		0
294.691		262.633		3867		2		0
283.454		150.253		3638		2		0
263.625		213.376		3694		2		0
259.399		209.2		3714		2		0
306		213.25		3719		2		0
301.918		206.92		3687		2		0
Frame 22
284.489		200.595		3644		2		0
283.7		171.986		3596		2		0
282.913		143.144		3645		2		0
282.888		128.907		3506		2		0
267.342		155.018		3654		2		0
262.82		178.389		3706		2		0
263.668		199.894		3681		2		0
264.041		206.729		3668		2		0
299.424		154.668		3640		2		0
304.571		179.853		3696		2		0
306.424		200.994		3667		2		0
305.538		206.266		3667		2		0
277.35		200.757		3657		2		0
275.535		226.714		3717		2		0
275.066		254.013		3821		2		0
275.203		261.364		3853		2		0
291.639		200.428		3647		2		0
294.699		227.449		3716		2		0
293.84		255.215		3838		2		0
294.485		262.594		3860		2		0
283.108		150.381		3628		2		0
263.5		213.4		3685		2		0
259.699		207.603		0		2		0
306.778		212.445		3684		2		0
301.75		205.587		3675		2		0
Frame 23
284.361		200.75		3643		2		0
283.52		172.136		3593		2		0
282.686		143.233		3619		2		0
282.787		128.926		3502		2		0
267.072		155.205		3638		2		0
262.645		178.466		3699		2		0
263.517		199.814		3664		2		0
263.925		207.215		3653		2		0
299.383		154.791		3625		2		0
304.629		179.866		3687		2		0
306.406		201.064		3659		2		0
305.579		206.393		3674		2		0
277.229		200.927		3658		2		0
275.623		226.819		3717		2		0
275.066		254.007		3835		2		0
275.216		261.391		3869		2		0
291.508		200.566		3639		2		0
294.706		227.416		3709		2		0
293.876		255.178		3844		2		0
294.535		262.59		3858		2		0
282.893		150.491		3621		2		0
264.167		214.167		3689		2		0
259.529		208.493		3696		2		0
306		213.251		3690		2		0
302.5		208.5		3685		2		0
Frame 24
284.273		201.003		3639		2		0
283.369		172.301		3579		2		0
282.48		143.303		3619		2		0
282.603		128.959		3479		2		0
266.925		155.258		3633		2		0
262.51		178.703		3695		2		0
263.239		199.96		3661		2		0
263.881		207.367		3647		2		0
299.307		154.671		3614		2		0
304.678		179.766		3680		2		0
306.615		201.005		3647		2		0
305.648		206.416		3651		2		0
277.095		201.174		3643		2		0
275.671		226.844		3702		2		0
275.195		254.11		3828		2		0
275.157		261.506		3854		2		0
291.469		200.828		3631		2		0
294.445		227.8		3702		2		0
293.926		255.272		3835		2		0
294.394		262.692		3854		2		0
282.701		150.583		3607		2		0
263.836		214.335		3670		2		0
259.555		208.223		3668		2		0
306.4		213.201		3681		2		0
302.101		207.304		3676		2		0
Frame 25
284.251		201.174		3627		2		0
283.254		172.386		3575		2		0
282.249		143.263		3600		2		0
282.341		128.948		3465		2		0
266.697		155.257		3627		2		0
262.421		178.886		3684		2		0
263.09		200.043		3641		2		0
263.913		207.301		3627		2		0
299.14		154.741		3610		2		0
304.845		179.532		3668		2		0
306.678		200.813		3641		2		0
305.966		206.553		3647		2		0
277.038		201.366		3637		2		0
275.706		226.971		3712		2		0
275.244		254.264		3822		2		0
275.185		261.694		3859		2		0
291.49		200.976		3624		2		0
294.284		228.124		3705		2		0
293.954		255.365		3838		2		0
294.4		262.815		3855		2		0
282.501		150.579		3600		2		0
264.222		214.445		3659		2		0
259.999		208.499		0		2		0
306.166		213.334		3673		2		0
302.5		208		3668		2		0
Frame 26
284.106		201.294		3620		2		0
283.084		172.474		3555		2		0
282.068		143.283		3582		2		0
282.098		128.912		3456		2		0
266.497		155.322		3616		2		0
262.341		178.886		3679		2		0
262.82		200.212		3625		2		0
263.509		207.323		3621		2		0
299.124		154.607		3594		2		0
305.11		179.295		3657		2		0
306.775		200.654		3624		2		0
305.843		206.465		3632		2		0
276.885		201.503		3631		2		0
275.786		227.185		3709		2		0
275.288		254.454		3818		2		0
275.252		261.924		3849		2		0
291.352		201.08		3618		2		0
294.237		228.286		3696		2		0
293.898		255.658		3822		2		0
294.364		263.151		3848		2		0
282.321		150.62		3584		2		0
264.377		214.375		3646		2		0
259.769		208.926		3652		2		0
306.166		213.334		3657		2		0
302.5		207.001		3652		2		0
Frame 27
284.07		201.627		3606		2		0
282.957		172.719		3543		2		0
281.844		143.415		3567		2		0
281.578		129.047		3443		2		0
266.336		155.349		3598		2		0
262.4		178.923		3660		2		0
262.671		200.207		3609		2		0
263.472		207.317		3602		2		0
299.098		154.491		3580		2		0
305.491		178.912		3656		2		0
307.1		200.327		3610		2		0
306.014		206.367		3611		2		0
276.83		201.901		3618		2		0
275.821		227.563		3690		2		0
275.261		254.749		3821		2		0
275.222		262.246		3840		2		0
291.333		201.354		3608		2		0
294.143		228.519		3676		2		0
293.805		255.933		3820		2		0
294.265		263.457		3854		2		0
282.122		150.782		3570		2		0
263.665		214.334		3627		2		0
259.998		208.557		3642		2		0
305.799		213.401		3637		2		0
302.5		206.003		3642		2		0
Frame 28
283.876		202.005		3600		2		0
282.857		173.09		3519		2		0
281.869		143.739		3544		2		0
281.433		129.409		3427		2		0
266.143		155.306		3585		2		0
261.824		178.862		3647		2		0
262.422		201.122		3581		2		0
263.592		207.279		3576		2		0
298.91		154.74		3558		2		0
305.908		178.642		3650		2		0
307.301		200.013		3592		2		0
306.113		206.132		3587		2		0
276.66		202.192		3609		2		0
275.738		227.787		3680		2		0
275.213		254.954		3821		2		0
274.918		262.495		3859		2		0
291.117		201.83		3595		2		0
294.013		228.641		3666		2		0
293.63		256.134		3817		2		0
293.83		263.704		3847		2		0
282.113		151.122		3550		2		0
264		214.375		3605		2		0
259.636		207.456		3618		2		0
306.166		212.334		3619		2		0
302.5		206.5		3622		2		0
Frame 29
283.762		202.273		3581		2		0
282.772		173.438		3512		2		0
281.817		144.111		3535		2		0
281.168		129.71		3398		2		0
265.723		155.45		3565		2		0
261.113		178.793		3634		2		0
262.109		200.669		3560		2		0
263.304		207.569		3550		2		0
298.911		154.971		3542		2		0
306.554		177.716		3638		2		0
307.913		199.426		3576		2		0
306.303		206.089		3575		2		0
276.509		202.27		3603		2		0
275.624		227.92		3685		2		0
275.143		255.09		3817		2		0
274.989		262.707		3847		2		0
291.039		202.287		3586		2		0
293.639		229.396		3650		2		0
293.394		256.165		3799		2		0
293.73		263.825		3845		2		0
282.054		151.495		3527		2		0
264.5		214.501		3578		2		0
259.799		209.602		3596		2		0
306.284		212.429		3604		2		0
302.467		206.732		3618		2		0
Frame 30
283.742		202.617		3568		2		0
282.707		173.757		3502		2		0
281.69		144.366		3512		2		0
280.98		129.938		3378		2		0
265.551		155.88		3545		2		0
260.861		178.614		3616		2		0
262.012		200.426		3529		2		0
262.97		207.32		3513		2		0
298.814		155.099		3527		2		0
307.096		177.252		3627		2		0
308.552		199.165		3560		2		0
307.393		204.873		3556		2		0
276.408		202.519		3578		2		0
275.413		228.29		3672		2		0
275.035		255.346		3809		2		0
274.955		262.981		3849		2		0
291.107		202.722		3570		2		0
293.545		229.905		3626		2		0
293.371		256.281		3790		2		0
293.784		263.979		3830		2		0
281.943		151.768		3517		2		0
264.748		214.002		3523		2		0
260.783		206.57		3528		2		0
306.777		211.445		3578		2		0
303.6		205.898		3603		2		0
Frame 31
283.58		203.387		3553		2		0
282.497		174.517		3478		2		0
281.412		145.027		3497		2		0
280.874		130.514		3350		2		0
265.347		156.614		3524		2		0
259.9		178.568		3583		2		0
261.814		200.707		3488		2		0
262.943		207.857		3478		2		0
298.673		155.325		3509		2		0
307.95		176.796		3615		2		0
309.097		198.928		3537		2		0
308.257		204.33		3525		2		0
276.142		203.544		3568		2		0
275.248		228.518		3661		2		0
274.868		255.37		3809		2		0
274.805		263.09		3842		2		0
291.037		203.26		3557		2		0
293.321		230.47		3595		2		0
293.305		255.827		3762		2		0
293.741		263.663		3826		2		0
281.685		152.464		3487		2		0
265.749		214.002		3488		2		0
260.6		210.8		3497		2		0
307.777		210.445		3550		2		0
304.4		205.399		3593		2		0
Frame 32
283.366		204.268		3528		2		0
282.262		175.303		3456		2		0
281.162		145.63		3448		2		0
280.671		130.87		3331		2		0
265.155		157.141		3499		2		0
259.304		178.56		3561		2		0
261.586		200.799		3444		2		0
262.839		208.091		3442		2		0
298.766		155.751		3482		2		0
308.43		176.372		3606		2		0
310.242		197.879		3513		2		0
309.139		203.145		3503		2		0
275.861		204.58		3553		2		0
274.978		228.911		3648		2		0
274.801		255.428		3788		2		0
275.034		263.205		3833		2		0
290.9		203.963		3535		2		0
292.816		231.199		3571		2		0
293.271		256.12		3751		2		0
294.009		264.031		3808		2		0
281.437		153.121		3465		2		0
266.098		214.203		3441		2		0
260.749		210.666		3474		2		0
308.5		209.501		3515		2		0
305.5		204.999		3551		2		0
Frame 33
283.184		204.869		3507		2		0
282.099		175.93		3433		2		0
281.017		146.257		3435		2		0
280.504		131.651		3297		2		0
264.964		157.708		3477		2		0
258.889		179.281		3516		2		0
261.102		200.674		3410		2		0
263.284		208.354		3390		2		0
298.69		156.252		3463		2		0
309.411		176.125		3576		2		0
311.031		197.584		3493		2		0
309.064		203.23		3491		2		0
275.595		205.269		3535		2		0
275.09		229.601		3621		2		0
274.712		255.573		3779		2		0
274.678		263.438		3827		2		0
290.799		204.475		3513		2		0
292.874		231.988		3531		2		0
293.299		256.481		3708		2		0
293.773		264.567		3790		2		0
281.288		153.75		3447		2		0
266.452		214.275		3403		2		0
261.2		211.201		3411		2		0
308.713		210.145		3506		2		0
302.25		203.748		3561		2		0
Frame 34
283.172		205.54		3490		2		0
281.887		176.547		3414		2		0
280.575		146.772		3379		2		0
280.391		132.139		3276		2		0
264.831		158.516		3446		2		0
258.56		180.305		3484		2		0
261.091		201.454		3370		2		0
263.231		208.925		3345		2		0
298.481		156.586		3437		2		0
310.646		176.422		3560		2		0
311.975		197.604		3478		2		0
310.826		203.22		3466		2		0
275.47		205.93		3511		2		0
274.937		229.526		3589		2		0
275.125		255.566		3758		2		0
275.261		263.499		3819		2		0
290.911		205.15		3489		2		0
292.657		233.019		3496		2		0
293.571		256.527		3667		2		0
294.22		264.708		3769		2		0
280.906		154.295		3416		2		0
266.6		214.502		3338		2		0
261.498		212.497		3374		2		0
309.714		210.003		3488		2		0
307.494		204.816		3492		2		0
Frame 35
283.129		206.512		3464		2		0
281.901		177.579		3396		2		0
280.667		147.835		3349		2		0
280.122		133.473		3245		2		0
264.812		159.166		3414		2		0
257.979		181.135		3442		2		0
260.945		202.376		3332		2		0
263.447		209.872		3304		2		0
298.548		157.43		3405		2		0
310.808		176.569		3546		2		0
313.234		197.723		3451		2		0
312.136		202.94		3444		2		0
275.372		206.961		3487		2		0
275.466		230.323		3564		2		0
275.259		255.514		3723		2		0
275.474		263.573		3804		2		0
290.908		206.062		3470		2		0
292.656		233.374		3468		2		0
294.074		256.361		3619		2		0
294.823		264.715		3745		2		0
280.977		155.353		3390		2		0
266.618		215.465		3300		2		0
261.801		213.904		3315		2		0
311.445		209.669		3445		2		0
309		203.598		0		2		0
Frame 36
283.297		207.798		3449		2		0
282.146		178.844		3366		2		0
280.992		149.022		3336		2		0
280.37		134.375		3214		2		0
264.305		160.44		3390		2		0
257.848		182.714		3411		2		0
261.1		203.256		3289		2		0
263.782		211.038		3260		2		0
298.799		158.152		3386		2		0
311.716		177.015		3517		2		0
314.392		197.643		3421		2		0
313.268		203.01		3417		2		0
275.455		208.23		3470		2		0
275.149		232.288		3523		2		0
275.667		255.705		3690		2		0
276.067		263.882		3776		2		0
291.174		207.358		3449		2		0
292.62		234.645		3438		2		0
294.721		260.219		3642		2		0
295.657		268.664		3766		1		0
281.281		156.566		3364		2		0
267.19		216.504		3254		2		0
261.801		215.803		3282		2		0
312.625		209.752		3417		2		0
309.916		204.999		0		2		0
Frame 37
283.92		209.426		3426		2		0
282.252		180.615		3344		2		0
280.488		150.955		3283		2		0
280.74		136.42		3180		2		0
264.3		162.25		3350		2		0
257.224		184.678		3371		2		0
261.41		204.734		3240		2		0
264.098		212.439		3206		2		0
299.124		160.043		3357		2		0
312.18		177.43		3493		2		0
315.37		197.949		3397		2		0
314.414		203.661		3388		2		0
276.005		210.015		3439		2		0
275.502		234.852		3488		2		0
275.323		255.821		3618		2		0
275.682		264.193		3753		2		0
291.87		208.835		3415		2		0
292.805		236.638		3397		2		0
295.676		260.556		3580		2		0
296.612		269.191		3746		2		0
280.941		158.457		3331		2		0
267.423		217.899		3198		2		0
262.001		216.628		3221		2		0
313.443		210.557		3399		2		0
311.453		204.365		3415		2		0
Frame 38
284.21		211.415		3399		2		0
282.258		182.73		3311		2		0
280.228		153.067		3278		2		0
280.9		137.516		3142		2		0
264.041		163.507		3324		2		0
257.189		186.192		3332		2		0
261.519		205.683		3205		2		0
264.164		213.97		3167		2		0
299.474		161.576		3322		2		0
313.044		178.998		3463		2		0
316.338		199.626		3364		2		0
315.229		204.73		3346		2		0
276.269		212.225		3419		2		0
274.911		237.616		3452		2		0
275.641		259.5		3602		2		0
276.153		268.025		3763		2		0
292.173		210.614		3396		2		0
292.829		237.066		3375		2		0
295.824		261.159		3543		2		0
296.913		269.885		3716		1		0
280.742		160.583		3306		2		0
268.047		219.734		3151		2		0
263.501		219.599		3179		2		0
313.498		211.835		3385		2		0
311.667		207.5		3383		2		0
Frame 39
284.995		214.398		3368		2		0
282.909		185.592		3281		2		0
280.769		155.788		3218		2		0
281.023		140.937		3113		2		0
263.927		167.609		3297		2		0
256.398		190.345		3284		2		0
261.561		208.081		3164		2		0
264.545		216.38		3124		2		0
299.887		164.505		3293		2		0
313.983		180.053		3437		2		0
317.604		200.603		3329		2		0
316.059		205.626		3317		2		0
276.899		215.008		3399		2		0
275.147		240.796		3410		2		0
276.409		263.151		3605		2		0
276.897		272.026		3768		1		0
293.114		213.778		3365		2		0
295.393		240.379		3342		2		0
295.972		265.335		3571		2		0
297.041		274.537		3607		1		0
281.31		163.34		3274		2		0
268		222.233		3113		2		0
262.088		220.083		3128		2		0
314.996		212.003		3348		2		0
312.726		206.182		3354		2		0
Frame 40
285.627		217.608		3350		2		0
283.274		189.155		3269		2		0
280.805		159.383		3203		2		0
281.241		143.878		3076		2		0
263.859		169.535		3256		2		0
256.456		192.529		3248		2		0
261.778		211.724		3115		2		0
265.04		220.004		3066		2		0
300.091		166.747		3261		2		0
315.12		181.78		3400		2		0
317.969		201.597		3281		2		0
316.533		206.861		3265		2		0
277.598		218.488		3364		2		0
274.808		244.77		3371		2		0
277.955		271.264		3743		1		0
278.636		280.744		3434		1		0
293.687		216.749		3342		2		0
296.245		243.567		3311		2		0
295.313		271.755		3678		2		0
296.518		281.437		3403		1		0
281.43		166.944		3243		2		0
268.955		225.815		3049		2		0
262.597		223.691		3076		2		0
316.304		212.312		3270		2		0
313.567		207.647		3310		2		0
Frame 41
286.23		221.792		3311		2		0
283.86		193.349		3241		2		0
281.438		163.898		3168		2		0
281.399		148.75		3049		2		0
264.278		173.734		3214		2		0
256.499		196.929		3204		2		0
262.056		215.22		3062		2		0
265.095		223.641		3023		2		0
300.456		170.994		3226		2		0
315.649		183.37		3372		2		0
318.349		202.652		3237		2		0
316.92		208.252		3227		2		0
278.056		222.675		3335		2		0
274.734		249.22		3328		2		0
276.317		277.269		3497		1		0
275.82		263.936		3357		2		0
294.446		220.899		3312		2		0
298.574		247.874		3289		2		0
295.32		277.362		3475		1		0
294.968		265.365		3298		2		0
282.054		171.4		3199		2		0
268.959		229.298		3003		2		0
264.503		229.878		3027		2		0
316.663		213.283		3216		2		0
313.25		210.163		3240		2		0
Frame 42
286.46		226.209		3285		2		0
283.924		197.991		3210		2		0
281.307		168.53		3137		2		0
281.765		153.122		3015		2		0
264.212		177.987		3175		2		0
256.226		201.205		3149		2		0
262.041		220.576		3007		2		0
265.614		228.985		2967		2		0
301.209		175.036		3200		2		0
317.33		185.688		3326		2		0
319.397		204.473		3176		2		0
317.704		210.01		3144		2		0
278.321		227.067		3305		2		0
274.164		253.775		3300		2		0
277.672		281.178		3414		1		0
276.413		268.026		3321		2		0
294.621		225.316		3280		2		0
299.285		252.49		3251		2		0
295.671		282.005		3388		1		0
295.885		270.015		3270		1		0
281.97		176.014		3168		2		0
269.562		234.926		2943		2		0
263.428		233.215		2976		2		0
317.331		214.838		3144		2		0
313.763		211.639		3203		2		0
Frame 43
287.28		231.579		3260		2		0
284.266		203.306		3183		2		0
281.145		173.775		3085		2		0
282.031		158.871		2980		2		0
264.413		183.784		3131		2		0
255.749		207.135		3087		2		0
262.336		227.244		2952		2		0
265.924		235.558		2907		2		0
301.577		179.318		3157		2		0
319.092		188.943		3272		2		0
320.069		206.971		3111		2		0
318.575		212.882		3070		2		0
279.206		232.719		3281		2		0
274.833		259.564		3269		2		0
275.477		287.255		3314		1		0
274.016		276.221		3316		2		0
295.368		230.44		3261		2		0
298.954		258.053		3221		2		0
297.421		288.149		3291		1		0
297.152		275.28		3235		1		0
281.936		181.285		3131		2		0
270.001		241.178		2877		2		0
265.5		243		2929		2		0
317.699		217.558		3081		2		0
313.665		216.164		3140		2		0
Frame 44
287.838		238.077		3233		2		0
284.378		209.891		3131		2		0
280.774		180.319		3057		2		0
282.167		165.883		2938		2		0
264.435		191.006		3073		2		0
255.12		214.405		3029		2		0
262.764		235.279		2888		2		0
266.422		244.134		2825		2		0
302.148		185.995		3121		2		0
321.966		195.619		3202		2		0
321.318		211.519		3026		2		0
319.77		215.888		2993		2		0
279.79		239.197		3257		2		0
275.668		265.344		3233		2		0
275.357		275.689		3251		2		0
277.429		286.073		3325		2		0
295.889		236.96		3232		2		0
299.325		264.902		3199		2		0
298.765		296.272		3066		1		0
301.247		280.893		3199		2		0
281.689		187.853		3092		2		0
270.94		250.414		2799		2		0
263.714		247.855		2816		2		0
318.497		220.685		3000		2		0
317.428		213.855		3054		2		0
Frame 45
288.205		242.822		3218		2		0
284.525		216.156		3072		2		0
280.626		187.567		3007		2		0
282.504		173.275		2889		2		0
264.927		199.04		3010		2		0
257.515		223.326		2957		2		0
263.57		247.108		2808		2		0
266.956		255.883		2758		2		0
302.475		192.197		3077		2		0
323.885		201.466		3123		2		0
322.82		215.284		2952		2		0
320.813		222.158		2891		2		0
280.287		243.786		3228		2		0
276.409		269.546		3221		2		0
274.888		284.419		3231		1		0
277.356		274.09		3223		2		0
296.109		241.924		3207		2		0
298.414		266.441		3188		2		0
298.728		276.995		3177		2		0
302.349		287.85		3193		2		0
281.62		194.875		3045		2		0
270.41		262.767		2720		2		0
263.401		260.896		2744		2		0
320.479		226.122		2904		2		0
315.11		223.22		2958		2		0
Frame 46
288.162		250.545		3195		2		0
284.906		224.278		3022		2		0
281.439		196.143		2949		2		0
282.934		181.038		2828		2		0
265.207		207.175		2940		2		0
259.499		232.75		2879		2		0
263.463		256.609		2755		2		0
265.992		266.7		2706		2		0
302.807		200.211		3025		2		0
326.412		210.399		3025		2		0
323.777		223.288		2852		2		0
321.806		229.587		2789		2		0
280.318		251.898		3207		2		0
280.59		277.25		3224		2		0
278.958		291.633		3220		1		0
281.453		281.324		3235		1		0
295.97		249.201		3190		2		0
297.237		277.706		3178		2		0
320.713		292.351		3149		1		0
308.422		287.472		3287		2		0
282.327		203.367		3000		2		0
269.618		275.076		2641		2		0
262.544		272.084		2681		2		0
320.633		233.909		2788		2		0
316.868		230.991		2836		2		0
Frame 47
287.457		256.345		3182		2		0
284.9		231.934		2961		2		0
282.132		205.351		2874		2		0
283.277		189.918		2748		2		0
266.44		214.607		2874		2		0
261.452		240.728		2811		2		0
264.458		269.511		2676		2		0
266.44		280.954		2637		2		0
303.417		208.222		2965		2		0
327.217		221.248		2913		2		0
324.897		232.996		2750		2		0
322.721		239.185		2672		2		0
279.916		257.971		3196		2		0
278.662		283.812		3210		1		0
277.032		298.24		2960		1		0
279.794		283.322		3214		2		0
294.941		254.679		3173		2		0
298.29		277.343		3167		2		0
299.993		280.903		3165		2		0
297.887		292.429		3179		1		0
282.845		212.219		2928		2		0
268.313		290.153		2580		2		0
262.055		282.373		2663		2		0
320.397		243.467		2657		2		0
317.001		240.993		2667		2		0
Frame 48
288.307		259.243		3169		2		0
286.245		238.426		2905		2		0
283.634		214.134		2787		2		0
283.634		198.945		2660		2		0
267.811		223.411		2794		2		0
263.36		250.881		2742		2		0
265.891		283.491		2615		2		0
265.672		295.631		2582		2		0
302.655		218.517		2894		2		0
327.282		231.92		2816		2		0
324.028		247.771		2617		2		0
323.598		253.315		2582		2		0
281.151		262.402		3182		2		0
279.822		290.015		3216		1		0
278.179		304.454		2834		1		0
280.953		289.494		3220		1		0
295.472		256.441		3161		2		0
304.383		277.083		3160		2		0
304.744		281.142		3163		1		0
294.755		286.469		3205		2		0
284.312		220.463		2864		2		0
265.314		305.125		2558		2		0
260.998		301.572		0		2		0
322.494		256.835		2527		2		0
316.494		255.254		2550		2		0
Frame 49
289.259		259.633		3154		2		0
289.603		244.305		2861		2		0
289.234		226.62		2782		2		0
284.941		212.265		2596		2		0
267.076		233.064		2710		2		0
264.931		262.383		2666		2		0
266.861		297.212		2578		2		0
264.482		309.661		2548		2		0
303.567		227.049		2814		2		0
326.114		244.682		2704		2		0
323.717		264.47		2513		2		0
323.497		269.083		2519		2		0
282.06		262.408		3177		2		0
281.093		287.419		3242		1		0
279.437		301.919		2927		1		0
282.818		315.395		2709		1		0
296.39		257.062		3162		2		0
304.001		278.88		3164		2		0
304.555		282.904		3165		1		0
294.597		288.597		3222		1		0
289.33		231.26		2802		2		0
263.411		318.999		2520		2		0
259.908		317.18		2531		2		0
327.44		275.334		2460		2		0
315.832		274.335		2503		2		0
Frame 50
293.021		262.075		3170		2		0
290.105		247.267		2737		2		0
286.69		229.897		2511		2		0
283.668		217.575		2462		2		0
267.14		244.187		2640		2		0
265.501		274.678		2616		2		0
266.542		306.392		2562		2		0
262.5		314.1		2545		2		0
304.791		231.361		2674		2		0
323.623		255.096		2608		2		0
324.646		282.724		2426		2		0
323.048		290.172		2416		2		0
286.787		264.85		0		2		0
282.857		294.868		3241		1		0
281.208		309.159		2798		1		0
278.01		309.989		2800		1		0
299.233		259.314		3135		2		0
309.81		281.786		0		1		0
310.513		285.889		3398		1		0
300.392		291.531		3218		1		0
287.597		234.516		2555		2		0
257.648		318.831		2601		2		0
259.081		310.918		2561		2		0
324.572		298.287		2366		2		0
317.565		290.188		2422		2		0
Frame 51
294.54		272.621		3193		2		0
291.234		258.713		2691		2		0
287.336		242.306		2444		2		0
284.427		229.914		2388		2		0
266.27		254.443		2580		2		0
263.944		284.464		2592		2		0
264.388		316.217		2575		2		0
263.175		316.852		2572		1		0
305.035		244.053		2599		2		0
322.917		269.805		2515		2		0
324.45		303.079		2355		2		0
322.734		310.144		2349		2		0
287.107		273.09		4128		2		0
282.883		305.741		2878		1		0
281.181		320.389		2677		1		0
277.88		321.716		2671		1		0
302.061		272.15		3151		2		0
310.679		292.478		3242		1		0
311.405		296.726		3123		1		0
300.967		302.549		2938		1		0
288.374		246.679		2466		2		0
262.669		319		2570		2		0
258.499		315		2586		2		0
322.5		320.503		2302		2		0
321.199		302.4		2357		2		0
Frame 52
300.103		284.735		3243		2		0
296.926		271.383		0		2		0
293.166		255.573		2408		2		0
285.16		243.078		2338		2		0
264.123		263.206		2515		2		0
261.522		289.608		2588		2		0
262.761		321.509		2588		1		0
262.758		330.93		2568		1		0
306.94		256.584		2514		2		0
324.447		284.536		2439		2		0
323.98		317.927		2305		2		0
323.836		331.973		2287		2		0
292.321		284.808		3392		2		0
289.495		318.731		2701		1		0
287.696		333.672		2477		1		0
284.58		335.604		2452		1		0
308.016		284.665		3418		2		0
318.236		305.387		2423		1		0
318.992		309.773		0		1		0
308.256		315.761		2661		1		0
294.169		259.792		2479		2		0
262.251		333.103		2560		1		0
258.086		329.055		2574		1		0
323.273		342.333		2269		2		0
321.4		340.297		2260		2		0
Frame 53
299.933		296.052		3103		2		0
296.898		283.692		0		2		0
293.304		269.054		2354		2		0
286.288		256.378		2262		2		0
263.198		266.57		2481		2		0
258.112		294.756		2602		2		0
262.879		325.47		2587		1		0
264.855		335.004		2539		1		0
308.008		268.393		2436		2		0
328.606		295.604		0		2		0
320.17		328.64		2350		2		0
325.212		335.75		2287		1		0
291.741		293.57		3215		2		0
289.62		332.008		2498		1		0
287.776		347.118		2306		1		0
282.337		340.181		2412		1		0
308.383		298.612		3002		2		0
318.959		318.688		2397		1		0
319.728		323.178		2365		1		0
308.77		329.292		2500		1		0
294.263		272.961		2416		2		0
264.355		337.175		2506		1		0
260.198		333.129		2559		1		0
323.484		339		2277		2		0
324.666		337.333		2269		2		0
Frame 54
302.327		304.984		2882		2		0
299.554		293.234		0		2		0
296.231		279.152		2253		2		0
285.573		268.413		2221		2		0
262.763		273.617		2443		2		0
252.356		303.314		2591		2		0
257.116		334.18		2552		1		0
257.607		343.847		2369		1		0
308.797		279.803		2394		2		0
335.572		298.793		3051		1		0
315.019		325.067		2558		2		0
321.913		331.778		2359		1		0
293.866		302.525		2942		2		0
291.794		339.449		2401		1		0
289.874		354.908		2216		1		0
283.366		345.8		2347		1		0
311.049		307.52		2803		2		0
324.234		329.531		2349		1		0
327.65		323.131		2357		2		0
326.411		341.234		2304		1		0
297.122		282.928		2336		2		0
257.09		346.038		2341		1		0
252.952		341.954		2440		1		0
320.997		335		2361		2		0
323.538		332.227		2344		2		0
Frame 55
305.595		309.407		0		2		0
305.091		299.984		2483		2		0
304.495		288.89		2358		2		0
290.302		277.424		2161		2		0
263.188		284.858		2413		2		0
252.712		314.11		2584		1		0
257.496		345.12		2343		1		0
259.1		355.469		2058		1		0
313.371		285.639		2352		1		0
333.868		308.016		2409		2		0
318.574		338.338		2445		1		0
319.773		348.407		2334		1		0
297.227		307.759		2842		2		0
295.37		344.905		2359		1		0
293.395		360.46		2090		1		0
285.74		350.962		2298		1		0
314.167		311.06		2731		2		0
327.031		332.986		2356		1		0
330.463		319.332		2398		2		0
331.59		326.825		2369		2		0
304.654		291.844		2340		2		0
258.586		357.682		2059		1		0
254.432		353.556		2104		1		0
318.842		351.67		2316		1		0
321.399		348.941		2308		1		0
Frame 56
305.107		311.238		2325		2		0
305.39		301.765		2338		2		0
305.579		290.814		2317		2		0
291.033		284.09		2124		2		0
258.998		291.763		2386		2		0
251.752		319.247		2586		1		0
251.763		345.508		2320		1		0
251.768		353.977		2122		1		0
316.42		296.865		2336		2		0
335.963		316.301		2406		2		0
326.412		349.378		2294		1		0
323.122		360.643		2211		1		0
298.05		312.878		0		2		0
296.204		346.734		2338		1		0
294.211		362.339		2039		1		0
300.868		356.627		2244		1		0
313.304		311.058		2721		2		0
327.665		334.098		2376		1		0
332.416		319.384		2423		2		0
333.638		326.761		2379		2		0
305.526		293.707		2325		2		0
251.258		356.104		2094		1		0
247.291		352.14		2158		1		0
322.203		363.865		2082		1		0
324.741		361.226		2169		1		0
Frame 57
306.073		322.561		2334		2		0
307.129		314.936		2323		2		0
308.367		305.972		2297		2		0
293.931		298.148		2088		2		0
258.02		297.348		2367		2		0
250.799		324.615		0		1		0
250.832		350.862		2151		1		0
250.845		359.318		2046		1		0
318.507		310.485		2338		1		0
343.055		322.354		2433		2		0
336.845		356.115		2260		1		0
334.711		367.458		2003		1		0
299.279		322.573		2110		2		0
298.318		359.622		2138		1		0
296.266		375.218		1891		1		0
302.995		369.605		1948		1		0
312.933		322.55		2507		2		0
329.619		346.2		2295		1		0
335.466		331.916		2367		1		0
337.807		340.643		2358		1		0
308.038		308.357		2316		2		0
250.331		361.461		2017		1		0
246.348		357.465		2085		1		0
333.806		370.662		1955		1		0
336.378		368.066		1988		1		0
Frame 58
292.72		304.294		2091		2		0
289.482		296.343		0		2		0
285.628		286.876		2685		2		0
281.989		289.624		2617		2		0
248.74		277.624		3744		1		0
243.059		302.042		2888		1		0
243.223		325.072		2618		1		0
243.277		332.551		2524		1		0
299.455		287.127		2687		1		0
321.376		311.032		2290		2		0
336.893		351.021		2306		1		0
342.352		365.144		2040		1		0
287.032		303.692		2113		2		0
284.925		333.394		0		1		0
283.265		347.248		2317		1		0
288.686		341.521		2372		1		0
298.474		304.905		2105		2		0
311.357		320.838		2288		1		0
314.412		305.991		2305		1		0
316.127		313.35		2272		1		0
286.659		289.408		2627		2		0
242.821		334.36		2509		1		0
239.421		330.992		2549		1		0
341.447		368.378		1986		1		0
344.074		365.746		2038		1		0
Frame 59
317.295		324.774		2252		2		0
319.99		317.428		2287		2		0
322.976		309.282		2683		2		0
321.447		313.674		0		1		0
278.77		302.506		2540		1		0
271.346		325.918		2248		1		0
270.985		348.786		2232		1		0
270.866		356.187		2081		1		0
331.478		313.102		2575		1		0
341.854		325.044		2364		2		0
345.841		359.273		2190		1		0
347.131		370.741		1961		1		0
307.202		317.355		2278		2		0
311.708		355.843		2141		1		0
309.803		369.599		1935		1		0
316.104		364.506		2006		1		0
328.008		332.633		2335		2		0
339.415		344.001		2337		1		0
347.155		328.024		2442		1		0
347.967		342.081		2360		1		0
322.2		311.4		2620		2		0
270.452		358.054		2026		1		0
266.908		354.571		2150		1		0
346.242		373.919		1920		1		0
348.846		371.355		1949		1		0
Frame 60
316.528		326.125		2254		2		0
319.339		320.088		2342		2		0
322.871		313.858		2654		2		0
321.3		318.648		2568		1		0
277.786		306.743		2581		1		0
270.276		330.354		2248		1		0
269.927		353.536		2128		1		0
269.811		361.028		1983		1		0
331.547		317.694		2576		1		0
341.136		330.217		2351		2		0
330.679		313.806		2612		2		0
329.117		309.008		2654		1		0
306.869		320.594		2306		2		0
311.409		360.419		2022		1		0
309.466		374.347		1889		1		0
315.87		369.318		1931		1		0
326.577		333.058		2266		2		0
339.598		348.468		2306		1		0
347.526		332.794		2398		1		0
348.346		347.167		2281		1		0
321.881		315.755		2622		2		0
269.388		362.935		1969		1		0
265.784		359.379		1994		1		0
325.999		304.4		2789		2		0
322.622		311.607		2711		2		0
Frame 61
300.857		318.463		2344		2		0
300.932		311.145		2460		2		0
301.016		302.678		2600		2		0
297.982		306.787		2546		1		0
256.541		296.053		3110		1		0
250.164		320.522		2418		1		0
237.943		295.129		3029		2		0
240.122		297.189		2979		2		0
310.067		306.708		2614		1		0
313.263		320.153		2313		2		0
332.917		312.568		2659		2		0
338.706		310.359		2685		1		0
294.367		317.614		2371		2		0
293.22		351.693		1998		1		0
291.417		365.893		1999		1		0
297.322		360.534		1997		1		0
307.446		319.325		2331		2		0
321.278		339.431		2237		1		0
326.732		322.282		0		1		0
327.381		336.772		2261		1		0
300.994		304.917		2580		2		0
236		296		3018		2		0
244.199		296.399		3040		2		0
343.394		304.797		2753		2		0
330.002		307.915		2705		2		0
Frame 62
299.361		317.151		2335		2		0
295.842		311.719		2422		2		0
292.209		305.569		2528		2		0
290.057		310.547		2463		1		0
266.221		298.749		2652		2		0
259.14		323.608		2250		1		0
246.478		297.587		0		1		0
246.966		295.244		3116		1		0
304.21		307.327		2523		2		0
306.78		321.453		2273		1		0
322.548		313.507		2742		2		0
328.204		313.756		2653		1		0
293.217		316.77		2355		2		0
290.782		350.097		1960		1		0
288.997		364.339		1979		1		0
294.834		358.92		1979		1		0
305.453		317.445		2319		2		0
318.823		337.78		2208		1		0
323.942		320.37		2319		1		0
324.566		334.87		2226		1		0
293.204		307.253		2499		2		0
242.722		294.051		3131		1		0
251.024		294.467		3161		1		0
331		312		2672		2		0
325.334		314.33		2659		2		0
Frame 63
299.218		316.765		2335		2		0
295.875		311.594		2393		2		0
292.208		305.399		2508		2		0
289.476		309.914		2460		1		0
265.798		297.321		2650		2		0
258.756		322.215		2247		1		0
246.126		296.271		3100		1		0
246.621		293.961		3199		1		0
305.908		302.673		2569		2		0
308.668		316.023		2319		1		0
338.482		339.349		2317		1		0
348.905		347.458		2280		1		0
293.041		316.548		2345		2		0
290.371		349.735		1950		1		0
288.586		364.012		1968		1		0
294.423		358.57		1969		1		0
305.397		316.957		2313		2		0
318.465		337.382		2202		1		0
323.546		319.871		2297		1		0
324.169		334.404		2227		1		0
293.215		307.096		2476		2		0
242.389		292.781		3267		1		0
250.676		293.201		3168		1		0
352.165		345.016		2267		1		0
352.165		345.016		2267		1		0
Frame 64
299.122		316.749		2321		2		0
295.865		311.625		2388		2		0
292.091		305.357		2507		2		0
289.023		309.703		2455		1		0
265.741		296.975		2661		2		0
258.698		321.906		2249		1		0
246.061		295.95		3137		1		0
246.558		293.646		3198		1		0
304.162		307.295		2506		2		0
314.595		328.355		2203		2		0
348.994		321.298		2640		1		0
350.783		317.187		2711		1		0
293.199		316.795		2330		2		0
290.051		349.686		1954		1		0
288.264		364		1952		1		0
294.106		358.544		1953		1		0
305.186		316.815		2310		2		0
318.21		337.3		2200		1		0
323.271		319.726		2289		1		0
323.893		334.301		2209		1		0
293.13		307.078		2475		2		0
242.323		292.468		3257		1		0
250.615		292.889		3181		1		0
353.973		315.038		2862		1		0
353.973		315.038		2862		1		0
Frame 65
298.985		316.753		2336		2		0
295.759		311.685		2391		2		0
291.92		305.429		2500		2		0
288.683		309.705		2457		1		0
265.601		298.997		2627		2		0
258.481		324.108		2231		1		0
245.697		297.804		3080		1		0
246.208		295.432		3123		1		0
309.375		298.561		2611		2		0
319.976		317.552		0		1		0
273.982		314.373		2382		2		0
272.973		314.8		2379		2		0
292.713		316.946		2331		2		0
289.811		349.764		1945		1		0
288.022		364.104		1953		1		0
293.868		358.641		1944		1		0
305.275		316.67		2315		2		0
318.02		337.356		2186		1		0
323.066		319.75		2294		1		0
323.686		334.358		2200		1		0
292.976		307.148		2475		2		0
241.927		294.225		3183		1		0
250.317		294.644		3131		1		0
258.332		309.997		2355		2		0
266.93		319.065		2286		2		0
Frame 66
298.919		317.299		2337		2		0
295.794		312.472		2393		2		0
292.003		306.421		2498		2		0
288.659		310.67		2459		1		0
265.594		299.189		2622		2		0
258.471		324.3		2235		1		0
245.682		297.981		3060		1		0
246.193		295.604		3102		1		0
309.017		303.612		2591		2		0
328.877		329.734		2245		2		0
283.517		320.387		2285		2		0
250.584		308.54		2330		2		0
292.498		317.484		2328		2		0
289.795		350.526		1942		1		0
288.002		364.885		1948		1		0
293.86		359.436		1953		1		0
305.374		317.152		2320		2		0
318.062		338.109		2184		1		0
323.126		320.569		2303		1		0
323.748		335.219		2202		1		0
293.045		308.085		2481		2		0
241.91		294.395		3172		1		0
250.303		294.814		3118		1		0
244.601		303.594		2396		2		0
249.465		315.807		2306		2		0
Frame 67
299.722		318.615		2324		2		0
297.087		314.193		2381		2		0
293.823		308.561		2499		2		0
290.442		312.875		2445		1		0
266.051		301.155		2612		2		0
258.855		326.306		2228		1		0
245.979		299.788		0		1		0
246.487		297.355		3034		1		0
308.871		303.784		2594		2		0
278.113		304.294		2536		1		0
250.698		309.03		2328		2		0
251.766		309.065		2324		2		0
292.991		318.554		2324		2		0
291.06		352.182		1941		1		0
289.251		366.556		1951		1		0
295.164		361.148		1948		1		0
306.575		318.712		2335		2		0
319.431		339.772		2192		1		0
324.706		322.417		2291		1		0
325.344		337.126		2226		1		0
294.716		310.107		2463		2		0
242.176		296.124		3079		1		0
250.619		296.539		3048		1		0
245.6		307.018		2373		2		0
255.347		315.853		2289		2		0
Frame 68
299.93		319.13		2313		2		0
297.332		314.704		2382		2		0
294.084		309.067		2484		2		0
290.718		313.432		2415		1		0
266.111		301.605		2621		2		0
258.908		326.743		2233		1		0
246.024		300.202		0		1		0
246.531		297.759		3041		1		0
308.698		304.022		2587		1		0
278.185		304.432		2543		1		0
250.832		308.944		2332		2		0
252.206		309.239		2322		2		0
293.239		319.422		2313		2		0
291.255		352.588		1922		1		0
289.443		366.961		1944		1		0
295.364		361.565		1934		1		0
306.733		318.976		2336		2		0
319.64		340.182		2194		1		0
324.947		322.879		2308		1		0
325.587		337.598		2223		1		0
294.974		310.615		2467		2		0
242.217		296.523		3083		1		0
250.664		296.937		3059		1		0
246.781		308.93		2362		2		0
256.586		316.302		2280		2		0
Frame 69
300.084		319.335		2304		2		0
297.524		314.926		2374		2		0
294.307		309.305		2480		2		0
290.953		313.691		2409		1		0
265.999		301.764		2629		2		0
258.806		326.879		2232		1		0
245.93		300.35		0		1		0
246.439		297.904		3065		1		0
308.63		304.043		2586		2		0
303.836		318.613		2312		2		0
259.96		310.517		2334		2		0
252.264		308.202		2323		2		0
293.339		319.572		2317		2		0
291.421		352.778		1937		1		0
289.608		367.15		1948		1		0
295.535		361.76		1934		1		0
306.944		319.217		2314		2		0
319.816		340.374		2195		1		0
325.149		323.095		2303		1		0
325.791		337.818		2228		1		0
295.189		310.848		2455		2		0
242.128		296.668		3089		1		0
250.571		297.08		0		1		0
245.791		303.098		2400		2		0
250.194		314.873		2308		2		0
Frame 70
300.087		319.288		2296		2		0
297.566		314.879		2381		2		0
294.397		309.256		2469		2		0
291.046		313.641		2391		1		0
265.914		301.975		2618		2		0
258.725		327.08		2233		1		0
245.85		300.545		0		1		0
246.361		298.094		0		1		0
308.405		303.666		2601		2		0
303.843		317.168		2329		2		0
260.055		310.312		0		2		0
251.627		308.179		2326		2		0
293.35		319.613		2310		2		0
291.487		352.732		1933		1		0
289.674		367.102		1945		1		0
295.601		361.712		1952		1		0
306.905		318.891		2325		2		0
319.876		340.331		2199		1		0
325.216		323.051		2312		1		0
325.858		337.77		2240		1		0
295.266		310.801		2452		2		0
242.05		296.857		3085		1		0
250.502		297.181		3046		1		0
245.002		303.628		2391		2		0
249.52		315.115		2311		2		0
Frame 71
299.746		318.939		2324		2		0
297.14		314.417		2374		2		0
293.848		308.648		2493		2		0
290.469		312.989		2423		1		0
265.863		302.045		2604		2		0
258.678		327.146		2239		1		0
245.803		300.609		2402		1		0
246.315		298.157		0		1		0
308.269		303.4		2606		2		0
278.205		304.225		2535		1		0
250.999		308.896		2332		2		0
250.784		309.545		2325		2		0
292.969		319.264		2309		2		0
291.078		352.194		1942		1		0
289.272		366.543		1950		1		0
295.175		361.145		1947		1		0
306.601		318.568		2317		2		0
319.399		339.806		2205		1		0
324.659		322.491		2324		1		0
325.295		337.171		2251		1		0
294.752		310.233		2452		2		0
242.005		296.919		3099		1		0
250.471		297.157		3042		1		0
244.712		308.733		2363		2		0
255.383		316.419		2291		2		0
Frame 72
299.349		318.66		2325		2		0
296.679		314.103		2384		2		0
293.307		308.304		2496		2		0
289.898		312.616		2422		1		0
266.027		302.068		2604		2		0
258.829		327.177		2242		1		0
245.947		300.63		2407		1		0
246.456		298.177		0		1		0
308.06		303.162		2607		2		0
303.757		317.005		2331		2		0
260.115		310.503		0		2		0
250.993		308.14		2332		2		0
292.616		319.053		2318		2		0
290.672		351.872		1954		1		0
288.872		366.203		1961		1		0
294.753		360.802		1961		1		0
306.15		318.229		2324		2		0
318.94		339.495		2208		1		0
324.125		322.166		2323		1		0
324.755		336.817		2242		1		0
294.232		309.896		2474		2		0
242.143		296.938		3093		1		0
250.583		297.17		3058		1		0
244.114		303.266		2391		2		0
250.586		314.701		2309		2		0
Frame 73
299.12		318.408		2322		2		0
296.423		313.82		2385		2		0
293.015		307.989		2516		2		0
289.593		312.275		2418		1		0
266.061		301.873		2616		2		0
258.871		326.958		2248		1		0
246.005		300.451		2404		1		0
246.512		298.006		2432		1		0
307.955		303.084		2606		2		0
303.576		317.44		2329		2		0
259.994		310.5		2389		2		0
251.07		307.867		2339		2		0
292.393		318.822		2333		2		0
290.455		351.583		1959		1		0
288.659		365.9		1961		1		0
294.526		360.496		1966		1		0
305.912		317.969		2340		2		0
318.681		339.215		2211		1		0
323.823		321.871		2349		1		0
324.449		336.499		2245		1		0
293.95		309.59		2475		2		0
242.204		296.77		3099		1		0
250.597		296.863		3076		1		0
244.482		302.553		2405		2		0
249.12		314.937		2312		2		0
Frame 74
299.134		318.38		2321		2		0
296.398		313.785		2396		2		0
292.93		307.946		2513		2		0
289.505		312.226		2416		1		0
276.464		303.144		2557		2		0
268.56		328.465		2243		1		0
255.342		301.591		2425		1		0
258.668		295.997		0		1		0
307.879		302.995		2607		2		0
303.496		317.304		2337		2		0
259.964		310.333		2368		2		0
251.537		307.775		2347		2		0
292.411		318.802		2331		2		0
290.392		351.525		1963		1		0
288.598		365.835		1974		1		0
294.459		360.432		1970		1		0
305.915		317.938		2344		2		0
318.6		339.164		2214		1		0
323.726		321.824		2361		1		0
324.351		336.441		2252		1		0
293.882		309.549		2475		2		0
259		295		2765		2		0
262.857		295.16		2721		1		0
244.628		303.409		2401		2		0
249.803		314.903		2318		2		0
Frame 75
298.621		317.958		2344		2		0
295.779		313.309		2395		2		0
292.178		307.406		2516		2		0
288.717		311.637		2447		1		0
265.353		299.156		2649		2		0
258.324		323.989		2268		1		0
245.676		297.966		3061		1		0
246.182		295.614		3112		1		0
307.17		302.426		2612		1		0
303.296		317.078		2336		2		0
259.895		310.059		2357		2		0
252.091		307.488		2346		2		0
291.853		318.262		2339		2		0
289.83		351.004		1962		1		0
288.046		365.284		1974		1		0
293.874		359.877		1974		1		0
305.45		317.631		2351		2		0
317.948		338.665		2209		1		0
322.967		321.308		0		1		0
323.583		335.875		2239		1		0
293.166		309.026		2477		2		0
246.55		294.684		3134		1		0
250.249		294.832		3131		1		0
245.426		301.934		2414		2		0
249.943		314.907		2325		2		0
Frame 76
298.614		317.979		2345		2		0
295.774		313.331		2391		2		0
292.174		307.43		2510		2		0
288.712		311.663		2447		1		0
267.215		302.918		2602		2		0
259.925		328.051		2236		1		0
246.979		301.409		2407		1		0
247.466		298.931		2424		1		0
307.17		302.438		2609		1		0
303.225		317.284		2336		2		0
259.827		310.013		2340		2		0
252.365		306.92		2353		2		0
291.846		318.361		2335		2		0
289.827		351.025		1961		1		0
288.042		365.305		1966		1		0
293.87		359.898		1969		1		0
305.445		317.628		2351		2		0
317.946		338.685		2206		1		0
322.965		321.33		2353		1		0
323.581		335.898		2236		1		0
293.162		309.049		2471		2		0
247.836		297.966		0		1		0
251.6		298.093		2410		1		0
246.084		302.147		2396		2		0
249.634		314.284		2330		2		0
Frame 77
298.623		317.992		2354		2		0
295.791		313.35		2391		2		0
292.203		307.459		2516		2		0
288.743		311.694		2446		1		0
267.253		302.804		2606		2		0
259.963		327.935		2243		1		0
247.021		301.305		2402		1		0
247.506		298.829		0		1		0
307.197		302.455		2609		1		0
277.605		303.44		2551		1		0
259.207		304.083		2415		2		0
252.214		306.942		2348		2		0
291.879		318.428		2334		2		0
289.848		351.048		1960		1		0
288.063		365.327		1974		1		0
293.892		359.922		1973		1		0
305.447		317.625		2351		2		0
317.969		338.708		2206		1		0
322.991		321.356		2353		1		0
323.607		335.925		2234		1		0
293.187		309.076		2475		2		0
247.875		297.865		0		1		0
251.604		298.082		2407		1		0
247.977		309.983		2362		2		0
257.256		313.496		2313		2		0
Frame 78
298.622		317.99		2354		2		0
295.792		313.346		2398		2		0
292.209		307.452		2518		2		0
288.75		311.686		2455		1		0
266.915		302.772		2608		2		0
259.656		327.868		2245		1		0
246.737		301.278		2426		1		0
247.229		298.807		0		1		0
307.204		302.442		2607		1		0
303.235		317.442		2335		2		0
259.861		309.696		2343		2		0
253.09		306.847		2348		2		0
291.882		318.449		2341		2		0
289.853		351.039		1953		1		0
288.068		365.318		1972		1		0
293.897		359.912		1963		1		0
305.425		317.549		2348		2		0
317.972		338.7		2208		1		0
322.994		321.348		0		1		0
323.61		335.916		2235		1		0
293.192		309.069		2478		2		0
247.628		297.859		0		1		0
251.476		298.03		2411		1		0
246.753		301.938		2426		2		0
250.787		313.757		2332		2		0
Frame 79
298.643		317.994		2365		2		0
295.828		313.351		2398		2		0
292.267		307.459		2516		2		0
288.811		311.693		2462		1		0
266.872		302.783		2610		1		0
259.618		327.868		2240		1		0
246.705		301.289		0		1		0
247.197		298.819		0		1		0
308.397		302.896		2613		2		0
303.857		317.32		2344		2		0
260.578		309.41		2346		2		0
253.373		306.836		2349		2		0
291.908		318.461		2341		2		0
289.897		351.042		1953		1		0
288.112		365.321		1969		1		0
293.941		359.915		1972		1		0
305.446		317.544		2352		2		0
318.015		338.704		2207		1		0
323.043		321.354		2364		1		0
323.66		335.921		2229		1		0
293.243		309.076		2481		2		0
247.607		297.872		0		1		0
251.429		298.024		2404		1		0
247.09		301.989		2409		2		0
249.42		313.853		2342		2		0
Frame 80
299.18		318.078		2337		2		0
296.627		313.499		2402		2		0
293.421		307.699		2516		2		0
290.037		311.949		2457		1		0
267.238		301.623		2609		2		0
259.995		326.666		2247		1		0
247.13		300.225		0		1		0
247.611		297.789		3075		1		0
308.61		302.958		2614		2		0
304.08		316.792		2381		2		0
260.806		309.268		2339		2		0
253.942		306.802		2351		2		0
292.545		318.581		2350		2		0
290.768		351.227		1950		1		0
288.976		365.503		1967		1		0
294.834		360.104		1973		1		0
305.885		317.591		2362		2		0
318.91		338.891		2206		1		0
324.063		321.567		2376		1		0
324.69		336.136		2237		1		0
294.297		309.289		2482		2		0
247.952		296.98		3096		1		0
251.718		296.97		2438		1		0
247.823		301.986		2425		2		0
251.336		313.608		2334		2		0
Frame 81
299.101		317.989		2364		2		0
296.468		313.357		2404		2		0
293.126		307.478		2514		2		0
289.726		311.711		2460		1		0
267.488		301.581		2611		2		0
260.228		326.636		2242		1		0
247.354		300.187		0		1		0
247.829		297.75		3069		1		0
308.604		302.941		2610		2		0
299.853		315.162		2387		2		0
255.863		308.272		2338		2		0
253.454		305.624		2355		2		0
292.469		318.51		2355		2		0
290.547		351.038		1952		1		0
288.758		365.309		1986		1		0
294.605		359.906		1982		1		0
305.788		317.469		2351		2		0
318.668		338.705		2204		1		0
323.785		321.364		0		1		0
324.408		335.923		2237		1		0
294.044		309.091		2482		2		0
248.132		296.942		3090		1		0
251.935		296.932		2439		1		0
248.17		301.49		2410		2		0
252.955		312.079		2328		2		0
Frame 82
298.897		318.002		2348		2		0
296.289		313.291		2403		2		0
292.792		307.243		2516		2		0
289.374		311.457		2466		1		0
270.511		307.242		2557		2		0
262.884		332.573		2230		1		0
249.639		305.363		2387		1		0
250.072		302.748		2391		1		0
308.615		302.905		2618		2		0
312.898		319.657		2340		2		0
267.049		313.464		0		2		0
254.259		306.748		2351		2		0
292.306		319.496		2338		2		0
290.297		350.828		1961		1		0
288.511		365.092		1995		1		0
294.346		359.686		1984		1		0
305.236		316.838		2376		2		0
318.39		338.5		2207		1		0
323.463		321.146		0		1		0
324.083		335.69		2232		1		0
293.765		308.917		2503		2		0
250.436		301.747		2398		1		0
254.248		301.848		2378		1		0
248		302.831		0		2		0
252.727		315.733		2326		2		0
Frame 83
298.862		317.851		2365		2		0
296.15		313.121		2407		2		0
292.557		307.07		2523		2		0
289.128		311.269		2464		1		0
277.717		301.074		2585		2		0
269.785		326.374		2237		1		0
256.611		299.692		2393		1		0
256.879		297.247		2413		1		0
308.621		302.855		2618		1		0
304.44		318.159		2336		2		0
261.446		309.129		2332		2		0
255.526		306.503		2350		2		0
292.244		318.699		2356		2		0
290.121		350.67		1966		1		0
288.338		364.926		2013		1		0
294.164		359.518		1985		1		0
305.252		316.854		2384		2		0
318.192		338.346		2206		1		0
323.233		320.983		0		1		0
323.85		335.515		2225		1		0
293.55		308.737		2507		2		0
257.205		296.288		0		1		0
260.907		296.43		0		1		0
249.441		300.989		2423		2		0
251.831		313.202		2347		2		0
Frame 84
298.727		317.926		2377		2		0
296.035		313.122		2410		2		0
292.413		307.014		2525		2		0
288.976		311.208		2470		1		0
271.276		307.476		2551		2		0
263.593		332.826		2225		1		0
250.314		305.575		2389		1		0
250.732		302.952		2400		1		0
308.636		302.809		2619		2		0
304.387		317.158		2352		2		0
261.4		308.629		2337		2		0
255.917		306.328		2349		2		0
292.202		319.512		2346		2		0
290.013		350.617		1975		1		0
288.231		364.871		2010		1		0
294.052		359.462		1990		1		0
305.006		316.632		2387		2		0
318.074		338.295		2208		1		0
323.097		320.93		0		1		0
323.713		335.457		2227		1		0
293.42		308.699		2508		2		0
251.094		301.949		2396		1		0
254.906		302.048		2376		1		0
249.687		300.992		2427		2		0
253.439		313.746		2325		2		0
Frame 85
298.804		317.839		2362		2		0
296.046		313.078		2411		2		0
292.41		307		2526		2		0
288.973		311.193		2471		1		0
277.713		299.699		2605		2		0
269.805		325.008		2219		1		0
256.668		298.428		2398		1		0
256.933		296.019		2422		1		0
309.191		302.876		2626		2		0
304.739		317.21		2350		2		0
261.803		308.586		2339		2		0
256.09		306.155		2348		2		0
292.363		318.723		2368		2		0
290.011		350.601		1980		1		0
288.229		364.854		2017		1		0
294.049		359.446		2001		1		0
305.142		316.801		2384		2		0
318.068		338.281		2212		1		0
323.09		320.916		0		1		0
323.706		335.441		2232		1		0
293.417		308.677		2511		2		0
257.258		295.068		2455		1		0
260.95		295.22		0		1		0
249.853		300.691		2426		2		0
253.819		313.453		2332		2		0
Frame 86
292.905		310.277		2488		2		0
288.582		304.116		2545		2		0
283.164		296.394		2621		2		0
279.27		299.807		2607		1		0
266.396		294.937		2695		2		0
259.393		319.711		2273		1		0
246.871		294.08		3131		1		0
247.345		291.842		3206		1		0
308.187		301.612		2627		2		0
304.417		316.96		2382		2		0
261.495		308.279		2332		2		0
256.487		305.368		2352		2		0
286.487		310.44		2484		2		0
283.023		341.59		2021		1		0
281.338		355.64		2127		1		0
286.816		350.058		2005		1		0
299.353		310.116		2496		2		0
311.064		330.706		2217		1		0
314.152		316.628		2583		1		0
314.512		321.831		2286		1		0
284.643		298.502		2614		2		0
247.703		290.939		3222		1		0
251.353		291.114		3215		1		0
250.16		299.887		2421		2		0
254.466		312.393		2328		2		0
Frame 87
293.972		310.321		2478		2		0
289.72		304.09		2552		2		0
284.604		296.299		2620		2		0
280.799		299.704		2608		1		0
277.937		299.63		2610		2		0
270.016		324.94		2218		1		0
256.874		298.365		2396		1		0
257.135		295.958		2425		1		0
308.973		301.003		2626		1		0
316.546		318.014		0		2		0
271.546		309.154		2527		2		0
256.143		304.425		2357		2		0
287.91		310.884		2483		2		0
284.122		341.504		2009		1		0
282.43		355.55		2115		1		0
287.939		349.967		2010		1		0
300.17		309.889		2516		2		0
311.967		330.231		2196		1		0
315.151		316.1		2603		1		0
315.787		321.746		2280		1		0
285.979		298.425		2608		2		0
257.459		295.007		2425		1		0
261.15		295.159		2717		1		0
249.6		301.498		2419		2		0
254.928		312.997		2327		2		0
Frame 88
294.279		310.432		2477		2		0
290.057		304.156		2555		2		0
284.968		296.337		2619		2		0
281.185		299.745		2608		1		0
277.149		300.822		2601		2		0
269.246		326.154		2228		1		0
256.072		299.462		2387		1		0
256.352		297.021		2402		1		0
308.898		300.936		2633		2		0
305.522		319.832		2296		2		0
266.35		310.631		2339		2		0
256.718		305.018		2351		2		0
288.236		311.203		2460		2		0
284.4		341.536		2011		1		0
282.705		355.582		2136		1		0
288.223		350		2029		1		0
300.409		309.812		2517		2		0
312.15		330.087		2189		1		0
315.354		315.936		2608		1		0
316.119		321.821		2274		1		0
286.334		298.469		2610		2		0
256.681		296.061		2413		1		0
260.39		296.206		2447		1		0
250.949		300.099		2411		2		0
250.981		310.832		2423		2		0
Frame 89
286.436		329.88		2029		2		0
280.235		325.644		2147		2		0
272.142		320.113		2207		2		0
267.046		325.54		2234		1		0
250.884		323.729		2462		2		0
267.801		327.248		2230		2		0
252.895		297.428		2416		2		0
253.951		296.683		2417		1		0
297.566		322.408		2040		1		0
294.169		346.011		1994		1		0
260.363		310.393		2314		2		0
255.768		302.959		2368		2		0
279.105		332.19		2127		2		0
274.79		362.682		2100		1		0
273.026		377.545		1893		1		0
278.676		372.277		1928		1		0
293.728		327.585		2003		2		0
304.067		349.961		2013		1		0
307.364		333.21		2007		1		0
307.827		348.808		1972		1		0
274.388		321.648		2156		2		0
253.251		293.499		2461		2		0
259.098		296.096		2423		2		0
250.8		296.799		2452		2		0
251.39		307.323		2380		2		0
Frame 90
295.284		311.049		2452		2		0
291.312		304.466		2562		2		0
286.399		296.321		2625		2		0
282.711		299.72		2614		1		0
273.158		295.018		2643		2		0
251.059		319.615		2429		2		0
262.296		303.163		2365		2		0
266.345		297.233		2671		1		0
308.411		300.29		2633		1		0
306.64		320.23		2064		2		0
267.974		311.348		2320		2		0
255.957		304.757		2358		2		0
288.325		308.879		2512		2		0
285.493		341.449		2043		1		0
283.794		355.473		2186		1		0
289.335		349.897		2070		1		0
302.379		313.262		2429		2		0
312.761		329.225		2131		1		0
316.027		314.99		2621		1		0
317.377		321.956		2263		1		0
287.733		298.533		2612		2		0
265.394		293.811		2723		1		0
271.851		296.608		2646		1		0
249.699		300.199		2414		2		0
249.393		310.992		2424		2		0
Frame 91
295.276		311.005		2458		2		0
291.315		304.419		2569		2		0
286.42		296.273		2632		2		0
282.736		299.667		2611		1		0
273.141		295.034		2650		2		0
251.802		315.343		2414		2		0
264.82		301.53		2613		2		0
269.543		296.519		2662		1		0
308.421		300.243		2640		1		0
306.651		320.17		2054		1		0
268.017		310.87		0		2		0
255.331		305.102		2352		2		0
288.324		308.864		2512		2		0
285.51		341.395		2060		1		0
283.811		355.414		2206		1		0
289.351		349.838		2095		1		0
302.358		313.176		0		2		0
312.767		329.174		2088		1		0
316.033		314.94		2627		1		0
317.382		321.902		2260		1		0
287.749		298.485		2619		2		0
268.527		293.065		2694		1		0
275.117		295.889		2643		1		0
248.699		300.198		2418		2		0
248.913		311.159		2423		2		0
Frame 92
300.26		318.078		2039		2		0
297.734		313.146		2077		2		0
294.574		306.973		2534		2		0
291.291		311.142		2460		1		0
276.347		301.102		2593		2		0
250.209		316.429		2418		2		0
262.819		314.25		2286		2		0
275.769		320.29		2237		1		0
316.503		310.193		2630		1		0
285.048		305.045		2538		1		0
257.947		303.687		2360		2		0
255.158		304.814		2355		2		0
293.395		315.679		2074		2		0
291.659		350.415		2125		1		0
289.872		364.616		2063		1		0
295.721		359.221		2174		1		0
307.267		320.527		2038		2		0
319.646		338.139		2237		1		0
324.864		320.832		2315		1		0
325.495		335.291		2242		1		0
295.436		308.657		2517		2		0
277.285		317.569		2156		2		0
275		323.156		2239		2		0
248.523		301.782		2409		2		0
247.994		310.998		2420		2		0
Frame 93
299.019		318.074		2024		2		0
296.147		313.083		2083		2		0
292.21		306.799		2540		2		0
288.779		310.957		2481		1		0
272.686		295.624		2653		2		0
246.232		309.235		2421		1		0
258.242		315.018		2292		2		0
265.326		320.494		2254		2		0
314.325		310.032		2618		1		0
312.988		331.314		2046		1		0
272.758		313.165		2344		2		0
254.252		305.097		2358		2		0
291.993		315.135		2065		2		0
289.868		350.287		2223		1		0
288.095		364.491		2065		1		0
293.888		359.091		2178		1		0
306.079		320.973		2032		2		0
317.815		338.007		2236		1		0
322.78		320.679		2281		1		0
323.39		335.139		2237		1		0
293.32		308.519		2520		2		0
271.855		326.495		2230		2		0
260.17		326.844		2247		2		0
247.8		300.097		2436		2		0
247.694		310.998		2415		2		0
Frame 94
298.982		317.857		2021		2		0
296.125		313.07		2065		2		0
292.221		306.817		2536		2		0
288.79		310.977		2481		1		0
272.686		295.622		2643		2		0
246.232		309.232		2428		1		0
258.289		314.997		2297		2		0
265.505		320.303		2253		2		0
314.336		310.048		2609		1		0
313		331.333		2036		1		0
272.687		313.262		2332		2		0
254.218		305.991		2365		1		0
292.387		315.888		2062		2		0
289.876		350.302		2249		1		0
288.103		364.506		2061		1		0
293.897		359.107		2176		1		0
304.938		318.302		2034		2		0
317.824		338.022		2245		1		0
322.79		320.695		2279		1		0
323.401		335.156		2247		1		0
293.325		308.532		0		2		0
271.619		325.703		2231		2		0
260.2		326.801		2247		2		0
248.662		300.367		2434		2		0
246.907		311.272		2429		2		0
Frame 95
299.288		318.1		2021		2		0
296.621		313.499		2062		2		0
293.338		307.806		0		2		0
289.966		312.041		2106		1		0
272.698		295.625		2654		2		0
246.243		309.237		2437		1		0
258.423		315.004		2298		2		0
265.795		320.155		2251		1		0
315.427		310.967		2622		1		0
283.234		306.555		2528		1		0
256.492		305.197		2369		1		0
253.414		306.418		2378		2		0
293.26		316.821		2048		2		0
290.716		351.145		2270		1		0
288.931		365.37		2048		1		0
294.764		359.987		2188		1		0
305.399		318.838		2035		2		0
318.748		338.856		2259		1		0
323.857		321.601		2264		1		0
324.478		336.108		2270		1		0
294.207		309.322		2104		2		0
270.938		325.959		2226		2		0
260.017		326.718		2252		2		0
246.999		305.312		2464		2		0
250.483		312.254		2401		2		0
Frame 96
299.128		318.078		2035		2		0
296.403		313.474		2042		2		0
293.05		307.75		2160		2		0
289.661		311.981		2139		1		0
272.76		295.653		2655		2		0
246.308		309.267		2459		1		0
258.632		315.101		2302		2		0
265.749		320.29		2252		1		0
315.156		310.915		2621		1		0
282.621		307.061		2505		1		0
255.861		305.714		2392		1		0
253.648		307.809		2384		2		0
293.159		316.905		2043		2		0
290.498		351.095		2279		1		0
288.715		365.317		2046		1		0
294.541		359.933		2185		1		0
305.292		318.825		2024		2		0
318.519		338.806		2270		1		0
323.595		321.549		2259		1		0
324.214		336.051		2286		1		0
293.962		309.286		2107		2		0
270.266		325.734		2224		2		0
260.063		326.574		2250		2		0
247.141		306.928		2449		2		0
249.114		312.877		2413		2		0
Frame 97
299.024		317.986		2045		2		0
296.255		313.336		2035		2		0
292.834		307.538		2117		2		0
289.433		311.754		2104		1		0
272.651		296.666		2645		2		0
246.11		310.397		2471		1		0
258.589		316.09		2292		1		0
266.168		320.832		2249		1		0
314.949		310.719		2612		1		0
313.66		332.107		2069		1		0
273.034		314.071		2285		1		0
254.174		309.498		2370		1		0
293.048		317.009		2038		2		0
290.335		350.922		2286		1		0
288.555		365.143		2040		1		0
294.373		359.755		2184		1		0
305.097		318.485		2035		2		0
318.345		338.634		2290		1		0
323.394		321.358		2253		1		0
324.011		335.854		2286		1		0
293.771		309.106		2092		2		0
270.804		326.494		2217		2		0
260.814		327.073		2256		2		0
248.736		307.728		2445		2		0
253.685		313.999		2351		2		0
Frame 98
287.513		350.331		2300		2		0
283.069		342.005		2200		2		0
277.652		331.84		2210		2		0
272.18		339.047		2270		1		0
266.112		297.559		2683		2		0
251.72		324.686		2406		2		0
263.097		333.67		2259		1		0
267.689		330.404		2214		1		0
297.959		342.687		2087		1		0
300.357		330.233		2036		2		0
264.732		324.717		2234		2		0
253.631		317.476		2343		1		0
284.368		349.832		2239		2		0
273.236		381.885		1854		1		0
271.335		397.559		1751		1		0
277.387		392.641		1781		1		0
290.665		350.831		2294		2		0
304.883		368.676		2020		1		0
308.66		353.442		2241		1		0
309.145		370.684		1997		1		0
279.114		334.585		2185		2		0
273		330.833		2211		2		0
270.665		335.78		2229		2		0
246.899		316.098		2468		2		0
257.247		330		2372		2		0
Frame 99
287.338		349.666		2282		2		0
282.769		340.448		2184		2		0
277.168		328.761		2206		2		0
271.667		335.715		2234		1		0
272.768		296.849		2649		2		0
252.216		322.927		2383		2		0
262.592		332.312		2284		1		0
267.383		329.283		2211		1		0
297.437		339.571		2078		1		0
299.784		326.869		2041		1		0
264.392		324.151		2229		2		0
253.325		317.97		2341		1		0
284.347		349.294		2194		2		0
327.4		318.531		2271		2		0
324.618		338.413		2345		1		0
334.219		329.781		2283		1		0
290.277		349.982		2304		2		0
304.454		366.119		2067		1		0
308.151		350.478		2224		1		0
308.636		367.68		2055		1		0
278.682		331.957		2209		2		0
270.779		329.167		2206		2		0
270.724		334.458		2224		2		0
246.428		318.284		2441		2		0
257.55		330.226		2372		2		0
Frame 100
292.133		351.339		2278		2		0
287.943		342.369		2239		2		0
282.815		331.375		2152		2		0
280.852		314.365		2281		2		0
265.892		298.304		2675		2		0
244.545		322.909		2581		1		0
253.935		332.195		2375		1		0
264.997		328.035		2229		1		0
303.597		342.446		2112		1		0
306.537		329.692		2042		1		0
270.296		325.086		2213		2		0
253.079		318.926		2338		1		0
288.721		351.203		2250		2		0
334.367		322.908		2288		1		0
331.435		343.166		2330		1		0
341.565		334.545		2322		1		0
295.553		351.475		2272		2		0
309.588		368.908		2035		1		0
314.218		353.421		2260		1		0
314.777		370.994		2001		1		0
284.201		334.348		2170		2		0
268.636		327.182		2213		2		0
267.666		335.168		2266		2		0
245.899		318		2449		2		0
257.258		329.937		2361		2		0
Frame 101
291.154		350.036		2266		2		0
286.98		341.522		2197		2		0
281.863		331.093		2210		2		0
279.879		314.259		2270		1		0
265.876		298.35		2671		2		0
252.947		321.4		2351		2		0
262.92		331.884		2298		1		0
274.195		326.64		2212		1		0
302.414		342.044		2141		1		0
305.218		329.402		2064		1		0
269.047		323.399		2219		2		0
260.309		319.425		2263		1		0
287.59		349.414		2245		2		0
332.91		322.721		2279		1		0
330.025		342.779		2374		1		0
339.986		334.232		2333		1		0
294.724		350.587		2281		2		0
308.573		368.357		2031		1		0
312.988		352.931		2267		1		0
313.529		370.326		2005		1		0
283.247		333.912		2172		2		0
278.333		324		2212		2		0
277.101		329.8		2217		2		0
251		317.429		2364		2		0
260.113		327.708		2260		2		0
Frame 102
289.981		343.157		2203		2		0
286.007		334.841		2193		2		0
281.195		324.759		2214		2		0
281.146		313.99		2256		2		0
265.821		298.384		2676		2		0
253.193		321.043		2333		2		0
263.128		331.673		2289		1		0
274.702		325.719		2209		1		0
300.821		335.18		2115		1		0
303.355		322.58		2044		1		0
268.329		317.392		2245		1		0
255.524		317.794		2323		1		0
286.138		342.264		2176		2		0
330.055		316.937		2291		1		0
327.335		336.218		2423		1		0
336.739		327.774		2295		1		0
293.858		344.057		2275		2		0
307.054		361.802		2174		1		0
311.032		345.966		2188		1		0
311.544		362.584		2178		1		0
282.49		327.474		2197		2		0
278.334		324.333		2209		2		0
277.715		328.286		2219		2		0
250		313		2422		2		0
254.28		325.284		2348		2		0
Frame 103
289.887		342.869		2197		2		0
285.841		334.244		2194		2		0
280.925		323.683		2210		2		0
281.09		313.036		2255		2		0
265.467		297.65		2679		1		0
253.142		320.902		2336		2		0
263.138		331.614		2303		1		0
274.581		325.476		2210		1		0
300.573		334.109		2124		1		0
303.089		321.404		2047		1		0
268.049		316.32		2243		1		0
255.632		317.285		2325		1		0
286.009		342.061		2184		2		0
329.848		315.885		2291		1		0
327.128		335.199		2427		1		0
336.534		326.703		2296		1		0
293.764		343.626		2242		2		0
306.857		360.954		2195		1		0
310.808		344.963		2229		1		0
311.319		361.594		2192		1		0
282.251		326.537		2220		2		0
278		323		2206		2		0
278.001		327.429		2218		2		0
250		314		2413		2		0
254.185		322.997		2328		2		0
Frame 104
290.41		346.081		2269		2		0
286.298		337.235		2201		2		0
281.283		326.431		2226		2		0
281.276		310.024		2280		2		0
265.055		299.313		2665		1		0
251.071		324.823		2373		2		0
268.596		323.355		2213		2		0
273.916		322.236		2209		1		0
301.57		337.213		2154		1		0
304.261		324.329		2054		1		0
267.993		318.803		2236		1		0
259.778		317.968		2287		1		0
286.442		345.68		2248		2		0
331.724		318.305		2279		1		0
328.895		338.182		2421		1		0
338.681		329.542		2315		1		0
294.395		346.483		2280		2		0
307.831		364.176		2125		1		0
312.066		348.232		2312		1		0
312.601		365.396		2109		1		0
282.637		329.349		2231		2		0
278.666		321		2211		2		0
274.401		326.801		2209		2		0
251.125		317.245		2387		2		0
260.585		325.869		2262		2		0
Frame 105
290.292		345.893		2183		2		0
286.12		336.857		2233		2		0
281.022		325.759		2219		2		0
281.474		309.715		2304		2		0
264.827		298.733		2695		1		0
251.083		324.788		2380		2		0
268.59		323.281		2210		1		0
273.882		322.13		2204		1		0
301.318		336.543		2158		1		0
306.877		304.396		2056		2		0
269.915		321.267		2213		2		0
261.343		321.114		2252		1		0
286.306		345.496		2324		2		0
331.495		317.65		2287		1		0
328.669		337.546		2428		1		0
338.45		328.873		2318		1		0
294.293		346.291		2277		2		0
307.629		363.646		2143		1		0
311.833		347.604		2319		1		0
312.366		364.774		2132		1		0
282.399		328.763		2228		2		0
278.6		321.8		2210		2		0
274.418		327.084		2210		2		0
252.35		322.405		2365		2		0
267.694		331.6		2273		2		0
Frame 106
290.256		345.784		2268		2		0
286.072		336.661		2233		2		0
280.961		325.459		2214		2		0
281.938		309.577		2276		2		0
264.766		298.462		2689		1		0
251.136		324.877		2381		2		0
268.569		323.311		2208		1		0
273.362		321.71		2202		1		0
301.271		336.247		2213		1		0
306.911		304.413		2062		1		0
270.015		321.999		2202		2		0
262.208		321.437		2241		1		0
286.252		345.46		2311		2		0
331.471		317.353		2285		1		0
328.643		337.266		2427		1		0
338.43		328.575		2323		1		0
294.262		346.135		2188		2		0
307.595		363.422		2144		1		0
311.796		347.332		2319		1		0
312.33		364.512		2134		1		0
282.342		328.49		2229		2		0
280		322		2204		2		0
274.002		327.25		2207		2		0
252.998		323.225		2372		2		0
269.426		331.858		2262		2		0
Frame 107
291.43		345.696		2305		2		0
286.455		336.352		2240		2		0
280.989		325.328		2215		2		0
282.173		309.492		2266		1		0
264.787		298.347		2687		1		0
251.303		324.964		2384		2		0
268.701		323.364		2208		1		0
273.539		321.376		2200		1		0
301.303		336.118		2268		1		0
306.977		304.436		2058		1		0
269.988		322.128		2205		2		0
262.6		321.463		2247		1		0
285.477		332.799		2217		2		0
331.508		317.225		2285		1		0
328.679		337.143		2425		1		0
338.469		328.445		2324		1		0
298.065		359.954		2198		2		0
307.623		363.321		2144		1		0
311.828		347.212		2321		1		0
312.363		364.394		2130		1		0
282.417		328.294		2238		2		0
279.5		320		2203		2		0
274.82		327.238		2203		2		0
253.749		323.412		2367		2		0
270.526		331.337		2266		2		0
Frame 108
291.687		345.66		2319		2		0
287.065		336.216		2254		2		0
281.437		325.114		2219		2		0
297.033		310.216		2065		2		0
265.161		298.159		2676		1		0
251.362		325.077		2384		2		0
268.738		323.459		2207		1		0
273.388		320.873		2198		1		0
301.761		335.906		2291		1		0
314.733		298.884		2083		1		0
278.072		316.602		2213		1		0
262.122		315.07		2272		1		0
285.679		332.756		2226		2		0
331.957		317.016		2284		1		0
329.123		336.941		2431		1		0
338.935		328.233		2333		1		0
298.367		359.933		2198		2		0
307.999		363.155		2143		1		0
312.266		347.014		2320		1		0
312.806		364.199		2135		1		0
282.941		328.082		2244		2		0
279.4		319.2		2203		2		0
275.096		326.967		2205		2		0
258.666		321.644		2292		2		0
259.5		326.5		2300		2		0
Frame 109
291.89		345.55		2315		2		0
287.431		335.998		2238		2		0
281.881		324.767		2216		2		0
297.262		309.284		2081		2		0
265.53		297.855		2684		1		0
251.365		325.149		2377		2		0
268.727		323.522		2209		1		0
273.402		320.396		2199		1		0
302.219		335.562		2314		1		0
326.021		292.85		3179		1		0
291.74		303.555		2102		1		0
280.796		306.799		2327		1		0
285.796		332.67		2237		2		0
332.412		316.677		2293		1		0
329.573		336.615		2432		1		0
339.409		327.888		2331		1		0
298.679		359.801		2202		2		0
308.377		362.886		2170		1		0
312.706		346.693		2335		1		0
313.253		363.884		2167		1		0
283.384		327.76		2237		2		0
279.5		318.5		2200		2		0
276.361		325.73		2208		2		0
279		307		2300		2		0
279		307		2300		2		0
Frame 110
292.068		345.341		2313		2		0
287.558		335.856		2251		2		0
282.097		324.526		2222		2		0
297.385		308.794		2094		2		0
265.722		297.666		2683		1		0
251.369		325.155		2376		2		0
268.73		323.524		2220		1		0
273.507		319.644		2200		1		0
302.424		335.312		2321		1		0
331.076		295.04		3090		1		0
295.327		309.501		2101		1		0
288.913		306.259		2159		1		0
285.933		332.505		2234		2		0
332.59		316.449		2296		1		0
329.751		336.377		2434		1		0
339.588		327.645		2337		1		0
298.905		359.522		2202		2		0
308.541		362.668		2172		1		0
312.895		346.449		2338		1		0
313.444		363.627		2167		1		0
283.562		327.563		2256		2		0
279.8		318.6		2201		2		0
276.179		325.093		2214		2		0
287.179		306.45		2185		1		0
287.179		306.45		2185		1		0
Frame 111
303.562		341.78		2365		2		0
300.978		332.744		2295		2		0
297.876		321.898		2219		2		0
303.505		303.31		2075		2		0
273.464		315.468		2202		2		0
250.259		328.08		2379		2		0
275.48		321.535		2197		1		0
290.534		313.749		2159		1		0
329.621		317.408		2294		2		0
334.091		289.615		3271		1		0
297.159		307.438		2101		1		0
288.951		305.094		2177		1		0
292.46		330.597		2236		2		0
348.033		313.902		2824		1		0
345.019		333.869		2328		1		0
355.535		325.018		2740		1		0
315.653		353.919		2267		2		0
321.6		360.543		2153		1		0
328.077		343.965		2380		1		0
328.804		361.123		2154		1		0
298.708		324.808		2256		2		0
294.693		311.156		2129		2		0
289.912		319.435		2180		2		0
287.215		305.292		2209		1		0
287.212		305.381		2209		1		0
Frame 112
303.429		338.624		2349		2		0
303.145		327.304		2298		2		0
303.377		314.07		2119		2		0
305.239		299.222		2083		2		0
273.515		315.433		2201		2		0
253.298		328.172		2365		2		0
269.485		316.424		2216		2		0
277.943		313.456		2204		1		0
329.749		317.226		2302		2		0
334.042		288.767		3289		1		0
297.109		306.602		2118		1		0
288.936		304.271		2211		1		0
296.182		339.142		2294		2		0
351.019		314.59		2947		1		0
348.013		334.257		2344		1		0
358.498		325.555		2778		1		0
310.518		335.36		2364		2		0
324.46		360.542		2153		1		0
331.303		344.207		2308		1		0
332.054		361.111		2175		1		0
303.378		317.466		2138		2		0
286.415		310.633		2207		2		0
283.527		322.132		2241		2		0
287.201		304.474		2226		1		0
287.201		304.474		2226		1		0
