front
Frame 0
268.728		194.806		3360		2		4
267.546		162.465		3321		2		4
266.357		129.414		3326		2		4
266.594		113.528		3179		2		4
249.017		141.163		3323		2		4
244.683		170.944		3383		2		4
243.397		192.555		3352		2		4
243.582		198.827		3353		2		4
283.757		141.553		3334		2		4
292.083		169.465		3382		2		4
297.085		190.43		3340		2		4
297.237		196.155		3348		2		4
260.76		195.138		3401		2		4
259.717		227.983		3462		2		4
262.229		260.008		3579		2		4
262.471		267.529		3587		2		4
276.718		194.464		3388		2		4
280.692		227.692		3464		2		4
279.559		259.514		3544		2		4
280.248		267.045		3565		2		4
266.658		137.746		3310		2		4
243.714		205.429		3365		2		4
240.364		197.551		3382		2		4
299.333		201.334		3361		2		4
294.666		196.999		3346		2		4
Frame 1
268.737		194.789		3352		2		4
267.546		162.455		3315		2		4
266.351		129.406		3328		2		4
266.597		113.525		3200		2		4
249.007		141.16		3318		2		4
244.71		170.938		3383		2		4
243.418		192.537		3364		2		4
243.619		198.412		3352		2		4
283.732		141.538		3331		2		4
292.097		169.53		3382		2		4
297.069		190.511		3354		2		4
297.213		196.713		3344		2		4
260.772		195.125		3397		2		4
259.684		227.977		3473		2		4
262.212		259.993		3571		2		4
266.37		268.156		3581		2		4
276.725		194.446		3373		2		4
280.699		227.649		3465		2		4
279.439		259.474		3556		2		4
280.125		267.007		3562		2		4
266.654		137.738		3312		2		4
243.978		205.25		3375		2		4
240.669		198.477		3389		2		4
298		202.5		3375		2		4
294.416		196.832		3347		2		4
Frame 2
268.726		194.791		3371		2		4
267.528		162.476		3321		2		4
266.318		129.453		3327		2		4
266.59		113.531		3191		2		4
249.009		141.159		3314		2		4
244.716		170.945		3376		2		4
243.471		192.562		3349		2		4
243.655		198.581		3355		2		4
283.725		141.555		3310		2		4
292.094		169.549		3375		2		4
297.066		190.494		3355		2		4
297.126		196.689		3339		2		4
260.765		195.126		3391		2		4
259.707		227.981		3452		2		4
262.179		259.993		3578		2		4
267.114		267.679		3582		2		4
276.71		194.45		3376		2		4
280.723		227.623		3462		2		4
279.429		259.349		3570		2		4
280.113		266.881		3570		2		4
266.626		137.779		3297		2		4
243.833		205.333		3371		2		4
240.546		197.984		3379		2		4
298.032		202.484		3372		2		4
294.652		197.623		3358		2		4
Frame 3
268.726		194.793		3362		2		4
267.532		162.481		3312		2		4
266.332		129.463		3332		2		4
266.584		113.534		3194		2		4
248.996		141.167		3329		2		4
244.77		170.957		3383		2		4
243.472		192.556		3367		2		4
243.599		198.608		3353		2		4
283.715		141.563		3317		2		4
292.079		169.57		3383		2		4
297.153		190.508		3353		2		4
297.218		196.691		3350		2		4
260.766		195.128		3395		2		4
259.71		227.976		3456		2		4
262.077		259.778		3555		2		4
266.957		267.49		3571		2		4
276.71		194.451		3374		2		4
280.717		227.619		3467		2		4
279.446		259.296		3539		2		4
280.132		266.827		3567		2		4
266.636		137.787		3324		2		4
244.201		205.401		3371		2		4
241.197		201.594		3372		2		4
298		202.5		3378		2		4
294.631		197.724		3349		2		4
Frame 4
268.721		194.793		3365		2		4
267.511		162.483		3307		2		4
266.281		129.462		3334		2		4
266.586		113.534		3184		2		4
248.94		141.174		3331		2		4
244.761		170.969		3378		2		4
243.509		192.57		3350		2		4
243.63		198.469		3343		2		4
283.652		141.536		3323		2		4
292.069		169.644		3377		2		4
297.155		190.57		3351		2		4
297.063		196.664		3335		2		4
260.754		195.129		3385		2		4
259.698		227.976		3473		2		4
262.09		259.772		3576		2		4
267.03		267.459		3567		2		4
276.703		194.452		3384		2		4
280.702		227.615		3453		2		4
279.316		260.718		3556		2		4
275.866		269.318		3566		2		4
266.593		137.788		3311		2		4
243.834		205.334		3362		2		4
240.615		196.922		3384		2		4
297.999		202.501		3364		2		4
294.428		198.286		3344		2		4
Frame 5
268.721		194.794		3357		2		4
267.512		162.483		3308		2		4
266.284		129.46		3326		2		4
266.575		113.562		3180		2		4
248.935		141.179		3336		2		4
244.775		170.977		3378		2		4
243.529		192.578		3349		2		4
243.64		198.75		3359		2		4
283.627		141.572		3316		2		4
292.052		169.811		3374		2		4
297.003		190.715		3355		2		4
296.999		196.715		3345		2		4
260.754		195.129		3402		2		4
259.689		227.963		3465		2		4
262.096		259.754		3577		2		4
266.684		267.697		3576		2		4
276.705		194.454		3365		2		4
280.687		227.64		3461		2		4
279.461		260.37		3556		2		4
276.062		268.99		3559		2		4
266.596		137.787		3319		2		4
244.002		205.375		3368		2		4
240.533		197.268		3369		2		4
298.2		202.601		3351		2		4
294.455		197.727		3340		2		4
Frame 6
268.718		194.797		3353		2		4
267.51		162.484		3312		2		4
266.283		129.459		3325		2		4
266.575		113.628		3191		2		4
248.95		141.182		3325		2		4
244.811		170.984		3370		2		4
243.608		192.591		3356		2		4
243.814		198.529		3353		2		4
283.62		141.575		3324		2		4
292.037		169.826		3384		2		4
296.999		190.722		3356		2		4
297.015		196.769		3339		2		4
260.751		195.133		3406		2		4
259.68		228.023		3467		2		4
262.123		259.788		3580		2		4
262.358		267.307		3571		2		4
276.701		194.455		3380		2		4
280.685		227.648		3460		2		4
279.491		259.941		3558		2		4
275.943		268.472		3566		2		4
266.595		137.786		3301		2		4
243.963		205.254		3377		2		4
240.829		198.641		3394		2		4
297.999		202.501		3370		2		4
294.5		199.5		3338		2		4
Frame 7
268.717		194.799		3347		2		4
267.5		162.488		3318		2		4
266.251		129.459		3330		2		4
266.558		113.623		3187		2		4
248.955		141.184		3337		2		4
244.838		170.994		3374		2		4
243.642		192.61		3340		2		4
243.539		198.601		3355		2		4
283.611		141.57		3318		2		4
291.881		169.749		3372		2		4
296.959		190.637		3348		2		4
297.013		197.004		3349		2		4
260.752		195.138		3393		2		4
259.683		228.002		3481		2		4
262.12		259.807		3577		2		4
262.353		267.329		3573		2		4
276.699		194.457		3380		2		4
280.678		227.677		3463		2		4
279.458		259.941		3553		2		4
275.975		268.489		3560		2		4
266.569		137.788		3318		2		4
243.2		205.401		3365		2		4
240.571		197.073		3373		2		4
297.832		202.667		3368		2		4
294.447		197.573		3344		2		4
Frame 8
268.712		194.806		3350		2		4
267.475		162.511		3313		2		4
266.191		129.5		3320		2		4
266.525		113.628		3191		2		4
248.949		141.189		3330		2		4
244.839		170.997		3381		2		4
243.643		192.607		3358		2		4
243.47		198.654		3361		2		4
283.585		141.579		3324		2		4
291.824		169.729		3374		2		4
296.959		190.615		3351		2		4
296.776		196.766		3346		2		4
260.746		195.145		3385		2		4
259.688		228.004		3451		2		4
262.109		259.835		3561		2		4
262.335		267.362		3588		2		4
276.695		194.463		3379		2		4
280.621		227.769		3454		2		4
279.465		259.951		3547		2		4
275.817		268.422		3569		2		4
266.518		137.826		3299		2		4
243.796		205.326		3377		2		4
240.667		200.334		3369		2		4
297.999		202.501		3370		2		4
296.399		199.4		3390		2		4
Frame 9
268.714		194.807		3364		2		4
267.464		162.52		3309		2		4
266.146		129.525		3326		2		4
266.52		113.574		3186		2		4
248.919		141.211		3329		2		4
244.845		171.024		3379		2		4
243.657		192.636		3360		2		4
243.468		198.491		3360		2		4
283.573		141.595		3321		2		4
291.642		169.643		3381		2		4
296.933		190.495		3353		2		4
296.598		196.772		3337		2		4
260.746		195.147		3390		2		4
259.684		228.003		3474		2		4
262.672		261.467		3576		2		4
262.899		269.029		3579		2		4
276.704		194.463		3385		2		4
280.599		227.826		3456		2		4
279.462		259.951		3554		2		4
275.678		268.346		3574		2		4
266.483		137.847		3300		2		4
243.501		205.501		3367		2		4
240.559		198.662		3380		2		4
297.999		202.501		3365		2		4
293.922		197.228		3365		2		4
Frame 10
268.679		194.83		3348		2		4
267.429		162.555		3303		2		4
266.127		129.555		3321		2		4
266.488		113.518		3185		2		4
248.919		141.206		3307		2		4
244.837		171.021		3386		2		4
243.675		192.664		3351		2		4
243.509		198.577		3365		2		4
283.56		141.679		3318		2		4
291.586		169.7		3380		2		4
296.846		190.555		3345		2		4
296.356		196.839		3331		2		4
260.702		195.18		3393		2		4
259.703		228.037		3460		2		4
262.719		261.761		3578		2		4
262.863		269.343		3587		2		4
276.675		194.478		3365		2		4
280.59		227.901		3456		2		4
279.48		259.984		3556		2		4
275.832		268.44		3572		2		4
266.458		137.881		3288		2		4
243.277		205.387		3374		2		4
240.571		197.357		3388		2		4
296.75		203.25		3356		2		4
293.332		197.331		3355		2		4
Frame 11
268.646		194.869		3347		2		4
267.406		162.607		3312		2		4
266.124		129.605		3310		2		4
266.478		113.633		3174		2		4
248.893		141.254		3312		2		4
244.829		171.078		3378		2		4
243.833		192.765		3354		2		4
243.792		198.928		3356		2		4
283.556		141.697		3309		2		4
291.517		169.788		3370		2		4
296.842		190.661		3348		2		4
296.515		196.945		3333		2		4
260.668		195.233		3382		2		4
259.685		228.181		3459		2		4
262.628		261.393		3582		2		4
262.753		268.971		3594		2		4
276.644		194.506		3369		2		4
280.571		228.066		3457		2		4
279.439		260.035		3554		2		4
275.716		268.443		3568		2		4
266.449		137.932		3292		2		4
243.715		205.429		3369		2		4
240.661		198.403		3394		2		4
298.2		202.601		3355		2		4
293.645		198.22		3365		2		4
Frame 12
268.62		194.897		3350		2		4
267.368		162.654		3291		2		4
266.08		129.645		3322		2		4
266.376		113.608		3175		2		4
248.866		141.351		3320		2		4
244.799		171.158		3380		2		4
243.889		192.871		3357		2		4
243.543		198.855		3355		2		4
283.534		141.705		3311		2		4
291.508		169.79		3369		2		4
296.836		190.702		3343		2		4
296.578		197.251		3340		2		4
260.645		195.236		3372		2		4
259.666		228.279		3458		2		4
262.369		260.597		3575		2		4
266.607		268.686		3583		2		4
276.614		194.562		3378		2		4
280.553		228.201		3458		2		4
279.429		260.041		3554		2		4
275.653		268.411		3570		2		4
266.405		137.977		3288		2		4
243.513		205.477		3377		2		4
240.634		198.447		3394		2		4
297.168		203.333		3359		2		4
293.704		197.598		3362		2		4
Frame 13
268.591		194.977		3348		2		4
267.33		162.776		3298		2		4
266.037		129.783		3305		2		4
266.369		113.657		3171		2		4
248.807		141.371		3301		2		4
244.821		171.206		3361		2		4
243.891		192.956		3354		2		4
243.506		198.983		3355		2		4
283.495		141.706		3303		2		4
291.509		169.812		3371		2		4
296.818		190.756		3350		2		4
296.774		197.341		3349		2		4
260.612		195.303		3378		2		4
259.624		228.375		3457		2		4
262.333		260.586		3564		2		4
267.113		268.352		3574		2		4
276.588		194.655		3363		2		4
280.587		228.249		3446		2		4
279.437		260.018		3552		2		4
275.675		268.395		3572		2		4
266.363		138.113		3286		2		4
243.287		205.572		3372		2		4
240.561		198.757		3377		2		4
297.285		203.429		3359		2		4
293.665		196.997		3362		2		4
Frame 14
268.559		195.055		3328		2		4
267.31		162.797		3282		2		4
266.039		129.692		3301		2		4
266.331		113.606		3156		2		4
248.72		141.348		3299		2		4
244.73		171.238		3374		2		4
243.887		193.084		3351		2		4
243.636		200.118		3362		2		4
283.478		141.875		3298		2		4
291.613		169.953		3365		2		4
296.813		190.961		3350		2		4
297.062		197.084		3333		2		4
260.59		195.396		3370		2		4
259.562		228.535		3457		2		4
262.325		260.376		3568		2		4
266.551		268.353		3567		2		4
276.545		194.711		3361		2		4
280.591		228.274		3439		2		4
279.4		260.069		3548		2		4
275.527		268.385		3587		2		4
266.359		138.055		3273		2		4
243.715		206.429		3375		2		4
240.667		202.001		3380		2		4
298		203.5		3372		2		4
294.444		198.223		3333		2		4
Frame 15
268.455		195.21		3325		2		4
267.27		162.91		3281		2		4
266.076		129.73		3286		2		4
266.244		113.369		3147		2		4
248.588		141.484		3277		2		4
244.589		171.304		3367		2		4
243.828		193.168		3345		2		4
243.487		199.869		3351		2		4
283.428		141.803		3277		2		4
291.719		170.113		3357		2		4
296.82		191.223		3334		2		4
297.293		197.994		3340		2		4
260.45		195.541		3366		2		4
259.531		228.66		3427		2		4
262.259		260.58		3571		2		4
267.136		268.231		3584		2		4
276.478		194.876		3343		2		4
280.546		228.276		3443		2		4
279.445		259.862		3554		2		4
280.182		267.488		3559		2		4
266.376		138.114		3263		2		4
243.717		206.429		3365		2		4
240.454		199.729		3376		2		4
297.75		204.25		3357		2		4
294.364		197.506		3348		2		4
Frame 16
268.511		195.371		3319		2		4
267.293		163.063		3283		2		4
266.043		129.83		3284		2		4
266.208		113.483		3138		2		4
248.539		141.548		3282		2		4
244.391		171.41		3358		2		4
243.7		193.371		3356		2		4
243.391		200.088		3351		2		4
283.426		141.825		3271		2		4
291.895		170.096		3355		2		4
296.87		191.358		3342		2		4
297.272		198.172		3341		2		4
260.484		195.714		3361		2		4
259.504		228.753		3429		2		4
262.241		261.249		3562		2		4
267.502		268.672		3573		2		4
276.558		195.025		3344		2		4
280.6		228.438		3434		2		4
279.461		259.883		3537		2		4
280.166		267.537		3564		2		4
266.359		138.232		3262		2		4
243.718		206.429		3355		2		4
240.692		199.77		3373		2		4
297.799		204.401		3356		2		4
294.349		198.153		3348		2		4
Frame 17
268.412		195.481		3329		2		4
267.206		163.162		3258		2		4
265.984		129.877		3266		2		4
266.086		113.497		3130		2		4
248.46		141.517		3270		2		4
244.297		171.399		3358		2		4
243.493		193.423		3343		2		4
243.051		200.193		3340		2		4
283.4		141.689		3268		2		4
291.896		170.067		3352		2		4
297.228		191.268		3329		2		4
297.916		198.202		3325		2		4
260.381		195.809		3356		2		4
259.46		228.906		3429		2		4
262.796		262.195		3568		2		4
267.371		269.875		3579		2		4
276.461		195.151		3342		2		4
280.612		228.499		3424		2		4
279.462		259.874		3553		2		4
276.619		268.669		3555		2		4
266.292		138.297		3250		2		4
243.224		206.444		3366		2		4
240.574		200.262		3374		2		4
298.165		204.334		3346		2		4
297.001		203.4		3358		2		4
Frame 18
268.477		195.683		3302		2		4
267.266		163.278		3254		2		4
266.026		129.842		3262		2		4
266.006		113.468		3113		2		4
248.286		141.551		3262		2		4
244.157		171.5		3338		2		4
243.071		193.578		3331		2		4
242.697		200.323		3336		2		4
283.406		141.746		3259		2		4
291.899		170.027		3358		2		4
297.658		191.131		3328		2		4
298.322		198.185		3327		2		4
260.422		195.985		3362		2		4
259.442		229.316		3437		2		4
262.81		262.227		3574		2		4
267.683		269.56		3582		2		4
276.551		195.38		3329		2		4
280.639		228.651		3425		2		4
279.457		259.885		3559		2		4
276.802		268.741		3558		2		4
266.339		138.305		3243		2		4
243.506		206.4		3353		2		4
239.499		200.5		3360		2		4
299		204.5		3346		2		4
295.6		199.103		3344		2		4
Frame 19
268.287		195.823		3306		2		4
267.081		163.398		3245		2		4
265.87		129.867		3238		2		4
265.851		113.406		3096		2		4
248.017		141.542		3240		2		4
243.909		171.629		3322		2		4
242.813		193.824		3326		2		4
242.543		200.544		3323		2		4
283.235		141.784		3254		2		4
292.203		170.06		3333		2		4
297.954		191.277		3325		2		4
299.002		198.242		3316		2		4
260.206		196.089		3343		2		4
259.393		229.445		3417		2		4
262.871		262.358		3577		2		4
267.783		269.736		3585		2		4
276.383		195.552		3328		2		4
280.633		228.919		3426		2		4
279.439		259.901		3539		2		4
276.724		268.735		3566		2		4
266.174		138.363		3223		2		4
243.002		206.416		3357		2		4
239.636		200.636		3375		2		4
299.8		204.401		3341		2		4
296.429		198.714		3301		2		4
Frame 20
268.386		196.049		3302		2		4
267.11		163.552		3228		2		4
265.803		129.912		3229		2		4
265.703		113.532		3094		2		4
247.951		141.653		3235		2		4
243.773		171.753		3322		2		4
242.686		194.023		3310		2		4
242.103		201.35		3319		2		4
283.206		141.589		3238		2		4
292.456		170.136		3313		2		4
298.767		191.326		3307		2		4
299.413		198.309		3306		2		4
260.304		196.325		3334		2		4
259.32		230.003		3417		2		4
262.88		262.008		3575		2		4
267.991		269.309		3574		2		4
276.487		195.767		3314		2		4
280.678		229.083		3411		2		4
279.415		260.081		3533		2		4
276.587		268.83		3563		2		4
266.133		138.437		3205		2		4
242.501		207.4		3334		2		4
238.834		199.668		3354		2		4
300.499		204.501		3330		2		4
298.834		202.998		3299		2		4
Frame 21
268.412		196.337		3295		2		4
267.141		163.765		3221		2		4
265.835		129.961		3213		2		4
265.566		113.697		3073		2		4
247.844		141.796		3222		2		4
243.631		171.91		3307		2		4
242.184		194.221		3300		2		4
241.752		201.106		3301		2		4
283.197		141.692		3217		2		4
292.665		169.971		3316		2		4
299.141		191.269		3294		2		4
299.884		198.252		3290		2		4
260.314		196.66		3314		2		4
259.325		230.334		3424		2		4
262.975		262.217		3567		2		4
267.403		269.983		3575		2		4
276.523		196.013		3301		2		4
280.693		229.319		3400		2		4
279.353		259.99		3546		2		4
280.106		267.814		3562		2		4
266.165		138.537		3200		2		4
242.504		207.4		3329		2		4
238.599		199.696		3334		2		4
300.499		204.5		3321		2		4
298.336		200.258		3304		2		4
Frame 22
268.418		196.81		3285		2		4
267.083		164.196		3208		2		4
265.699		130.299		3208		2		4
265.53		113.757		3049		2		4
248.013		142.16		3185		2		4
243.342		172.191		3292		2		4
241.589		194.534		3284		2		4
241.222		200.963		3276		2		4
283.292		142.028		3197		2		4
292.91		170.066		3301		2		4
299.69		191.306		3281		2		4
300.54		198.386		3276		2		4
260.209		197.135		3320		2		4
259.251		230.669		3410		2		4
262.856		261.723		3574		2		4
267.511		269.341		3577		2		4
276.62		196.479		3301		2		4
280.756		229.942		3389		2		4
279.2		260.093		3550		2		4
280.023		267.952		3572		2		4
266.05		138.902		3185		2		4
241.004		207.5		3294		2		4
238.285		199.857		3318		2		4
301.5		204.5		3308		2		4
298.189		199.068		3282		2		4
Frame 23
268.407		197.195		3260		2		4
267.037		164.513		3187		2		4
265.61		130.45		3182		2		4
265.256		113.811		3039		2		4
247.405		142.441		3172		2		4
243.091		172.728		3279		2		4
241.553		195.231		3275		2		4
241.218		202.423		3266		2		4
283.332		142.35		3169		2		4
293.337		170.433		3285		2		4
300.216		191.84		3276		2		4
300.972		198.662		3269		2		4
260.188		197.537		3302		2		4
259.186		230.795		3397		2		4
262.699		261.538		3543		2		4
263.098		269.466		3571		2		4
276.628		196.843		3273		2		4
280.651		230.387		3382		2		4
279.258		260.65		3535		2		4
275.855		269.082		3568		2		4
265.973		139.105		3173		2		4
241.729		208.455		3297		2		4
238.625		202.501		3291		2		4
302.142		204.572		3298		2		4
298.166		198.333		3278		2		4
Frame 24
268.26		197.854		3248		2		4
266.77		164.936		3161		2		4
265.212		130.537		3160		2		4
265.054		113.705		3009		2		4
246.868		143.197		3163		2		4
242.561		173.576		3254		2		4
241.415		196.256		3258		2		4
241.003		203.389		3257		2		4
283.436		142.632		3170		2		4
293.731		170.624		3276		2		4
300.955		191.965		3265		2		4
301.634		199.306		3260		2		4
259.961		198.195		3285		2		4
259.224		231.122		3392		2		4
262.892		262.208		3550		2		4
263.502		270.185		3568		2		4
276.565		197.506		3272		2		4
280.765		231.012		3382		2		4
279.214		261.373		3536		2		4
280.236		269.357		3550		2		4
265.608		139.286		3143		2		4
241.503		209.4		3275		2		4
238.332		203.134		3269		2		4
302.499		205.5		3282		2		4
298.624		198.625		3261		2		4
Frame 25
268.203		198.215		3242		2		4
266.655		165.288		3153		2		4
265.029		130.821		3138		2		4
264.986		113.987		2991		2		4
246.658		143.464		3138		2		4
242.136		174.057		3231		2		4
240.999		196.847		3224		2		4
240.391		204.04		3241		2		4
283.461		142.741		3152		2		4
294.139		170.929		3250		2		4
301.784		192.255		3247		2		4
302.274		199.394		3239		2		4
259.915		198.599		3278		2		4
259.169		231.582		3383		2		4
263.403		262.915		3547		2		4
264.025		270.964		3568		2		4
276.498		197.83		3253		2		4
280.85		231.826		3357		2		4
278.646		261.944		3518		2		4
279.652		270.004		3544		2		4
265.443		139.593		3122		2		4
240.717		210.429		3258		2		4
237.499		203.644		3240		2		4
303.499		205.5		3271		2		4
300.002		201.256		3250		2		4
Frame 26
268.256		198.778		3226		2		4
266.742		165.927		3137		2		4
265.164		131.529		3123		2		4
264.757		114.12		2979		2		4
246.289		143.841		3125		2		4
242.171		174.309		3223		2		4
240.631		197.187		3212		2		4
240.472		204.294		3216		2		4
283.607		143.069		3128		2		4
294.164		170.887		3235		2		4
302.39		192.15		3221		2		4
302.834		198.962		3219		2		4
259.965		199.224		3252		2		4
259.201		232.217		3381		2		4
263.292		263.168		3556		2		4
268.072		270.689		3576		2		4
276.554		198.331		3237		2		4
281.133		232.213		3345		2		4
278.434		262.143		3529		2		4
279.512		270.226		3543		2		4
265.565		140.284		3102		2		4
241.004		210.417		3260		2		4
237.751		205.589		3210		2		4
304.499		205.5		3258		2		4
299.554		197.777		3251		2		4
Frame 27
268.467		199.33		3209		2		4
266.945		166.563		3113		2		4
265.336		132.127		3098		2		4
264.572		114.411		2944		2		4
246.22		144.199		3099		2		4
241.93		175.081		3191		2		4
240.289		198.152		3186		2		4
239.974		205.142		3193		2		4
283.651		143.192		3115		2		4
294.735		171.218		3223		2		4
302.953		192.69		3214		2		4
303.656		199.502		3205		2		4
260.174		199.837		3249		2		4
259.094		233.29		3364		2		4
263.228		263.213		3555		2		4
264.062		271.385		3555		2		4
276.767		198.823		3216		2		4
281.233		232.636		3330		2		4
278.67		262.266		3506		2		4
279.89		270.452		3552		2		4
265.747		140.907		3072		2		4
240.783		211.444		3227		2		4
236.498		204.873		3210		2		4
304.833		205.667		3249		2		4
301.671		200.592		3208		2		4
Frame 28
268.612		200.3		3186		2		4
266.965		167.352		3097		2		4
265.246		132.689		3074		2		4
264.295		115.745		2927		2		4
246.105		144.81		3056		2		4
241.38		175.631		3173		2		4
239.557		198.834		3171		2		4
239.292		206.095		3168		2		4
283.679		144.168		3080		2		4
295.182		171.416		3202		2		4
304.065		192.779		3196		2		4
304.768		199.574		3187		2		4
260.253		200.871		3219		2		4
259.206		233.862		3343		2		4
263.009		263.26		3535		2		4
268.939		269.987		3551		2		4
276.982		199.727		3205		2		4
281.498		233.415		3322		2		4
278.326		262.487		3520		2		4
279.439		270.674		3548		2		4
265.683		141.527		3059		2		4
239.004		212.5		3200		2		4
236.332		205.732		3179		2		4
306.198		205.6		3220		2		4
302.625		200.625		3201		2		4
Frame 29
268.83		201.147		3178		2		4
267.1		168.155		3072		2		4
265.274		133.391		3052		2		4
264.101		116.28		2907		2		4
245.983		145.359		3054		2		4
240.846		176.374		3143		2		4
238.874		199.739		3143		2		4
238.416		206.752		3147		2		4
283.688		144.578		3065		2		4
295.866		172.008		3188		2		4
305.008		193.389		3175		2		4
306.001		200.38		3169		2		4
260.395		201.723		3204		2		4
259.317		234.604		3317		2		4
263.075		263.399		3518		2		4
270.057		268.986		3801		2		4
277.282		200.569		3207		2		4
281.631		234.609		3305		2		4
278.527		262.684		3505		2		4
279.861		270.918		3546		2		4
265.741		142.263		3041		2		4
238.631		213.5		3177		2		4
235.539		207.003		3161		2		4
307.498		206.5		3211		2		4
304.006		201.613		3172		2		4
Frame 30
269.29		202.447		3152		2		4
267.257		169.425		3052		2		4
265.061		134.504		3018		2		4
263.913		117.247		2879		2		4
245.737		146.95		3022		2		4
240.157		177.775		3136		2		4
238.029		201.302		3119		2		4
237.014		208.069		3129		2		4
284.023		145.665		3039		2		4
296.732		173.083		3163		2		4
306.463		194.446		3148		2		4
307.117		201.917		3147		2		4
260.786		203.136		3189		2		4
259.425		235.627		3298		2		4
263.112		263.776		3505		2		4
270.012		268.723		3903		2		4
277.797		201.762		3186		2		4
281.825		235.402		3262		2		4
279.254		262.996		3489		2		4
280.524		271.367		3542		2		4
265.627		143.428		3012		2		4
236.504		214.501		3136		2		4
233.624		208.122		3142		2		4
308.427		207.715		3181		2		4
304.923		203.234		3162		2		4
Frame 31
269.099		203.84		3132		2		4
267.207		170.795		3031		2		4
265.209		135.8		2984		2		4
263.73		118.477		2849		2		4
245.519		147.996		2989		2		4
239.321		179.087		3108		2		4
236.598		202.743		3094		2		4
235.916		209.523		3093		2		4
284.313		146.756		3014		2		4
297.445		173.896		3138		2		4
307.68		195.203		3134		2		4
308.797		202.857		3122		2		4
260.618		204.445		3156		2		4
259.192		237.376		3252		2		4
263.268		263.913		3512		2		4
264.204		272.322		3539		2		4
277.581		203.236		3148		2		4
282.092		237.216		3233		2		4
279.673		263.049		3469		2		4
281.024		271.499		3536		2		4
265.719		144.747		2987		2		4
236.508		216.4		3126		2		4
232.818		209.36		3119		2		4
310.144		208.571		3163		2		4
308.338		206.835		3137		2		4
Frame 32
269.179		206.332		3119		2		4
267.219		173.086		3009		2		4
265.154		137.87		2953		2		4
263.511		120.694		2820		2		4
245.571		150.756		2980		2		4
238.507		181.235		3086		2		4
235.287		204.964		3075		2		4
234.165		211.055		3064		2		4
284.339		149.011		2989		2		4
298.433		175.348		3117		2		4
309.723		196.284		3104		2		4
310.733		203.755		3097		2		4
260.656		206.966		3142		2		4
258.665		238.247		3229		2		4
262.949		264.265		3450		2		4
263.81		272.787		3539		2		4
277.702		205.698		3131		2		4
283.339		238.945		3193		2		4
279.738		263.166		3455		2		4
281.021		271.675		3518		2		4
265.681		146.875		2959		2		4
233.803		218.6		3080		2		4
230.8		210.497		3078		2		4
312.832		209.668		3148		2		4
308.526		204.162		3103		2		4
Frame 33
269.439		208.909		3104		2		4
267.316		175.631		2988		2		4
265.065		140.335		2938		2		4
263.458		123.057		2793		2		4
245.486		152.528		2954		2		4
237.273		183.527		3070		2		4
233.779		207.48		3043		2		4
232.657		213.841		3038		2		4
284.399		151.396		2969		2		4
299.625		177.623		3092		2		4
311.624		198.403		3082		2		4
312.7		205.925		3076		2		4
260.692		209.631		3116		2		4
258.365		239.044		3181		2		4
262.831		264.395		3426		2		4
263.528		273.046		3492		2		4
278.193		208.193		3100		2		4
283.82		239.687		3160		2		4
280.42		262.975		3401		2		4
281.57		271.672		3503		2		4
265.641		149.366		2942		2		4
232.504		221.501		3070		2		4
230		214.453		3044		2		4
314.8		211.8		3107		2		4
310.399		208.2		3071		2		4
Frame 34
269.668		212.324		3071		2		4
267.443		178.749		2968		2		4
265.104		143.184		2922		2		4
263.564		125.304		2763		2		4
245.41		156.307		2919		2		4
236.588		185.783		3034		2		4
231.588		209.448		3020		2		4
230.43		216.789		3009		2		4
284.68		154.607		2939		2		4
300.472		178.982		3064		2		4
313.431		199.342		3049		2		4
314.913		207.149		3041		2		4
260.852		212.995		3087		2		4
258.033		242.583		3152		2		4
262.71		267.191		3445		2		4
269.459		268.816		0		2		4
278.486		211.648		3084		2		4
284.59		241.354		3147		2		4
280.262		263.432		3391		2		4
281.571		272.124		3477		2		4
265.701		152.279		2913		2		4
229.506		223.502		3026		2		4
227.601		221.8		3001		2		4
317.142		212.571		3086		2		4
312.499		209.125		3066		2		4
Frame 35
269.658		215.258		3033		2		4
267.64		181.816		2934		2		4
265.533		146.404		2894		2		4
263.269		129.443		2732		2		4
245.44		158.609		2891		2		4
235.725		188.758		3014		2		4
229.68		212.446		2980		2		4
228.057		219.715		2986		2		4
284.966		156.905		2914		2		4
301.782		181.311		3048		2		4
315.193		201.684		3026		2		4
317.545		208.883		3006		2		4
260.819		215.885		3060		2		4
257.322		245.74		3127		2		4
261.98		272.38		3475		2		4
262.945		281.701		3177		1		4
278.503		214.637		3043		2		4
284.976		244.927		3100		2		4
280.745		263.362		3313		2		4
282.188		272.313		3470		1		4
266.069		155.459		2882		2		4
227.172		226.668		2997		2		4
224.648		219.471		2955		2		4
320.247		214.751		3051		2		4
315.666		211.667		3015		2		4
Frame 36
270.229		219.348		3003		2		4
267.702		185.875		2903		2		4
265.03		150.327		2856		2		4
263.215		131.791		2701		2		4
244.99		161.806		2864		2		4
235.204		191.168		3005		2		4
227.956		214.616		2967		2		4
225.442		222.433		2949		2		4
285.307		160.637		2885		2		4
303.225		184.306		3023		2		4
317.821		204		2990		2		4
319.877		211.642		2983		2		4
261.389		220.251		3041		2		4
257.984		249.606		3091		2		4
255.927		277.794		3302		1		4
256.708		287.408		3074		1		4
279.071		218.395		3026		2		4
285.429		248.218		3065		2		4
281.966		272.185		3464		2		4
283.432		281.546		3174		1		4
265.713		159.424		2849		2		4
223.582		228.716		2953		2		4
221.938		220.433		2922		2		4
322.714		217.287		3009		2		4
318.505		213.787		2977		2		4
Frame 37
270.121		222.751		2975		2		4
267.583		189.342		2865		2		4
264.902		153.886		2817		2		4
262.979		135.886		2669		2		4
245.228		165.611		2820		2		4
234.033		194.422		2979		2		4
225.32		217.603		2917		2		4
222.777		225.519		2915		2		4
285.47		164.259		2835		2		4
303.88		186.676		2997		2		4
319.817		205.622		2941		2		4
321.937		213.139		2936		2		4
261.153		223.453		3001		2		4
258.121		253.343		3070		2		4
258.306		281.412		3177		1		4
259.722		270.042		3144		2		4
279.092		222.111		2985		2		4
286.561		252.274		3046		2		4
285.662		281.776		3172		1		4
285.126		268.912		3122		2		4
265.587		162.964		2814		2		4
221.338		232.667		2941		2		4
219.125		224.994		2910		2		4
324.832		219.334		2963		2		4
319.464		214.693		2942		2		4
Frame 38
270.481		227.72		2941		2		4
267.883		193.895		2823		2		4
265.134		157.911		2776		2		4
262.806		139.694		2636		2		4
244.673		169.631		2792		2		4
233.449		198.808		2947		2		4
223.172		221.714		2879		2		4
220.601		229.156		2871		2		4
285.429		167.865		2801		2		4
304.427		188.936		2963		2		4
320.728		207.652		2902		2		4
323.467		214.877		2891		2		4
261.433		228.35		2966		2		4
259.215		258.076		3048		2		4
257.123		284.438		3123		1		4
259.937		273.38		3120		2		4
279.547		227.091		2952		2		4
287.486		256.101		3022		2		4
285.709		284.421		3112		1		4
284.67		272.094		3096		2		4
265.837		167.13		2769		2		4
217.173		236.337		2866		2		4
216.918		228.413		2864		2		4
326.855		221.145		2919		2		4
322.212		218.104		2889		2		4
Frame 39
270.018		233.076		2893		2		4
267.25		198.8		2785		2		4
264.311		162.239		2737		2		4
262.471		144.153		2598		2		4
244.394		174.756		2748		2		4
232.518		203.12		2897		2		4
221.798		225.931		2821		2		4
218.191		233.117		2831		2		4
286.021		172.004		2770		2		4
305.638		192.771		2929		2		4
322.607		210.967		2842		2		4
325.233		217.548		2842		2		4
260.769		233.883		2939		2		4
258.016		263.005		3021		2		4
258.1		289.894		3041		1		4
260.278		278.394		3096		2		4
279.285		232.27		2904		2		4
286.638		261.631		2994		2		4
286.421		289.479		3022		1		4
284.48		276.528		3054		2		4
265.064		171.616		2735		2		4
214.801		240.6		2817		2		4
214.085		233.578		2811		2		4
328.997		223.171		2847		2		4
322.999		222.001		2846		2		4
Frame 40
270.417		237.932		2872		2		4
267.656		203.924		2742		2		4
264.714		167.512		2680		2		4
262.553		148.872		2546		2		4
243.928		178.859		2709		2		4
232.249		208.186		2844		2		4
220.587		230.869		2760		2		4
216.72		238.047		2764		2		4
286.262		176.59		2708		2		4
306.744		196.033		2881		2		4
323.549		214.368		2778		2		4
326.169		220.775		2763		2		4
261.153		238.802		2877		2		4
258.768		267.386		2998		2		4
257.755		292.75		2990		1		4
258.881		283.174		3080		2		4
279.691		237.057		2847		2		4
286.271		266.695		2965		2		4
285.297		291.456		2999		1		4
285.162		281.639		3040		2		4
265.468		176.864		2688		2		4
212.431		245.145		2753		2		4
212		237.999		2768		2		4
330.333		226.557		2745		2		4
322.581		224.165		2775		2		4
Frame 41
270.588		243.416		2829		2		4
267.475		209.631		2692		2		4
264.132		173.215		2614		2		4
262.602		154.883		2495		2		4
243.832		185.75		2651		2		4
231.828		215.265		2784		2		4
219.911		238.19		2681		2		4
215.665		244.724		2692		2		4
286.255		182.36		2654		2		4
308.143		200.74		2803		2		4
323.968		219.813		2704		2		4
327.309		226.557		2702		2		4
261.183		244.424		2849		2		4
259.993		272.387		2974		2		4
255.797		296.519		2927		1		4
258.931		286.874		3041		1		4
280.016		242.41		2816		2		4
285.778		271.168		2938		2		4
295.04		298.066		2865		1		4
288.543		286.741		3022		1		4
264.991		182.593		2644		2		4
211.443		252.111		2687		2		4
211.701		242.095		2684		2		4
331.074		232.858		2667		2		4
322.725		230.271		2699		2		4
Frame 42
270.214		250.046		2795		2		4
267.456		216.955		2635		2		4
264.469		180.997		2538		2		4
262.732		162.121		2436		2		4
243.676		193.457		2593		2		4
232.496		221.974		2728		2		4
221.09		244.737		2606		2		4
216.173		252.595		2595		2		4
286.78		189.584		2589		2		4
309.1		206.697		2740		2		4
324.091		225.847		2617		2		4
327.563		233.621		2585		2		4
260.704		251.456		2813		2		4
259.638		275.003		2920		2		4
256.873		280.89		2955		2		4
265.254		288.246		2998		2		4
279.718		248.642		2789		2		4
284.916		278.137		2905		2		4
314.654		292.902		2946		1		4
300.796		288.601		3039		1		4
265.24		190.285		2579		2		4
211.713		259.644		2581		2		4
212.001		250.761		2572		2		4
331.05		239.085		2562		2		4
321.899		237.701		2589		2		4
Frame 43
270.019		257.464		2760		2		4
267.328		225.075		2580		2		4
264.379		189.475		2472		2		4
263.026		170.187		2380		2		4
242.935		202.297		2534		2		4
231.889		231.007		2643		2		4
221.436		254.255		2507		2		4
217.742		262.657		2494		2		4
287.605		198.099		2528		2		4
310.064		214.417		2657		2		4
322.621		235.124		2515		2		4
326.292		243.339		2482		2		4
260.214		258.949		2771		2		4
260.103		284.588		2918		2		4
230.011		289.419		3046		1		4
242.29		287.461		3107		1		4
279.809		255.988		2749		2		4
286.597		279.54		2859		2		4
288.322		282.417		2875		2		4
285.293		291.249		2928		1		4
265.143		198.711		2526		2		4
212.781		269.928		2476		2		4
213.315		261.307		2471		2		4
330.597		248.848		2450		2		4
319.887		246.222		2501		2		4
Frame 44
269.449		266.06		2706		2		4
267.161		234.742		2522		2		4
264.629		199.981		2401		2		4
263.598		179.467		2316		2		4
243.489		212.959		2458		2		4
231.302		241.825		2548		2		4
222.784		267.018		2409		2		4
219.282		275.089		2380		2		4
288.242		207.605		2471		2		4
311.345		227.113		2568		2		4
322.17		247.231		2421		2		4
324.413		255.527		2348		2		4
259.536		267.221		2744		2		4
261.02		293.125		2911		1		4
230.481		297.61		2866		1		4
243.032		295.957		2881		1		4
279.366		264.906		2713		2		4
297.357		285.457		2900		2		4
270.203		305.482		2698		1		4
278.482		295.484		2926		1		4
265.288		209.032		2453		2		4
215.782		283.215		2355		2		4
214.168		275.582		2371		2		4
327.78		261.197		2337		2		4
317.714		258.575		2383		2		4
Frame 45
269.528		273.161		2640		2		4
267.414		243.462		2462		2		4
265.043		210.061		2361		2		4
263.81		189.174		2245		2		4
243.47		224.411		2377		2		4
229.966		254.712		2458		2		4
223.989		282.25		2322		2		4
222.039		291.761		2277		2		4
288.96		219.041		2395		2		4
311.21		241.067		2467		2		4
319.507		264.29		2324		2		4
320.829		271.399		2251		2		4
259.742		274.659		2672		2		4
256.951		299.682		2845		1		4
226.196		303.975		0		1		4
239.216		303.085		2741		1		4
279.303		271.671		2631		2		4
301.464		291.254		3011		1		4
269.575		300.436		2820		1		4
281.039		294.78		2868		2		4
265.662		218.801		2399		2		4
218.82		300.001		2253		2		4
219.301		289.489		2296		2		4
323.316		278.159		2237		2		4
314.399		272.402		2272		2		4
Frame 46
266.301		279.948		2580		2		4
265.589		253.307		2376		2		4
264.778		222.854		2264		2		4
263.889		201.547		2169		2		4
242.741		235.593		2310		2		4
229.275		269.044		2348		2		4
226.728		300.875		2231		2		4
225.501		310.535		2173		2		4
289.336		232.336		2322		2		4
311.472		256.76		2364		2		4
316.372		285.001		2222		2		4
318.598		292.962		2143		2		4
256.273		280.695		2607		2		4
257.448		303.75		2754		1		4
248.133		304.994		2720		1		4
257.015		312.849		2560		1		4
276.296		279.211		2583		2		4
290.803		296.137		2866		1		4
280.995		298.941		2879		1		4
275.988		305.197		2717		1		4
264.991		230.872		2322		2		4
223.167		319.917		2144		2		4
223.381		309.756		2184		2		4
321.104		299.534		2115		2		4
311.27		290.724		2188		2		4
Frame 47
273.267		289.192		2553		2		4
270.14		266.135		2305		2		4
266.509		239.353		2203		2		4
264.274		217.127		2091		2		4
242.992		250.204		2212		2		4
230.215		288.298		2242		2		4
227.855		323.223		2142		2		4
227.346		332.979		2083		2		4
289.974		248.497		2232		2		4
309.733		276.436		2262		2		4
315.719		308.957		2129		2		4
317.093		322.61		2039		2		4
263.695		291.204		2591		2		4
265.048		315.225		2543		1		4
255.47		316.349		2529		1		4
264.532		324.372		2434		1		4
282.791		287.196		2549		2		4
299.043		305.461		2695		1		4
289.031		308.184		2658		1		4
283.824		314.334		2567		1		4
267.471		246.447		2253		2		4
221.521		344.501		2020		2		4
219		344.5		2053		2		4
321.857		330.573		2014		2		4
314.331		327.997		2030		2		4
Frame 48
273.296		305.34		2655		2		4
271.646		285.212		2263		2		4
269.726		261.785		2174		2		4
264.983		238.695		2012		2		4
244.015		270.349		2135		2		4
231.733		304.573		2150		2		4
227.95		343.327		2063		2		4
227.199		351.311		2017		2		4
291.646		267.783		2149		2		4
309.776		298.093		2163		2		4
313.626		334.913		2068		2		4
314.491		345.201		2058		2		4
262.596		306.673		2667		2		4
267.636		335.93		2325		1		4
257.735		336.829		2302		1		4
267.077		345.11		2212		1		4
284.095		304.004		2719		2		4
300.423		317.104		2497		1		4
313.887		329.586		2071		2		4
316.455		347.215		2037		2		4
270.234		267.994		2171		2		4
227.337		361.666		1974		2		4
223.332		351.916		2034		2		4
310.766		354.776		2008		2		4
310.436		347.286		2053		2		4
Frame 49
271.72		325.434		2365		2		4
269.992		306.54		2182		2		4
267.973		284.46		0		2		4
265.218		262.258		1936		2		4
240.359		288.946		2095		2		4
232.529		323.881		2099		2		4
229.537		362.683		2004		1		4
228.506		376.248		1971		1		4
292.84		287.123		2094		2		4
309.417		317.509		2109		2		4
309.084		354.857		2052		1		4
308.932		368.176		2019		1		4
260.92		327.439		2356		2		4
266.145		356.325		2083		1		4
255.998		356.985		2092		1		4
265.584		365.471		1977		1		4
282.58		323.426		2397		2		4
308.108		327.329		2083		2		4
327.887		346.294		2176		1		4
322.089		345.435		2190		2		4
268.509		290.319		2106		2		4
228.705		387.351		1817		1		4
224.557		376.951		1969		1		4
304.938		378.462		1943		1		4
304.846		369.849		2041		1		4
Frame 50
273.206		346.254		2139		2		4
271.306		329.117		2166		2		4
269.082		309.054		0		2		4
266.304		289.422		1871		2		4
240.687		312.544		2051		2		4
230.72		340.986		2110		2		4
227.258		380.424		1939		1		4
226.078		394.066		1781		1		4
294.238		309.813		2051		2		4
310.318		334.463		2129		2		4
314.652		372.866		1983		1		4
316.125		386.231		1873		1		4
262.345		346.697		2149		2		4
266.992		377.331		1854		1		4
256.651		377.728		1902		1		4
266.408		386.307		1734		1		4
284.2		345.809		2164		2		4
310.826		352.905		2064		1		4
331.726		377.932		1981		1		4
325.223		374.922		2010		1		4
269.673		314.381		2065		2		4
226.24		405.28		1601		1		4
222.184		394.81		1765		1		4
312.337		396.448		1630		1		4
311.998		387.489		1877		1		4
Frame 51
282.99		360.543		2007		2		4
280.326		341.303		2036		2		4
277.09		317.938		1863		2		4
265.421		305.538		1800		2		4
240.762		329.642		2018		2		4
224.102		343.455		2124		2		4
224.804		381.227		1932		1		4
225.091		394.609		1752		1		4
295.381		328.358		2033		2		4
316.987		339.201		2148		2		4
320.864		377.307		1975		1		4
322.167		390.554		1820		1		4
272.032		362.651		1975		2		4
277.56		389.81		1693		1		4
266.918		390.056		1688		1		4
276.833		398.696		1617		1		4
294.062		358.411		2064		2		4
324.01		367.753		2044		1		4
348.105		396.148		1698		1		4
340.66		392.061		1710		1		4
277.962		324.23		1953		2		4
225.232		405.947		1618		1		4
221.153		395.361		1748		1		4
318.512		400.699		1615		1		4
317.96		391.714		1758		1		4
Frame 52
284.607		375.287		1849		2		4
281.79		357.856		1994		2		4
278.355		336.583		1791		2		4
267.189		324.56		1741		2		4
242.689		349.578		1981		1		4
216.035		323.384		2408		1		4
226.849		377.102		1935		1		4
230.686		395.607		1710		1		4
296.842		339.516		1989		2		4
315.467		338.943		2230		2		4
320.604		377.104		1987		1		4
322.34		390.296		1744		1		4
274.044		378.124		1792		2		4
279.583		406.34		1560		1		4
268.799		406.379		1570		1		4
278.811		414.985		1522		1		4
295.261		372.419		1953		2		4
328.079		388.451		1869		1		4
353.249		421.301		1496		1		4
345.246		415.669		1515		1		4
279.281		342.323		1861		2		4
230.977		407.554		1593		1		4
226.569		396.404		1712		1		4
318.694		400.424		1584		1		4
318.014		391.635		1684		1		4
Frame 53
259.762		383.513		1759		2		4
255.745		368.144		1968		2		4
250.902		349.465		1904		2		4
249.554		337.526		1950		2		4
208.484		359.934		2058		1		4
180.932		333.046		2640		1		4
190.916		388.389		1844		1		4
194.539		407.324		1627		1		4
297.778		347.114		1939		2		4
316.507		347.218		2061		1		4
321.241		386.568		1873		1		4
322.827		400.165		1598		1		4
249.33		385.749		1764		2		4
252.857		415.829		1504		1		4
242.187		415.659		1509		1		4
9999		9999		9999		1		4
270.203		381.265		1767		2		4
296.025		400.098		1595		1		4
9999		9999		9999		1		4
9999		9999		9999		1		4
252.203		354.497		1906		2		4
193.969		419.695		1542		1		4
190.172		408.138		1676		1		4
319.065		410.657		1510		1		4
318.501		401.155		1580		1		4
Frame 54
282.196		316.157		2259		2		4
282.8		298.688		2398		2		4
283.411		280.931		2784		2		4
279.45		280.368		2804		2		4
253.684		285.887		2792		1		4
252.306		259.228		2853		2		4
250.326		291.008		2662		1		4
244.143		298.856		2692		1		4
283.157		266.277		2804		2		4
295.146		272.255		0		1		4
293.708		295.188		2528		1		4
293.196		303.36		2467		1		4
279.511		328.409		2029		2		4
279.732		337.748		1756		1		4
271.63		338.449		1747		1		4
279.179		345.125		1710		1		4
284.886		303.864		2395		2		4
282.546		312.293		2283		2		4
283.819		329.092		2011		2		4
286.494		345.632		0		1		4
283.258		285.397		2759		2		4
244		302		2693		2		4
244.25		297.25		2703		1		4
290.216		309.798		2324		1		4
290.537		305.517		2404		1		4
Frame 55
281.581		311.653		2266		2		4
278.569		296.993		2381		2		4
275.048		280.107		0		2		4
269.805		279.859		3225		2		4
252.079		272.491		2794		2		4
254.582		245.809		2829		2		4
251.519		282.223		2800		1		4
246.946		289.854		2768		1		4
281.887		260.47		2783		2		4
293.179		271.467		0		1		4
293.699		295.964		2502		1		4
293.882		304.624		2414		1		4
276.656		315.041		2239		2		4
281.111		337.464		1941		1		4
272.917		338.174		1925		1		4
280.541		344.915		1736		1		4
285.878		305.66		2331		2		4
286.181		316.354		2253		2		4
288.132		334.026		1965		1		4
274.309		351.311		1686		1		4
275.993		284.641		0		2		4
244.665		295.667		2685		2		4
249.507		288.986		2740		2		4
290.88		311.149		2282		1		4
291.185		306.785		2383		1		4
Frame 56
281.23		312.067		2244		2		4
278.476		297.491		2355		2		4
275.343		280.106		0		2		4
270.93		279.689		3225		2		4
251.574		273.106		2781		1		4
254.056		246.809		2791		2		4
250.912		284.011		2756		1		4
245.66		292.034		2666		1		4
281.621		264.402		2741		2		4
294.383		270.115		0		1		4
293.492		293.953		2555		1		4
293.175		302.42		2390		1		4
276.262		315.653		2224		2		4
280.894		338.381		1947		1		4
272.653		339.087		1955		1		4
280.322		345.867		1732		1		4
285.957		307.99		2272		2		4
283.642		316.956		2232		2		4
280.376		354.081		1685		2		4
276.824		350.638		1660		1		4
276.175		284.792		2784		2		4
242.498		298		2664		2		4
246.405		292.694		2643		2		4
290.137		308.973		2285		1		4
290.466		304.633		2351		1		4
Frame 57
280.879		312.805		2231		2		4
278.441		298.453		2342		2		4
275.622		281.144		0		2		4
271.347		280.758		3204		2		4
250.979		273.918		2755		1		4
253.258		247.274		2758		2		4
250.203		284.614		2757		1		4
245.084		293.243		2640		1		4
281.627		264.025		2721		2		4
294.634		269.818		0		1		4
293.788		293.772		2567		1		4
293.487		302.277		2390		1		4
275.947		316.787		2213		2		4
280.62		339.282		1941		1		4
272.343		339.983		1959		1		4
280.048		346.794		1700		1		4
285.823		308.466		2260		2		4
272.88		316.558		2211		2		4
291.955		333.794		1992		2		4
276.841		339.1		1946		1		4
276.374		285.81		2767		2		4
242.498		299		2639		2		4
245.253		293.269		2640		2		4
290.443		308.85		2325		1		4
290.764		304.5		2342		1		4
Frame 58
280.733		312.865		2224		2		4
278.521		298.737		2327		2		4
276.052		281.728		2744		2		4
272.202		281.949		3174		2		4
250.651		273.818		2744		1		4
255.619		249.331		2709		2		4
251.988		284.922		2741		1		4
249.518		291.82		2688		1		4
281.506		263.426		2709		1		4
293.316		279.774		3224		1		4
294.855		306.187		2378		1		4
295.394		315.47		2270		1		4
275.803		317.028		2207		2		4
280.431		339.344		1924		1		4
272.135		340.045		1931		1		4
279.859		346.875		1695		1		4
285.738		308.447		2278		2		4
273.201		303.602		2318		2		4
280.118		328.89		2040		2		4
270.872		340.21		1876		1		4
276.702		286.308		2780		2		4
243		298		2636		2		4
245.99		295.334		2625		2		4
292.339		322.3		2210		1		4
292.611		317.515		2240		1		4
Frame 59
278.32		308.907		2270		2		4
276.825		295.711		2401		2		4
274.84		279.399		0		2		4
271.604		280.999		3198		2		4
247.197		267.065		2754		1		4
255.259		245.63		2676		2		4
251.363		278.853		2726		1		4
253		292		2661		1		4
278.305		256.065		2688		1		4
289.675		272.445		2738		1		4
291.797		298.909		2425		1		4
292.54		308.178		2345		1		4
272.876		311.621		2225		2		4
277.554		333.654		2012		1		4
269.265		334.416		2012		1		4
277.006		341.264		1923		1		4
284.016		305.989		2308		2		4
278.55		302.914		2320		2		4
280.764		328.324		2048		2		4
272.258		338.937		1956		1		4
275.383		283.815		2762		2		4
246.52		298.176		2552		1		4
249.572		295.516		2593		1		4
289.457		314.887		2239		1		4
289.81		310.328		2311		1		4
Frame 60
281.292		317.466		2215		2		4
280.605		306.581		2318		2		4
279.764		293.265		2613		2		4
276.898		296.126		2421		1		4
251.822		279.736		2718		1		4
253.512		251.628		2656		2		4
251.772		279.93		2718		1		4
251.17		289.708		2731		1		4
283.05		268.843		2701		1		4
294.271		284.788		3110		1		4
296.57		311.778		2402		1		4
297.372		321.223		2251		1		4
276.857		323.523		2123		2		4
281.609		344.708		0		1		4
273.265		345.358		1781		1		4
281.023		352.213		1661		1		4
285.861		311.225		2247		2		4
279.901		302.898		2331		2		4
281.457		327.54		2079		2		4
271.079		339.911		1954		1		4
279.992		296.865		2410		2		4
244.51		296.018		0		1		4
247.602		293.249		2781		1		4
294.348		328.123		2191		1		4
294.561		323.177		2224		1		4
Frame 61
281.235		317.304		2217		2		4
280.321		306.114		2328		2		4
279.033		292.255		2714		2		4
276.115		295.047		0		1		4
254.288		288.091		2707		2		4
253.448		252.971		2645		2		4
252.106		281.723		2704		1		4
254		284		2690		1		4
282.431		267.978		2700		1		4
293.679		283.96		0		1		4
295.957		310.929		2392		1		4
296.752		320.368		2252		1		4
276.852		323.414		2130		2		4
281.08		343.995		1891		1		4
272.738		344.652		1833		1		4
280.498		351.511		1640		1		4
285.709		310.975		2278		2		4
279.785		302.638		2338		2		4
281.187		326.897		2092		2		4
270.909		339.59		1958		1		4
279.397		296.017		2449		2		4
253		284		2698		2		4
251.993		283.905		2714		1		4
293.718		327.26		2199		1		4
294.061		322.489		2233		1		4
Frame 62
281.187		317.245		2217		2		4
280.172		305.96		2330		2		4
278.772		292.012		2726		2		4
275.838		294.785		0		1		4
254.203		288.354		2704		2		4
253.647		252.533		2659		2		4
251.924		281.721		2697		1		4
254		284.999		2702		1		4
282.208		267.785		2716		1		4
293.457		283.765		0		1		4
295.726		310.712		2401		1		4
296.518		320.143		2252		1		4
276.84		323.353		2132		2		4
280.889		343.793		1894		1		4
272.554		344.453		0		1		4
280.309		351.308		1656		1		4
285.619		310.901		2276		2		4
279.952		302.506		2342		2		4
281.176		326.607		2091		2		4
270.886		339.451		1950		1		4
279.163		295.793		0		2		4
253		287		2699		2		4
253		287		2699		2		4
293.482		327.027		2203		1		4
293.792		322.203		2233		1		4
Frame 63
281.822		319.096		2201		2		4
281.213		308.93		2274		2		4
280.649		297.078		2394		2		4
277.859		300.186		2349		1		4
254.234		288.244		2718		2		4
253.304		252.108		2685		2		4
251.557		282.01		2714		1		4
250.958		292.25		2741		1		4
283.788		272.181		2722		1		4
294.936		287.938		3003		1		4
297.25		314.931		2402		1		4
298.056		324.373		2255		1		4
277.093		323.911		2115		2		4
282.244		347.28		1707		1		4
273.924		347.901		1664		1		4
281.653		354.729		1637		1		4
287.093		315.396		2235		2		4
280.454		303.542		2333		2		4
281.67		327.823		2085		2		4
270.808		339.947		1944		1		4
280.78		300.222		2354		2		4
249.925		294.317		2749		1		4
249.925		294.317		2749		1		4
295.054		331.284		2137		1		4
295.247		326.27		2226		1		4
Frame 64
281.864		318.566		2213		2		4
281.201		307.871		2287		2		4
280.434		294.936		0		2		4
277.643		297.882		2381		1		4
254.359		287.735		2734		2		4
253.492		250.989		2720		2		4
251.542		281.234		2730		1		4
254.125		284.875		2727		1		4
283.593		270.461		2740		1		4
295.662		273.483		0		1		4
283.336		286.611		2725		1		4
278.76		291.491		2754		1		4
277.238		323.403		2122		2		4
282.084		345.561		1704		1		4
273.793		346.197		1688		1		4
281.497		353.005		1622		1		4
286.827		313.784		2244		2		4
262.981		307.602		2306		2		4
260.571		331.938		2035		1		4
245.133		343.516		1957		1		4
280.639		298.434		2375		2		4
254.5		286		2728		2		4
254		284		2728		2		4
275.37		298.193		2360		1		4
276.157		293.979		0		1		4
Frame 65
281.527		316.559		2221		2		4
280.51		304.795		2326		2		4
279.211		290.439		2757		2		4
276.357		293.057		0		1		4
254.204		287.538		2733		2		4
253.416		250.421		2739		2		4
251.326		280.276		2739		1		4
253.111		287.249		2738		2		4
282.534		266.783		2770		1		4
293.757		279.307		0		1		4
282.712		272.963		2758		1		4
278.731		270.677		2781		1		4
277.123		321.739		2169		2		4
281.186		342.04		1806		1		4
272.945		342.709		0		1		4
280.611		349.486		1675		1		4
286.081		311.069		2252		2		4
261.95		307.274		2288		2		4
259.361		331.476		2040		1		4
244.113		343.575		1979		1		4
279.565		294.309		2470		2		4
254.545		292.442		2749		2		4
248.999		284.701		2762		2		4
275.419		276.919		0		1		4
276.187		273.427		2810		1		4
Frame 66
280.928		316.349		2224		2		4
279.627		304.862		2321		2		4
278.025		291.188		2764		2		4
275.121		293.83		0		1		4
254.19		287.531		2748		2		4
252.876		254.088		2778		2		4
249.194		281.101		2769		2		4
250.904		288.749		2755		2		4
281.496		267.614		2799		1		4
296.208		272.947		3877		1		4
282.6		273.182		2775		1		4
277.665		273.27		2819		1		4
276.487		321.208		2156		2		4
280.303		342.224		1737		1		4
272.129		342.887		1735		1		4
279.74		349.616		1661		1		4
285.528		311.158		2243		2		4
259.204		309.025		2255		1		4
256.135		333.412		2034		1		4
242.023		345.342		1958		1		4
278.458		294.84		2481		2		4
246.998		295.499		2780		2		4
248.077		289.618		2781		2		4
274.361		279.507		3195		1		4
275.155		275.963		2859		1		4
Frame 67
276.21		315.712		2224		2		4
274.199		304.438		2315		2		4
271.901		290.896		2991		2		4
268.616		293.495		2933		1		4
249.392		287.069		2787		1		4
253.721		260.272		2819		2		4
246.922		285.736		0		2		4
249.854		292.888		2781		2		4
276.245		267.543		2861		1		4
295.067		272.562		0		1		4
280.236		273.356		2811		1		4
274.915		273.644		0		1		4
273.175		322.009		2126		2		4
275.796		341.682		1709		1		4
267.719		342.347		0		1		4
275.274		349.033		1651		1		4
279.834		308.95		2267		2		4
261.174		305.422		2336		2		4
258.481		328.978		2073		1		4
243.84		342.144		1994		1		4
272.51		294.531		0		2		4
246.574		295.925		2792		2		4
247.754		292.992		2874		2		4
271.6		279.834		3204		1		4
272.467		276.309		3257		1		4
Frame 68
283.412		314.39		2240		2		4
283.197		302.693		2352		2		4
282.937		288.632		2784		2		4
280.385		291.079		2782		1		4
258.898		285.068		2792		1		4
252.062		260.24		2862		2		4
250.448		286.364		2794		2		4
251.758		291.989		2781		2		4
285.663		265.595		2866		1		4
294.251		273.663		0		1		4
280.228		273.366		2834		1		4
275.197		273.263		0		1		4
279.758		321.237		2159		2		4
283.895		340.06		0		1		4
275.73		340.739		1696		1		4
283.304		347.431		1665		1		4
287.165		307.357		2341		2		4
265.133		304.828		2337		2		4
263.154		328.2		2062		1		4
247.324		340.753		1957		1		4
283.007		292.407		2741		2		4
246.496		297		2771		2		4
246.258		295.239		2804		2		4
271.935		279.356		3206		1		4
272.78		275.895		0		1		4
Frame 69
283.757		314.608		2243		2		4
283.684		303.166		2352		2		4
283.612		289.498		2789		2		4
281.121		291.988		2778		1		4
259.6		285.835		2822		1		4
253.188		261.625		2879		2		4
250.089		286.319		2810		2		4
251.73		292.613		2789		2		4
286.227		266.445		2901		1		4
287.428		258.622		2950		2		4
273.272		260.782		0		2		4
268.192		261.561		0		1		4
280.081		321.241		2158		2		4
284.387		340.48		0		1		4
276.251		341.152		1695		1		4
283.794		347.816		1679		1		4
287.54		307.773		2326		2		4
268.787		305.433		2334		2		4
267.455		328.953		2056		1		4
250.956		342.038		1922		1		4
283.63		293.158		2736		2		4
248.492		296.502		2757		2		4
255.153		291.992		2792		2		4
264.893		267.382		0		1		4
265.92		264.319		0		1		4
Frame 70
283.474		314.654		2246		2		4
283.292		303.299		2349		2		4
283.094		289.698		2796		2		4
280.572		292.197		0		1		4
259.184		286.014		2815		1		4
254.661		262.15		2922		2		4
249.364		285.14		2860		2		4
250.831		292.165		2810		2		4
285.78		266.647		2918		1		4
284.259		262.607		2955		2		4
277.538		238.87		0		2		4
275.346		231.124		0		1		4
279.91		321.532		2145		2		4
284.005		340.568		1742		1		4
275.882		341.239		1681		1		4
283.416		347.895		1656		1		4
287.075		307.456		2330		2		4
270.372		306.633		2292		2		4
269.323		330.331		2041		1		4
252.897		343.912		1913		1		4
283.146		293.343		0		2		4
248.194		296.801		2763		2		4
253.113		293.105		2778		2		4
272.442		236.016		0		1		4
273.184		234.034		0		1		4
Frame 71
263.965		317.934		2207		2		4
258.914		307.681		2301		2		4
252.885		295.436		0		2		4
248.412		298.292		0		1		4
233.176		291.074		2965		1		4
254.206		265.136		2934		2		4
251.003		285.203		2846		2		4
252.028		292.6		2802		2		4
259.919		271.756		2915		1		4
284.58		266.728		2962		2		4
279.349		247.849		3075		2		4
278.136		245.303		3100		2		4
260.313		324.156		2117		2		4
261.728		344.376		1731		1		4
253.891		345.009		1897		1		4
261.33		351.608		1672		1		4
267.716		311.538		2249		2		4
263.361		311.221		2257		2		4
261.053		335.841		1980		1		4
248.936		352.767		1866		1		4
254.499		298.715		2439		2		4
247.276		296.352		2774		2		4
252.334		293.999		2788		2		4
280.007		243.256		3102		2		4
274.331		245.999		3107		2		4
Frame 72
274.734		316.997		2221		2		4
272.432		307.054		2269		2		4
269.759		295.499		0		2		4
266.597		298.18		2374		1		4
248.931		291.325		0		1		4
256.399		264.046		2978		2		4
254.094		283.277		2857		2		4
254.407		289.377		2822		1		4
274.122		272.985		0		1		4
295.725		262.289		0		1		4
276.172		250.201		3128		2		4
274		247.5		3168		2		4
271.492		323.753		2130		2		4
273.978		342.336		1692		1		4
266.357		342.959		1711		1		4
273.499		349.281		1644		1		4
278.051		310.081		2247		2		4
270.25		305.335		2308		2		4
269.228		327.736		2072		1		4
255.056		340.239		1928		1		4
270.467		298.56		2379		2		4
252.562		294.002		2768		2		4
258.311		291.145		2797		2		4
274		247		3168		2		4
270.277		248.18		0		1		4
Frame 73
257.952		389.341		1810		2		4
248.342		389.65		1807		2		4
234.242		390.087		1834		2		4
224.326		405.453		1647		1		4
207.546		364.441		2083		1		4
218.352		357.564		2000		2		4
247.495		365.06		1854		2		4
253.542		356.424		1845		2		4
249.087		333.418		2071		1		4
298.665		351.626		1873		2		4
292.982		322.771		2239		2		4
287.259		316.348		2248		2		4
252.105		396.94		1756		2		4
271.954		333.95		0		2		4
232.576		337.62		2262		1		4
248.164		328.327		2211		1		4
263.9		381.565		1823		2		4
259.287		316.242		2244		2		4
255.902		344.668		1897		1		4
249.514		347.753		1887		1		4
238.35		389.962		1856		2		4
259		362.501		1725		2		4
251.998		347.46		1883		2		4
287.501		309.5		2284		2		4
284.176		311.593		2254		2		4
Frame 74
268.407		358.938		1647		2		4
262.489		347.18		1697		2		4
254.695		331.639		2068		2		4
248.674		338.846		1967		1		4
228.93		319.861		2493		1		4
248.997		331.905		2118		2		4
274.554		333.51		1750		1		4
281.09		348.833		1637		2		4
263.403		294.471		0		1		4
292.24		329.818		2075		2		4
288.498		306.54		2350		2		4
284.958		301.958		2368		1		4
259.57		367.562		1755		2		4
274.119		336.658		1711		2		4
233.757		340.268		2239		1		4
248.063		336.408		2026		1		4
277.462		350.074		1627		2		4
258.632		305.628		2355		2		4
255.166		331.609		2061		1		4
249.467		342.031		1922		1		4
256.866		335.973		1981		2		4
280.8		345.6		1624		2		4
281.795		336.93		1718		2		4
284.834		297.333		2426		2		4
279.001		298.998		2383		2		4
Frame 75
289.495		335.189		1955		2		4
285.118		324.044		2120		2		4
279.482		309.685		2265		2		4
276.112		314.352		2237		1		4
252.024		302.265		2414		1		4
241.857		332.344		2277		2		4
272.818		332.851		1743		1		4
281.482		347.225		1648		2		4
249.894		304.228		2425		2		4
273.964		319.148		2170		1		4
276.603		299.953		2378		2		4
275.46		292.265		2968		2		4
292.964		334.461		1973		2		4
285.611		328.365		2063		2		4
246.645		332.18		2171		1		4
255.158		331.368		2055		1		4
285.886		335.947		0		2		4
261.442		312.085		2257		2		4
258.483		339.732		1937		1		4
250.792		349.783		1877		1		4
281.037		313.648		2245		2		4
279.643		350.223		1635		2		4
275.881		337.403		1697		2		4
275.531		288.122		3019		1		4
269.893		289.502		3017		1		4
Frame 76
289.478		335.187		1950		2		4
285.04		324.016		2122		2		4
279.282		309.6		2265		2		4
275.898		314.258		2241		1		4
251.866		302.197		2417		1		4
241.184		332.123		2275		1		4
272.232		332.15		1736		1		4
281.596		346.553		1654		2		4
249.741		304.161		2421		1		4
273.647		319.121		2173		1		4
276.354		299.932		2376		1		4
275.028		293.9		2949		2		4
293.036		334.625		1969		2		4
285.636		328.426		2061		2		4
246.66		332.239		2172		1		4
255.18		331.405		2051		1		4
285.628		335.656		1718		2		4
261.302		312.031		2257		1		4
258.318		339.649		1941		1		4
250.617		349.709		1872		1		4
280.875		313.581		2248		2		4
283.25		345.25		1642		2		4
275.624		334.119		1741		2		4
275.108		289.735		3011		1		4
269.475		291.143		2992		1		4
Frame 77
288.714		334.847		1960		2		4
284.212		323.637		2130		2		4
278.365		309.164		2268		2		4
274.911		313.783		2242		1		4
251.112		301.836		2436		1		4
240.085		331.578		2299		1		4
271.132		331.273		1701		1		4
281.214		344.193		1665		1		4
249.006		303.806		2442		1		4
272.616		318.771		2202		1		4
276.269		300.549		2378		2		4
271.298		294.952		0		2		4
291.911		333.89		1977		2		4
285.008		328.039		2061		1		4
246.153		331.863		2207		1		4
254.552		331.087		2062		1		4
285.224		335.618		1739		2		4
260.686		311.824		2259		1		4
257.582		339.365		1933		1		4
249.773		349.393		1873		1		4
279.984		313.161		2247		2		4
279.13		347.868		1653		2		4
274.841		335.295		1708		2		4
271.454		290.701		3006		1		4
265.66		292.153		2923		1		4
Frame 78
279.859		312.83		2252		2		4
281.817		298.323		2400		2		4
283.81		283.536		2923		2		4
283.885		291.594		2812		2		4
255.74		285.051		2887		1		4
257.163		295.953		0		2		4
273.51		302.606		2375		1		4
280.157		345.112		1656		2		4
253.919		286.991		2877		1		4
273.239		297.758		2417		1		4
265.183		280.542		3159		2		4
260.13		274.667		3083		2		4
282.065		312.844		2259		2		4
279.726		323.645		2120		2		4
267.218		324.946		2102		1		4
278.875		335.253		1665		1		4
277.557		312.817		2251		2		4
261.114		289.829		2856		1		4
258.719		308.255		2284		1		4
254.574		317.71		2264		1		4
283.308		287.259		2866		2		4
279.135		346.202		1650		2		4
272.992		333.993		1703		2		4
261.002		271.801		3137		2		4
259.002		271.996		3121		2		4
Frame 79
278.431		323.95		2128		2		4
278.772		310.35		2258		2		4
279.13		295.979		0		2		4
279.491		301.556		2374		2		4
248.381		297.753		2759		1		4
249.099		311.272		2335		1		4
256.02		322.432		2162		2		4
276.857		345.616		1646		2		4
246.544		299.61		2653		1		4
274.47		302.62		2370		1		4
266.134		282.93		3141		1		4
265.186		276.82		3159		1		4
281.646		325.586		2087		2		4
279.649		323.639		2125		2		4
267.141		324.941		2105		1		4
278.799		335.249		1668		1		4
275.099		322.255		2128		2		4
254.867		304.648		2376		1		4
251.103		327.731		2150		1		4
246.123		337.238		2015		1		4
279.039		299.647		2384		2		4
279.454		347.091		1633		2		4
267.938		336.05		1684		2		4
266.031		273.686		0		1		4
263.909		273.91		3150		1		4
Frame 80
276.82		325.184		2089		2		4
277.659		311.271		2252		2		4
278.423		296.642		2462		2		4
278.99		302.058		2366		2		4
247.695		298.422		0		1		4
248.333		312.005		2345		1		4
255.148		323.246		2161		1		4
259.33		328.531		2074		2		4
245.874		300.263		2641		1		4
273.725		303.318		2373		1		4
265.466		283.579		3109		1		4
264.533		277.46		3130		1		4
280.056		326.692		2073		2		4
278.384		324.497		2109		1		4
265.906		325.785		2095		1		4
268.885		332.096		1669		2		4
273.462		323.625		2124		2		4
254.15		305.335		2366		1		4
250.265		328.512		2157		1		4
245.319		337.981		2063		1		4
278.239		300.369		2382		2		4
259		334		1981		2		4
249.999		332.99		2082		2		4
265.39		274.316		3263		1		4
263.408		274.404		3139		1		4
Frame 81
280.013		313.024		2250		2		4
281.651		298.304		2406		2		4
283.318		283.317		2914		2		4
283.245		288.57		2846		2		4
255.32		284.828		2899		1		4
256.694		295.673		0		1		4
263.733		303.839		2359		1		4
269.391		305.429		2335		1		4
253.511		286.767		2893		1		4
268.148		294.571		2946		1		4
260.844		272.757		3131		1		4
260.061		267.222		3216		1		4
282.959		314.592		2249		2		4
284.183		304.903		2348		1		4
272.943		306.318		2289		1		4
273.889		312.367		2242		2		4
276.966		311.403		2252		2		4
260.638		289.597		2856		1		4
258.174		307.931		2320		1		4
254.08		317.344		2253		1		4
282.898		287.089		2873		2		4
272.469		310.464		2252		2		4
260.424		306.419		2323		2		4
260.948		264.443		3237		1		4
258.916		264.589		3236		1		4
