back
Frame 0
312.439		236.008		1661		2		0
313.698		169.106		1651		2		0
315.131		101.437		1668		2		0
311.569		64.6566		1607		2		0
274.892		130.223		1722		2		0
264.464		189.332		1781		2		0
258.608		237.044		1756		2		0
260.615		253.33		1739		2		0
350.088		129.079		1663		2		0
363.575		186.551		1705		2		0
369.537		237.739		1660		2		0
367.315		253.75		1640		2		0
295.798		236.073		1694		2		0
287.994		325.804		1810		2		0
289.871		387.297		1903		2		0
278.922		405.215		1877		2		0
329.354		235.947		1663		2		0
334.99		323.81		1763		2		0
336.238		397.44		1860		2		0
355.444		408.087		1967		1		0
314.785		118.442		1679		2		0
260.094		269.458		1745		2		0
272.062		256.72		1791		2		0
365.56		270.97		1647		2		0
354.608		248.865		1715		2		0
Frame 1
312.434		236.003		1664		2		0
313.697		169.105		1649		2		0
315.131		101.432		1670		2		0
311.564		64.6543		1604		2		0
274.861		130.21		1722		2		0
264.457		189.324		1781		2		0
258.604		237.038		1756		2		0
260.704		253.618		1737		2		0
350.084		129.074		1662		2		0
363.569		186.542		1705		2		0
369.527		237.742		1654		2		0
367.891		254.284		1642		2		0
295.794		236.071		1690		2		0
287.977		325.834		1809		2		0
289.794		387.346		1900		2		0
279.556		405.316		1854		2		0
329.347		235.939		1660		2		0
334.988		323.811		1764		2		0
336.072		397.022		1863		2		0
344.041		416.243		1817		1		0
314.784		118.44		1682		2		0
260.413		269.49		1738		2		0
272.996		251.881		1771		2		0
365.71		270.91		1648		2		0
354.57		250.641		1714		2		0
Frame 2
312.434		236.003		1660		2		0
313.689		169.104		1648		2		0
315.105		101.422		1669		2		0
311.559		64.658		1602		2		0
274.843		130.196		1721		2		0
264.46		189.304		1779		2		0
258.622		237.024		1755		2		0
260.565		253.402		1733		2		0
350.074		129.086		1659		2		0
363.555		186.553		1704		2		0
369.506		237.711		1653		2		0
367.232		253.929		1640		2		0
295.793		236.07		1689		2		0
287.969		325.864		1807		2		0
289.7		387.343		1899		2		0
278.723		405.186		1854		2		0
329.347		235.939		1659		2		0
334.977		323.83		1765		2		0
335.258		397.453		1854		2		0
354.708		405.089		1948		1		0
314.762		118.434		1680		2		0
260.515		269.518		1744		2		0
272.754		252.206		1773		2		0
366.184		270.32		1642		2		0
354.875		250.504		1710		2		0
Frame 3
312.426		236.003		1662		2		0
313.686		169.106		1645		2		0
315.112		101.422		1665		2		0
311.537		64.6397		1602		2		0
274.829		130.183		1715		2		0
264.439		189.299		1778		2		0
258.611		237.024		1755		2		0
260.755		253.537		1734		2		0
350.063		129.076		1665		2		0
363.549		186.557		1702		2		0
369.468		237.747		1654		2		0
366.915		253.78		1647		2		0
295.787		236.066		1688		2		0
287.963		325.86		1809		2		0
289.684		387.407		1889		2		0
277.845		404.882		1868		2		0
329.335		235.944		1660		2		0
334.966		323.914		1762		2		0
334.976		397.717		1866		2		0
344.287		417.802		1810		1		0
314.764		118.436		1677		2		0
260.9		269.208		1739		2		0
272.43		255.305		1779		2		0
365.702		270.873		1652		2		0
354.469		249.521		1710		2		0
Frame 4
312.426		236.003		1660		2		0
313.689		169.106		1646		2		0
315.126		101.407		1669		2		0
311.546		64.6201		1602		2		0
274.822		130.182		1719		2		0
264.426		189.284		1779		2		0
258.609		237.015		1753		2		0
260.876		253.618		1735		2		0
350.045		129.066		1663		2		0
363.548		186.557		1705		2		0
369.391		237.908		1654		2		0
366.746		253.602		1645		2		0
295.789		236.07		1691		2		0
287.979		326.107		1809		2		0
289.57		387.514		1901		2		0
277.935		405.229		1864		2		0
329.335		235.944		1662		2		0
334.954		323.898		1764		2		0
335.443		397.616		1866		2		0
343.727		417.619		1809		1		0
314.774		118.427		1681		2		0
260.585		269.709		1745		2		0
272.997		251.172		1771		2		0
366.209		270.272		1645		2		0
354.868		250.182		1710		2		0
Frame 5
312.427		236.004		1661		2		0
313.689		169.107		1647		2		0
315.125		101.408		1669		2		0
311.55		64.6138		1602		2		0
274.822		130.166		1716		2		0
264.412		189.281		1777		2		0
258.604		237.014		1758		2		0
260.68		253.485		1734		2		0
350.047		129.059		1664		2		0
363.537		186.54		1704		2		0
369.379		237.92		1660		2		0
366.903		253.828		1644		2		0
295.79		236.071		1689		2		0
287.978		326.114		1811		2		0
289.67		387.501		1896		2		0
278.044		405.167		1858		2		0
329.337		235.944		1662		2		0
334.956		323.881		1764		2		0
335.159		397.576		1883		2		0
354.113		409.022		1939		2		0
314.773		118.428		1676		2		0
260.064		269.366		1745		2		0
272.415		255.351		1779		2		0
366.368		270.278		1641		2		0
354.728		250.196		1709		2		0
Frame 6
312.428		236.002		1664		2		0
313.691		169.101		1649		2		0
315.13		101.397		1669		2		0
311.561		64.5934		1601		2		0
274.822		130.145		1719		2		0
264.396		189.255		1778		2		0
258.607		236.992		1752		2		0
260.778		253.665		1733		2		0
350.047		129.058		1663		2		0
363.523		186.541		1703		2		0
369.351		237.869		1649		2		0
366.835		253.802		1644		2		0
295.791		236.069		1690		2		0
287.974		326.077		1813		2		0
289.639		387		1891		2		0
277.884		404.594		1841		2		0
329.337		235.942		1659		2		0
334.965		323.885		1763		2		0
335.128		397.718		1869		2		0
343.884		416.496		1814		1		0
314.776		118.418		1678		2		0
260.605		269.518		1741		2		0
272.745		253.044		1777		2		0
365.636		270.907		1650		2		0
354.363		249.365		1714		2		0
Frame 7
312.432		236.001		1664		2		0
313.691		169.099		1649		2		0
315.123		101.388		1670		2		0
311.564		64.5662		1603		2		0
274.816		130.144		1720		2		0
264.395		189.253		1779		2		0
258.608		236.99		1752		2		0
260.607		253.53		1735		2		0
350.048		129.053		1664		2		0
363.522		186.551		1704		2		0
369.309		237.92		1652		2		0
367.024		253.875		1642		2		0
295.795		236.068		1691		2		0
287.964		325.872		1811		2		0
289.594		386.99		1898		2		0
277.912		404.641		1864		2		0
329.342		235.94		1660		2		0
334.942		324.119		1764		2		0
335.32		398.301		1873		2		0
343.829		417.534		1808		1		0
314.771		118.412		1679		2		0
260.893		269.308		1743		2		0
273.001		251.989		1768		2		0
366.242		270.303		1645		2		0
354.618		250.388		1714		2		0
Frame 8
312.428		235.998		1666		2		0
313.687		169.099		1651		2		0
315.118		101.39		1669		2		0
311.578		64.5725		1602		2		0
274.819		130.126		1721		2		0
264.392		189.252		1777		2		0
258.605		236.99		1754		2		0
260.387		253.308		1732		2		0
350.051		129.05		1663		2		0
363.503		186.54		1703		2		0
369.25		238.015		1653		2		0
366.846		253.804		1645		2		0
295.79		236.064		1690		2		0
287.923		325.586		1807		2		0
289.595		386.818		1905		2		0
278.138		404.505		1857		2		0
329.337		235.939		1662		2		0
334.942		324.119		1762		2		0
335.853		398.148		1862		2		0
343.264		417.779		1799		1		0
314.766		118.413		1680		2		0
260.524		269.08		1742		2		0
272.791		251.751		1774		2		0
365.428		270.941		1647		2		0
354.452		249.517		1714		2		0
Frame 9
312.427		235.998		1665		2		0
313.687		169.097		1647		2		0
315.121		101.382		1670		2		0
311.584		64.5684		1600		2		0
274.821		130.133		1721		2		0
264.394		189.253		1780		2		0
258.599		236.993		1754		2		0
260.664		253.665		1735		2		0
350.051		129.04		1661		2		0
363.504		186.544		1703		2		0
369.239		238.003		1654		2		0
366.94		253.784		1643		2		0
295.786		236.061		1692		2		0
287.923		325.584		1808		2		0
289.62		386.83		1906		2		0
277.586		404.289		1872		2		0
329.336		235.94		1664		2		0
334.961		324.075		1764		2		0
335.786		397.527		1865		2		0
355.31		405.445		1953		1		0
314.767		118.407		1680		2		0
260.745		269.182		1745		2		0
271.583		254.341		1786		2		0
365.753		270.9		1643		2		0
354.388		249.606		1711		2		0
Frame 10
312.427		235.997		1665		2		0
313.686		169.097		1648		2		0
315.12		101.38		1671		2		0
311.589		64.5599		1601		2		0
274.814		130.123		1722		2		0
264.392		189.247		1775		2		0
258.604		236.99		1753		2		0
260.398		253.517		1736		2		0
350.053		129.041		1663		2		0
363.502		186.541		1704		2		0
369.239		237.975		1652		2		0
366.922		253.804		1645		2		0
295.786		236.061		1692		2		0
287.917		325.597		1813		2		0
289.549		387.062		1893		2		0
277.75		404.674		1850		2		0
329.336		235.937		1659		2		0
334.987		322.988		1759		2		0
335.493		397.604		1871		2		0
345.413		416.576		1793		1		0
314.766		118.406		1678		2		0
260.25		269.502		1741		2		0
272.69		252.329		1778		2		0
365.864		270.939		1644		2		0
353.459		248.195		1702		2		0
Frame 11
312.435		235.99		1663		2		0
313.695		169.087		1646		2		0
315.132		101.363		1666		2		0
311.602		64.523		1601		2		0
274.823		130.107		1720		2		0
264.37		189.267		1775		2		0
258.59		237.016		1752		2		0
260.729		253.645		1734		2		0
350.067		129.042		1660		2		0
363.503		186.54		1701		2		0
369.217		238.044		1655		2		0
366.876		253.961		1644		2		0
295.793		236.046		1686		2		0
287.905		325.254		1804		2		0
290.63		386.098		1906		2		0
277.358		402.454		1870		2		0
329.346		235.935		1658		2		0
334.972		323.085		1760		2		0
335.645		397.352		1852		2		0
344.944		416.669		1792		1		0
314.777		118.391		1677		2		0
260.524		269.531		1745		2		0
273.026		251.735		1764		2		0
365.373		271.038		1650		2		0
354.184		250.377		1710		2		0
Frame 12
312.435		235.988		1665		2		0
313.694		169.085		1649		2		0
315.131		101.358		1668		2		0
311.609		64.5194		1603		2		0
274.826		130.101		1716		2		0
264.372		189.26		1777		2		0
258.591		237.011		1755		2		0
260.476		253.434		1735		2		0
350.067		129.034		1660		2		0
363.504		186.54		1703		2		0
369.207		238.056		1658		2		0
367.092		253.892		1639		2		0
295.793		236.046		1692		2		0
287.884		325.238		1807		2		0
290.247		386.407		1900		2		0
277.229		403.111		1876		2		0
329.345		235.93		1661		2		0
334.967		323.089		1761		2		0
335.787		397.261		1860		2		0
344.223		416.818		1804		1		0
314.775		118.387		1682		2		0
260.185		269.16		1742		2		0
272.649		252.659		1776		2		0
366.644		270.33		1641		2		0
354.518		250.126		1709		2		0
Frame 13
312.451		235.949		1666		2		0
313.704		169.072		1651		2		0
315.14		101.352		1669		2		0
311.618		64.4963		1604		2		0
274.836		130.085		1722		2		0
264.36		189.239		1778		2		0
258.587		236.991		1759		2		0
260.553		253.346		1739		2		0
350.057		129.019		1664		2		0
363.497		186.522		1706		2		0
369.218		238.024		1656		2		0
367.714		254.056		1642		2		0
295.808		236.007		1693		2		0
287.895		325.201		1810		2		0
292.691		384.234		1917		2		0
277.803		402.308		1852		2		0
329.362		235.892		1661		2		0
334.979		323.109		1761		2		0
335.97		397.086		1867		2		0
344.151		416.636		1787		1		0
314.783		118.381		1682		2		0
259.703		268.817		1740		2		0
272.603		252.902		1772		2		0
366.257		270.275		1647		2		0
354.705		252.024		1709		2		0
Frame 14
312.467		235.903		1672		2		0
313.705		169.05		1651		2		0
315.136		101.337		1668		2		0
311.628		64.4928		1602		2		0
274.837		130.06		1721		2		0
264.354		189.242		1778		2		0
258.578		236.995		1757		2		0
260.131		253.196		1736		2		0
350.059		129.005		1665		2		0
363.5		186.516		1707		2		0
369.175		238.031		1659		2		0
368.275		254.206		1639		2		0
295.827		235.962		1697		2		0
287.896		325.201		1805		2		0
292.612		384.307		1916		2		0
278.122		402.534		1889		2		0
329.371		235.847		1667		2		0
335.075		320.682		1731		2		0
335.814		397.882		1859		2		0
344.674		417.537		1824		1		0
314.78		118.366		1679		2		0
259.646		268.703		1740		2		0
272.591		252.724		1780		2		0
366.154		270.143		1642		2		0
356		252.66		1710		2		0
Frame 15
312.511		235.795		1673		2		0
313.734		169.005		1652		2		0
315.16		101.3		1669		2		0
311.654		64.447		1600		2		0
274.855		130.011		1721		2		0
264.338		189.198		1778		2		0
258.578		236.953		1756		2		0
259.693		253.163		1733		2		0
350.072		128.995		1668		2		0
363.498		186.466		1707		2		0
369.164		238.008		1659		2		0
368.417		254.104		1638		2		0
295.878		235.854		1699		2		0
287.874		325.238		1801		2		0
290.535		386.035		1905		2		0
277.775		402.964		0		2		0
329.406		235.74		1669		2		0
335.094		320.708		1728		2		0
336.245		397.795		1854		2		0
344.672		417.781		1803		1		0
314.802		118.333		1677		2		0
259.966		268.707		1745		2		0
272.587		252.928		1784		2		0
365.932		270.116		1652		2		0
356.201		249.593		1730		2		0
Frame 16
312.522		235.571		1678		2		0
313.752		168.941		1657		2		0
315.173		101.274		1668		2		0
311.678		64.3893		1598		2		0
274.873		129.951		1721		2		0
264.33		189.158		1779		2		0
258.567		236.914		1758		2		0
259.133		253.132		1733		2		0
350.088		128.949		1666		2		0
363.492		186.433		1708		2		0
369.185		237.915		1658		2		0
368.747		253.869		1639		2		0
295.931		235.656		1701		2		0
287.867		325.418		1802		2		0
290.799		386.19		1897		2		0
278.763		404.274		1856		2		0
329.366		235.49		1680		2		0
335.009		321.367		1732		2		0
335.842		398.123		1857		2		0
345.087		417.772		1809		1		0
314.814		118.308		1680		2		0
259.707		268.738		1745		2		0
272.528		250.811		1786		2		0
365.739		270.109		1658		2		0
359.411		257.119		1676		2		0
Frame 17
312.481		235.378		1687		2		0
313.786		168.954		1662		2		0
315.203		101.274		1664		2		0
311.723		64.3783		1598		2		0
274.888		129.91		1720		2		0
264.335		189.113		1780		2		0
258.564		236.866		1757		2		0
258.591		253.327		1735		2		0
350.081		128.952		1667		2		0
363.502		186.439		1710		2		0
369.218		237.868		1660		2		0
368.629		253.924		1642		2		0
295.981		235.435		1713		2		0
287.855		325.466		1802		2		0
290.642		386.593		1900		2		0
278.445		403.889		1849		2		0
329.216		235.33		1682		2		0
334.996		321.869		1731		2		0
336.029		398.073		1846		2		0
344.91		417.762		1801		1		0
314.835		118.312		1677		2		0
259.774		268.631		1746		2		0
272.116		252.053		1792		2		0
365.992		270.027		1656		2		0
357.999		254.665		1679		2		0
Frame 18
312.5		235.226		1694		2		0
313.817		169.043		1664		2		0
315.221		101.287		1666		2		0
311.842		64.3569		1596		2		0
274.917		129.881		1719		2		0
264.331		189.055		1780		2		0
258.52		236.794		1759		2		0
257.92		253.385		1734		2		0
350.055		128.982		1670		2		0
363.522		186.434		1715		2		0
369.233		237.723		1664		2		0
368.738		253.968		1647		2		0
296.09		235.283		1717		2		0
287.829		325.534		1798		2		0
290.045		387.262		1896		2		0
277.785		404.588		1860		2		0
329.123		235.179		1691		2		0
335.071		322.815		1730		2		0
336.536		398.338		1850		2		0
356.39		404.289		1926		2		0
314.853		118.336		1682		2		0
259.241		268.566		1749		2		0
271.333		252.985		1816		2		0
366.191		270.204		1662		2		0
357.857		253.125		1636		2		0
Frame 19
312.644		234.977		1709		2		0
313.924		169.238		1673		2		0
315.271		101.372		1666		2		0
311.993		64.4639		1596		2		0
274.982		129.857		1720		2		0
264.363		188.878		1786		2		0
258.427		236.681		1764		2		0
257.737		253.392		1738		2		0
350.076		129.111		1674		2		0
363.593		186.562		1721		2		0
369.338		237.654		1668		2		0
368.917		253.798		1649		2		0
296.301		234.996		1729		2		0
287.808		325.371		1797		2		0
289.964		387.26		1900		2		0
278.489		404.858		1861		2		0
329.189		234.971		1705		2		0
335.076		322.822		1736		2		0
336.849		398.061		1849		2		0
344.272		417.318		1810		1		0
314.919		118.468		1686		2		0
259.729		268.935		1760		2		0
264.924		255.916		1751		2		0
366.93		269.497		1661		2		0
357.335		251.667		1661		2		0
Frame 20
312.582		234.936		1723		2		0
313.946		169.597		1676		2		0
315.357		101.685		1659		2		0
312.253		64.7852		1587		2		0
276.291		129.902		1720		2		0
264.474		188.723		1788		2		0
258.362		236.719		1763		2		0
257.58		253.406		1741		2		0
350.089		129.239		1675		2		0
363.624		186.734		1721		2		0
369.552		237.701		1674		2		0
368.798		253.957		1651		2		0
296.317		234.839		1738		2		0
287.76		325.205		1794		2		0
289.814		387.291		1884		2		0
278.317		404.94		1864		2		0
329.055		235.039		1716		2		0
335.104		322.948		1736		2		0
335.923		398.106		1861		2		0
344.855		417.503		1805		1		0
314.986		118.778		1685		2		0
259.562		268.872		1756		2		0
265.392		255.416		1759		2		0
366.389		270.047		1666		2		0
359.887		258.602		0		2		0
Frame 21
312.523		235.049		1731		2		0
314.024		170.202		1683		2		0
315.589		102.43		1656		2		0
312.619		65.4822		1585		2		0
276.948		130.024		1718		2		0
264.487		188.719		1791		2		0
258.239		236.9		1764		2		0
257.639		253.576		1743		2		0
350.052		129.593		1680		2		0
363.64		187.192		1726		2		0
369.733		237.818		1676		2		0
368.823		254.023		1656		2		0
296.306		234.835		1749		2		0
287.647		325.21		1785		2		0
289.462		388.348		1884		2		0
277.825		405.967		1861		2		0
328.935		235.281		1729		2		0
335.095		323.531		1744		2		0
336.401		398.176		0		2		0
343.85		417.322		1791		1		0
315.159		119.458		1686		2		0
258.299		268.759		1755		2		0
265.213		255.665		1762		2		0
366.422		270.105		1668		2		0
360.952		259.251		1691		2		0
Frame 22
312.519		235.112		1748		2		0
314.194		171.205		1691		2		0
315.951		103.732		1659		2		0
313.01		66.2947		1578		2		0
277.408		130.165		1724		2		0
264.607		188.925		1797		2		0
258.164		237.29		1774		2		0
257.547		253.796		1749		2		0
350.086		130.366		1683		2		0
363.712		187.651		1735		2		0
369.935		237.98		1678		2		0
368.65		254.636		1663		2		0
296.419		234.865		1760		2		0
287.607		325.229		1790		2		0
289.384		388.644		1896		2		0
277.724		406.179		1848		2		0
328.794		235.373		1742		2		0
335.032		323.957		1749		2		0
336.608		398.141		1827		2		0
343.657		417.541		1820		1		0
315.473		120.746		1689		2		0
258.771		269.464		1773		2		0
264.603		257.288		1761		2		0
366.408		270.219		1671		2		0
361.132		259.592		1687		2		0
Frame 23
312.623		235.539		1766		2		0
314.409		172.449		1697		2		0
316.329		105.307		1657		2		0
313.417		67.9139		1571		2		0
277.262		130.971		1727		2		0
264.68		189.149		1798		2		0
258.136		237.832		1779		2		0
257.678		254.406		1756		2		0
350.138		131.803		1685		2		0
363.886		188.41		1741		2		0
369.912		238.658		1681		2		0
368.489		255.561		1670		2		0
296.601		235.356		1774		2		0
287.54		325.092		1786		2		0
290.953		387.102		1896		2		0
278.729		404.208		1853		2		0
328.81		235.732		1760		2		0
335.171		323.963		1749		2		0
336.593		397.901		1859		2		0
343.299		417.591		1800		1		0
315.819		122.346		1689		2		0
258.183		269.608		1768		2		0
264.633		257.808		1765		2		0
365.811		271.52		1684		2		0
360.526		259.252		1702		2		0
Frame 24
312.922		236.203		1781		2		0
314.689		174.004		1711		2		0
316.695		107.454		1660		2		0
314.07		70.1162		1575		2		0
277.334		132.346		1731		2		0
264.882		189.892		1807		2		0
258.422		239.241		1786		2		0
258.121		255.447		1766		2		0
350.239		133.489		1691		2		0
364.097		189.533		1746		2		0
369.954		240.347		1694		2		0
368.355		256.645		1680		2		0
296.947		236.048		1793		2		0
287.449		325.216		1780		2		0
280.105		394.778		1867		2		0
276.701		417.344		1823		1		0
329.06		236.368		1770		2		0
335.291		323.722		1751		2		0
336.893		397.67		1854		2		0
343.203		417.474		1786		1		0
316.164		124.426		1698		2		0
258.381		270.552		1782		2		0
264.863		259.17		1776		2		0
366.03		272.645		1688		2		0
360.56		260.562		1709		2		0
Frame 25
313.175		237.051		1793		2		0
314.872		175.798		1716		2		0
316.883		110.104		1662		2		0
314.579		72.3892		1572		2		0
277.519		134.418		1735		2		0
265.089		191.14		1813		2		0
258.754		240.435		1796		2		0
258.391		255.962		1771		2		0
350.351		135.512		1698		2		0
364		191.265		1753		2		0
369.513		241.971		1702		2		0
368.022		257.851		1690		2		0
297.234		236.941		1804		2		0
287.289		325.433		1779		2		0
287.528		393.393		1877		2		0
274.785		409.571		1841		2		0
329.272		237.168		1786		2		0
335.375		323.779		1751		2		0
337.527		397.752		1826		2		0
342.606		417.467		1815		1		0
316.35		126.904		1701		2		0
258.704		271.569		1789		2		0
265.442		259.71		1780		2		0
365.08		274.086		1704		2		0
359.594		262.626		1721		2		0
Frame 26
313.264		237.94		1814		2		0
314.998		177.81		1729		2		0
317.068		112.996		1666		2		0
315.088		74.8778		1568		2		0
277.615		136.59		1737		2		0
265.472		193.003		1824		2		0
259.34		242.603		1802		2		0
258.804		257.292		1784		2		0
350.467		138.059		1702		2		0
364.076		192.732		1765		2		0
369.262		243.019		1713		2		0
367.677		259.237		1698		2		0
297.427		237.807		1820		2		0
287.056		325.543		1778		2		0
281.045		390.45		1895		2		0
276.373		412.772		1844		2		0
329.244		238.081		1801		2		0
335.578		323.923		1751		2		0
337.637		394.832		1863		2		0
349.08		413.916		1845		1		0
316.521		129.638		1704		2		0
259.064		272.583		1792		2		0
266.052		261.214		1793		2		0
364.958		275.541		1723		2		0
358.274		258.584		1752		2		0
Frame 27
313.187		239.124		1824		2		0
315.106		180.067		1737		2		0
317.38		116.155		1672		2		0
315.601		78.2717		1573		2		0
277.894		138.76		1741		2		0
265.746		195.027		1831		2		0
259.926		243.91		1813		2		0
259.219		258.733		1797		2		0
350.495		140.497		1712		2		0
363.912		195.638		1778		2		0
369.235		244.368		1723		2		0
367.75		260.759		1716		2		0
297.478		238.994		1835		2		0
286.863		325.521		1781		2		0
289.134		389.159		1887		2		0
277.379		406.505		1856		2		0
329.028		239.261		1819		2		0
335.712		323.952		1753		2		0
337.654		395.299		1860		2		0
349.713		414.09		1827		1		0
316.779		132.611		1712		2		0
259.031		273.783		1805		2		0
266.424		262.649		1803		2		0
365.372		276.658		1726		2		0
359.653		265.524		1750		2		0
Frame 28
313.097		240.334		1831		2		0
315.012		182.316		1747		2		0
317.291		119.28		1678		2		0
316.074		81.456		1577		2		0
278.172		141.494		1747		2		0
265.862		196.716		1835		2		0
260.137		245.69		1826		2		0
259.54		260.332		1807		2		0
350.402		142.902		1719		2		0
363.79		197.851		1786		2		0
368.586		247.122		1741		2		0
367.428		262.823		1732		2		0
297.485		240.205		1845		2		0
286.605		325.505		1775		2		0
288.731		389.521		1894		2		0
277.071		407.007		1846		2		0
328.837		240.471		1835		2		0
335.896		323.995		1758		2		0
337.534		395.53		1872		2		0
345.271		414.994		1820		1		0
316.689		135.552		1718		2		0
259.743		275.706		1817		2		0
267.121		263.461		1820		2		0
364.756		278.623		1743		2		0
359.034		267.145		1762		2		0
Frame 29
312.693		241.836		1847		2		0
314.803		184.735		1752		2		0
317.268		122.44		1682		2		0
316.388		84.8836		1577		2		0
278.398		144.014		1755		2		0
265.989		199.611		1844		2		0
260.658		249.084		1836		2		0
259.985		262.144		1816		2		0
350.19		145.563		1724		2		0
363.5		200.591		1796		2		0
368.499		248.752		1756		2		0
367.191		265.107		1742		2		0
297.291		241.667		1859		2		0
286.296		325.621		1774		2		0
282.417		389.224		1881		2		0
276.675		410.905		1850		2		0
328.215		242.014		1847		2		0
336.254		323.931		1751		2		0
339.234		397.686		0		2		0
352.552		416.412		1831		1		0
316.618		138.544		1727		2		0
260.366		277.631		1836		2		0
268.141		257.345		1857		2		0
364.662		280.669		1765		2		0
359.261		269.016		1778		2		0
Frame 30
312.594		243.205		1846		2		0
314.805		187.041		1766		2		0
317.405		125.532		1695		2		0
316.644		88.5024		1588		2		0
278.703		147.084		1765		2		0
265.948		202.103		1855		2		0
261.326		250.796		1850		2		0
260.841		264.413		1834		2		0
350.196		148.233		1737		2		0
363.431		202.672		1808		2		0
368.478		250.565		1769		2		0
366.877		267.125		1759		2		0
297.285		242.983		1871		2		0
286.001		325.866		1770		2		0
286.939		390.031		1883		2		0
276.759		408.488		1862		2		0
328.023		243.436		1863		2		0
336.723		323.945		1754		2		0
338.811		397.546		0		2		0
346.027		417.226		1782		1		0
316.719		141.469		1735		2		0
260.406		278.815		1844		2		0
272.997		271.33		1874		2		0
364.14		282.621		1783		2		0
358.553		270.53		1794		2		0
Frame 31
312.751		244.55		1862		2		0
314.929		189.297		1781		2		0
317.507		128.702		1701		2		0
316.892		91.9721		1593		2		0
279.025		149.684		1769		2		0
266.459		204.589		1872		2		0
261.587		252.183		1866		2		0
261.854		266.253		1849		2		0
350.002		150.724		1751		2		0
362.992		204.659		1826		2		0
368.212		252.864		1787		2		0
366.827		268.423		1782		2		0
297.392		244.343		1876		2		0
285.802		326.092		1774		2		0
287.037		389.762		1893		2		0
276.726		408.033		1846		2		0
328.231		244.77		1878		2		0
337.883		323.214		1751		2		0
339.068		397.468		1807		2		0
356.066		412.465		1953		1		0
316.825		144.418		1742		2		0
260.923		280.816		1867		2		0
272.943		269.553		1895		2		0
364.235		284.67		1800		2		0
359.107		270.839		1815		2		0
Frame 32
312.746		245.926		1870		2		0
314.929		191.445		1792		2		0
317.516		131.624		1713		2		0
317.101		95.1641		1604		2		0
279.541		152.486		1783		2		0
266.883		206.103		1884		2		0
262.01		253.634		1884		2		0
262.94		267.514		1863		2		0
349.852		153.464		1757		2		0
362.802		206.668		1836		2		0
368.038		254.754		1805		2		0
366.176		270.312		1799		2		0
297.409		245.699		1889		2		0
285.697		326.266		1774		2		0
287.028		389.871		1899		2		0
276.913		408.101		1853		2		0
328.209		246.164		1890		2		0
338.435		324.189		1748		2		0
338.733		397.513		1809		2		0
354.207		414.224		1850		1		0
316.831		147.148		1756		2		0
261.496		281.782		1879		2		0
274.426		271.281		1883		2		0
364.063		285.415		1820		2		0
353.578		274.581		1852		2		0
Frame 33
313.161		246.408		1884		2		0
315.155		194.185		1803		2		0
317.586		134.328		1723		2		0
317.316		98.2777		1616		2		0
279.783		154.991		1796		2		0
267.225		208.346		1896		2		0
262.422		255.474		1895		2		0
263.42		268.193		1883		2		0
349.822		156.117		1770		2		0
362.698		208.749		1850		2		0
367.744		255.97		1826		2		0
361.712		271.509		1845		2		0
298.586		246.346		1900		2		0
285.623		326.413		1772		2		0
287.022		389.873		1886		2		0
277.056		408.508		1841		2		0
327.852		246.476		1905		2		0
338.291		321.129		1752		2		0
338.658		397.421		1857		2		0
347.98		416.819		1787		1		0
316.927		149.981		1763		2		0
262.105		283.215		1905		2		0
274.768		270.846		1895		2		0
361.596		287.874		1854		2		0
347.777		277.171		1822		2		0
Frame 34
312.697		248.081		1894		2		0
315.06		196.048		1820		2		0
317.912		137.29		1739		2		0
317.397		101.561		1626		2		0
280.999		158.276		1807		2		0
266.57		215.829		1903		2		0
263.319		260.554		1917		2		0
264.665		270.511		1902		2		0
349.661		160.311		1786		2		0
362.865		217.101		1868		2		0
365.887		263.288		1866		2		0
361.852		274.485		1866		2		0
297.982		247.941		1914		2		0
282.254		318.677		1757		2		0
284.8		390.335		1896		2		0
276.777		409.683		1832		2		0
327.525		248.244		1920		2		0
344.011		318.268		1737		2		0
342.926		407.303		1827		2		0
351.024		421.338		1725		1		0
317.151		152.77		1781		2		0
261.421		284.054		1925		2		0
274.705		275.062		1891		2		0
361.18		289.095		1884		2		0
348.857		281.809		1823		2		0
Frame 35
312.316		249.299		1910		2		0
314.94		197.89		1834		2		0
318.104		140.073		1756		2		0
317.49		104.861		1639		2		0
281.269		159.303		1818		2		0
266.702		216.491		1921		2		0
263.8		260.685		1936		2		0
264.966		271.446		1923		2		0
349.561		161.214		1801		2		0
362.69		217.222		1887		2		0
365.628		263.381		1886		2		0
361.566		274.856		1889		2		0
297.619		249.115		1927		2		0
282.278		318.807		1760		2		0
278.492		405.111		1857		2		0
273.388		418.233		1787		1		0
327.111		249.49		1930		2		0
343.931		317.585		1741		2		0
342.992		406.911		1830		2		0
350.744		420.735		1753		1		0
317.258		155.22		1795		2		0
262.501		285.102		1951		2		0
274.525		277.276		1904		2		0
362.954		288.84		1904		2		0
348.967		283.789		1831		2		0
Frame 36
312.035		250.994		1917		2		0
314.715		200.083		1849		2		0
317.914		142.867		1762		2		0
317.515		108.465		1656		2		0
281.963		163.854		1834		2		0
266.741		218.685		1939		2		0
263.945		262.565		1956		2		0
264.999		272.553		1938		2		0
349.003		164.862		1820		2		0
362.267		218.492		1902		2		0
364.884		264.18		1914		2		0
360.886		275.592		1914		2		0
297.294		250.915		1941		2		0
282.302		318.686		1767		2		0
278.318		405.338		1845		2		0
273.426		419.18		1750		1		0
326.865		251.085		1935		2		0
343.595		316.694		1748		2		0
343.052		406.389		1806		2		0
9999		9999		9999		1		0
317.06		157.859		1809		2		0
262.749		285.939		1962		2		0
274.368		276.187		1916		2		0
362.994		289.62		1927		2		0
349.102		284.143		1838		2		0
Frame 37
311.538		252.514		1933		2		0
314.402		202.502		1866		2		0
317.798		146.398		1786		2		0
317.596		112.422		1674		2		0
282.122		166.004		1848		2		0
267.144		220.012		1954		2		0
264.353		263.407		1976		2		0
265.033		273.411		1962		2		0
348.853		167.393		1832		2		0
362.018		220.898		1923		2		0
363.841		265.674		1937		2		0
363.876		276.098		1927		2		0
296.797		252.319		1960		2		0
282.725		318.222		1770		2		0
278.857		405.246		1844		2		0
272.346		419.497		1745		1		0
326.37		252.721		1944		2		0
342.99		316.063		1751		2		0
343.026		406.257		1815		2		0
9999		9999		9999		1		0
316.892		161.082		1832		2		0
264.271		287.591		1988		2		0
273.955		277.369		1940		2		0
362.853		290.858		1949		2		0
351.435		271.361		1918		2		0
Frame 38
311.497		254.025		1945		2		0
314.135		204.812		1881		2		0
317.25		149.722		1797		2		0
317.634		116.216		1688		2		0
282.418		169.166		1864		2		0
266.849		222.672		1970		2		0
264.602		268.054		1995		2		0
264.483		276.124		1982		2		0
348.633		169.621		1852		2		0
361.394		222.503		1945		2		0
363.35		266.442		1964		2		0
363.771		277.292		1953		2		0
296.809		253.923		1970		2		0
282.931		318.05		1770		2		0
278.954		405.287		1849		2		0
272.35		418.868		1759		1		0
326.27		254.138		1959		2		0
342.199		315.855		1755		2		0
342.778		405.552		1817		2		0
9999		9999		9999		1		0
316.421		164.13		1845		2		0
262.826		286.251		2005		2		0
273.754		277.281		1956		2		0
363.124		291.939		1971		2		0
356.558		281.01		1992		2		0
Frame 39
311.446		256.222		1968		2		0
314.019		208.069		1907		2		0
317.063		154.144		1829		2		0
317.52		121.283		1710		2		0
282.652		173.28		1889		2		0
267.297		225.238		1994		2		0
264.49		268.973		2029		2		0
263.886		277.811		2022		2		0
348.301		173.633		1876		2		0
360.224		225.899		1976		2		0
362.862		268.926		2000		2		0
363.328		279.283		1991		2		0
296.949		256.127		1998		2		0
282.716		314.648		1780		2		0
279.082		403.021		1855		2		0
9999		9999		9999		1		0
326.016		256.325		1983		2		0
341.531		314.103		1771		2		0
342.599		404.443		1835		2		0
9999		9999		9999		1		0
316.252		168.248		1867		2		0
262.595		290.266		2056		2		0
274.273		272.265		1998		2		0
362.31		293.055		2018		2		0
351		269.494		2001		2		0
Frame 40
311.395		257.888		1992		2		0
313.916		210.751		1929		2		0
316.888		158.142		1845		2		0
317.497		125.916		1723		2		0
282.782		176.58		1905		2		0
267.632		227.009		2013		2		0
264.867		269.968		2059		2		0
264.072		279.682		2051		2		0
347.859		176.281		1900		2		0
359.741		227.382		2005		2		0
362.93		270.102		2028		2		0
362.817		280.996		2023		2		0
296.877		257.853		2018		2		0
282.944		313.508		1788		2		0
279.283		402.056		1855		2		0
9999		9999		9999		1		0
325.984		257.934		2008		2		0
341.341		313.662		1779		2		0
342.722		404.294		1844		2		0
353.09		423.953		1884		1		0
316.097		171.884		1885		2		0
264.68		292.318		2079		2		0
274.332		271.995		2029		2		0
361.33		295.135		2050		2		0
354.832		283.663		2056		2		0
Frame 41
311.188		260.601		2020		2		0
313.758		214.803		1950		2		0
316.779		163.718		1867		2		0
317.222		132.643		1751		2		0
282.952		180.815		1925		2		0
267.819		230.311		2037		2		0
265.406		271.018		2088		2		0
264.233		281.414		2087		2		0
346.955		181.717		1918		2		0
358.773		230.683		2032		2		0
362.184		271.686		2050		2		0
361.841		282.607		2062		2		0
296.727		260.525		2038		2		0
283.677		313.018		1795		2		0
279.827		401.859		1866		2		0
273.502		423.131		1825		1		0
325.703		260.685		2033		2		0
340.929		311.701		1795		2		0
342.556		402.563		1849		2		0
9999		9999		9999		1		0
315.975		177.058		1909		2		0
264.125		294.043		2115		2		0
271.001		283.396		2095		2		0
360.892		297.201		2089		2		0
353.6		284.546		2095		2		0
Frame 42
310.969		263.176		2057		2		0
313.526		218.158		1973		2		0
316.519		168.019		1889		2		0
317.039		137.751		1768		2		0
283.29		185.342		1946		2		0
268.736		235.253		2065		2		0
266.378		275.129		2121		2		0
264.434		283.621		2122		2		0
346.378		185.113		1943		2		0
357.379		235.612		2062		2		0
361.274		283.135		2105		2		0
360.91		288.997		2103		2		0
296.5		263.281		2045		2		0
284.305		313.073		1810		2		0
284.077		393.218		1889		2		0
277.082		411.227		1790		2		0
325.477		263.083		2058		2		0
340.787		310.531		1802		2		0
342.691		401.734		1842		2		0
9999		9999		9999		1		0
315.723		181.103		1934		2		0
264.05		296.222		2149		2		0
272.427		284.292		2137		2		0
360.552		298.889		2138		2		0
352.715		289.29		0		2		0
Frame 43
311.971		267.154		2082		2		0
313.932		223.321		2004		2		0
316.091		175.072		1933		2		0
316.695		145.929		1798		2		0
283.415		189.606		1968		2		0
268.601		238.228		2092		2		0
266.789		276.686		2148		2		0
264.994		286.156		2157		2		0
345.689		190.879		1967		2		0
356.988		240.661		2087		2		0
359.946		284.757		2150		2		0
359.808		290.623		2143		2		0
297.509		267.356		2057		2		0
284.712		316.352		1822		2		0
282.06		395.484		1882		2		0
277.216		412.802		1761		2		0
326.483		266.959		2068		2		0
340.894		310.924		1816		2		0
342.937		402.988		1828		2		0
9999		9999		9999		1		0
315.53		187.6		1962		2		0
262.839		298.229		2201		2		0
272.498		288.004		2172		2		0
359.599		301.801		2180		2		0
352.188		291.874		2172		2		0
Frame 44
311.529		271.467		2112		2		0
313.533		228.003		2035		2		0
315.853		179.882		1929		2		0
316.537		151.905		1819		2		0
283.353		195.59		1999		2		0
269.075		243.674		2122		2		0
266.75		282.565		2193		2		0
265.694		290.698		2199		2		0
344.98		195.973		1994		2		0
355.282		244.297		2121		2		0
358.921		285.661		2190		2		0
358.54		292.541		2187		2		0
297.315		271.461		2068		2		0
285.333		314.716		1831		2		0
283.768		391.352		1887		2		0
277.46		411.789		1746		2		0
325.771		271.484		2080		2		0
340.493		309.272		1831		2		0
340.827		403.085		1847		2		0
351.259		421.835		1851		1		0
315.239		192.406		1990		2		0
264.57		302.429		2251		2		0
273.442		292.898		2220		2		0
358.667		304.445		2219		2		0
351		294.004		2198		2		0
Frame 45
311.102		276.481		2150		2		0
313.16		234.18		2068		2		0
315.544		187.608		1992		2		0
316.002		160.835		1865		2		0
283.461		201.082		2032		2		0
268.976		246.904		2159		2		0
267.807		282.615		2243		2		0
267.137		294.155		2247		2		0
344.351		202.487		2026		2		0
353.896		249.148		2166		2		0
357.571		286.042		2233		2		0
357.183		294.9		2231		2		0
297.181		276.551		2079		2		0
286.062		313.063		1853		2		0
284.194		388.246		1890		2		0
278.653		408.027		1775		2		0
325.066		276.417		2098		2		0
340.422		308.736		1850		2		0
339.263		393.81		1884		2		0
346.715		411.747		1764		2		0
314.912		199.685		2024		2		0
267.5		306.251		2310		2		0
273.684		293.518		2258		2		0
357.109		307.778		2261		2		0
350		293.86		2214		2		0
Frame 46
310.762		280.979		2182		2		0
312.64		239.639		2106		2		0
314.796		194.338		2027		2		0
315.684		168.325		1901		2		0
283.45		207.698		2068		2		0
269.979		251.586		2200		2		0
268.492		286.514		2298		2		0
268.047		296.654		2299		2		0
343.114		207.969		2063		2		0
352.627		253.083		2205		2		0
355.6		288.791		2258		2		0
356.05		298.854		2280		2		0
296.955		280.885		2075		2		0
287.486		318.046		1873		2		0
283.471		386.957		1899		2		0
279.286		406.922		1779		2		0
324.62		281.081		2107		2		0
339.464		307.556		1876		2		0
339.273		393.768		1871		2		0
346.848		410.968		1738		2		0
314.225		206.078		2061		2		0
268.298		310.7		2327		2		0
275.333		296.844		2307		2		0
355.749		313.251		2315		2		0
350.831		302.07		0		2		0
Frame 47
312.509		288.084		2212		2		0
313.308		246.706		2149		2		0
314.259		201.882		2059		2		0
314.911		176.885		1937		2		0
283.666		214.963		2110		2		0
270.573		257.645		2253		2		0
270.277		295.6		2353		2		0
269.058		304.445		2352		2		0
342.012		216.579		2107		2		0
350.89		259.187		2250		2		0
353.996		293.275		2317		2		0
354.945		303.394		2332		2		0
298.824		288.109		2041		2		0
288.275		306.705		1901		2		0
283.159		386.181		1878		2		0
279.599		405.904		1776		2		0
326.235		288.065		2066		2		0
338.517		306.976		1899		2		0
339.566		393.612		1888		2		0
346.109		410.136		1787		2		0
314.002		213.445		2102		2		0
267.666		317.001		2417		2		0
274.941		306.945		2361		2		0
355.572		318.57		2327		2		0
351		307.781		2309		2		0
Frame 48
311.916		294.49		2240		2		0
312.846		253.764		2189		2		0
313.916		209.98		2114		2		0
314.863		185.321		1981		2		0
284.02		222.101		2145		2		0
271.566		262.877		2303		2		0
271.059		297.07		2413		2		0
269.773		307.02		2397		2		0
340.909		224.201		2148		2		0
349.445		265.516		2297		2		0
353.426		297.992		2367		2		0
353.632		307.802		2384		1		0
298.54		294.33		2001		2		0
289.044		304.745		1925		2		0
282.295		388.723		1901		2		0
280.502		406.013		1732		2		0
325.343		294.657		2044		2		0
336.817		317.262		1923		2		0
340.182		392.195		1872		2		0
345.21		409.418		1787		2		0
313.63		221.24		2144		2		0
267.197		321.199		2398		2		0
275.714		308.649		2404		2		0
357.002		321.596		2392		2		0
349.836		312.674		2003		2		0
Frame 49
311.086		301.816		2277		2		0
312.162		260.961		2231		2		0
313.362		217.557		2161		2		0
314.516		193.291		2039		2		0
284.013		229.537		2193		2		0
272.705		267		2347		2		0
269.143		310.071		2456		2		0
269.047		315.611		2449		2		0
339.313		232.199		2199		2		0
347.206		272.945		2346		2		0
351.343		304.234		2419		1		0
352.588		315.262		2437		1		0
297.879		301.639		1978		2		0
289.407		304.024		1957		2		0
279.314		388.949		1923		2		0
282.441		400.999		1785		2		0
324.355		301.998		2044		2		0
335.204		316.034		1949		2		0
340.238		391.632		1883		2		0
346.238		411.55		1923		2		0
313.045		228.666		2190		2		0
266.489		324.993		2475		2		0
273.063		321.56		2427		2		0
356.5		328.001		2425		2		0
349.002		319.007		2415		2		0
Frame 50
310.24		311.201		2387		2		0
311.506		269.554		2274		2		0
312.865		226.171		2225		2		0
313.946		202.329		2093		2		0
284.515		236.864		2251		2		0
273.689		273.401		2391		2		0
269.939		312.029		2522		2		0
268.233		319.238		2506		2		0
338.05		240.257		2255		2		0
345.916		278.61		2407		2		0
350.187		309.241		0		1		0
352.287		323.613		2498		1		0
297.217		310.829		2009		2		0
288.953		304.021		1987		2		0
273.298		391.29		2015		2		0
281.345		397.768		1773		2		0
323.323		311.578		2032		2		0
334.085		315.261		1976		2		0
340.003		391.334		1874		1		0
345.974		411.401		1939		2		0
312.512		237.188		2247		2		0
260.667		326.666		2612		2		0
267.157		328.083		2491		2		0
358.001		332.695		2537		2		0
349.804		327.603		2460		2		0
Frame 51
310.789		319.094		2436		2		0
311.47		277.237		2322		2		0
312.187		234.4		2288		2		0
313.142		211.101		2163		2		0
284.504		245.643		2321		2		0
273.98		282.52		2451		2		0
268.849		319.537		2578		1		0
264.332		321.829		2593		1		0
337.405		248.603		2324		2		0
343.519		282.997		2442		2		0
348.547		313.075		0		1		0
352.666		326.964		2599		2		0
297.995		318.994		2096		2		0
287.997		302.999		2028		2		0
272.931		389.945		2026		1		0
279.916		396.02		1775		2		0
323.665		319.198		2098		2		0
332.753		315.483		2014		2		0
338.918		390.409		1896		1		0
346.425		401.709		1779		2		0
311.999		245.202		2312		2		0
264		323		2582		2		0
264.494		323.479		2582		1		0
355		325		2675		2		0
356.506		327.598		2614		2		0
Frame 52
309.372		326.103		2443		2		0
310.525		283.954		2373		2		0
311.695		241.401		2370		2		0
312.49		218.251		2250		2		0
284.906		252.926		2391		2		0
273.52		288.122		2503		2		0
267.97		325.66		2632		1		0
266.215		337.49		2536		1		0
336.745		256.064		2392		2		0
342.361		286.005		2490		2		0
347.335		315.526		2748		1		0
354.076		326.331		2636		2		0
296.789		325.212		2116		2		0
286.841		305.2		2069		2		0
271.876		390.04		2020		1		0
277.921		395.284		1782		1		0
322.051		327.001		0		2		0
331.826		316.388		2049		2		0
337.978		389.761		1896		1		0
345.137		398.676		1816		1		0
311.396		252.073		2383		2		0
265.897		338.66		2525		1		0
266.385		339.199		2510		1		0
359.488		323.865		2720		2		0
362.167		327.157		2675		2		0
Frame 53
306.38		333.339		2441		2		0
308.352		290.121		2428		2		0
310.288		247.519		2455		2		0
311.696		225.439		2359		2		0
284.752		258.687		2467		2		0
273.973		290.277		2558		2		0
280.03		319.969		2087		2		0
284.322		339.868		2048		1		0
335.295		262.231		2466		2		0
342.893		291.303		2540		2		0
347.725		319.982		2748		1		0
354.292		327.958		2660		2		0
294.501		331.903		2106		2		0
285.808		307.426		2110		2		0
270.35		395.378		1809		1		0
276.457		397.384		1842		1		0
318.34		334.783		2376		2		0
330.706		318.289		2088		2		0
336.737		390.229		1905		1		0
344.105		398.823		1829		1		0
309.803		258.106		2463		2		0
283.543		356.571		2004		2		0
278.208		327.18		2074		2		0
365		328.499		2722		2		0
363.603		334.997		2570		2		0
Frame 54
308.217		335.172		2440		2		0
309.625		292.873		2486		2		0
309.773		251.46		2543		2		0
310.91		230.418		2463		2		0
285.052		262.005		2550		2		0
273.771		294.891		2636		2		0
278.364		323.483		2117		2		0
286.194		357.472		2027		1		0
334.182		265.567		2540		2		0
341.691		295.297		2632		2		0
352.344		323.588		2716		2		0
359.761		322.806		2720		1		0
296.041		334.219		2356		2		0
284.535		308.981		2162		2		0
269.325		395.372		1842		1		0
275.241		397.335		1818		1		0
320.542		336.203		2334		2		0
349.094		362.792		2113		2		0
9999		9999		9999		1		0
355.14		420.57		1829		1		0
309.733		261.615		2555		2		0
283.359		373.352		1958		2		0
278.616		342.052		2068		2		0
366		328.496		2743		2		0
361.001		327.832		2699		2		0
Frame 55
308.299		335.307		2449		2		0
309.675		292.503		2539		2		0
310.978		253.236		2641		2		0
311.187		232.855		2565		2		0
285.543		262.422		2641		2		0
273.587		290.166		2725		2		0
277.574		316.514		2160		2		0
292.191		325.033		2320		1		0
334.348		267.625		2625		2		0
343.864		298.294		2738		2		0
364.475		327.52		2719		2		0
364.532		328.941		2712		2		0
295.964		335.242		2408		2		0
285.029		310.062		2197		2		0
270.23		394.213		1810		1		0
276.043		396.054		1829		1		0
320.537		335.783		2342		2		0
349.589		362.374		2102		2		0
9999		9999		9999		1		0
356.107		423.063		0		1		0
310.673		262.598		2634		2		0
279.902		330.588		2115		2		0
293.421		318.325		2306		2		0
367		330.5		2744		2		0
363.499		331.997		2630		2		0
Frame 56
308.869		334.3		2491		2		0
310.663		289.33		2603		2		0
311.488		251.289		2747		2		0
312.595		231.736		2661		2		0
286.792		260.865		2734		2		0
278.677		290.219		2780		2		0
280.267		314.955		2182		2		0
292.989		322.056		2370		1		0
334.059		266.884		2709		2		0
339.937		295.351		2779		2		0
362.076		325.927		2712		2		0
363.489		329.007		2698		2		0
297.291		332.424		2469		2		0
283.606		309.05		2206		2		0
268.834		392.975		1898		1		0
274.542		394.736		1836		1		0
321.041		335.077		2409		2		0
347.736		386.75		1924		2		0
9999		9999		9999		1		0
9999		9999		9999		1		0
311.288		260.339		2726		2		0
291.5		319.5		2328		2		0
294.627		311.627		2376		2		0
382		344.5		2638		2		0
362.417		332.081		2597		1		0
Frame 57
310.403		329.714		2511		2		0
310.993		287.149		2632		2		0
311.494		250.466		2828		2		0
313.462		233.582		2755		2		0
288.493		259.498		2819		2		0
278.459		288.799		2808		2		0
279.462		312.804		2191		2		0
292.307		320.244		2394		1		0
334.008		266.385		2784		2		0
340.043		296.465		2804		2		0
362.311		325.922		2709		2		0
363.423		329.3		2693		2		0
299.146		328.434		2515		2		0
282.829		307.756		2212		2		0
268.151		391.136		1874		1		0
273.777		392.774		1877		1		0
321.528		331.947		2452		2		0
347.701		386.704		1903		2		0
9999		9999		9999		1		0
9999		9999		9999		1		0
311.372		259.148		2792		2		0
291.711		315.44		2326		2		0
293.801		309.203		2371		2		0
382.502		344.499		2638		2		0
362.346		332.391		2593		1		0
Frame 58
310.698		328.61		2535		2		0
311.184		286.751		2675		2		0
311.551		251.201		2927		2		0
313.93		234.056		2861		2		0
288.355		260.247		2897		2		0
276.946		288.201		2857		2		0
277.879		310.159		2209		2		0
291.167		324.746		2476		1		0
333.498		266.909		2854		2		0
341.695		296.429		2852		2		0
361.599		325.687		2712		2		0
362.684		329.346		2668		1		0
299.928		327.605		2544		2		0
283.602		305.992		2228		2		0
269.063		388.703		1888		1		0
274.696		390.18		1930		1		0
321.572		329.441		2473		2		0
353.229		384.101		1966		2		0
9999		9999		9999		1		0
9999		9999		9999		1		0
311.461		259.585		2869		2		0
290.999		321.5		2423		2		0
292		321		2436		2		0
381.502		344.499		2610		2		0
362.131		331.466		2618		2		0
Frame 59
311.381		326.992		2543		2		0
311.402		286.687		2715		2		0
311.125		253.507		2978		2		0
314.39		236.393		2935		2		0
288.562		262.612		2956		2		0
275.468		289.126		2909		2		0
276.566		309.123		2231		2		0
278.249		354.409		2063		1		0
333.202		268.705		2916		2		0
340.282		298.529		2872		2		0
358.707		330.679		2643		2		0
365.811		339.069		2485		2		0
300.923		326.063		2562		2		0
283.886		305.149		2245		2		0
269.411		387.542		1916		1		0
275.044		388.944		1957		1		0
321.803		328.147		2491		2		0
352.518		383.518		1923		2		0
9999		9999		9999		1		0
9999		9999		9999		1		0
311.193		261.296		2920		2		0
273.371		370.844		1950		2		0
271.745		340.849		2126		2		0
377.835		350.166		2424		2		0
359.997		339.749		2492		2		0
Frame 60
312.045		326.196		2556		2		0
311.799		287.949		2751		2		0
310.992		257.431		3041		2		0
313.824		241.355		3013		2		0
289.365		265.504		2999		2		0
275.26		290.868		2944		2		0
276.35		309.078		2253		2		0
278.784		351.763		2081		1		0
332.405		272.314		2961		2		0
340.496		301.624		0		2		0
359.904		325.07		2707		2		0
359.983		327.919		2670		2		0
302.07		324.829		2590		2		0
277.722		344.856		2108		2		0
9999		9999		9999		1		0
9999		9999		9999		1		0
322.164		327.576		0		2		0
341.89		369.231		1952		2		0
9999		9999		9999		1		0
9999		9999		9999		1		0
311.191		264.59		2983		2		0
273.64		367.89		1973		2		0
269		355.49		2146		2		0
377.668		340.334		2662		2		0
358.945		331.861		2606		2		0
Frame 61
309.752		324.012		2593		2		0
310.488		288.501		2785		2		0
311.4		260.691		3071		2		0
314.094		244.747		3074		2		0
290.181		270.151		3049		2		0
267.997		292.158		3130		2		0
243.843		304.805		0		2		0
242.552		309.578		3003		2		0
330.995		275.638		3009		2		0
342.091		303.843		2928		2		0
362.16		324.068		2735		2		0
360.941		326.319		2686		2		0
299.431		321.986		2572		2		0
265.417		342.786		2335		1		0
9999		9999		9999		1		0
252.31		423.642		1928		1		0
320.075		325.848		0		2		0
340.682		369.705		1952		2		0
9999		9999		9999		1		0
9999		9999		9999		1		0
311.104		267.187		3045		2		0
236		310.498		3110		2		0
236.5		309.996		3133		2		0
379		341		2674		2		0
359.881		329.776		2645		2		0
Frame 62
310.196		322.198		2603		2		0
310.866		289.637		2793		2		0
311.138		265.105		3137		2		0
313.977		249.394		3141		2		0
291.269		274.771		3095		2		0
271.717		292.862		3153		2		0
247.215		301.992		0		2		0
248.602		304.777		3014		2		0
329.789		278.369		3059		2		0
343.508		304.812		2954		2		0
362.196		324.037		2740		2		0
360.374		325.686		2703		2		0
300.786		319.827		2589		2		0
265.247		345.435		2281		1		0
9999		9999		9999		1		0
9999		9999		9999		1		0
319.989		324.182		0		2		0
364.819		387.421		2005		2		0
9999		9999		9999		1		0
9999		9999		9999		1		0
311.085		270.807		3108		2		0
244.749		313		2929		2		0
244.582		307.477		2998		2		0
358.5		330		2601		2		0
356.302		324.38		2706		2		0
Frame 63
309.764		320.255		2634		2		0
310.722		291.212		2706		2		0
311.584		268.4		3191		2		0
312.414		252.837		3210		2		0
292.208		277.261		3116		2		0
275.748		283.297		3327		2		0
258.599		296.14		3116		1		0
256.83		293.561		3138		1		0
329.267		281.811		3117		2		0
343.941		305.107		2922		2		0
359.355		323.34		2718		2		0
358.905		326.079		2678		2		0
300.887		317.751		2611		2		0
265.336		345.168		2282		1		0
9999		9999		9999		1		0
9999		9999		9999		1		0
319.196		322.861		2307		2		0
364.842		387.419		2012		2		0
9999		9999		9999		1		0
9999		9999		9999		1		0
311.385		273.665		3172		2		0
253.999		295		0		2		0
258.5		291		3163		2		0
368.665		334.999		2568		2		0
352.863		328.386		2655		2		0
Frame 64
311.351		318.704		2630		2		0
311.462		291.261		2701		2		0
311.534		270.025		3247		2		0
312.482		254.999		3276		2		0
294.342		278.279		3138		2		0
277.253		281.622		3423		1		0
260.366		294.239		3142		1		0
254.35		298.74		3100		1		0
328.17		282.105		3137		2		0
345.983		305.065		2977		1		0
355.823		319.141		2775		2		0
356.565		323.817		2722		2		0
302.899		316.578		2656		2		0
283.195		340.279		2149		2		0
9999		9999		9999		1		0
271.505		418.951		1930		1		0
320.052		320.954		2288		2		0
364.802		371.397		2080		2		0
9999		9999		9999		1		0
9999		9999		9999		1		0
311.574		274.828		3235		2		0
251.51		300.201		3066		1		0
256.039		296.137		3111		1		0
363.69		331.845		2588		2		0
351.581		325.262		2686		2		0
Frame 65
317.477		318.774		2319		2		0
313.393		291.865		2677		2		0
310.685		270.576		3285		2		0
311.642		256.45		3328		2		0
294.608		278.339		3151		2		0
275.395		280.79		3469		1		0
258.727		293.135		3162		1		0
252.795		297.534		3191		1		0
328.478		283.065		3161		2		0
351.004		308.018		2992		2		0
356.122		323.723		2721		2		0
357.188		330.706		2602		2		0
309.016		316.091		2656		2		0
291.213		335.09		2225		1		0
276.663		417.051		1896		1		0
280.486		410.596		1958		1		0
326.163		321.525		2249		2		0
364.948		364.261		2138		2		0
9999		9999		9999		1		0
9999		9999		9999		1		0
311.277		275.449		3260		2		0
250.002		298.963		0		1		0
254.466		294.99		3302		1		0
360.423		337.618		2496		2		0
345.947		323.25		2630		2		0
Frame 66
318.663		319.063		2309		2		0
313.895		292.028		2647		2		0
310.566		270.76		3296		2		0
311.43		256.507		3351		2		0
294.428		278.365		3148		2		0
275.283		280.758		3478		1		0
275.439		292.321		3102		2		0
279.258		361.086		2029		1		0
327.753		282.439		3155		2		0
345.172		307.336		0		1		0
357.158		325.396		2683		2		0
360.662		331.387		2580		2		0
309.774		316.58		2660		2		0
291.22		335.076		2223		1		0
276.704		416.854		1935		1		0
280.52		410.403		1933		1		0
327.987		321.524		2254		2		0
361.858		387.464		2022		2		0
9999		9999		9999		1		0
9999		9999		9999		1		0
311.347		275.629		3268		2		0
269.869		362.138		1928		2		0
273.97		353.177		2088		2		0
371.244		341.145		2500		2		0
350.568		330.713		2604		2		0
Frame 67
319.528		319.976		2313		2		0
314.139		292.143		2641		2		0
310.456		270.433		3315		2		0
311.128		257.098		3362		2		0
294.515		278.382		3145		2		0
275.254		280.921		3487		1		0
275.51		292.67		3105		2		0
279.645		360.969		2011		1		0
327.27		281.039		3182		2		0
339.375		300.13		2970		1		0
355.977		323.646		2713		2		0
360.161		330.6		2589		2		0
310.264		318.48		2672		2		0
281.311		331.955		2214		2		0
266.397		415.63		1910		1		0
269.78		408.957		1965		1		0
329.347		321.849		2259		2		0
364.931		369.485		2107		2		0
9999		9999		9999		1		0
9999		9999		9999		1		0
311.358		275.454		3255		2		0
271.258		361.188		1918		2		0
272.794		353.343		0		2		0
371.948		341.21		2496		2		0
350.626		330.434		2594		2		0
Frame 68
319.65		320.142		2318		2		0
314.502		292.16		2654		2		0
310.733		270.097		3319		2		0
310.534		256.481		3382		2		0
293.132		278.454		3165		2		0
274.989		281.205		3478		1		0
275.305		292.9		3075		2		0
279.493		361.816		2009		1		0
326.599		280.5		3197		2		0
342.956		306.439		2878		1		0
356.215		323.96		2709		2		0
359.474		329.682		2600		2		0
310.204		319.067		2675		2		0
281.694		331.693		2220		1		0
266.821		415.177		0		1		0
270.219		408.492		1965		1		0
329.565		321.742		2270		2		0
364.352		367.213		2122		2		0
9999		9999		9999		1		0
9999		9999		9999		1		0
311.64		275.176		3283		2		0
271.674		362.664		1928		2		0
270.114		355.885		1947		2		0
370.979		340.052		2503		2		0
349.298		329.196		2611		2		0
Frame 69
319.666		320.376		2322		2		0
314.486		292.22		2677		2		0
310.615		270.035		3328		2		0
310.321		256.574		3386		2		0
291.03		279.75		3166		2		0
272.794		283.061		3448		1		0
274.072		295.221		3042		2		0
285.767		354.322		2138		1		0
326.712		280.428		3204		2		0
342.78		306.214		2897		1		0
355.941		323.661		2710		2		0
359.486		329.469		2595		2		0
310.06		319.604		2673		2		0
281.647		331.565		2231		1		0
266.794		414.945		1851		1		0
270.187		408.254		1953		1		0
329.619		321.733		2277		2		0
363.397		365.783		2144		2		0
9999		9999		9999		1		0
9999		9999		9999		1		0
311.533		275.134		3228		2		0
277.876		363.502		1961		2		0
277.773		339.997		2195		2		0
370.284		339.161		2516		2		0
349.623		328.623		2622		2		0
Frame 70
319.565		320.675		2319		2		0
314.351		292.381		2679		2		0
310.385		270.107		3337		2		0
310.166		256.603		3396		2		0
290.841		279.922		3201		2		0
272.689		283.211		3448		1		0
272.064		294.825		3111		2		0
272.99		298.953		3020		2		0
326.714		280.418		3200		2		0
342.676		306.167		2888		1		0
355.506		323.724		2702		2		0
359.287		329.907		2600		2		0
309.703		320.256		2679		2		0
281.488		331.504		2244		1		0
266.684		414.612		1946		1		0
270.06		407.924		1949		1		0
329.631		321.734		2280		2		0
363.358		365.889		2139		2		0
9999		9999		9999		1		0
9999		9999		9999		1		0
311.313		275.219		3253		2		0
272		306.499		2868		2		0
270.55		299.653		3037		2		0
370.736		340.4		2505		2		0
348.248		328.996		2622		2		0
Frame 71
319.371		320.739		2319		2		0
314.094		292.324		2675		2		0
310.052		269.992		3334		2		0
310.098		256.552		3391		2		0
289.815		280.505		3201		2		0
271.858		283.768		3452		1		0
273.614		294.057		3080		2		0
273.638		298.254		3008		2		0
326.74		280.405		3197		2		0
341.593		305.982		2893		1		0
355.512		323.742		2709		2		0
359.975		330.312		2575		2		0
309.54		320.391		2663		2		0
282.673		334.695		2243		1		0
267.652		418.86		1927		1		0
271.129		412.317		1916		1		0
329.393		321.501		2279		2		0
363.387		366.002		2130		2		0
9999		9999		9999		1		0
9999		9999		9999		1		0
310.99		275.111		3241		2		0
272.306		305.427		2883		2		0
272.185		301.32		2946		2		0
370.905		340.401		2510		2		0
349.052		329.305		2600		2		0
Frame 72
319.376		320.849		2315		2		0
313.842		292.41		2690		2		0
309.21		270.079		3356		2		0
309.86		256.935		3410		2		0
289.228		280.989		3188		2		0
271.263		284.271		3427		1		0
274.682		296.101		3035		2		0
272.784		299.567		2989		2		0
326.733		280.417		3198		2		0
341.361		305.875		2887		1		0
354.204		328.487		2614		1		0
360.799		335.236		2503		2		0
309.489		320.595		2664		2		0
281.824		344.013		2196		2		0
9999		9999		9999		1		0
270.214		421.619		1898		1		0
329.431		321.512		2274		2		0
363.21		368.162		2120		2		0
9999		9999		9999		1		0
9999		9999		9999		1		0
310.312		275.191		3235		2		0
272.6		306.198		2856		2		0
268.665		301.668		3061		2		0
366.737		344.2		2416		2		0
353.379		333.903		2526		2		0
Frame 73
319.176		321.063		2310		2		0
313.594		292.496		2679		2		0
309.085		270.095		3353		2		0
309.542		256.829		3423		2		0
289.295		281.128		3197		2		0
271.334		284.409		3434		1		0
274.571		296.319		3033		2		0
273.632		297.693		3021		2		0
326.682		280.389		3205		2		0
346.369		306.69		3021		2		0
356.029		324.201		2694		2		0
359.306		331.148		2552		2		0
309.25		320.886		2649		2		0
281.709		344.02		2190		2		0
9999		9999		9999		1		0
270.088		421.66		1916		1		0
329.321		321.561		2271		2		0
363.411		365.337		2140		2		0
9999		9999		9999		1		0
9999		9999		9999		1		0
310.141		275.218		3242		2		0
272.502		302.749		2922		2		0
272.008		298.751		3019		2		0
363.076		337.385		2478		2		0
350.246		329.12		2597		2		0
Frame 74
318.97		321.354		2309		2		0
313.346		292.598		2689		2		0
308.767		270.13		3347		2		0
309.802		257.089		3418		2		0
289.308		281.251		3179		2		0
271.346		284.532		3438		1		0
273.339		295.21		3044		2		0
273.581		297.956		3006		2		0
326.663		280.412		3201		2		0
346.531		306.915		3013		2		0
355.986		324.189		2682		2		0
358.931		330.958		2581		2		0
308.996		321.2		2661		2		0
281.48		343.998		2192		1		0
9999		9999		9999		1		0
269.849		421.62		1891		1		0
329.191		321.733		2268		2		0
363.426		365.667		2144		2		0
9999		9999		9999		1		0
9999		9999		9999		1		0
309.827		275.268		3252		2		0
272.734		302.477		2924		2		0
272.336		299.647		2989		2		0
362.499		337.187		2482		2		0
350.039		328.925		2621		2		0
Frame 75
318.745		321.517		2301		2		0
313.001		292.663		2698		2		0
308.422		270.146		3350		2		0
309.644		257.32		3433		2		0
289.331		281.33		3187		2		0
271.379		284.606		3434		1		0
273.389		295.256		3049		2		0
273.622		297.519		3002		2		0
326.563		280.421		3199		2		0
346.565		306.974		3016		2		0
353.423		319.626		2774		2		0
354.532		324.816		2686		1		0
308.726		321.386		2655		2		0
281.405		344.045		2185		2		0
9999		9999		9999		1		0
269.758		421.735		1899		1		0
329.033		321.823		2266		2		0
364.141		368.025		2129		2		0
9999		9999		9999		1		0
9999		9999		9999		1		0
309.472		275.291		3284		2		0
272.333		303.333		2912		2		0
272.201		299.991		2980		2		0
359.944		331.894		2562		2		0
344.091		322.359		2680		2		0
Frame 76
315.507		321.296		2319		2		0
310.319		292.969		2706		2		0
305.994		271.113		3352		2		0
310.077		258.429		3435		2		0
288.264		281.862		3206		2		0
270.405		285.106		3392		1		0
274.029		297.724		3003		2		0
273.723		298.098		2992		2		0
326.735		280.531		3210		2		0
347.047		307.186		3000		1		0
353.414		319.581		2774		2		0
354.402		324.578		2686		2		0
304.654		321.271		2669		2		0
281.377		344.059		2187		2		0
9999		9999		9999		1		0
269.718		421.817		0		1		0
326.455		321.417		2263		2		0
364.154		365.637		2148		2		0
9999		9999		9999		1		0
9999		9999		9999		1		0
307.003		276.079		3217		2		0
272		306		2859		2		0
272.335		297.65		3024		2		0
359.715		331.62		2552		2		0
343.581		320.313		2687		2		0
Frame 77
315.587		321.404		2308		2		0
310.674		293.2		2696		2		0
306.987		271.529		3343		2		0
309.508		259.206		3431		2		0
288.737		281.912		3201		2		0
270.833		285.158		3407		1		0
273.107		295.758		3040		2		0
272.918		298.661		3004		2		0
326.637		280.576		3216		2		0
346.216		306.502		3009		1		0
355.413		323.559		2704		2		0
358.288		331.501		2555		1		0
305.003		321.312		2661		2		0
284.625		345.233		2191		1		0
9999		9999		9999		1		0
273.001		423.941		1546		1		0
326.375		321.574		2264		2		0
363.985		364.801		2144		2		0
9999		9999		9999		1		0
9999		9999		9999		1		0
307.795		276.45		3252		2		0
273		304.249		2886		2		0
268.5		302.5		3045		2		0
362.593		338.371		2470		2		0
346.426		327.48		2625		2		0
Frame 78
315.493		321.405		2313		2		0
310.684		293.22		2705		2		0
307.103		271.575		3361		2		0
309.194		260.224		3431		2		0
288.908		281.965		3238		2		0
270.992		285.209		3402		1		0
274.178		297.036		3008		2		0
274.237		297.045		3008		2		0
326.832		280.752		3222		2		0
346.421		304.947		3054		1		0
355.199		323.125		2703		2		0
358.197		331.435		2558		1		0
304.973		321.331		2674		2		0
284.757		345.153		2191		1		0
9999		9999		9999		1		0
273.151		423.794		0		1		0
326.164		321.518		2271		2		0
363.489		364.7		2149		2		0
9999		9999		9999		1		0
9999		9999		9999		1		0
307.882		276.492		3212		2		0
272.667		302.665		2931		2		0
272.376		298.617		3010		2		0
363.048		338.455		2467		2		0
347.64		328.628		2613		2		0
Frame 79
315.356		321.419		2316		2		0
310.181		293.18		2707		2		0
305.994		271.455		3383		2		0
309.577		258.902		3463		2		0
289.127		281.973		3187		2		0
271.2		285.216		3415		1		0
274.35		297.038		3006		2		0
274.244		297.539		3006		2		0
326.905		280.801		3213		2		0
347.07		306.236		3020		1		0
355.432		323.583		2702		2		0
358.601		331.871		2563		1		0
304.875		321.29		2668		2		0
282.98		343.392		2200		1		0
9999		9999		9999		1		0
271.486		420.698		1908		1		0
325.985		321.583		2271		2		0
360.77		370.787		2091		2		0
9999		9999		9999		1		0
9999		9999		9999		1		0
306.97		276.397		3227		2		0
273.488		302.26		2930		2		0
272.001		296.731		3043		2		0
363.549		338.956		2467		2		0
349.172		330.305		2567		2		0
Frame 80
315.35		321.694		2320		2		0
310.384		293.375		2715		2		0
306.829		271.72		3375		2		0
308.859		259.819		3462		2		0
288.223		282.655		3201		2		0
270.302		285.866		3411		1		0
273.932		298.649		3000		2		0
274.312		297.914		3008		1		0
326.945		280.842		3222		2		0
348.053		304.403		3049		1		0
354.503		321.168		2745		2		0
356.094		328.85		2612		1		0
305.004		321.488		2667		2		0
284.268		344.229		2196		1		0
9999		9999		9999		1		0
272.774		421.993		0		1		0
325.848		321.967		2273		2		0
361.2		370.638		2090		2		0
9999		9999		9999		1		0
9999		9999		9999		1		0
307.571		276.64		3229		2		0
273.249		302.749		2913		2		0
272.257		297.329		3023		2		0
359.828		335.222		2499		2		0
345.325		326.823		2631		2		0
Frame 81
315.446		321.66		2320		2		0
310.628		293.393		2706		2		0
307.142		271.77		3387		2		0
308.594		260.249		3442		2		0
289.367		280.797		3207		2		0
271.49		284.106		3430		1		0
274.751		296.477		3029		2		0
274.502		297.361		3012		2		0
326.886		280.837		3224		2		0
348.12		307.28		2993		1		0
355.492		323.6		2709		2		0
357.59		331.268		2559		1		0
305.266		321.304		2664		2		0
284.716		344.317		2200		1		0
9999		9999		9999		1		0
273.244		422.106		1814		1		0
325.883		321.998		2273		2		0
333.34		370.255		2025		2		0
9999		9999		9999		1		0
9999		9999		9999		1		0
307.893		276.686		3241		2		0
273.177		302.751		2931		2		0
272.311		297.598		3015		2		0
362.523		338.478		2469		2		0
347.097		328.938		2628		2		0
Frame 82
315.458		321.669		2316		2		0
310.675		293.352		2712		2		0
307.224		271.636		3372		2		0
308.597		260.71		3456		2		0
288.265		282.606		3196		2		0
270.357		285.818		3404		1		0
273.913		298.205		2982		2		0
273.736		297.895		3004		2		0
326.847		280.841		3219		2		0
346.781		306.833		3013		1		0
355.523		323.578		2703		2		0
358.455		331.749		2561		1		0
305.303		321.301		2665		2		0
284.838		344.103		2201		1		0
9999		9999		9999		1		0
273.373		421.894		0		1		0
325.865		322.024		2268		2		0
333.055		369.831		2025		2		0
9999		9999		9999		1		0
9999		9999		9999		1		0
307.974		276.576		3223		2		0
272.999		303		2932		2		0
271.928		297.907		3028		2		0
363.684		339.046		2461		2		0
350.298		331.884		2563		2		0
Frame 83
316.042		321.913		2319		2		0
308.414		292.07		2724		2		0
301.401		269.34		3470		2		0
312.095		260.035		3500		2		0
288.809		281.585		3216		2		0
270.926		284.852		3425		1		0
273.986		295.834		3047		2		0
273.953		297.498		3000		2		0
326.859		280.846		3217		2		0
347.05		304.96		3050		1		0
354.798		321.991		2744		2		0
356.973		329.997		2604		1		0
307.712		323.689		2656		2		0
282.029		377.365		2009		2		0
9999		9999		9999		1		0
9999		9999		9999		1		0
325.542		321.552		2278		2		0
331.562		369.502		2035		2		0
9999		9999		9999		1		0
9999		9999		9999		1		0
302.814		274.347		0		2		0
272.523		302.989		2937		2		0
271.121		297.122		3035		2		0
361.366		336.729		2488		2		0
346.742		327.964		2637		2		0
Frame 84
323.69		330.447		2248		2		0
309.891		294.021		2701		2		0
301.33		269.445		3490		2		0
312.297		260.721		3506		2		0
283.453		282.617		3254		2		0
266.237		285.766		3371		1		0
270.018		295.893		3117		2		0
273.552		295.847		3042		2		0
327.185		282.745		3205		2		0
348.72		310.294		2928		1		0
355.526		323.57		2707		2		0
356.769		330.087		2582		1		0
314.444		328.679		2335		2		0
282.105		377.145		2001		2		0
9999		9999		9999		1		0
9999		9999		9999		1		0
332.673		332.159		2226		2		0
342.859		374.31		2084		2		0
9999		9999		9999		1		0
9999		9999		9999		1		0
302.902		274.524		0		2		0
271		302		2964		2		0
268.396		301.196		3063		2		0
360.839		336.92		2485		2		0
344.908		326.538		2629		2		0
Frame 85
323.764		330.406		2249		2		0
314.339		296.008		2641		2		0
307.058		271.154		3393		2		0
308.729		260.571		3491		2		0
283.677		282.677		3251		2		0
266.434		285.824		3371		1		0
270.159		296.173		3093		2		0
273.803		295.226		3042		2		0
327.053		281.868		3230		2		0
343.984		302.603		2995		1		0
354.175		321.088		2743		2		0
357.287		329.135		2603		1		0
314.497		328.66		2361		2		0
281.835		377.095		1992		2		0
9999		9999		9999		1		0
9999		9999		9999		1		0
332.772		332.089		2225		2		0
332.189		368.1		2029		2		0
9999		9999		9999		1		0
9999		9999		9999		1		0
308.685		276.709		3191		2		0
272.334		300.332		2965		2		0
271.28		297.971		3039		2		0
363.298		336.414		2500		2		0
345.691		325.526		2649		2		0
Frame 86
324.166		330.269		2243		2		0
318.99		296.115		2596		2		0
314.736		271.861		3464		2		0
305.298		261.349		3528		2		0
292.938		283.312		3059		1		0
275.46		286.344		0		1		0
277.568		295.909		3054		2		0
277.258		292.554		3121		2		0
326.862		281.539		3200		2		0
345.747		306.787		2992		1		0
355.563		323.589		2707		2		0
358.742		331.903		2565		1		0
315.53		328.682		2328		2		0
281.834		377.085		1999		2		0
9999		9999		9999		1		0
9999		9999		9999		1		0
332.843		331.924		2236		2		0
344.217		373.68		2083		2		0
9999		9999		9999		1		0
9999		9999		9999		1		0
315.681		277.25		3181		2		0
270.997		298.254		3057		2		0
268.25		296.748		3163		2		0
363.181		339.045		2462		2		0
352.218		332.718		2547		2		0
Frame 87
324.186		330.517		2247		2		0
314.389		297.942		2620		2		0
307.224		273.799		3409		2		0
308.37		261.865		3480		2		0
281.587		286.44		3214		2		0
264.263		289.386		3268		1		0
268.748		299.642		3118		2		0
282.143		343.587		2206		2		0
326.883		281.447		3210		2		0
347.308		307.459		2995		1		0
355.592		323.623		2705		2		0
357.843		331.449		2564		1		0
315.316		329.08		2330		2		0
281.856		377.072		2002		2		0
9999		9999		9999		1		0
9999		9999		9999		1		0
333.007		332.066		2230		2		0
344.158		373.495		2080		2		0
9999		9999		9999		1		0
9999		9999		9999		1		0
308.824		279.188		3073		2		0
278.447		358.999		2114		2		0
274.235		336.834		2250		2		0
362.701		338.75		2471		2		0
348.046		329.564		2603		2		0
Frame 88
324.797		331.687		2244		2		0
306.37		304.432		2632		2		0
291.269		281.815		3118		2		0
299.44		273.794		0		2		0
282.126		285.966		3223		2		0
264.774		288.941		3283		1		0
269.334		301.013		3037		2		0
269.855		382.439		1877		2		0
330.19		291.495		3121		2		0
350.753		313.371		2862		1		0
355.63		323.72		2701		2		0
356.086		329.388		2602		1		0
315.704		330.563		2330		2		0
281.833		377.024		2001		2		0
9999		9999		9999		1		0
9999		9999		9999		1		0
333.815		333.302		2228		2		0
332.677		370.532		2027		2		0
9999		9999		9999		1		0
9999		9999		9999		1		0
294.731		287.001		2916		2		0
263.072		375.65		1861		2		0
265.723		367.287		1886		2		0
359.574		336.076		2490		2		0
345.393		326.184		2639		2		0
Frame 89
324.735		331.614		2241		2		0
317.68		297.097		2602		2		0
312.933		272.639		3431		2		0
306.147		260.635		3543		2		0
283.152		283.636		3247		2		0
265.911		286.729		3340		1		0
270.109		298.718		3045		2		0
269.842		382.268		1903		2		0
326.975		281.2		3210		2		0
346.615		301.698		3117		1		0
354.649		321.322		2741		2		0
356.797		329.299		2602		2		0
315.445		330.175		2342		2		0
281.896		377.002		2001		2		0
9999		9999		9999		1		0
9999		9999		9999		1		0
333.711		333.157		2231		2		0
332.738		370.253		2031		2		0
9999		9999		9999		1		0
9999		9999		9999		1		0
313.99		278.086		3140		2		0
264.187		377.39		1883		2		0
268.511		368.778		1878		2		0
361.071		336.447		2490		2		0
346.006		326.657		2650		2		0
Frame 90
326.628		340.339		2197		2		0
317.885		308.681		2404		2		0
310.818		283.174		2946		2		0
309.974		276.126		3237		2		0
279.54		291.257		3128		2		0
261.953		293.956		3194		1		0
267.454		306.172		2967		2		0
269.89		382.229		1897		2		0
339.143		301.302		2954		2		0
353.937		323.299		2709		2		0
367.914		337.247		2515		2		0
371.329		345.533		2438		2		0
316.615		337.98		2320		2		0
281.893		376.949		2003		2		0
9999		9999		9999		1		0
9999		9999		9999		1		0
336.377		342.625		2216		2		0
331.757		377.666		1979		2		0
9999		9999		9999		1		0
9999		9999		9999		1		0
312.452		289.068		2851		2		0
265.826		377.457		1867		2		0
262.702		366.398		1900		2		0
370.503		352.252		2311		2		0
359.352		338.138		2470		2		0
Frame 91
321.144		337.175		2228		2		0
314.774		307.808		2452		2		0
308.015		283.151		2941		2		0
308.275		276.372		3221		2		0
276.721		291.283		3125		1		0
259.234		293.997		3191		1		0
259.826		305.268		2949		1		0
269.785		381.992		1888		2		0
338.759		300.828		2960		2		0
353.925		323.292		2703		2		0
367.941		337.257		2517		2		0
371.421		345.443		2430		1		0
315.169		336.836		2417		2		0
281.924		376.934		2007		2		0
9999		9999		9999		1		0
9999		9999		9999		1		0
327.554		338.215		2204		2		0
328.997		395.455		1885		2		0
9999		9999		9999		1		0
9999		9999		9999		1		0
309.703		288.865		2861		2		0
266.541		380.828		1882		2		0
263.639		367.908		1882		2		0
370.5		352.249		2301		2		0
359.356		338.14		2469		2		0
Frame 92
321.843		337.514		2233		2		0
313.597		307.972		2482		2		0
303.502		283.693		2937		2		0
305.516		276.628		3193		2		0
272.659		291.751		0		1		0
276.158		302.168		2908		2		0
280.957		320.203		2328		2		0
268.848		333.379		2507		2		0
338.72		300.717		2964		2		0
354.135		323.286		2701		2		0
367.917		337.323		2515		2		0
371.294		345.591		2435		1		0
315.179		337.129		2403		2		0
282.237		376.684		2002		2		0
9999		9999		9999		1		0
9999		9999		9999		1		0
329.318		338.199		2193		2		0
329.195		395.384		1840		2		0
9999		9999		9999		1		0
9999		9999		9999		1		0
306.065		289.299		2794		2		0
269.248		338.75		2422		2		0
270		337.234		2415		2		0
370.501		352.25		2310		2		0
359.246		338.15		2474		2		0
Frame 93
321.779		337.385		2234		2		0
309.54		307.179		2557		2		0
298.516		282.591		2980		2		0
302.564		276.025		3191		2		0
268.108		290.67		3278		1		0
277.327		301.015		0		2		0
281.815		320.121		2326		2		0
269.057		332.062		2512		2		0
334.239		299.37		3026		1		0
354.117		323.246		2708		2		0
367.004		337.248		2518		2		0
370.984		345.426		2415		1		0
314.203		337.181		2435		2		0
282.246		376.644		2012		2		0
9999		9999		9999		1		0
9999		9999		9999		1		0
330.124		337.313		2197		2		0
329.551		395.408		1881		2		0
9999		9999		9999		1		0
9999		9999		9999		1		0
300.947		288.262		2829		2		0
269.499		336.501		2444		2		0
270		332.31		0		2		0
370.251		352		2328		2		0
382.125		353.936		2406		2		0
Frame 94
319.926		334.762		2272		2		0
305.086		307.026		2628		2		0
292.654		284.558		3032		2		0
299.082		277.219		3134		2		0
262.821		292.477		3216		1		0
275.929		298.685		2982		2		0
280.551		316.602		2349		2		0
268.664		333.656		2498		2		0
327.713		301.051		2500		1		0
354.043		315.53		2833		1		0
361.992		331.733		2555		2		0
363.724		337.965		2481		1		0
312.042		335.916		2473		2		0
265.042		376.411		1871		2		0
9999		9999		9999		1		0
9999		9999		9999		1		0
328.079		333.817		2222		2		0
333.503		369.368		2032		2		0
9999		9999		9999		1		0
9999		9999		9999		1		0
295.482		289.773		0		2		0
270		335		2443		2		0
274.748		326.917		2322		1		0
368.418		347.667		2387		2		0
371.708		340.122		2515		2		0
Frame 95
320.807		335.191		2252		2		0
305.961		307.14		2625		2		0
293.861		284.231		3015		2		0
299.786		277.104		3150		2		0
263.891		292.184		3211		1		0
277.189		298.4		2981		1		0
281.354		316.371		2342		2		0
268.622		330.336		2552		2		0
329.016		300.769		0		1		0
352.872		315.719		2832		2		0
362.044		331.732		2563		2		0
363.896		337.906		2481		1		0
312.097		336.312		2454		2		0
265.027		376.415		1874		1		0
9999		9999		9999		1		0
9999		9999		9999		1		0
330.02		334.238		2213		2		0
333.504		369.365		2029		2		0
9999		9999		9999		1		0
9999		9999		9999		1		0
296.655		289.567		2830		2		0
269		335		2474		2		0
276.176		323.657		2328		1		0
368.215		347.215		2381		2		0
371.875		340.31		2513		2		0
Frame 96
321.036		335.207		2246		2		0
310.516		306.871		2553		2		0
302.804		283.502		2934		2		0
305.2		276.654		3182		2		0
272.173		291.525		0		1		0
276.962		300.469		2958		2		0
281.544		319.017		2325		2		0
268.599		333.004		2500		2		0
338.806		300.321		2952		2		0
352.806		322.905		2725		2		0
363.702		339.357		2464		2		0
366.4		344.114		2412		2		0
312.423		336.171		2455		2		0
265.026		376.426		1871		1		0
9999		9999		9999		1		0
9999		9999		9999		1		0
329.913		334.44		2215		2		0
333.514		369.392		2027		2		0
9999		9999		9999		1		0
9999		9999		9999		1		0
304.804		288.923		2814		2		0
268.666		337.332		2436		2		0
269		337.499		2433		2		0
369.503		353.001		2265		2		0
372.5		345.693		2450		2		0
Frame 97
321.796		335.389		2253		2		0
309.486		306.885		2582		2		0
295.42		283.471		3003		2		0
300.807		276.652		3193		2		0
278.913		291.086		3126		2		0
283.029		300.753		2573		1		0
285.509		319.776		2328		2		0
282.606		328.352		2293		2		0
337.437		300.181		2972		2		0
353.168		323.064		2708		2		0
363.62		339.17		2467		2		0
366.305		344.107		2421		2		0
313.133		336.049		2455		2		0
264.998		376.492		1881		1		0
9999		9999		9999		1		0
9999		9999		9999		1		0
330.413		334.884		2223		2		0
333.557		369.228		2026		2		0
9999		9999		9999		1		0
9999		9999		9999		1		0
298.316		288.902		2868		2		0
289.947		324.55		2328		2		0
294.878		333.219		2486		2		0
369.501		352.821		2290		2		0
372.501		346.197		2445		2		0
Frame 98
322.058		336.328		2234		2		0
307.668		307.496		2592		2		0
294.281		283.966		3029		2		0
300.082		277.01		3150		2		0
277.841		291.552		3137		1		0
281.865		301.242		2576		1		0
284.726		319.862		2322		2		0
270.688		331.056		0		2		0
340.07		306.557		2885		2		0
356.481		327.219		2630		2		0
364.424		340.52		2456		2		0
366.711		345.365		2403		2		0
313.845		336.668		2460		2		0
265.012		376.525		1883		1		0
9999		9999		9999		1		0
9999		9999		9999		1		0
329.952		336.177		2202		2		0
333.633		369.2		2023		2		0
9999		9999		9999		1		0
9999		9999		9999		1		0
297.352		289.343		2820		2		0
281.395		333.989		2260		2		0
294		335		2459		2		0
367.997		352.498		2261		2		0
371.621		351.213		2341		2		0
Frame 99
322.214		336.121		2237		2		0
307.173		307.334		2594		2		0
293.531		284.091		3014		2		0
299.664		277.094		3156		2		0
277.158		291.656		3130		1		0
273.317		301.456		2937		2		0
279.043		319.096		2340		2		0
268.733		334.402		2490		2		0
335.882		299.669		3003		2		0
352.075		319.264		2776		1		0
361.691		334.291		2528		2		0
364.117		339.422		2462		1		0
314.531		335.88		2452		2		0
270.281		377.113		1882		1		0
9999		9999		9999		1		0
9999		9999		9999		1		0
330.046		335.816		2215		2		0
332.515		377.194		1979		2		0
9999		9999		9999		1		0
9999		9999		9999		1		0
296.687		289.406		2837		2		0
270		339		2384		2		0
269.485		333.874		2504		2		0
370		350.4		2349		2		0
371.868		342.518		2494		2		0
Frame 100
322.743		335.75		2237		2		0
307.292		307.197		2589		2		0
293.808		283.986		3027		2		0
299.844		277.048		3130		2		0
281.159		287.737		3180		2		0
273.916		299.535		2975		2		0
279.014		316.502		2357		2		0
268.546		332.524		2519		2		0
335.973		299.803		2998		2		0
353.419		322.791		2726		2		0
363.674		339.251		2463		2		0
366.206		343.659		2422		2		0
315.242		335.421		2378		2		0
270.867		377.141		1883		1		0
9999		9999		9999		1		0
9999		9999		9999		1		0
330.241		335.684		2211		2		0
333.292		369.123		2027		2		0
9999		9999		9999		1		0
9999		9999		9999		1		0
296.899		289.317		2831		2		0
268.5		335		2473		2		0
269.084		334.804		2485		2		0
368.998		351.999		2292		2		0
373.126		346.997		2447		2		0
Frame 101
322.594		335.443		2237		2		0
307.262		307.084		2590		2		0
294.059		283.916		3035		2		0
300.003		277.009		3152		2		0
281.126		287.765		3190		2		0
272.235		300.251		2945		2		0
277.844		316.818		2367		2		0
268.612		332.666		2512		2		0
336.113		299.952		2995		1		0
353.467		322.851		2723		2		0
363.673		339.228		2463		2		0
366.435		344		2415		2		0
315.314		334.835		0		2		0
271.167		377.206		1890		1		0
9999		9999		9999		1		0
9999		9999		9999		1		0
329.419		335.4		2209		2		0
328.643		394.985		1953		2		0
9999		9999		9999		1		0
9999		9999		9999		1		0
297.045		289.248		2813		2		0
270		335		2435		2		0
270		335		2435		2		0
370.498		353.498		2279		2		0
372.948		346.928		2442		2		0
Frame 102
322.142		336.096		2229		2		0
306.728		307.325		2600		2		0
293.739		284.059		3018		2		0
299.812		277.118		3135		2		0
280.156		291.764		3119		2		0
269.92		305.289		2893		1		0
277.086		321.968		2335		2		0
268.62		334.299		2485		2		0
336.128		299.96		3002		2		0
353.478		322.859		2721		2		0
363.67		339.234		2470		2		0
366.323		343.609		2421		2		0
314.854		335.309		2451		2		0
267.121		376.99		1870		1		0
9999		9999		9999		1		0
9999		9999		9999		1		0
329.076		336.524		2208		2		0
328.889		395.175		1956		2		0
9999		9999		9999		1		0
9999		9999		9999		1		0
296.712		289.407		2829		2		0
270		338.499		2393		2		0
269.238		331.902		2532		2		0
369.998		352.998		2289		2		0
373.035		346.7		2447		2		0
Frame 103
322.429		336.727		2233		2		0
306.376		308.428		2588		2		0
292.473		285.868		3008		2		0
298.778		278.553		3108		2		0
279.636		293.075		3104		1		0
270.913		304.202		2915		2		0
278.08		322.213		2325		2		0
268.978		333.322		2503		2		0
336.27		299.983		2994		2		0
353.478		322.867		2722		2		0
363.667		339.231		2465		2		0
366.345		343.999		2423		2		0
314.931		336.934		2437		2		0
266.771		376.95		1873		1		0
9999		9999		9999		1		0
9999		9999		9999		1		0
330.084		337.767		2205		2		0
332.136		386.011		1938		2		0
9999		9999		9999		1		0
9999		9999		9999		1		0
295.735		291.071		2734		2		0
272		328.5		2341		2		0
271.264		327.054		0		2		0
369.999		352.999		2288		2		0
372.974		346.744		2441		2		0
Frame 104
321.928		336.684		2235		2		0
306.046		308.364		2589		2		0
292.402		285.612		3024		2		0
298.907		278.372		3113		2		0
279.675		292.86		3120		1		0
271.351		303.777		2916		2		0
278.327		321.836		2324		2		0
268.976		333.935		2495		2		0
336.239		299.976		3000		2		0
353.479		322.872		2728		2		0
363.66		339.21		2464		2		0
366.418		343.963		2426		2		0
314.519		336.693		2440		2		0
266.481		376.92		1890		1		0
9999		9999		9999		1		0
9999		9999		9999		1		0
328.653		337.386		2201		2		0
329.708		394.812		1927		2		0
9999		9999		9999		1		0
9999		9999		9999		1		0
295.561		290.897		2770		2		0
272		330		2341		2		0
270.94		329.677		0		2		0
369.188		352.188		2292		2		0
372.924		346.59		2443		2		0
Frame 105
322.911		336.765		2235		2		0
307.066		308.066		2579		2		0
294.407		284.514		3002		2		0
300.186		277.68		3131		2		0
280.763		288.069		3160		2		0
273.182		298.168		2986		1		0
278.671		315.858		2364		2		0
268.571		332.27		2515		2		0
338.408		299.063		2983		1		0
353.545		322.972		2719		2		0
368.736		337.421		2522		2		0
371.7		345.361		2436		1		0
315.343		336.749		2386		2		0
269.657		377.414		1874		1		0
9999		9999		9999		1		0
9999		9999		9999		1		0
330.199		337.173		2200		2		0
331.64		368.662		2030		2		0
9999		9999		9999		1		0
9999		9999		9999		1		0
297.284		290.03		2752		2		0
268.5		334		2487		2		0
269		334		2487		2		0
370.499		351.499		2331		2		0
383.548		351.645		2469		2		0
Frame 106
322.752		336.798		2235		2		0
316.104		307.545		2418		2		0
310.95		283.579		2943		2		0
310.242		277.22		3152		2		0
273.248		300.499		2945		2		0
264.496		312.357		2845		1		0
276.674		331.039		2269		2		0
266.556		377.721		1882		2		0
338.077		299.375		2988		2		0
353.429		323		2712		2		0
363.538		339.214		2459		2		0
366.147		343.786		2420		1		0
314.888		337.032		2423		2		0
267.733		377.086		1879		1		0
9999		9999		9999		1		0
9999		9999		9999		1		0
330.341		336.733		2204		2		0
331.873		380.016		1965		2		0
9999		9999		9999		1		0
9999		9999		9999		1		0
312.148		289.145		2859		2		0
263.429		378.73		1882		2		0
260.32		367.603		1892		2		0
368.998		351.998		2293		2		0
372.446		346.992		2442		2		0
Frame 107
323.975		337.673		2221		2		0
315.899		307.703		2431		2		0
307.908		283.257		2928		2		0
308.076		277.06		3158		2		0
270.093		300.243		2975		1		0
298.728		295.651		2702		2		0
295.661		314.352		2456		2		0
299.024		319.231		2571		2		0
334.591		299.569		3019		1		0
353.415		323.003		2708		2		0
363.541		339.216		2464		2		0
366.101		343.758		2424		1		0
315.573		339.07		2358		2		0
269.957		377.289		1875		1		0
9999		9999		9999		1		0
9999		9999		9999		1		0
332.879		337.263		2201		2		0
334.106		369.745		2027		2		0
9999		9999		9999		1		0
9999		9999		9999		1		0
310.12		289.037		2839		2		0
296		317		2458		2		0
297.918		307.225		2560		2		0
369.497		352.497		2285		2		0
372.607		346.33		2443		2		0
Frame 108
324.045		337.756		2215		2		0
308.45		308.05		2553		2		0
295.49		283.63		3010		2		0
298.288		277.253		3129		2		0
258.425		300.336		3086		1		0
286.657		297.04		2613		1		0
287.568		313.545		2358		2		0
297.437		327.506		2649		2		0
336.233		299.669		3002		2		0
353.505		323.064		2702		2		0
363.588		339.17		2456		2		0
366.239		343.853		2424		2		0
315.354		339.343		2349		2		0
270.784		377.461		1893		1		0
9999		9999		9999		1		0
9999		9999		9999		1		0
333.039		337.136		2212		2		0
333.969		369.72		2031		2		0
9999		9999		9999		1		0
9999		9999		9999		1		0
298.486		289.274		2794		2		0
294.501		333.501		2498		2		0
298.751		327.487		2647		2		0
370.499		353.499		2277		2		0
372.561		347.659		2432		2		0
Frame 109
321.615		336.979		2236		2		0
306.04		307.511		2602		2		0
292.968		283.877		3050		2		0
299.339		277.145		3159		2		0
256.273		300.426		3079		1		0
284.23		297.157		2630		1		0
285.838		312.972		2356		2		0
272		313.495		2735		2		0
339.416		303.063		2918		2		0
353.499		323.066		2705		2		0
363.589		339.167		2461		2		0
366.099		343.839		2425		1		0
313.326		338.034		2420		2		0
271.07		377.388		1895		1		0
9999		9999		9999		1		0
9999		9999		9999		1		0
327.359		335.672		2215		2		0
330.489		394.934		1903		2		0
9999		9999		9999		1		0
9999		9999		9999		1		0
296.012		289.278		2834		2		0
272		315		2710		2		0
274.663		315.23		2403		1		0
370.498		353.498		2279		2		0
372.581		347.04		2439		2		0
Frame 110
321.051		336.822		2239		2		0
306.027		307.478		2610		2		0
293.825		283.733		3041		2		0
299.793		277.088		3138		2		0
257.04		300.32		3082		1		0
285.063		297.045		2624		1		0
286.467		313.095		2358		2		0
276.616		316.071		2376		2		0
339.091		301.888		2942		2		0
353.516		323.093		2704		2		0
363.6		339.171		2463		2		0
366.298		343.84		2425		1		0
312.629		337.876		2439		2		0
266.763		376.981		1881		1		0
9999		9999		9999		1		0
9999		9999		9999		1		0
327.417		335.597		2216		2		0
331.841		379.577		1973		2		0
9999		9999		9999		1		0
9999		9999		9999		1		0
296.464		289.188		2832		2		0
295		329		2601		2		0
295		329		2601		2		0
369.537		352.537		2290		2		0
372.506		346.943		2442		2		0
Frame 111
320.37		336.459		2242		2		0
305.618		307.46		2624		2		0
293.523		283.928		3050		2		0
299.694		277.226		3137		2		0
256.73		300.519		3083		1		0
284.76		297.242		2635		1		0
286.247		313.253		2354		2		0
272.2		313.396		2741		2		0
337.417		299.974		2987		2		0
353.562		323.068		2705		2		0
363.586		339.126		2465		2		0
366.295		343.858		2431		2		0
311.852		337.589		2447		2		0
266.003		376.95		1886		1		0
9999		9999		9999		1		0
9999		9999		9999		1		0
327.33		335.193		2221		2		0
333.361		369.575		2029		2		0
9999		9999		9999		1		0
9999		9999		9999		1		0
296.228		289.318		2852		2		0
272		315		2709		2		0
272		315		2709		2		0
369.527		352.192		2291		2		0
371.9		348.39		2394		2		0
Frame 112
320.214		336.341		2241		2		0
308.06		306.475		2572		2		0
300.899		282.376		2974		2		0
304.41		275.681		0		2		0
264.424		298.794		3123		1		0
292.192		295.565		2665		1		0
291.502		311.254		2432		2		0
298.644		324.473		2647		2		0
338.078		300.535		2970		2		0
353.432		323.034		2699		2		0
363.602		339.127		2463		2		0
366.297		343.71		2421		2		0
311.807		337.364		2439		2		0
265.866		376.974		1868		1		0
9999		9999		9999		1		0
9999		9999		9999		1		0
327.272		335.174		2216		2		0
333.082		369.733		2022		2		0
9999		9999		9999		1		0
9999		9999		9999		1		0
302.793		287.826		2857		2		0
297.8		323.022		0		2		0
299.1		325.798		2661		2		0
369.998		352.998		2290		2		0
373.251		347.246		2442		2		0
Frame 113
323.191		336.91		2227		2		0
318.913		307.684		2393		2		0
314.062		283.698		2999		2		0
311.955		277.19		3159		2		0
276.513		300.533		2947		1		0
305.062		297.239		2693		1		0
300.314		314.126		2565		2		0
302.515		318.755		2638		2		0
337.695		300.342		2971		2		0
353.34		323.059		2705		2		0
363.609		339.129		2462		2		0
366.522		344.064		2409		2		0
314.371		337.917		2417		2		0
269.891		377.314		1882		1		0
9999		9999		9999		1		0
9999		9999		9999		1		0
331.861		335.991		2214		2		0
333.081		369.679		2034		2		0
9999		9999		9999		1		0
9999		9999		9999		1		0
315.187		289.257		2879		2		0
297		316		2495		2		0
297.725		330.262		2590		2		0
369.998		352.998		2287		2		0
372.819		346.814		2445		2		0
Frame 114
324.956		336.148		2223		2		0
319.83		306.61		2390		2		0
315.219		282.595		3034		2		0
312.469		276.055		3186		2		0
278.198		299.19		0		1		0
306.342		295.945		2706		1		0
301.535		312.081		2583		2		0
303.283		318.426		2647		2		0
338.157		300.194		2967		2		0
353.365		323.046		2708		2		0
363.612		339.13		2465		2		0
366.348		343.675		2426		2		0
315.649		337.647		2346		2		0
270.553		377.316		1880		1		0
9999		9999		9999		1		0
9999		9999		9999		1		0
333.899		334.421		2229		2		0
333.322		369.678		2026		2		0
9999		9999		9999		1		0
9999		9999		9999		1		0
316.282		288.15		2906		2		0
298.501		315.997		2503		2		0
298.511		321.496		2568		2		0
369.453		352.207		2291		2		0
373		346.77		2448		2		0
Frame 115
325.013		336.383		2216		2		0
319.837		306.642		2389		2		0
315.257		282.6		3012		2		0
312.526		276.064		3192		2		0
278.231		299.196		0		1		0
306.379		295.952		2713		1		0
301.575		312.103		2585		2		0
303.368		318.384		2649		2		0
337.077		299.828		2986		2		0
350.999		317.437		2791		2		0
355.977		332.731		2555		2		0
360.399		336.947		2492		1		0
315.79		337.682		2360		2		0
271.006		377.274		1894		1		0
9999		9999		9999		1		0
9999		9999		9999		1		0
333.622		335.474		2223		2		0
332.171		377.628		1979		2		0
9999		9999		9999		1		0
9999		9999		9999		1		0
316.31		288.159		2893		2		0
299		313		2539		2		0
297.68		324.306		0		2		0
365		346.333		2383		2		0
366.21		336.248		2518		2		0
Frame 116
324.884		336.449		2225		2		0
319.807		306.657		2389		2		0
315.29		282.599		3016		2		0
312.586		276.068		3189		1		0
278.263		299.197		0		1		0
306.411		295.952		2705		1		0
301.608		312.119		2585		2		0
302.656		323.734		2662		2		0
336.92		299.905		2996		2		0
354.067		322.794		2722		2		0
363.883		339.07		2466		2		0
366.392		343.752		2421		2		0
315.633		337.755		2348		2		0
266.845		376.887		1887		1		0
9999		9999		9999		1		0
9999		9999		9999		1		0
333.357		335.524		2225		2		0
328.614		359.486		2088		2		0
9999		9999		9999		1		0
337.451		421.124		1905		1		0
316.321		288.161		2896		2		0
298.501		333.9		2525		2		0
304.124		326.918		2655		2		0
368.998		351.998		2298		2		0
372.918		347.323		2440		2		0
Frame 117
317.159		339.433		2260		2		0
311.366		308.906		2493		2		0
306.596		283.882		2944		2		0
307.485		277.657		3135		2		0
268.744		300.89		3073		1		0
295.643		293.154		2716		2		0
293.929		310.897		2466		2		0
299.684		316.796		2536		2		0
337.278		300.735		2967		2		0
354.283		323.165		2702		2		0
363.884		339.1		2467		2		0
369.27		345.721		2403		1		0
308.571		339.39		2416		2		0
266.337		376.924		1863		1		0
9999		9999		9999		1		0
9999		9999		9999		1		0
325.247		339.468		2204		2		0
330.008		386.655		1917		2		0
9999		9999		9999		1		0
9999		9999		9999		1		0
307.706		289.7		2809		2		0
298.253		317.664		2512		2		0
300.199		326.098		2668		2		0
369		352.999		2287		2		0
380.043		350.609		2442		2		0
Frame 118
324.388		337.171		2213		2		0
312.011		308.113		2465		2		0
303.14		283.273		2934		2		0
305.177		276.993		3203		2		0
265.856		300.043		3081		1		0
292.374		297.518		2635		2		0
291.521		317.156		2369		2		0
297.417		323.231		0		2		0
337.206		300.341		2972		2		0
354.218		323.172		2704		2		0
363.852		339.111		2465		2		0
366.282		343.604		2427		1		0
314.743		337.698		2420		2		0
270.093		377.112		1878		1		0
9999		9999		9999		1		0
9999		9999		9999		1		0
333.293		336.744		2214		2		0
330.271		386.715		1974		2		0
9999		9999		9999		1		0
9999		9999		9999		1		0
305.752		288.994		2834		2		0
296.005		322.365		0		2		0
298.413		332.372		2540		2		0
370.499		353.499		2285		2		0
373.166		346.499		2448		2		0
Frame 119
323.686		336.987		2229		2		0
312.517		307.796		2497		2		0
306.276		282.879		2974		2		0
307.325		277.028		3143		2		0
272.814		299.404		2957		2		0
299.02		297.471		2679		1		0
295.757		317.098		2440		2		0
298.495		324.553		2641		2		0
337.171		300.332		2976		2		0
354.268		323.203		2703		2		0
363.848		339.116		2466		2		0
366.166		343.624		2428		1		0
314.571		337.638		2410		2		0
267.722		377.082		1885		1		0
9999		9999		9999		1		0
9999		9999		9999		1		0
331.811		336.338		2208		2		0
332.26		370.45		2031		2		0
9999		9999		9999		1		0
9999		9999		9999		1		0
307.295		288.675		2859		2		0
294		323.501		2382		2		0
301.308		335.033		2483		2		0
369.767		352.914		2294		2		0
373.022		346.423		2452		2		0
Frame 120
323.157		336.98		2228		2		0
306.829		307.573		2603		2		0
294.565		283.92		3018		2		0
298.053		277.796		3154		2		0
261.556		300.166		3074		1		0
286.779		298.281		2606		1		0
287.863		316.039		2346		2		0
295.617		328.864		2608		2		0
336.779		300.2		2990		2		0
354.271		323.204		2703		2		0
363.816		339.106		2461		2		0
366.16		343.508		2427		2		0
314.405		337.667		2425		2		0
270.035		377.065		1890		1		0
9999		9999		9999		1		0
9999		9999		9999		1		0
331.11		336.285		2207		2		0
333.161		384.932		1943		2		0
9999		9999		9999		1		0
9999		9999		9999		1		0
297.398		289.383		2816		2		0
295.668		325.378		0		2		0
295.627		329.363		2600		2		0
369.502		352.001		2293		2		0
373.117		346.553		2445		2		0
Frame 121
317.746		338.654		2266		2		0
306.126		307.802		2602		2		0
294.753		283.792		3002		2		0
298.233		277.669		3144		1		0
261.706		300.057		3064		1		0
286.962		298.166		2596		1		0
287.971		316.03		2346		2		0
295.717		325.983		0		2		0
337.918		301.53		2935		2		0
354.277		323.205		2700		2		0
363.787		339.092		2465		2		0
369.303		345.499		2406		2		0
310.737		338.457		2420		2		0
270.473		377.161		1878		1		0
9999		9999		9999		1		0
9999		9999		9999		1		0
324.208		339.029		2203		2		0
332.823		385.22		1947		2		0
9999		9999		9999		1		0
9999		9999		9999		1		0
297.415		289.335		2809		2		0
295.752		321.275		2405		2		0
295.639		330.52		2580		2		0
369.747		353.747		2257		2		0
380.181		352.723		2415		2		0
