grasp
Frame 0
239.29		199.876		3659		2		0
238.229		170.885		3647		2		0
237.155		141.602		3671		2		0
237.697		128.408		3522		2		0
222.533		151.819		3648		2		0
218.025		175.854		3690		1		0
218.684		196.805		3657		1		0
219.169		202.183		3644		1		0
252.66		150.53		3678		2		0
258.515		174.087		3732		2		0
258.715		197.292		3671		2		0
257.736		200.793		3666		2		0
232.939		200.183		3696		2		0
230.077		232.357		3777		2		0
231.52		264.209		3869		2		0
231.385		273.26		3822		2		0
245.623		199.575		3692		2		0
248.777		232.031		3761		2		0
247.194		264.478		3878		2		0
248.122		273.608		3827		2		0
237.424		148.953		3656		2		0
219.801		207.8		3660		2		0
216.857		204.858		3662		2		0
257.2		205.601		3669		2		0
255.449		199.592		3683		2		0
Frame 1
239.288		199.877		3664		2		0
238.24		170.89		3633		2		0
237.215		141.629		3685		2		0
237.701		128.428		3533		2		0
222.526		151.859		3637		2		0
218.025		175.891		3690		1		0
218.802		197.129		3656		1		0
219.048		202.019		3651		1		0
252.66		150.53		3671		2		0
258.575		174.072		3738		2		0
258.699		197.316		3674		2		0
257.888		200.743		3680		2		0
232.936		200.182		3689		2		0
230.072		232.355		3757		2		0
231.519		264.208		3878		2		0
231.237		273.216		3825		2		0
245.62		199.579		3699		2		0
248.77		231.92		3755		2		0
247.198		264.464		3864		2		0
248.136		273.589		3833		2		0
237.469		148.972		3646		2		0
219.168		207.501		3665		2		0
215.8		202.2		3683		2		0
257.665		205.665		3689		2		0
255.538		199.761		3684		2		0
Frame 2
239.29		199.873		3666		2		0
238.24		170.875		3636		2		0
237.205		141.605		3683		2		0
237.706		128.437		3534		2		0
222.591		151.795		3646		2		0
218.076		175.823		3680		1		0
218.943		197.57		3654		1		0
219.432		201.703		3646		1		0
252.683		150.548		3669		2		0
258.518		174.107		3734		2		0
258.699		197.314		3678		2		0
257.891		200.667		3675		2		0
232.937		200.178		3681		2		0
230.167		232.57		3768		2		0
231.526		264.259		3872		2		0
231.219		273.24		3836		2		0
245.624		199.575		3696		2		0
248.771		231.923		3753		2		0
247.201		264.452		3863		2		0
248.117		273.573		3833		2		0
237.462		148.95		3655		2		0
218.801		207.6		3663		2		0
216.336		203.122		3657		2		0
257.8		205.401		3676		2		0
255.6		200.058		3682		2		0
Frame 3
239.283		199.878		3653		2		0
238.246		170.874		3652		2		0
237.233		141.603		3679		2		0
237.722		128.311		3536		2		0
222.547		151.824		3645		2		0
218.071		175.861		3687		1		0
218.988		197.71		3656		1		0
219.147		202.281		3647		1		0
252.696		150.574		3687		2		0
258.523		174.132		3734		2		0
258.695		197.3		3671		2		0
257.946		200.584		3662		2		0
232.927		200.18		3686		2		0
230.065		232.437		3780		2		0
231.506		264.208		3869		2		0
231.305		273.231		3833		2		0
245.62		199.582		3692		2		0
248.793		231.789		3770		2		0
247.193		264.446		3864		2		0
248.118		273.539		3831		2		0
237.482		148.948		3650		2		0
220.598		207.601		3681		2		0
216.594		202.36		3666		2		0
257.5		205.501		3684		2		0
255.538		200.018		3684		2		0
Frame 4
239.285		199.869		3667		2		0
238.246		170.873		3647		2		0
237.231		141.605		3682		2		0
237.718		128.322		3532		2		0
222.51		151.808		3628		2		0
218.096		175.857		3697		1		0
218.991		197.718		3661		1		0
219.346		202.034		3651		1		0
252.703		150.565		3668		2		0
258.578		174.111		3735		2		0
258.696		197.312		3677		2		0
257.825		200.649		3665		2		0
232.93		200.171		3688		2		0
230.059		232.436		3762		2		0
231.498		264.243		3865		2		0
231.307		273.235		3832		2		0
245.622		199.573		3687		2		0
248.792		231.79		3769		2		0
247.199		264.4		3855		2		0
248.111		273.533		3825		2		0
237.482		148.948		3650		2		0
219.501		207.667		3657		2		0
216.499		202		3672		2		0
258.001		205		3684		2		0
255.85		199.458		3683		2		0
Frame 5
239.283		199.853		3658		2		0
238.248		170.872		3636		2		0
237.238		141.631		3666		2		0
237.712		128.267		3527		2		0
222.495		151.751		3649		2		0
218.082		175.801		3664		1		0
219.01		197.83		3657		1		0
219.635		202.134		3656		1		0
252.69		150.502		3679		2		0
258.599		174.04		3732		2		0
258.691		197.311		3675		2		0
257.829		200.699		3671		2		0
232.928		200.152		3681		2		0
230.082		232.455		3772		2		0
231.471		264.214		3875		2		0
231.291		273.234		3837		2		0
245.62		199.559		3704		2		0
248.795		231.787		3760		2		0
247.207		264.38		3875		2		0
248.165		273.521		3832		2		0
237.487		148.965		3649		2		0
219.999		207.572		3665		2		0
216.831		201.746		3680		2		0
257.5		205.501		3681		2		0
255.507		199.643		3681		2		0
Frame 6
239.297		199.878		3669		2		0
238.256		170.874		3647		2		0
237.246		141.615		3674		2		0
237.717		128.295		3521		2		0
222.484		151.762		3635		2		0
218.08		175.811		3668		1		0
219.012		197.772		3653		1		0
219.273		201.891		3647		1		0
252.686		150.503		3686		2		0
258.601		174.04		3746		2		0
258.703		197.295		3667		2		0
257.904		200.636		3676		2		0
232.941		200.165		3690		2		0
230.103		232.38		3764		2		0
231.486		264.219		3854		2		0
231.211		273.287		3832		2		0
245.637		199.602		3680		2		0
248.8		231.893		3770		2		0
247.214		264.383		3862		2		0
248.14		273.525		3822		2		0
237.497		148.955		3647		2		0
219.001		207.75		3671		2		0
216.497		202.038		3658		2		0
258		204.751		3666		2		0
255.593		199.965		3689		2		0
Frame 7
239.305		199.88		3637		2		0
238.263		170.875		3638		2		0
237.255		141.618		3688		2		0
237.713		128.29		3523		2		0
222.493		151.766		3644		2		0
218.064		175.81		3679		1		0
218.996		197.831		3652		1		0
219.272		202.063		3649		1		0
252.674		150.493		3672		2		0
258.564		174.039		3719		2		0
258.704		197.297		3674		2		0
257.91		200.929		3673		2		0
232.945		200.164		3692		2		0
229.869		232.175		3759		2		0
231.481		264.219		3875		2		0
231.171		273.33		3827		2		0
245.651		199.609		3688		2		0
248.739		232.291		3770		2		0
247.174		264.825		3850		2		0
248.121		273.815		3826		2		0
237.506		148.957		3646		2		0
218.801		207.601		3659		2		0
216.568		203.397		3661		2		0
257.801		205.601		3680		2		0
255.599		198.7		3682		2		0
Frame 8
239.315		199.872		3647		2		0
238.263		170.875		3646		2		0
237.236		141.632		3677		2		0
237.707		128.31		3529		2		0
222.477		151.779		3646		2		0
218.068		175.824		3688		1		0
218.99		197.83		3655		1		0
219.381		201.56		3642		1		0
252.668		150.479		3669		2		0
258.576		174.02		3725		2		0
258.727		197.26		3678		2		0
257.964		200.519		3667		2		0
232.955		200.158		3685		2		0
229.835		232.114		3767		2		0
231.544		264.252		3873		2		0
231.178		273.317		3834		2		0
245.66		199.598		3690		2		0
248.747		232.328		3748		2		0
247.19		264.8		3849		2		0
248.109		273.754		3822		2		0
237.495		148.965		3663		2		0
219.332		206.667		3681		2		0
216.497		202.193		3653		2		0
257.998		205.251		3685		2		0
255.608		199.663		3685		2		0
Frame 9
239.322		199.869		3645		2		0
238.263		170.875		3654		2		0
237.226		141.64		3676		2		0
237.71		128.341		3528		2		0
222.494		151.768		3640		2		0
218.071		175.813		3675		1		0
218.984		197.83		3651		1		0
219.034		201.97		3646		1		0
252.67		150.474		3683		2		0
258.486		174.042		3718		2		0
258.731		197.313		3672		2		0
258.088		200.703		3670		2		0
232.966		200.156		3688		2		0
229.915		232.601		3764		2		0
231.54		264.257		3874		2		0
231.146		273.179		3831		2		0
245.665		199.593		3677		2		0
248.746		232.3		3766		2		0
247.155		264.818		3868		2		0
248.126		273.722		3824		2		0
237.49		148.97		3637		2		0
219.4		207.6		3668		2		0
216.416		202.025		3672		2		0
258.103		205.533		3680		2		0
255.555		199.881		3689		2		0
Frame 10
239.33		199.869		3658		2		0
238.264		170.875		3642		2		0
237.216		141.644		3680		2		0
237.665		128.357		3526		2		0
222.474		151.8		3629		2		0
218.047		175.838		3686		1		0
218.867		196.883		3667		1		0
218.986		202.02		3646		1		0
252.669		150.47		3693		2		0
258.45		174.046		3735		2		0
258.739		197.315		3686		2		0
258		200.625		3677		2		0
232.982		200.164		3694		2		0
229.966		232.506		3765		2		0
231.544		264.263		3858		2		0
231.26		273.215		3830		2		0
245.669		199.589		3695		2		0
248.746		232.308		3767		2		0
247.193		264.807		3870		2		0
248.121		273.652		3833		2		0
237.484		148.973		3654		2		0
218.801		207.601		3660		2		0
216.666		204.501		3675		2		0
257.667		205.667		3682		2		0
255.499		199.928		3685		2		0
Frame 11
239.267		199.886		3655		2		0
238.243		170.887		3633		2		0
237.209		141.657		3665		2		0
237.673		128.316		3523		2		0
222.458		151.827		3642		2		0
218.029		175.862		3681		1		0
218.859		197.299		3669		1		0
219.265		202.279		3653		1		0
252.67		150.484		3690		2		0
258.479		174.054		3741		2		0
258.763		197.338		3671		2		0
257.77		200.848		3674		2		0
232.919		200.171		3692		2		0
229.951		232.443		3767		2		0
231.499		264.301		3874		2		0
231.195		273.237		3832		2		0
245.603		199.614		3700		2		0
248.744		232.316		3757		2		0
247.17		264.81		3857		2		0
248.123		273.65		3828		2		0
237.474		148.985		3655		2		0
220.167		207.667		3683		2		0
216.555		202.944		3657		2		0
257.501		206		3685		2		0
255.5		202.5		3684		2		0
Frame 12
239.26		199.887		3653		2		0
238.243		170.888		3643		2		0
237.215		141.663		3670		2		0
237.671		128.314		3528		2		0
222.428		151.803		3640		2		0
218.017		175.842		3678		1		0
218.743		196.644		3665		1		0
219.053		202.035		3663		1		0
252.691		150.501		3683		2		0
258.545		174.06		3731		2		0
258.769		197.338		3668		2		0
257.91		200.892		3679		2		0
232.905		200.174		3689		2		0
229.865		232.389		3766		2		0
231.473		264.302		3860		2		0
231.251		273.242		3837		2		0
245.6		199.614		3689		2		0
248.74		232.307		3767		2		0
247.168		264.808		3870		2		0
248.122		273.649		3820		2		0
237.477		148.989		3649		2		0
218.801		207.601		3662		2		0
216.529		203.202		3660		2		0
257.801		205.601		3680		2		0
255.416		199.582		3689		2		0
Frame 13
239.259		199.89		3667		2		0
238.242		170.895		3641		2		0
237.214		141.678		3676		2		0
237.661		128.332		3525		2		0
222.444		151.836		3646		2		0
218.014		175.869		3686		1		0
218.673		196.522		3652		1		0
219.038		201.865		3641		1		0
252.697		150.623		3672		2		0
258.584		174.17		3722		2		0
258.765		197.323		3672		2		0
257.967		200.895		3678		2		0
232.902		200.179		3698		2		0
229.924		232.421		3753		2		0
231.547		264.367		3870		2		0
231.256		273.244		3833		2		0
245.599		199.614		3684		2		0
248.746		232.32		3764		2		0
247.099		264.83		3868		2		0
248.111		273.644		3831		2		0
237.476		149.002		3654		2		0
219.202		207.6		3679		2		0
216.499		201.5		3655		2		0
257.993		205.742		3686		2		0
255.999		202.5		3679		2		0
Frame 14
239.257		199.887		3656		2		0
238.244		170.894		3644		2		0
237.227		141.678		3676		2		0
237.642		128.323		3523		2		0
222.452		151.775		3650		2		0
218.028		175.808		3687		1		0
218.612		197.032		3669		1		0
219.036		202.133		3648		1		0
252.68		150.598		3678		2		0
258.599		174.137		3729		2		0
258.765		197.324		3676		2		0
257.846		200.597		3676		2		0
232.902		200.177		3695		2		0
229.949		232.402		3774		2		0
231.541		264.368		3859		2		0
231.313		273.309		3839		2		0
245.597		199.61		3683		2		0
248.749		232.308		3754		2		0
247.101		264.8		3850		2		0
248.049		273.586		3823		2		0
237.485		149.002		3646		2		0
219.168		207.5		3665		2		0
216.439		202.1		3661		2		0
257.667		205.335		3681		2		0
255.461		199.769		3691		2		0
Frame 15
239.255		199.886		3655		2		0
238.237		170.892		3637		2		0
237.213		141.677		3677		2		0
237.621		128.349		3523		2		0
222.429		151.852		3652		2		0
218.079		175.892		3673		1		0
218.736		197.261		3665		1		0
219.335		201.891		3644		1		0
252.68		150.598		3678		2		0
258.719		174.103		3732		2		0
258.767		197.325		3678		2		0
257.929		200.556		3678		2		0
232.899		200.177		3698		2		0
229.953		232.404		3764		2		0
231.511		264.384		3865		2		0
231.35		273.325		3825		2		0
245.594		199.608		3695		2		0
248.793		232.118		3763		2		0
247.073		264.796		3853		2		0
248.062		273.592		3821		2		0
237.472		149.001		3634		2		0
219.266		207.438		3671		2		0
217.332		204.335		3648		2		0
257.5		205.501		3685		2		0
255.441		200.103		3685		2		0
Frame 16
239.258		199.887		3660		2		0
238.235		170.893		3654		2		0
237.19		141.675		3682		2		0
237.605		128.362		3528		2		0
222.46		151.867		3649		2		0
218.078		175.887		3694		1		0
218.769		197.403		3670		1		0
219.156		201.713		3655		1		0
252.695		150.596		3680		2		0
258.71		174.106		3734		2		0
258.775		197.377		3685		2		0
257.793		200.886		3678		2		0
232.907		200.189		3685		2		0
229.962		232.452		3780		2		0
231.498		264.382		3875		2		0
231.358		273.314		3833		2		0
245.596		199.605		3691		2		0
248.791		232.127		3769		2		0
247.097		264.747		3865		2		0
248.051		273.579		3822		2		0
237.457		149.001		3656		2		0
219.01		207.742		3675		2		0
216.436		203.205		3670		2		0
258.001		205.501		3678		2		0
255.507		200.059		3689		2		0
Frame 17
239.261		199.886		3671		2		0
238.249		170.894		3646		2		0
237.22		141.682		3679		2		0
237.604		128.354		3527		2		0
222.449		151.854		3643		2		0
218.099		175.867		3696		1		0
218.887		197.525		3653		1		0
219.387		201.803		3661		1		0
252.699		150.622		3677		2		0
258.568		174.161		3744		2		0
258.823		197.422		3678		2		0
257.831		200.699		3688		2		0
232.908		200.185		3684		2		0
229.95		232.485		3772		2		0
231.5		264.375		3874		2		0
231.371		273.318		3830		2		0
245.6		199.605		3671		2		0
248.789		232.121		3763		2		0
247.069		264.841		3871		2		0
248.09		273.605		3826		2		0
237.482		149.007		3641		2		0
219.089		207.679		3681		2		0
217.046		202.685		3652		2		0
257.5		206		3692		2		0
255.164		200.169		3702		2		0
Frame 18
239.262		199.894		3665		2		0
238.265		170.905		3644		2		0
237.268		141.696		3678		2		0
237.59		128.285		3523		2		0
222.447		151.876		3646		2		0
218.112		175.889		3683		1		0
218.899		197.619		3667		1		0
219.394		201.768		3661		1		0
252.709		150.658		3653		2		0
258.574		174.196		3727		2		0
258.831		197.428		3690		2		0
257.774		200.812		3679		2		0
232.908		200.203		3684		2		0
229.91		232.538		3765		2		0
231.453		264.355		3870		2		0
231.462		273.437		3832		2		0
245.601		199.606		3685		2		0
248.795		232.197		3750		2		0
247.065		264.833		3855		2		0
248.025		273.608		3818		2		0
237.52		149.02		3648		2		0
219.405		207.826		3682		2		0
216.803		202.606		3659		2		0
258.001		205.251		3679		2		0
255.484		200.391		3694		2		0
Frame 19
239.27		199.895		3662		2		0
238.269		170.908		3645		2		0
237.276		141.704		3671		2		0
237.594		128.279		3527		2		0
222.433		151.898		3633		2		0
218.117		175.916		3697		1		0
218.973		197.762		3680		1		0
219.244		202.468		3661		1		0
252.718		150.684		3662		2		0
258.733		174.18		3744		2		0
258.824		197.499		3691		2		0
257.817		200.797		3675		2		0
232.918		200.214		3696		2		0
229.906		232.508		3761		2		0
231.466		264.34		3870		2		0
231.412		273.368		3829		2		0
245.607		199.599		3698		2		0
248.786		232.407		3750		2		0
247.073		264.876		3858		2		0
247.984		273.642		3829		2		0
237.527		149.027		3653		2		0
219.107		207.858		3684		2		0
216.499		202.5		3671		2		0
257.8		205.401		3679		2		0
255.363		199.455		3686		2		0
Frame 20
239.251		199.884		3667		2		0
238.269		170.907		3643		2		0
237.299		141.713		3675		2		0
237.608		128.187		3524		2		0
222.456		151.892		3644		2		0
218.14		175.907		3686		1		0
218.98		197.799		3654		1		0
219.354		201.916		3655		1		0
252.731		150.721		3685		2		0
258.687		174.229		3737		2		0
258.837		197.501		3682		2		0
257.929		200.912		3676		2		0
232.882		200.19		3702		2		0
229.946		232.563		3782		2		0
231.401		264.266		3864		2		0
231.51		273.391		3827		2		0
245.598		199.595		3682		2		0
248.79		232.578		3739		2		0
247.054		264.88		3861		2		0
247.999		273.567		3813		2		0
237.541		149.032		3653		2		0
219.059		207.464		3692		2		0
216.499		203.501		3686		2		0
257.667		206.334		3685		2		0
255.483		200.376		3694		2		0
Frame 21
239.284		199.91		3656		2		0
238.294		170.924		3652		2		0
237.314		141.719		3676		2		0
237.723		128.166		3524		2		0
222.564		151.91		3645		2		0
218.26		175.923		3686		1		0
218.98		197.812		3673		1		0
219.226		202.034		3658		1		0
252.822		150.741		3663		2		0
258.739		174.259		3727		2		0
258.901		197.486		3682		2		0
257.932		200.913		3670		2		0
232.913		200.202		3687		2		0
229.89		233.27		3770		2		0
231.377		264.337		3879		2		0
231.531		273.473		3838		2		0
245.636		199.635		3681		2		0
248.766		232.788		3736		2		0
247.055		264.869		3860		2		0
248.021		273.563		3822		2		0
237.559		149.042		3647		2		0
219.002		208		3684		2		0
216.499		202.004		3691		2		0
258		205.501		3689		2		0
255.466		199.986		3689		2		0
Frame 22
239.291		199.929		3662		2		0
238.353		170.987		3634		2		0
237.462		141.845		3673		2		0
237.849		128.211		3524		2		0
222.889		151.928		3638		2		0
218.437		175.906		3694		1		0
218.972		197.907		3669		1		0
219.392		201.984		3664		1		0
253.017		150.748		3669		2		0
258.95		174.269		3746		2		0
258.959		197.542		3678		2		0
258.036		200.915		3671		2		0
232.92		200.219		3682		2		0
229.882		233.096		3756		2		0
231.397		264.328		3861		2		0
231.491		273.404		3831		2		0
245.642		199.654		3680		2		0
248.84		232.879		3747		2		0
247.045		264.879		3843		2		0
248.049		273.541		3823		2		0
237.682		149.152		3644		2		0
219.799		207.4		3678		2		0
217.153		203.77		3673		2		0
257.75		206.25		3690		2		0
255.577		200.622		3693		2		0
Frame 23
239.31		199.974		3659		2		0
238.479		171.03		3629		2		0
237.76		141.839		3662		2		0
238.069		128.243		3509		2		0
222.905		152.003		3634		2		0
218.566		176.014		3683		1		0
218.97		197.922		3678		1		0
219.417		202.925		3657		1		0
253.252		150.852		3671		2		0
259.195		174.363		3736		2		0
259.054		197.557		3675		2		0
258.22		201.377		3680		2		0
232.941		200.257		3678		2		0
229.9		233.12		3759		2		0
231.387		264.318		3868		2		0
231.479		273.407		3833		2		0
245.661		199.704		3666		2		0
248.882		233.06		3755		2		0
247.024		264.94		3866		2		0
248.039		273.556		3825		2		0
237.932		149.165		3641		2		0
219.001		209		3692		2		0
217.263		203.808		3675		2		0
258.001		206.501		3682		2		0
255.496		200.836		3685		2		0
Frame 24
239.482		200.121		3649		2		0
238.795		171.143		3627		2		0
238.182		141.887		3661		2		0
238.351		128.3		3513		2		0
223.065		152.09		3628		2		0
218.758		176.104		3676		1		0
218.973		197.963		3666		1		0
219.461		202.865		3662		1		0
253.618		150.969		3654		2		0
259.563		174.499		3731		2		0
259.291		197.57		3676		2		0
258.702		201.345		3682		2		0
233.106		200.379		3676		2		0
229.914		233.129		3773		2		0
231.424		264.316		3868		2		0
231.483		273.392		3829		2		0
245.842		199.876		3660		2		0
248.915		233.135		3739		2		0
247.029		264.933		3856		2		0
248.08		273.575		3823		2		0
238.332		149.231		3633		2		0
219		209		3699		2		0
216.581		203.693		3701		2		0
258.501		206.501		3675		2		0
255.583		200.822		3679		2		0
Frame 25
239.635		200.247		3638		2		0
239.156		171.231		3620		2		0
238.777		141.903		3653		2		0
238.678		128.346		3504		2		0
223.938		152.406		3626		2		0
219.309		176.308		3679		1		0
219.002		197.996		3666		1		0
219.609		203.064		3668		1		0
254.02		150.931		3656		2		0
259.739		174.513		3744		2		0
259.529		197.703		3674		2		0
259.17		201.866		3676		2		0
233.259		200.466		3658		2		0
230.12		233.213		3737		2		0
231.474		264.384		3890		2		0
231.464		273.286		3838		2		0
245.994		200.04		3668		2		0
249.155		233.534		3743		2		0
247.103		264.803		3858		2		0
247.95		273.455		3824		2		0
238.866		149.268		3626		2		0
219.474		208.716		3683		2		0
216.599		202.8		3706		2		0
258.714		206.572		3677		2		0
256.5		200.582		3678		2		0
Frame 26
239.929		200.384		3628		2		0
239.497		171.347		3628		2		0
239.108		141.999		3646		2		0
239.473		128.228		3501		2		0
224.422		152.393		3618		2		0
219.756		176.285		3667		1		0
219.078		198.057		3673		1		0
219.671		202.847		3657		1		0
254.837		151.129		3646		2		0
260.541		174.743		3729		2		0
260.114		197.687		3666		2		0
259.337		202.094		3667		2		0
233.594		200.55		3663		2		0
230.198		233.536		3752		2		0
231.483		264.417		3854		2		0
231.495		273.408		3828		2		0
246.251		200.222		3669		2		0
249.378		233.495		3733		2		0
247.163		264.799		3855		2		0
247.951		273.445		3832		2		0
239.203		149.369		3631		2		0
219		209		3686		2		0
216.999		201.745		3706		2		0
259.4		207.201		3674		2		0
256.5		202.499		3674		2		0
Frame 27
240.927		200.569		3632		2		0
240.295		171.611		3601		2		0
239.703		142.348		3635		2		0
240.008		128.308		3489		2		0
225.069		152.53		3601		2		0
220.217		176.422		3669		1		0
219.399		198.18		3659		1		0
219.93		202.915		3646		1		0
255.409		151.201		3645		2		0
261.143		174.84		3710		2		0
260.788		197.804		3673		2		0
260.578		202.156		3662		2		0
234.56		200.729		3660		2		0
230.234		233.915		3710		2		0
231.601		264.772		3857		2		0
231.311		273.377		3828		2		0
247.276		200.409		3652		2		0
249.731		233.328		3736		2		0
247.213		264.731		3848		2		0
247.95		273.435		3826		2		0
239.848		149.695		3602		2		0
219		208.666		3687		2		0
217.499		202.9		3674		2		0
260.713		207.429		3675		2		0
257.5		201.999		3670		2		0
Frame 28
241.302		200.758		3626		2		0
240.775		171.721		3624		2		0
240.267		142.359		3636		2		0
240.599		128.413		3484		2		0
225.438		152.815		3606		2		0
220.813		176.771		3663		1		0
219.692		198.199		3664		1		0
220.468		204.054		3647		1		0
256.197		151.673		3641		2		0
261.765		175.366		3724		2		0
261.63		197.825		3666		2		0
261.111		203.036		3660		2		0
234.926		200.849		3656		2		0
230.65		235.677		3677		2		0
231.653		264.92		3852		2		0
231.347		273.372		3829		2		0
247.666		200.678		3659		2		0
250.165		233.167		3735		2		0
247.231		264.761		3857		2		0
247.939		273.434		3823		2		0
240.393		149.733		3621		2		0
220		210		3684		2		0
217.699		204.803		3680		2		0
261.143		207.715		3666		2		0
258.539		202.925		3668		2		0
Frame 29
242.179		201.241		3607		2		0
241.514		172.035		3610		2		0
240.859		142.521		3616		2		0
241.256		128.658		3469		2		0
225.813		153.06		3598		2		0
221.12		177.036		3647		1		0
220.2		198.275		3651		1		0
220.279		204.125		3644		1		0
256.704		152.315		3633		2		0
262.465		175.969		3701		2		0
262.085		198.145		3658		2		0
261.615		203.291		3649		2		0
235.723		201.21		3640		2		0
230.84		236.354		3655		2		0
231.532		264.96		3836		2		0
231.211		273.591		3809		2		0
248.628		201.291		3655		2		0
250.713		233.47		3731		2		0
247.316		264.82		3850		2		0
247.937		273.436		3822		2		0
241.022		149.932		3616		2		0
220.5		210		3674		2		0
219.099		205.802		3642		2		0
261.714		208.572		3667		2		0
258.5		203.501		3670		2		0
Frame 30
242.588		201.404		3608		2		0
241.964		172.286		3598		2		0
241.34		142.872		3618		2		0
241.837		128.782		3446		2		0
226.358		152.98		3604		2		0
221.522		176.943		3647		1		0
220.873		198.9		3641		1		0
221.361		204.243		3634		1		0
257.341		152.951		3619		2		0
263.117		176.657		3677		2		0
262.907		198.31		3665		2		0
262.633		204.172		3648		2		0
236.136		201.308		3615		2		0
231.037		236.029		3609		2		0
231.779		264.966		3807		2		0
231.238		273.811		3792		2		0
249.025		201.501		3646		2		0
250.986		233.742		3721		2		0
247.427		264.969		3864		2		0
247.997		273.512		3826		2		0
241.496		150.257		3596		2		0
220.665		209.834		3656		2		0
218.979		206.054		3647		2		0
263		209.376		3666		2		0
259.5		206		3666		2		0
Frame 31
243.033		201.584		3603		2		0
242.504		172.471		3585		2		0
241.965		143.026		3605		2		0
242.382		129.115		3445		2		0
226.838		152.879		3580		2		0
222.138		176.957		3644		1		0
221.135		198.44		3631		1		0
221.556		203.067		3616		1		0
257.895		153.185		3612		2		0
263.491		177		3673		2		0
263.495		198.493		3656		2		0
263.47		204.132		3642		2		0
236.544		201.427		3629		2		0
231.197		235.792		3586		2		0
231.78		265.932		3777		2		0
232.135		276.494		3746		2		0
249.507		201.747		3637		2		0
251.144		233.766		3717		2		0
247.442		265.056		3849		2		0
247.883		273.521		3818		2		0
242.101		150.423		3599		2		0
220.749		209		3633		2		0
219.375		206.503		3615		2		0
263.5		209.667		3654		2		0
260.545		203.728		3669		2		0
Frame 32
243.856		201.805		3572		2		0
243.169		172.596		3575		2		0
242.457		143.009		3583		2		0
242.926		129.405		3427		2		0
227.3		153.081		3583		2		0
222.486		177.184		3629		1		0
222.057		198.446		3618		1		0
221.888		204.165		3592		1		0
258.423		153.325		3603		2		0
263.94		177.226		3658		2		0
264.249		198.614		3643		2		0
264.043		204.396		3637		2		0
237.393		201.632		3608		2		0
231.289		235.178		3550		2		0
232.443		267.356		3732		2		0
232.224		277.346		3696		2		0
250.301		201.98		3629		2		0
251.192		234.625		3712		2		0
247.452		265.07		3846		2		0
247.914		273.533		3821		2		0
242.638		150.446		3579		2		0
221.284		209.714		3624		2		0
219.667		209.334		3612		2		0
264.778		209.445		3646		2		0
260.572		204.714		3664		2		0
Frame 33
244.029		201.924		3583		2		0
243.429		172.778		3560		2		0
242.817		143.237		3570		2		0
243.083		129.368		3401		2		0
227.446		153.188		3550		2		0
222.603		177.284		3630		1		0
222.189		198.461		3588		1		0
221.82		204.181		3596		1		0
258.713		153.315		3574		2		0
264.245		177.289		3643		2		0
264.772		198.675		3627		2		0
264.324		204.293		3629		2		0
237.548		201.703		3602		2		0
231.372		235.839		3530		2		0
232.173		268.779		3683		2		0
232.349		279.369		3630		2		0
250.497		202.147		3616		2		0
251.28		234.827		3704		2		0
247.443		265.128		3859		2		0
248.015		273.588		3827		2		0
242.972		150.665		3555		2		0
220.832		209.666		3601		2		0
219.214		204.786		3597		2		0
264.198		209.8		3642		2		0
261.998		204.5		3645		2		0
Frame 34
244.083		201.932		3564		2		0
243.662		172.801		3555		2		0
243.273		143.223		3562		2		0
243.275		129.73		3389		2		0
227.616		152.638		3549		2		0
222.846		176.819		3618		1		0
222.15		199.442		3581		1		0
221.517		204.001		3569		1		0
259.166		153.04		3569		2		0
264.57		177.035		3634		2		0
265.293		198.687		3631		2		0
264.05		204.189		3608		2		0
237.627		201.662		3585		2		0
231.593		235.354		3509		2		0
232.526		269.993		3625		2		0
232.544		280.802		3560		2		0
250.525		202.21		3611		2		0
251.142		235.258		3703		2		0
247.442		265.161		3856		2		0
248.022		273.544		3819		2		0
243.368		150.666		3532		2		0
220.857		209.572		3580		2		0
219.266		204.936		3569		2		0
264.503		210		3624		2		0
261.545		203.726		3648		2		0
Frame 35
244.402		202.421		3552		2		0
243.91		173.146		3541		2		0
243.405		143.364		3538		2		0
243.334		129.728		3367		2		0
227.947		153.046		3534		2		0
222.692		177.056		3601		1		0
221.715		199.259		3556		1		0
221.3		204.306		3560		1		0
259.435		153.113		3533		2		0
265		177.205		3619		2		0
265.324		198.591		3608		2		0
264.172		204.578		3598		2		0
237.882		202.096		3557		2		0
231.932		235.855		3486		2		0
233.743		272.811		3572		2		0
232.918		283.168		3495		2		0
250.925		202.751		3593		2		0
251.496		234.722		3684		2		0
247.422		265.249		3844		2		0
248.183		273.697		3825		2		0
243.532		150.862		3524		2		0
220.571		209.714		3566		2		0
218.4		202.598		0		2		0
264.144		209.857		3614		2		0
262.599		209.201		3619		2		0
Frame 36
244.454		202.613		3539		2		0
243.905		173.296		3500		2		0
243.298		143.349		3514		2		0
243.386		129.891		3351		2		0
228.079		153.103		3506		2		0
222.467		177.075		3591		1		0
221.519		199.001		3550		1		0
221.55		203.959		3539		1		0
259.729		153.135		3515		2		0
265.111		177.263		3596		2		0
265.446		199.003		3587		2		0
264.161		205.287		3581		2		0
237.972		202.308		3559		2		0
232.301		236.364		3469		2		0
233.851		274.898		3497		2		0
233.273		285.37		3419		2		0
250.942		202.916		3580		2		0
251.524		234.767		3695		2		0
247.544		265.027		3862		2		0
248.245		273.763		3837		2		0
243.455		150.902		3500		2		0
220.573		209.715		3550		2		0
219.272		206.366		3549		2		0
264.253		211		3593		2		0
261.747		204.251		3604		2		0
Frame 37
244.808		203.521		3526		2		0
244.15		173.989		3496		2		0
243.427		143.712		3492		2		0
243.48		129.334		3321		2		0
228.114		153.777		3489		2		0
222.061		177.628		3584		1		0
221.001		198.749		3520		1		0
221.274		204.652		3525		1		0
260.013		153.588		3501		2		0
265.082		177.971		3562		2		0
265.747		199.394		3570		2		0
264.127		205.334		3561		2		0
238.265		203.207		3530		2		0
232.643		237.995		3458		2		0
234.565		276.546		3445		2		0
233.919		286.707		3367		2		0
251.348		203.826		3572		2		0
251.605		235.088		3678		2		0
247.332		265.407		3845		2		0
248.749		274.163		3814		2		0
243.613		151.356		3471		2		0
220.627		210.626		3521		2		0
218.777		207.108		3536		2		0
264.002		211		3570		2		0
261.6		204.396		3589		2		0
Frame 38
244.982		204.108		3504		2		0
244.583		174.479		3467		2		0
244.193		144.102		3467		2		0
243.398		129.699		3288		2		0
228.004		154.087		3473		2		0
222.046		178.169		3555		1		0
220.875		199.191		3517		1		0
220.744		204.998		3501		1		0
259.861		153.94		3472		2		0
265.13		178.245		3552		2		0
265.637		199.279		3547		2		0
264.101		205.096		3538		2		0
238.42		203.798		3508		2		0
233.038		238.82		3438		2		0
234.123		276.721		3398		2		0
234.407		286.089		3314		2		0
251.543		204.417		3556		2		0
251.695		235.327		3673		2		0
247.344		265.287		3864		2		0
248.743		274.162		3818		2		0
244.287		151.772		3442		2		0
220.334		210.667		3500		2		0
218.182		204.726		3512		2		0
264.169		210.667		3540		2		0
261.499		205.5		3560		2		0
Frame 39
244.778		205.076		3476		2		0
244.371		175.261		3447		2		0
243.949		144.631		3436		2		0
243.121		130.207		3267		2		0
227.721		155.132		3444		2		0
221.671		179.347		3512		2		0
220.605		201.278		3482		2		0
220.707		205.603		3478		2		0
259.744		154.786		3439		2		0
265.293		179.135		3529		2		0
265.643		199.355		3512		2		0
264.41		205.23		3515		2		0
238.129		204.726		3488		2		0
233.512		239.885		3409		2		0
234.936		278.217		3362		2		0
235.128		288.807		3270		2		0
251.427		205.427		3531		2		0
251.912		235.799		3660		2		0
246.911		266.724		3842		2		0
248.701		274.18		3823		2		0
244.055		152.371		3420		2		0
220.332		211.667		3476		2		0
217.749		206.374		0		2		0
263.834		210.667		3515		2		0
261.333		205.165		3541		2		0
Frame 40
245.122		206.035		3462		2		0
244.314		175.97		3422		2		0
243.462		145.093		3410		2		0
242.574		130.966		3236		2		0
227.425		155.608		3406		2		0
221.588		180.081		3502		2		0
220.191		201.594		3459		2		0
220.099		206.602		3444		2		0
259.676		155.119		3413		2		0
265.394		179.688		3490		2		0
265.605		199.66		3485		2		0
264.668		205.694		3485		2		0
238.423		205.723		3464		2		0
233.546		239.836		3381		2		0
235.252		279.521		3333		2		0
235.338		289.795		3258		2		0
251.819		206.346		3510		2		0
252.264		236.226		3637		2		0
246.633		267.308		3841		2		0
249.353		274.858		3823		2		0
243.68		152.896		3389		2		0
219.999		212.626		3460		2		0
217.75		207.25		0		2		0
264.574		211.715		3480		2		0
261.499		205.499		3529		2		0
Frame 41
245.189		207.074		3426		2		0
244.327		176.91		3393		2		0
243.417		145.849		3369		2		0
242.089		131.518		3216		2		0
226.778		156.2		3389		2		0
221.226		181.251		3465		2		0
219.921		202.276		3440		2		0
220.532		207.587		3419		2		0
259.315		155.807		3372		2		0
265.221		180.471		3464		2		0
265.318		202.72		3465		2		0
264.101		208.887		3453		2		0
238.391		206.843		3439		2		0
233.64		240.156		3367		2		0
235.668		279.878		3338		2		0
235.819		290.293		3257		2		0
251.978		207.308		3483		2		0
252.037		237.022		3621		2		0
246.808		267.496		3834		2		0
249.354		274.86		3831		2		0
243.649		153.706		3364		2		0
220.332		213.667		3421		2		0
217.636		206.821		3447		2		0
264.001		215		3471		2		0
260.666		209.667		3493		2		0
Frame 42
244.751		208.477		3391		2		0
243.761		177.794		3357		2		0
242.73		146.25		3342		2		0
241.473		131.892		3176		2		0
226.014		157.18		3351		2		0
220.651		182.106		3427		2		0
220.032		203.88		3382		2		0
220.73		209.758		3381		2		0
259.244		156.526		3337		2		0
265.366		181.245		3438		2		0
265.391		203.042		3437		2		0
263.969		208.831		3430		2		0
237.809		208.061		3389		2		0
233.691		244.73		3334		2		0
236.673		282.877		3306		2		0
237.02		293.625		3239		2		0
251.692		208.901		3436		2		0
251.644		239.876		3599		2		0
247.04		268.477		3845		1		0
249.698		275.583		3804		2		0
242.992		154.224		3333		2		0
220.999		215.625		3389		2		0
217.899		210.298		3421		2		0
264.503		214.5		3429		2		0
261.167		208.329		3454		2		0
Frame 43
245.179		208.89		3362		2		0
243.555		178.133		3322		2		0
241.827		146.487		3316		2		0
240.854		131.478		3140		2		0
225.286		157.481		3309		2		0
220.521		183.347		3387		2		0
219.546		203.963		3364		2		0
220.176		209.767		3348		2		0
258.732		156.319		3309		2		0
265.035		181.195		3405		2		0
265.39		203.972		3403		2		0
264.129		209.958		3395		2		0
238.217		208.689		3367		2		0
233.891		244.43		3294		2		0
236.891		283.288		3305		2		0
237.101		294.16		3239		2		0
252.137		209.102		3421		2		0
251.779		240.194		3572		2		0
247.323		268.438		3823		2		0
249.794		275.844		3807		2		0
242.271		154.49		3299		2		0
220.729		215.546		3353		2		0
217.4		210.7		3389		2		0
264.445		215.444		3415		2		0
261		209.497		3443		2		0
Frame 44
245.139		209.466		3329		2		0
243.311		178.275		3284		2		0
241.425		146.208		3278		2		0
239.689		132.086		3117		2		0
224.07		157.812		3283		2		0
220.101		183.939		3358		2		0
219.365		205.289		3321		2		0
220.739		210.871		3308		2		0
258.238		156.102		3271		2		0
265.489		181.149		3364		2		0
265.909		203.318		3378		2		0
264.321		209.417		3368		2		0
238.014		209.273		3329		2		0
233.662		244.821		3256		2		0
237.078		284.032		3293		2		0
237.185		295.211		3236		2		0
252.267		209.659		3378		2		0
251.93		241.015		3521		2		0
247.463		268.755		3807		2		0
250.049		276.19		3791		2		0
241.902		154.313		3261		2		0
221.499		217		3324		2		0
218.125		212.878		3329		2		0
263.664		214.833		3378		2		0
261.555		208.665		3403		2		0
Frame 45
245.094		209.077		3300		2		0
242.986		177.665		3254		2		0
240.821		145.389		3237		2		0
238.913		130.897		3073		2		0
223.009		157.067		3248		2		0
219.319		183.676		3321		2		0
219.189		205.516		3284		2		0
220.483		212.05		3273		2		0
257.911		155.598		3244		2		0
265.32		180.727		3342		2		0
266.044		203.448		3340		2		0
264.784		209.96		3338		2		0
238.005		208.969		3284		2		0
233.909		244.894		3233		2		0
237.17		284.382		3287		2		0
237.228		295.719		3230		2		0
252.179		209.195		3351		2		0
253.137		242.211		3457		2		0
248.107		267.937		3774		2		0
249.943		275		3780		2		0
241.368		153.547		3217		2		0
221.222		218.556		3289		2		0
217.333		212.222		3308		2		0
265.002		216		3336		2		0
261.399		211.2		3353		2		0
Frame 46
244.723		209.233		3253		2		0
242.146		177.412		3211		2		0
239.486		144.732		3205		2		0
237.581		129.976		3029		2		0
221.988		156.081		3204		2		0
218.424		183.094		3275		2		0
218.78		205.548		3240		2		0
220.222		212.148		3231		2		0
257.198		154.74		3201		2		0
265.322		180.017		3294		2		0
266.166		203.659		3294		2		0
265.118		209.956		3284		2		0
237.554		209.32		3256		2		0
233.754		245.689		3201		2		0
237.178		284.5		3279		2		0
237.24		295.996		3231		2		0
251.917		209.122		3291		2		0
253.85		242.386		3370		2		0
248.735		267.385		3747		2		0
250.731		274.223		3756		2		0
240.159		152.99		3192		2		0
221.251		218.625		3260		2		0
216.817		212.362		3275		2		0
265.167		216.334		3297		2		0
262.499		209.499		3309		2		0
Frame 47
244.41		209.103		3210		2		0
241.672		177.091		3180		2		0
238.851		144.237		3172		2		0
237.08		129.11		3006		2		0
221.361		156.342		3172		2		0
217.457		183.677		3235		2		0
218.496		206.042		3213		2		0
219.36		212.989		3207		2		0
256.935		154.006		3174		2		0
265.347		179.361		3274		2		0
266.701		203.621		3257		2		0
265.313		210.033		3246		2		0
237.085		209.412		3214		2		0
233.59		246.001		3191		2		0
237.251		284.782		3278		2		0
237.262		296.406		3231		2		0
251.705		208.795		3254		2		0
255.396		242.029		3311		2		0
249.601		265.87		3628		2		0
249.664		272.79		3694		2		0
239.565		152.537		3153		2		0
220.001		219.5		3204		2		0
216.7		215.104		3248		2		0
265.166		216.334		3272		2		0
262.454		209.728		3269		2		0
Frame 48
244.021		208.898		3185		2		0
241.434		176.618		3140		2		0
238.758		143.495		3139		2		0
236.55		128.433		2970		2		0
220.425		156.142		3131		2		0
216.02		183.94		3192		2		0
217.846		206.449		3173		2		0
218.71		212.723		3155		2		0
256.692		153.088		3144		2		0
265.759		178.584		3231		2		0
266.965		201.812		3219		2		0
265.985		208.471		3204		2		0
236.617		209.291		3190		2		0
233.297		246.904		3167		2		0
237.255		284.781		3286		2		0
237.34		296.472		3224		2		0
251.422		208.515		3224		2		0
256.008		242.764		3239		2		0
250.046		267.651		3592		2		0
249.96		274.752		3612		2		0
239.436		151.862		3121		2		0
219.001		219.444		3166		2		0
215.334		213.836		3193		2		0
266.286		214.428		3212		2		0
263.69		208.463		3224		2		0
Frame 49
243.803		208.772		3133		2		0
240.92		176.21		3115		2		0
237.905		142.734		3098		2		0
236.075		127.416		2938		2		0
220.101		155.752		3088		2		0
215.643		183.62		3152		2		0
217.306		206.521		3131		2		0
217.674		212.546		3127		2		0
256.684		152.441		3105		2		0
266.012		178.223		3210		2		0
267.051		202.686		3172		2		0
265.834		209.044		3177		2		0
236.366		209.343		3171		2		0
232.636		247.525		3164		2		0
237.239		284.687		3278		2		0
237.439		296.294		3224		2		0
251.215		208.216		3191		2		0
256.509		244.508		3178		2		0
250.074		272.056		3526		2		0
252.268		280.133		3528		2		0
238.672		151.197		3097		2		0
217.498		219.667		3148		2		0
214.4		213.403		3159		2		0
266.285		215.43		3180		2		0
262.583		208.83		3197		2		0
Frame 50
243.051		208.761		3125		2		0
240.402		175.761		3074		2		0
237.633		141.902		3066		2		0
236.027		126.523		2904		2		0
219.964		155.159		3059		2		0
215.377		183.553		3101		2		0
216.63		207.177		3098		2		0
217.568		213.862		3098		2		0
256.82		151.771		3072		2		0
266.521		177.941		3162		2		0
267.59		202.796		3140		2		0
266.49		209.551		3129		2		0
235.686		209.372		3147		2		0
232.424		248.009		3159		2		0
237.227		284.592		3274		2		0
237.415		296.26		3225		2		0
250.405		208.15		3143		2		0
257.052		244.514		3120		2		0
250.338		274.611		3430		2		0
253.032		284.331		3441		2		0
238.337		150.455		3052		2		0
218.667		220.833		3095		2		0
213.818		214.545		3135		2		0
266.834		215.167		3136		2		0
264.498		209.494		3129		2		0
Frame 51
242.781		208.806		3091		2		0
240.095		175.479		3054		2		0
237.309		141.009		3036		2		0
235.832		124.434		2868		2		0
219.568		154.487		3038		2		0
215.091		183.03		3084		2		0
216.508		207.068		3068		2		0
217.165		214.178		3054		2		0
256.915		151.003		3049		2		0
266.433		177.543		3136		2		0
268.561		202.042		3100		2		0
267.66		208.713		3087		2		0
235.348		209.553		3108		2		0
232.377		248.227		3150		2		0
237.34		284.667		3275		2		0
237.371		296.28		3221		2		0
250.184		208.08		3114		2		0
257.724		245.378		3070		2		0
250.745		280.97		3325		2		0
254.451		289.297		3319		2		0
238.015		149.747		3030		2		0
218.102		220.6		3081		2		0
214.414		215.416		3076		2		0
268.287		214.429		3077		2		0
264.533		207.729		3107		2		0
Frame 52
242.495		209.056		3069		2		0
240.089		175.525		3025		2		0
237.535		140.928		2992		2		0
235.946		125.353		2838		2		0
219.371		154.14		2983		2		0
215.084		183.077		3054		2		0
216.239		207.416		3034		2		0
216.487		214.307		3024		2		0
257.204		150.834		3029		2		0
266.587		177.64		3110		2		0
269.122		201.914		3056		2		0
268.158		208.36		3047		2		0
234.984		209.911		3088		2		0
232.442		248.336		3138		2		0
237.543		284.75		3261		2		0
237.392		296.301		3222		2		0
249.969		208.214		3073		2		0
258.055		246.778		3026		2		0
251.762		285.536		3236		2		0
255.863		295.701		3195		2		0
238.189		149.688		2992		2		0
217.499		220.7		3060		2		0
214.499		221		3054		2		0
268.287		215.43		3058		2		0
264.665		208.331		3076		2		0
Frame 53
242.549		209.557		3041		2		0
240.297		175.817		2991		2		0
237.98		140.702		2954		2		0
236.463		123.96		2795		2		0
219.406		153.878		2960		2		0
214.732		182.96		3021		2		0
216.024		207.289		2996		2		0
216.475		213.902		2989		2		0
257.372		150.552		2993		2		0
268.023		177.555		3064		2		0
269.335		202.548		3024		2		0
268.917		209.262		3015		2		0
234.986		210.287		3061		2		0
232.467		248.86		3111		2		0
237.56		284.994		3264		2		0
237.201		296.497		3226		2		0
250.075		208.84		3042		2		0
257.928		248.931		2988		2		0
254.718		290.655		3112		2		0
255.784		302.414		3052		2		0
238.574		149.621		2960		2		0
217.556		220.778		0		2		0
213.724		216.91		3011		2		0
268.999		215.501		3012		2		0
265.499		210		3020		2		0
Frame 54
242.255		210.404		3009		2		0
240.225		176.377		2973		2		0
238.081		141.018		2934		2		0
237.182		125.84		2762		2		0
219.365		154.02		2919		2		0
214.559		183.374		2989		2		0
216.291		208.009		2974		2		0
216.681		214.344		2975		2		0
257.824		150.814		2952		2		0
268.176		178.04		3042		2		0
269.679		203.449		2994		2		0
269.555		209.74		2976		2		0
234.578		211.142		3040		2		0
232.638		249.417		3116		2		0
237.56		284.994		3271		2		0
237.572		296.852		3224		2		0
249.885		209.671		3024		2		0
257.639		251.62		2955		2		0
256.706		294.304		3003		2		0
259.173		306.935		2940		2		0
238.63		149.981		2927		2		0
218.858		221.715		2984		2		0
213.248		216.623		2985		2		0
270.001		216.501		2966		2		0
265.499		210.999		3007		2		0
Frame 55
242.193		211.712		2989		2		0
240.497		177.676		2937		2		0
238.795		142.148		2902		2		0
237.661		125.759		2728		2		0
219.844		154.471		2887		2		0
214.456		183.793		2969		2		0
216.107		208.783		2951		2		0
216.577		215.978		2931		2		0
258.641		151.865		2926		2		0
269.192		179.259		3014		2		0
271.15		204.586		2950		2		0
270.754		211.532		2933		2		0
234.476		212.3		3024		2		0
232.758		249.889		3091		2		0
237.568		285.122		3276		2		0
237.513		296.943		3224		2		0
249.868		211.135		2999		2		0
258.135		256.489		2943		2		0
258.365		299.518		2911		2		0
260.521		312.281		2814		2		0
239.224		151.191		2891		2		0
218.549		222.636		2977		2		0
212.499		217.999		2975		2		0
270.573		218.286		2940		2		0
266.666		211.999		2973		2		0
Frame 56
242.325		212.822		2958		2		0
240.869		177.539		2898		2		0
239.249		139.77		2761		2		0
238.347		125.514		2683		2		0
220.038		155.068		2855		2		0
214.645		184.539		2944		2		0
215.952		209.275		2912		2		0
216.494		216.515		2913		2		0
259.674		152.57		2874		2		0
270.073		180.472		2973		2		0
271.733		204.933		2915		2		0
271.562		211.468		2889		2		0
234.491		213.419		2998		2		0
232.921		251.228		3081		2		0
237.638		285.305		3255		2		0
237.409		296.882		3224		2		0
250.114		212.23		2974		2		0
257.969		257.166		2887		2		0
259.093		301.309		2835		2		0
261.733		313.141		2736		2		0
239.665		149.425		2858		2		0
217.906		223.6		2918		2		0
213.306		218.766		2925		2		0
272.72		218.715		2876		2		0
267.624		212.374		2923		2		0
Frame 57
242.947		214.734		2922		2		0
241.571		178.769		2875		2		0
240.256		140.883		2715		2		0
239.456		127.286		2644		2		0
220.814		156.101		2830		2		0
214.423		185.177		2923		2		0
216.066		210.683		2894		2		0
216.593		217.506		2874		2		0
260.664		154.307		2852		2		0
272.162		182.367		2925		2		0
273.467		205.969		2876		2		0
272.252		213.599		2851		2		0
235.02		215.206		2960		2		0
232.792		252.869		3061		2		0
237.762		285.561		3259		2		0
237.371		296.804		3225		2		0
250.85		214.268		2939		2		0
258.065		258.697		2866		2		0
259.61		301.736		2780		2		0
261.364		312.717		2705		2		0
240.591		150.584		2826		2		0
218.367		224.637		2906		2		0
213.356		219.644		2903		2		0
271.918		219.584		0		2		0
268.583		216.412		2871		2		0
Frame 58
242.705		216.72		2897		2		0
241.845		181.026		2839		2		0
240.968		142.711		2680		2		0
240.445		128.912		2594		2		0
221.407		157.46		2790		2		0
214.179		186.332		2897		2		0
215.463		211.347		2864		2		0
216.148		218.475		2852		2		0
261.797		155.702		2804		2		0
272.696		184.375		2889		2		0
274.004		208.837		2831		2		0
273.144		216.364		2806		2		0
234.68		217.077		2934		2		0
232.912		254.557		3032		2		0
237.613		285.802		3250		2		0
237.362		296.807		3228		2		0
250.711		216.354		2905		2		0
257.702		260.862		2822		2		0
259.051		304.999		2756		2		0
261.195		316.358		2659		2		0
241.194		152.533		2794		2		0
217.401		225.7		2857		2		0
212.999		223.199		2909		2		0
273.501		223.5		2798		2		0
270.761		216.293		2817		2		0
Frame 59
243.044		218.725		2866		2		0
242.694		183.019		2814		2		0
242.487		145.058		2645		2		0
241.471		130.83		2555		2		0
221.852		158.533		2769		2		0
214.197		186.997		2871		2		0
215.101		212.229		2841		2		0
215.483		219.656		2837		2		0
263.208		157.977		2770		2		0
274.21		187.168		2834		2		0
275.218		212.414		2794		2		0
273.543		220.903		2768		2		0
234.948		218.827		2906		2		0
232.318		255.954		2984		2		0
237.491		286.325		3248		2		0
236.895		296.851		3229		2		0
251.13		218.648		2890		2		0
257.714		267.031		2798		2		0
258.88		310.845		2717		2		0
260.53		323.265		2623		2		0
242.528		154.798		2756		2		0
217.002		227.5		2838		2		0
211.688		219.44		2869		2		0
273.164		227.5		2763		2		0
269.899		221.6		2794		2		0
Frame 60
243.188		220.493		2830		2		0
243.355		185.227		2782		2		0
243.523		146.868		2565		2		0
243.119		133.001		2502		2		0
222.945		160.404		2723		2		0
214.399		188.574		2846		2		0
214.789		213.535		2824		2		0
214.981		220.824		2810		2		0
264.758		160.68		2724		2		0
275.605		190.101		2788		2		0
276.167		215.903		2744		2		0
274.019		224.771		2732		2		0
234.922		220.143		2875		2		0
232.301		259.207		2916		2		0
237.418		287.218		3210		2		0
236.777		297.05		3208		2		0
251.48		220.902		2844		2		0
258.176		267.167		2756		2		0
258.777		311.41		2701		2		0
259.904		324.823		2630		2		0
243.49		156.769		2715		2		0
216.421		228.583		2833		2		0
211.75		222.439		2831		2		0
273.27		231.546		2723		2		0
269.842		225.838		2751		2		0
Frame 61
244.227		222.836		2819		2		0
244.608		187.781		2749		2		0
245.106		149.903		2520		2		0
244.343		136.789		2450		2		0
223.329		161.938		2695		2		0
214.573		189.524		2828		2		0
214.523		214.28		2809		2		0
214.529		221.721		2788		2		0
266.091		164.119		2683		2		0
276.683		193.822		2740		2		0
275.818		221.132		2701		2		0
273.969		230.04		2678		2		0
235.822		222.264		2854		2		0
230.301		260.624		2836		2		0
237.31		289.657		3171		2		0
235.931		299.279		3176		2		0
252.645		223.403		2808		2		0
258.86		268.323		2722		2		0
258.643		312.636		2689		2		0
259.757		327.001		2616		2		0
244.997		159.72		2677		2		0
215.422		229.583		2819		2		0
210.537		223		2827		2		0
272.997		236.539		2694		2		0
269.428		231.356		2708		2		0
Frame 62
245.384		225.155		2796		2		0
246.328		191.818		2734		2		0
246.904		154.37		2477		2		0
245.791		141.096		2410		2		0
224.368		165.294		2662		2		0
215.167		191.159		2810		2		0
214.429		217.645		2785		2		0
214.312		224.088		2782		2		0
267.177		167.403		2638		2		0
277.609		197.932		2691		2		0
275.982		227.558		2653		2		0
273.682		236.142		2644		2		0
236.847		224.946		2832		2		0
228.099		264.083		2772		2		0
236.904		293.277		3120		2		0
235.341		303.436		3098		2		0
253.89		225.424		2788		2		0
260.358		268.126		2680		2		0
258.501		313.014		2682		2		0
259.753		327.344		2629		2		0
246.757		164.078		2637		2		0
214.501		231.429		2804		2		0
210.499		224.713		2788		2		0
273.275		243.546		2642		2		0
269.234		236.29		2659		2		0
Frame 63
245.553		228.123		2784		2		0
246.83		195.938		2704		2		0
248.297		160.367		2453		2		0
247.046		147.036		2374		2		0
225.389		169.441		2623		2		0
215.663		193.861		2786		2		0
214.042		219.97		2768		2		0
213.532		225.933		2775		2		0
268.721		172.346		2596		2		0
277.983		202.136		2650		2		0
275.125		235.486		2617		2		0
272.916		243.879		2606		2		0
236.732		226.894		2796		2		0
227.604		266.367		2716		2		0
237.226		292.657		3037		2		0
235.175		302.98		3045		2		0
254.502		229.513		2761		2		0
261.118		268.746		2656		2		0
258.48		312.894		2689		2		0
259.779		327.263		2625		2		0
247.935		169.76		2596		2		0
213.732		232.466		2804		2		0
209.647		227.175		2784		2		0
272.276		251.456		2622		2		0
268.248		242.899		2625		2		0
Frame 64
249.954		219.27		2777		2		0
249.608		195.353		2666		2		0
249.532		167.392		2424		2		0
248.007		153.968		2327		2		0
226.061		174.442		2597		2		0
215.535		196.544		2781		2		0
213.853		221.607		2774		2		0
213.86		229.679		2777		2		0
269.453		176.452		2556		2		0
278.273		208.554		2603		2		0
275.204		240.521		2572		2		0
272.574		249.695		2562		2		0
240.414		218.623		2785		2		0
228.345		262.723		2668		2		0
237.289		300.137		2950		2		0
235.03		310.2		2922		2		0
259.537		219.922		2769		2		0
261.031		268.253		2646		2		0
258.452		312.981		2682		2		0
259.777		327.27		2628		2		0
249.246		173.745		2543		2		0
214.462		236.539		2789		2		0
209.713		230.002		2779		2		0
270.748		256.583		2568		2		0
268.265		248.535		2584		2		0
Frame 65
250.646		218.362		2756		2		0
249.867		196.588		2601		2		0
248.449		175.105		2371		2		0
247.265		161.56		2284		2		0
226.24		177.837		2560		2		0
215.979		200.657		2768		2		0
213.221		223.885		2778		2		0
212.757		230.824		2781		2		0
270.29		181.151		2524		2		0
278.633		214.267		2570		2		0
275.399		244.945		2541		2		0
272.92		254.207		2526		2		0
241.05		217.659		2758		2		0
227.766		263.7		2637		2		0
235.926		303.334		2862		2		0
235.038		315.914		2823		2		0
260.289		219.066		2761		2		0
260.432		267.019		2635		2		0
258.448		312.962		2677		2		0
259.628		327.111		2627		2		0
248.902		181.192		2535		2		0
212.543		237.615		2806		2		0
208.665		230.863		2822		2		0
270.684		260.768		2523		2		0
269.621		255.117		2538		2		0
Frame 66
251.651		216.803		2739		2		0
250.763		200.111		2564		2		0
248.964		181.786		2329		2		0
248.74		168.414		2250		2		0
225.581		180.278		2521		2		0
216.263		200.83		2754		2		0
212.599		230.826		2789		2		0
211.767		235.696		2822		2		0
270.92		188.209		2490		2		0
278.526		220.261		2532		2		0
275.237		253.061		2499		2		0
272.1		263.134		2490		2		0
242.728		214.359		2714		2		0
229.274		260.711		2636		2		0
234.602		308.564		2773		2		0
233.076		321.316		2719		2		0
261.03		218.503		2759		2		0
260.163		266.924		2608		2		0
258.397		307.19		2670		2		0
259.145		322.441		2653		2		0
249.459		186.75		2396		2		0
212.5		242		2822		2		0
207.285		232.001		2831		2		0
270.366		270.817		2485		2		0
266.996		260.004		2589		2		0
Frame 67
251.36		214.949		2662		2		0
250.538		201.487		2509		2		0
249.282		190.206		2298		2		0
249.519		177.751		2229		2		0
226.943		188.901		2504		2		0
215.555		205.34		2738		2		0
212.162		231.554		2803		2		0
210.861		237.759		2847		2		0
271.012		193.408		2463		2		0
278.017		227.447		2500		2		0
275.129		261.402		2464		2		0
271.835		271.164		2467		2		0
242.352		213.899		2649		2		0
229.351		259.249		2608		2		0
233.583		313.96		2693		2		0
231.058		326.449		2641		2		0
260.659		214.587		2735		2		0
259.711		260.644		2591		2		0
258.019		313.277		2676		2		0
259.266		327.288		2629		2		0
249.556		193.651		2314		2		0
211.337		243.668		2863		2		0
207.143		236.142		2845		2		0
270.003		278.664		2452		2		0
266.834		270.741		2502		2		0
Frame 68
251.626		213.097		2527		2		0
250.6		205.075		0		2		0
249.115		199.204		2276		2		0
249.68		187.694		2190		2		0
226.312		196.425		2486		1		0
215.368		208.897		2718		2		0
211.875		231.488		2819		2		0
210.451		237.563		2857		2		0
271.143		202.75		2438		2		0
277.686		233.135		2472		2		0
274.274		269.592		2440		2		0
271.666		279.342		2443		2		0
241.676		212.108		2569		2		0
230.934		257.122		2605		2		0
232.605		315.708		2642		2		0
231.745		330.086		2585		2		0
262.233		212.87		2463		2		0
259.78		260.162		2588		2		0
257.632		313.611		2664		2		0
259.166		327.305		2627		2		0
249.522		201.054		2287		2		0
210.252		243.75		2892		2		0
207.098		233.407		2845		2		0
267.431		286.713		2442		2		0
266.698		280.8		2451		2		0
Frame 69
242.447		247.725		2767		2		0
249.159		231.527		2693		2		0
256.938		212.756		2439		2		0
253.156		200.459		2205		2		0
223.794		189.934		2454		2		0
216.549		209.111		2681		2		0
211.913		232.647		2832		1		0
210.343		237.317		2852		1		0
271.107		209.797		2424		2		0
276.769		244.951		2449		2		0
273.775		280.776		2405		2		0
271.122		290.121		2420		2		0
235.514		239.226		2692		2		0
227.494		271.299		2568		2		0
232.613		316.39		2624		2		0
231.829		330.422		2582		2		0
249.766		256.707		4190		2		0
266.876		284.838		2547		2		0
257.386		314.285		2667		2		0
259.061		327.491		2626		2		0
254.879		217.724		2487		2		0
209.82		242.546		2908		2		0
206.373		235.389		2865		2		0
270.007		298.5		2405		2		0
266.572		288.497		2434		2		0
Frame 70
244.339		248.721		4203		2		0
252.241		233.837		2674		2		0
261.64		216.896		2404		2		0
254.591		208.147		2145		2		0
227.999		193.713		2439		1		0
219.002		211.76		2621		2		0
213.84		231.592		2806		2		0
210.794		235.721		2853		1		0
271.311		218.353		2410		2		0
275.488		252.341		2423		2		0
273.145		290.014		2382		2		0
270.126		300.197		2389		2		0
237.217		239.692		2695		2		0
226.617		263.563		2551		2		0
232.974		317.168		2616		2		0
232.084		330.636		2587		2		0
251.962		258.473		2637		2		0
265.999		284.778		2565		2		0
256.39		315.845		2665		2		0
258.819		327.512		2627		2		0
259.202		221.422		2422		2		0
210.801		241.4		2925		2		0
207.941		235.834		2876		2		0
268.27		307.724		2379		2		0
266.776		302.993		2397		2		0
Frame 71
258.971		233.71		2435		2		0
251.779		225.51		2184		2		0
242.827		215.311		2175		2		0
253.549		214.027		2124		2		0
219.35		202.914		2437		2		0
214.788		219.537		2702		2		0
212.034		236.916		2849		2		0
210.35		240.215		2882		1		0
271.433		222.482		2401		2		0
274.349		259.173		2414		2		0
272.108		297.23		2368		2		0
269.948		308.235		2375		2		0
249.282		231.09		2309		2		0
226.271		263.654		2540		2		0
233.854		318.037		2614		2		0
232.335		331.066		2585		2		0
268.824		236.379		2399		2		0
260.454		287.97		2575		2		0
255.333		326.307		2633		2		0
259.32		328.429		2624		2		0
245.264		218.087		2159		2		0
209.833		244.667		2943		2		0
206.998		237.104		2924		2		0
268.101		315.798		2359		2		0
264.889		309.053		2406		2		0
Frame 72
254.947		269.541		2545		2		0
249.186		248.894		2692		2		0
242.116		223.614		2161		2		0
253.159		223.724		2116		2		0
217.714		210.015		2436		1		0
213.851		224.193		2713		2		0
211.906		240.24		2871		1		0
210.421		242.038		2908		1		0
271.633		232.152		2391		2		0
272.465		262.746		2407		2		0
270.847		299.466		2382		2		0
271.168		309.873		2365		2		0
246.212		266.27		0		2		0
229.604		265.928		2528		2		0
234.174		318.862		2613		2		0
232.292		331.305		2582		2		0
263.851		272.88		2496		2		0
258.938		314.804		2649		2		0
251.049		326.785		2686		2		0
256.68		329.635		2620		2		0
244.031		230.453		2175		2		0
211.003		245.334		2938		2		0
206.8		240.001		2965		2		0
268.703		317.645		2363		2		0
266.779		307.662		0		2		0
Frame 73
256.138		279.692		2514		2		0
249.882		256.853		2662		2		0
242.31		227.989		2146		2		0
253.276		224.639		2109		2		0
217.721		218.136		2412		1		0
213.651		228.254		2672		2		0
212.967		242.288		2869		1		0
210.994		242.594		2879		2		0
269.484		228.737		2376		2		0
273.66		265.867		2402		2		0
273.24		304.33		2359		2		0
271.731		314.481		2352		2		0
246.347		274.973		4064		2		0
228.668		273.836		2482		1		0
234.115		319.233		2612		2		0
232.319		331.913		2577		2		0
266.27		284.584		2509		2		0
263.062		338.273		2491		1		0
254.61		350.111		2504		1		0
252.45		364.793		2321		1		0
244.336		235.871		2136		2		0
209.666		246.333		2971		2		0
207.249		240.258		2910		2		0
268.766		322.528		2362		2		0
267.476		316.964		2366		2		0
Frame 74
259.862		296.296		2568		2		0
252.245		269.248		2527		2		0
243.39		237.862		2131		2		0
252.982		235.569		2096		2		0
217.382		219.048		2445		2		0
213.993		232.056		0		2		0
213.599		245.956		2879		1		0
211.141		246.054		2910		1		0
262.782		219.997		2454		2		0
269.914		256.193		2369		2		0
270.676		294.34		2403		2		0
272.542		304.216		2380		2		0
251.307		295.155		0		2		0
217.951		273.923		2520		2		0
234.099		319.844		2606		2		0
232.098		332.201		2575		2		0
268.646		297.474		2438		2		0
262.145		346.96		2476		1		0
253.828		358.348		2404		1		0
256.836		344.795		2539		2		0
245.737		246.173		2128		2		0
212.668		248		2932		2		0
208.2		243.801		2904		2		0
270.345		312.816		2368		2		0
268.353		302.394		2443		2		0
Frame 75
256.088		299.487		2570		2		0
250.057		272.128		2524		2		0
242.354		240.467		2117		2		0
253.827		245.811		2095		2		0
223.389		242.78		2394		2		0
215.208		243.161		2837		2		0
223.438		275.704		2450		2		0
226.26		286.896		2460		1		0
261.017		220.145		2477		2		0
268.672		256.139		2366		2		0
270.239		294.201		2418		2		0
272.419		303.981		2381		2		0
248.469		298.248		3386		2		0
213.528		283.575		0		1		0
234.579		321.354		2603		2		0
231.8		333.238		2574		2		0
263.723		300.893		2543		2		0
262.063		347.249		2510		1		0
253.749		358.627		2400		1		0
256.721		345.369		2441		2		0
244.449		248.83		2120		2		0
227.753		288.519		2480		1		0
223.081		284.627		2453		1		0
270.27		312.714		2382		2		0
269.124		298.249		2443		2		0
Frame 76
259.92		304.923		2565		2		0
247.092		277.531		0		2		0
233.048		247.601		2368		2		0
245.977		251.81		2097		1		0
223.457		262.038		2517		2		0
214.533		255.7		4146		1		0
224.355		286.768		2441		2		0
227.783		297.634		2512		1		0
259.772		227.883		2431		1		0
268.547		263.594		2364		2		0
270.277		301.818		2427		2		0
272.147		311.508		2386		2		0
253.301		304.906		2608		2		0
213.723		283.482		0		1		0
234.814		324.212		2607		2		0
230.591		335.794		2567		2		0
266.785		304.945		2600		2		0
261.325		347.623		2479		1		0
253.036		358.985		2390		1		0
256.328		345.721		2446		2		0
236.684		255.342		2330		2		0
229.257		299.115		2529		1		0
224.612		295.427		2477		1		0
267.394		319.799		2405		2		0
268.563		310.246		2430		2		0
Frame 77
262.691		303.575		2526		2		0
247.975		278.005		0		2		0
233.265		249.315		2355		2		0
245.572		255.234		2102		2		0
221.328		264.972		2510		2		0
216.97		256.121		0		1		0
225.571		287.667		2436		2		0
228.576		298.709		2498		1		0
260.402		227.966		2464		2		0
268.901		263.698		2350		2		0
270.42		301.854		2432		2		0
269.4		340.71		2363		2		0
255.097		304.629		2579		2		0
211.919		274.427		0		1		0
234.651		322.617		2603		2		0
231.264		334.436		2569		2		0
270.395		302.514		2434		2		0
262.751		341.359		2425		1		0
254.173		353.279		2460		1		0
258.193		339.418		2551		1		0
237.004		256.589		2292		2		0
230.041		300.179		2521		1		0
225.396		296.495		2474		1		0
268.831		348.587		2348		2		0
264.466		338.596		2403		2		0
Frame 78
266.253		303.221		2567		2		0
251.599		277.424		2173		2		0
234.868		249.583		2328		2		0
247.306		255.482		2130		1		0
220.684		269.326		2496		2		0
215.692		256.946		0		1		0
224.879		288.882		2413		2		0
228.075		300.013		2491		1		0
262.681		227.029		2546		1		0
270.11		263.175		2347		2		0
270.863		301.246		2451		2		0
272.838		309.826		2417		2		0
258.99		305.684		2550		2		0
213.029		273.693		2506		1		0
234.737		322.639		2596		2		0
231.255		334.432		2569		2		0
273.387		301.035		2417		2		0
265.143		336.943		2416		1		0
256.284		349.303		2487		1		0
260.418		335.063		2569		1		0
239.142		256.778		0		2		0
229.555		301.472		2507		1		0
224.885		297.806		2459		1		0
270.797		318.599		2414		2		0
271.307		307.535		2439		2		0
Frame 79
265.475		303.948		2525		2		0
250.41		278.613		2117		2		0
234.204		250.981		2316		2		0
246.525		256.847		2135		1		0
220.569		269.865		2486		2		0
215.288		257.202		2413		1		0
224.942		289.053		2411		2		0
228.299		300.148		2474		1		0
261.856		227.672		0		1		0
269.935		263.599		2333		2		0
270.995		301.573		0		2		0
273.402		310.204		2420		2		0
258.327		306.4		2535		2		0
212.553		274.513		2514		1		0
234.503		324.217		2605		2		0
230.589		335.927		2569		2		0
272.504		301.637		2429		2		0
264.606		337.987		2491		1		0
255.771		350.301		2496		1		0
259.898		336.082		2568		1		0
238.38		258.076		0		2		0
229.776		301.607		2491		1		0
225.107		297.94		2449		1		0
271.565		319.247		2418		2		0
271.524		307.705		2449		2		0
Frame 80
263.309		307.709		2524		2		0
249.886		282.288		2115		2		0
235.056		255.969		2324		2		0
247.466		262.2		2096		1		0
218.286		272.341		2476		2		0
216.941		257.578		2371		1		0
223.012		290.231		2390		2		0
225.138		301.687		2452		1		0
261.408		236.764		2447		2		0
271.265		272.719		2336		2		0
271.775		310.757		0		2		0
272.696		320.696		2410		2		0
256.29		309.689		2566		2		0
213.212		278.993		2476		1		0
234.664		323.475		2603		2		0
230.969		335.224		2568		2		0
270.584		305.44		0		2		0
262.851		346.37		2412		1		0
254.242		358.146		2395		1		0
258.275		344.303		2535		1		0
238.837		262.613		2166		2		0
226.671		303.136		2482		1		0
221.9		299.471		2460		1		0
269.993		328.749		2399		2		0
271.002		318.537		2435		2		0
Frame 81
261.188		309.688		2505		2		0
249.034		284.964		2144		2		0
235.109		258.057		2345		2		0
247.528		264.432		2093		1		0
218.465		272.703		2480		2		0
215.608		267.384		2564		1		0
227.294		298.087		2442		2		0
232.275		311.625		2549		1		0
261.374		237.769		2448		1		0
269.115		274.266		2340		2		0
268.911		312.146		3042		2		0
272.495		323.214		2404		2		0
254.208		311.901		2599		2		0
213.258		281.1		2460		1		0
234.827		323.187		2594		2		0
231.344		335.048		2560		2		0
268.204		307.456		3153		2		0
262.183		352.129		2361		1		0
253.858		363.342		2319		1		0
257.763		349.994		2493		1		0
238.74		264.904		2128		2		0
235.005		316		2580		2		0
230.603		307.932		2514		2		0
267.993		330.426		2431		2		0
270.856		317.145		0		2		0
Frame 82
261.192		309.868		2508		2		0
248.998		285.109		2154		2		0
235.109		258.174		2350		2		0
247.535		264.562		2077		1		0
219.344		272.614		2478		2		0
213.366		260.588		2421		1		0
225.154		291.858		2388		2		0
234.072		308.935		2554		1		0
262.155		242.071		2408		2		0
269.879		278.622		2344		2		0
269.214		316.585		2967		2		0
272.406		327.02		2394		2		0
254.165		312.016		2591		2		0
213.247		281.223		2456		1		0
234.448		324.054		2599		2		0
231.186		336.016		2551		2		0
268.305		307.797		3191		2		0
262.185		352.193		2375		1		0
253.851		363.416		2340		1		0
257.76		350.055		2491		1		0
238.727		265.041		2120		2		0
235.004		310		2568		2		0
233.002		308.331		2539		2		0
270.691		334.899		2393		2		0
269.216		323.85		2451		2		0
Frame 83
261.113		310.672		2516		2		0
248.345		285.656		2164		2		0
233.907		258.686		2340		2		0
246.275		265.119		2068		1		0
218.465		274.414		2477		2		0
213.443		261.323		0		1		0
225.39		292.714		2393		2		0
234.436		309.435		2546		1		0
261.113		242.467		2398		1		0
269.379		278.901		2340		2		0
269.001		316.835		2978		2		0
271.823		327.153		2401		2		0
253.972		312.486		2605		2		0
212.083		281.741		2470		1		0
234.678		323.551		2590		2		0
231.326		335.454		2562		2		0
268.485		308.969		3129		2		0
262.106		350.111		2392		1		0
253.578		361.676		2348		1		0
257.578		347.97		2526		1		0
237.667		265.6		2108		2		0
234.508		311		2557		2		0
234		307.803		2532		2		0
269.495		334.598		2407		2		0
269.366		325.627		2422		2		0
Frame 84
261.602		310.616		2520		2		0
248.299		285.729		2225		2		0
233.816		258.789		2347		2		0
246.176		265.227		2076		1		0
219.221		273.611		2462		2		0
216.069		267.346		2528		1		0
223.77		299.336		2408		2		0
226.659		309.992		2497		1		0
260.906		242.582		2375		1		0
269.537		279.032		2344		2		0
269.067		316.847		2978		2		0
271.752		326.899		2402		2		0
254.091		312.462		2598		2		0
212.002		281.833		2462		1		0
234.741		323.099		2595		2		0
231.445		334.984		2566		2		0
269.266		308.802		0		2		0
262.428		347.032		2410		1		0
253.74		358.913		2392		1		0
257.813		344.927		2544		1		0
237.609		265.666		2094		2		0
229.182		316.82		2534		2		0
230.088		305.31		2500		2		0
269.695		334.699		2414		2		0
269.042		324.211		2430		2		0
Frame 85
261.916		310.217		2527		2		0
248.43		284.815		0		2		0
233.675		257.483		0		2		0
246.047		263.845		2065		1		0
219.543		273.057		2470		2		0
216.022		267.313		2529		1		0
228.253		298.298		2437		2		0
233.172		311.326		2558		2		0
260.629		242.247		2359		1		0
269.393		278.698		2363		2		0
269.276		316.445		3019		2		0
271.961		326.745		2402		2		0
254.254		312.08		2588		2		0
211.837		280.638		2480		1		0
234.01		325.367		2605		2		0
230.785		337.363		2539		2		0
269.914		308.394		0		2		0
262.404		347.016		2403		1		0
253.721		358.891		2400		1		0
257.792		344.913		2554		1		0
237.514		264.522		2093		2		0
236.341		315.832		2581		2		0
236.55		310.005		2589		2		0
270.269		334.453		2399		2		0
269.365		324.332		2428		2		0
Frame 86
261.891		309.996		2519		2		0
248.074		283.994		2446		2		0
232.662		255.465		2325		2		0
244.983		261.698		2058		1		0
220.191		270.895		2486		2		0
211.292		265.355		2785		2		0
224.838		295.436		2411		2		0
232.548		309.401		2539		2		0
262.582		245.75		2325		2		0
270.689		282.302		2385		2		0
269.866		319.875		2469		2		0
271.476		330.078		2409		2		0
254.012		310.269		2578		2		0
210.86		278.765		0		1		0
234.02		325.55		2602		2		0
230.631		337.497		2543		2		0
269.951		308.572		3158		2		0
262.674		346.741		2481		1		0
254.038		358.549		2394		1		0
258.085		344.658		2544		1		0
236.684		262.861		2086		2		0
234.504		313		2576		2		0
236.128		310.003		2594		2		0
269.561		337.436		2384		2		0
269.461		325.538		2431		2		0
Frame 87
260.903		307.625		2521		2		0
245.697		280.912		0		2		0
228.459		251.504		2341		2		0
240.409		257.423		2068		1		0
221.286		263.432		2510		2		0
211.113		263.236		2779		2		0
224.418		293.113		2416		2		0
233.737		309.59		2545		1		0
266.882		249.229		2313		2		0
276.067		284.858		2378		2		0
273.527		322.154		2394		2		0
270.595		337.222		2369		2		0
252.859		306.583		2573		2		0
207.048		274.881		4089		1		0
234.204		323.302		2604		2		0
231.454		335.37		2565		2		0
268.922		307.9		3201		2		0
263.242		339.046		2522		1		0
254.418		351.369		2493		1		0
251.48		365.836		2343		1		0
232.987		259.11		2453		2		0
235.004		311		2590		2		0
236.283		309.858		2594		2		0
267.753		346.499		2375		2		0
267.049		336.548		2392		2		0
Frame 88
263.286		277.657		2431		2		0
250.831		262.92		0		2		0
235.813		245.183		2083		2		0
246.552		251.219		2057		2		0
221.422		263.253		2493		2		0
210.375		254.88		2755		2		0
222.597		285.358		2387		2		0
226.847		295.982		2458		1		0
266.815		239.928		2321		2		0
275.421		275.731		2376		2		0
274.751		313.087		2379		2		0
274.198		322.364		2395		2		0
252.937		277.078		2430		2		0
208.462		265.5		2839		1		0
232.637		315.566		2565		2		0
232.135		331.673		2581		2		0
274.121		278.272		2383		2		0
263.63		337.748		2552		1		0
254.818		350.084		2500		1		0
256.554		365.506		2343		1		0
239.852		249.948		2064		2		0
228.138		297.458		2470		1		0
229.145		296.205		2468		1		0
274.864		330.857		2376		2		0
270.1		320.6		2424		2		0
Frame 89
261.033		297.082		2470		2		0
255.031		254.535		2416		2		0
248.793		210.442		2425		2		0
247.486		224.172		2136		2		0
221.728		253.44		2557		2		0
207.869		246.878		2695		2		0
217.211		277.931		2445		2		0
215.5		288.999		2516		1		0
285.797		209.834		4269		1		0
281.132		246.271		0		2		0
278.364		283.908		2369		2		0
277.403		293.428		2375		2		0
253.851		296.921		2516		2		0
209.067		277.12		0		1		0
234.453		322.217		2598		2		0
231.774		334.144		2570		2		0
268.639		297.257		0		2		0
263.001		326.918		2659		1		0
254.234		339.607		2578		1		0
252.636		352.504		2464		1		0
250.378		221.625		2197		2		0
216		290		2512		2		0
216.675		290.255		2512		1		0
272.562		301.712		2399		2		0
272.279		286.499		2414		2		0
Frame 90
261.023		295.848		2486		2		0
254.894		251.506		2547		2		0
248.383		204.377		2411		2		0
247.129		215.517		2116		2		0
212.194		239.832		2671		2		0
203.547		256.234		0		2		0
217.415		275.573		2461		2		0
219.815		285.133		2469		2		0
285.55		203.798		4260		1		0
279.858		240.135		0		2		0
277.9		277.778		2378		2		0
276.764		286.717		2381		2		0
252.864		296.451		2540		2		0
220.471		272.569		2457		2		0
234.644		321.643		2594		2		0
232.292		333.658		2571		2		0
269.354		291.624		0		2		0
265.688		316.702		0		1		0
254.677		321.35		2653		2		0
260.43		331.465		2602		2		0
250.053		216.455		2085		2		0
222.859		286.288		2445		2		0
218.99		287.738		2492		2		0
274.392		295.699		2377		2		0
272.712		287		2408		2		0
Frame 91
261.292		288.584		2473		2		0
256.843		243.869		2558		2		0
252.208		197.43		2422		2		0
248.712		207.143		2060		2		0
213.506		232.855		2648		2		0
207.994		249.653		2775		2		0
215.992		268.925		2508		2		0
217.995		272.173		2478		1		0
289.374		196.886		4259		1		0
281.214		232.53		0		2		0
278.198		270.148		2368		2		0
276.858		279.689		2375		2		0
253.11		291.119		2531		2		0
216.622		269.96		2487		2		0
234.652		321.398		2594		2		0
232.355		332.963		2572		2		0
269.511		287.478		0		2		0
258.644		294.349		2511		2		0
254.381		321.012		2649		2		0
260.017		330.734		2612		2		0
253.387		209.222		2053		2		0
219.75		273.75		2456		2		0
216.248		275.248		2491		2		0
272.562		287.712		2387		2		0
271.543		272.91		2438		2		0
Frame 92
256.77		270.054		2461		2		0
255.297		250.498		2539		2		0
253.581		230.262		2395		2		0
249.578		220.284		2108		2		0
213.377		226.485		2643		2		0
203.822		237.377		0		2		0
213.06		260.404		2576		2		0
217.797		269.673		2494		1		0
291.213		229.544		4292		1		0
275.683		252.187		2375		2		0
276.097		285.119		2365		2		0
274.504		294.575		2367		2		0
248.923		267.706		2524		2		0
216.234		275.691		2521		2		0
234.753		320.849		2598		2		0
232.549		332.592		2578		2		0
265.201		272.582		2476		2		0
258.595		294.769		2532		2		0
255.045		318.551		2658		2		0
258.656		329.918		2617		2		0
254.003		235.521		2589		2		0
219.342		273.886		2465		2		0
217.411		268.882		2494		2		0
273.266		303.333		2349		2		0
270.69		296.305		2366		2		0
Frame 93
256.843		259.3		2506		2		0
249.8		239.151		2583		2		0
242.095		217.146		2345		2		0
243.945		205.852		2069		2		0
211.571		202.259		2341		2		0
208.759		221.876		2636		2		0
216.166		253.588		2583		2		0
219.394		264.11		2506		1		0
267.776		208.725		2309		2		0
276.353		243.154		2374		2		0
275.337		277.109		2367		2		0
273.979		286.884		2363		2		0
248.174		254.225		2582		2		0
225.035		284.433		2484		2		0
234.867		320.417		2603		2		0
232.684		332.248		2578		2		0
266.387		264.896		2502		2		0
257.874		296.831		2588		2		0
255.725		316.817		2654		2		0
258.236		328.516		2620		2		0
244.089		222.837		2392		2		0
221.141		272.286		2469		2		0
222.712		260.205		2497		2		0
273		295.5		2348		2		0
268.777		287.11		2387		2		0
Frame 94
255.543		219.835		2518		2		0
250.848		210.925		2356		2		0
245.113		200.046		2147		2		0
243.987		187.739		2073		2		0
215.438		200.261		2378		2		0
209.105		214.212		2617		2		0
215.922		247.338		2629		2		0
219.646		258.263		2526		1		0
268.578		201.519		2307		2		0
275.978		232.687		2374		2		0
274.597		270.397		2368		2		0
272.641		280.342		2349		2		0
243.642		218.472		2439		2		0
230.615		267.876		2481		2		0
234.931		320.13		2605		2		0
233.875		334.372		2559		2		0
267.873		221.251		2379		2		0
258.511		276.368		2473		2		0
255.816		316.769		2652		2		0
258.457		328.88		2614		2		0
246.663		202.985		2147		2		0
220.896		266.401		2504		2		0
222.832		255.103		2524		2		0
271.672		288.6		2344		2		0
268.711		279.891		2367		2		0
Frame 95
251.425		222.581		2593		2		0
251.109		208.661		2406		2		0
251.112		187.824		2186		2		0
245.363		174.286		2062		2		0
228.649		193.671		2343		1		0
210.514		207.108		2602		2		0
208.184		226.665		2686		2		0
210.194		233.209		2709		1		0
264.801		202.078		2348		2		0
276.273		225.903		2368		2		0
274.568		259.977		2361		2		0
272.417		270.092		2354		2		0
240.372		218.145		2568		2		0
230.273		266.719		2490		2		0
234.943		319.929		2606		2		0
232.566		334.158		2572		2		0
263.343		227.195		2596		2		0
258.093		279.109		2503		2		0
255.953		316.566		2663		2		0
258.641		328.464		2620		2		0
251.161		193.082		2322		2		0
210.5		239.75		2751		2		0
213.715		233.578		2708		2		0
271.386		277.624		2344		2		0
268.003		268.98		2375		2		0
Frame 96
245.715		221.437		2590		2		0
248.956		203.584		2410		2		0
252.239		179.991		2282		2		0
245.328		164.436		2079		2		0
223.363		186.529		2358		2		0
211.227		204.678		2612		2		0
211.66		229.332		2694		2		0
211.896		233.709		2741		1		0
264.675		194.523		2352		2		0
275.616		220.463		2370		2		0
274		253.255		2357		2		0
271.443		263.213		2341		2		0
235.765		219.6		2597		2		0
228.446		268.6		2499		2		0
234.958		319.745		2612		2		0
233.087		331.869		2580		2		0
255.701		223.285		2592		2		0
258.602		268.24		2504		2		0
256.16		316.201		2666		2		0
258.689		328.37		2627		2		0
251.26		186.967		2325		2		0
213.001		237		2744		2		0
215.401		233.305		2713		2		0
268.831		271.666		2345		2		0
266.919		260.323		2405		2		0
Frame 97
247.044		220.347		2573		2		0
246.396		196.138		2403		2		0
245.602		166.988		2171		2		0
246.514		154.105		2095		2		0
220.861		172.701		2356		2		0
212.236		195.873		2594		2		0
210.612		220.829		2668		2		0
210.694		225.911		2668		2		0
268.766		177.329		2322		2		0
275.241		212.708		2376		2		0
273.386		244.836		2365		2		0
270.943		255		2357		2		0
237.582		219.832		2583		2		0
228.582		267.233		2509		2		0
235.092		319.324		2615		2		0
233.099		331.857		2581		2		0
256.521		220.865		2570		2		0
258.775		268.835		2518		2		0
256.362		315.809		2661		2		0
258.768		328.214		2626		2		0
245.817		174.824		2289		2		0
211.5		233.124		2719		2		0
215		223.75		2679		2		0
268.668		262.666		2342		2		0
266.436		253.745		2369		2		0
Frame 98
247.122		220.744		2543		2		0
246.702		193.977		2417		2		0
246.659		158.683		2181		2		0
246.843		144.895		2103		2		0
221.346		167.042		2357		2		0
211.97		190.67		2576		2		0
210.561		219.32		2649		2		0
210.467		225.202		2672		2		0
269.092		173.177		2336		2		0
274.666		204.942		2381		2		0
272.569		238.768		2359		2		0
269.642		248.709		2340		2		0
237.503		220.289		2559		2		0
228.863		266.647		2505		2		0
235.181		318.848		2623		2		0
233.089		331.79		2580		2		0
256.751		221.203		2573		2		0
259.116		267.794		2520		2		0
256.493		315.674		2667		2		0
258.83		328.066		2621		2		0
246.672		168.144		2330		2		0
211.601		231.8		2694		2		0
214.296		225.006		2679		2		0
266.765		256.538		2337		2		0
265.285		247.711		2356		2		0
Frame 99
244.24		228.327		2539		2		0
245.048		191.986		2429		2		0
245.923		151.249		2206		2		0
247.098		137.138		2131		2		0
220.781		163.086		2372		2		0
211.735		188.54		2578		2		0
210.703		219.462		2628		2		0
210.716		224.818		2664		2		0
268.435		167.109		2348		2		0
274.304		201.382		2387		2		0
272.226		230.72		2349		2		0
269.127		240.672		2344		2		0
234.748		227.822		2543		2		0
229.294		271.603		2515		2		0
235.213		318.705		2610		2		0
232.97		331.738		2581		2		0
253.745		228.835		2554		2		0
259.859		272.077		2543		2		0
256.565		315.562		2666		2		0
258.88		328.112		2619		2		0
245.893		163.154		2341		2		0
211.998		231		2684		2		0
214.385		226.699		2654		2		0
266.264		248.533		2327		2		0
265.398		242.198		2336		2		0
Frame 100
244.186		226.769		2518		2		0
245.127		189.314		2428		2		0
246.236		146.637		2216		2		0
247.125		130.469		2136		2		0
220.454		157.469		2378		2		0
212.318		185.274		2571		2		0
211.103		217.382		2606		2		0
210.554		223.018		2649		2		0
268.614		162.966		2354		2		0
274.365		194.86		2399		2		0
271.727		224.802		2355		2		0
268.847		234.168		2343		2		0
234.73		226.148		2533		2		0
229.683		270.082		2530		2		0
235.208		318.563		2616		2		0
232.933		331.721		2582		2		0
253.664		227.375		2543		2		0
259.842		271.382		2544		2		0
256.855		315.097		2666		2		0
258.923		328.182		2624		2		0
246.004		157.153		2354		2		0
211.001		229.501		2651		2		0
212.402		224.201		2661		2		0
266.001		242.5		2316		2		0
264.498		234.666		2343		2		0
Frame 101
244.097		224.694		2504		2		0
245.026		185.834		2429		2		0
246.005		142.006		2243		2		0
246.971		126.12		2164		2		0
220.495		155.26		2396		2		0
212.257		184.034		2570		2		0
211.268		217.228		2592		2		0
210.738		222.322		2617		2		0
268.572		159.045		2369		2		0
274.489		191.982		2405		2		0
271.31		219.936		2351		2		0
267.11		228.839		2337		2		0
234.836		223.917		2533		2		0
230.158		270.136		2542		2		0
235.172		318.459		2613		2		0
233.01		331.525		2581		2		0
253.393		225.46		2537		2		0
259.945		271.01		2567		2		0
256.952		314.712		2666		2		0
258.921		328.049		2617		2		0
245.795		153.708		2366		2		0
211.502		229.501		2632		2		0
212.668		226.333		2648		2		0
263.749		236.375		2313		2		0
262.586		228.403		2355		2		0
Frame 102
244.082		223.092		2494		2		0
244.976		183.355		2430		2		0
245.883		138.95		2275		2		0
246.986		121.765		2188		2		0
220.347		152.574		2405		2		0
212.376		182.863		2559		2		0
212.057		216.955		2573		2		0
211.215		222.146		2597		2		0
268.701		156.166		2380		2		0
274.769		189.136		2412		2		0
270.884		214.978		2353		2		0
266.793		222.922		2325		2		0
234.883		222.282		2514		2		0
230.843		269.877		2532		2		0
235.312		318.424		2620		2		0
232.983		331.486		2580		2		0
253.308		223.903		2519		2		0
260.176		270.442		2556		2		0
256.921		314.82		2660		2		0
258.954		328.083		2620		2		0
245.658		150.297		2382		2		0
211.9		229.4		2600		2		0
215.39		221.612		2577		2		0
263.819		231.364		2300		2		0
262.428		221.855		2357		2		0
Frame 103
244.375		222.034		2485		2		0
245.042		181.097		2424		2		0
245.571		135.762		2293		2		0
246.91		119.195		2207		2		0
220.37		150.496		2416		2		0
212.558		181.995		2551		2		0
212.414		216.506		2547		2		0
211.588		221.193		2559		2		0
268.835		154.065		2393		2		0
274.894		185.962		2428		2		0
270.603		211.044		2351		2		0
266.077		218.205		2321		2		0
235.243		221.352		2508		2		0
231.402		269.726		2548		2		0
235.349		318.395		2621		2		0
232.986		331.489		2579		2		0
253.528		222.706		2506		2		0
260.272		270.156		2562		2		0
256.836		314.829		2664		2		0
258.97		328.036		2614		2		0
245.467		147.446		2391		2		0
212.182		229.364		2577		2		0
216.334		222.113		2562		2		0
262.447		227.112		2292		2		0
262		216.996		2334		2		0
Frame 104
244.719		221.271		2486		2		0
245.057		179.622		2422		2		0
245.18		134.192		2328		2		0
246.446		116.85		2229		2		0
219.919		149.315		2422		2		0
212.653		181.862		2534		2		0
212.847		216.87		2529		2		0
212.235		222.103		2539		2		0
268.582		152.738		2403		2		0
275.597		183.208		2438		2		0
270.063		206.881		2349		2		0
264.56		213.945		2303		2		0
235.628		220.736		2502		2		0
231.656		269.602		2543		2		0
235.368		318.298		2628		2		0
232.996		331.474		2579		2		0
253.827		221.791		2418		2		0
260.322		270.326		2564		2		0
257.054		314.456		2669		2		0
258.973		328.028		2616		2		0
245.174		145.775		2395		2		0
213.182		230.364		2557		2		0
216.753		220.743		2535		2		0
259.626		222.125		2290		2		0
261.002		211.567		2329		2		0
Frame 105
244.996		220.556		2466		2		0
244.935		179		2419		2		0
244.211		135.824		2381		2		0
245.893		116.712		2254		2		0
219.839		148.916		2433		2		0
212.943		182.153		2532		2		0
213.621		217.36		2501		2		0
212.917		222.346		2509		2		0
268.398		150.862		2412		2		0
275.803		182.154		2447		2		0
269.234		204.24		2350		2		0
262.48		210.493		2297		2		0
235.95		220.199		2493		2		0
231.715		269.379		2548		2		0
235.529		317.913		2623		2		0
233.066		331.365		2580		2		0
254.055		220.883		2470		2		0
260.544		269.933		2562		2		0
257.085		314.415		2671		2		0
258.993		327.97		2626		2		0
244.416		146.558		2407		2		0
214.375		231.375		2529		2		0
217.405		220.798		2511		2		0
258.072		217.646		2285		2		0
260.901		207.398		2302		2		0
Frame 106
245.166		220.243		2453		2		0
244.836		178.604		2421		2		0
244.081		135.584		2435		2		0
245.55		115.263		2270		2		0
219.664		148.639		2444		2		0
212.936		182.524		2518		2		0
214.185		217.752		2484		2		0
213.425		222.267		2486		2		0
268.153		150.093		2422		2		0
276.079		181.173		2447		2		0
268.338		202.03		2350		2		0
260.912		206.198		2301		2		0
236.141		220.008		2484		2		0
231.724		269.146		2548		2		0
235.363		317.465		2628		2		0
233.055		330.974		2588		2		0
254.204		220.442		2473		2		0
260.795		269.553		2558		2		0
257.138		314.304		2666		2		0
258.888		327.663		2626		2		0
244.291		146.344		2424		2		0
213.999		231.334		2504		2		0
218.547		219.363		2496		2		0
255.769		212.386		2288		2		0
260.333		202.731		2297		2		0
Frame 107
245.236		220.017		2447		2		0
244.702		178.186		2427		2		0
243.768		134.935		2432		2		0
244.968		113.908		2285		2		0
219.5		148.549		2451		2		0
213.004		182.99		2516		2		0
215.065		218.052		2460		2		0
214.107		222.77		2467		2		0
267.953		149.534		2432		2		0
276.385		180.263		2441		2		0
264.858		199.295		2316		2		0
259.132		202.281		2297		2		0
236.205		219.887		2470		2		0
231.769		268.838		2551		2		0
235.394		316.54		2625		2		0
233.025		330.978		2583		2		0
254.282		220.122		2463		2		0
260.808		269.496		2555		2		0
257.165		314.307		2668		2		0
258.938		327.715		2619		2		0
244.025		145.799		2428		2		0
214.803		230.902		2461		2		0
218.573		225.286		2465		2		0
253.998		207.001		2291		2		0
259.238		198.879		2293		2		0
Frame 108
245.256		219.78		2440		2		0
244.432		177.764		2429		2		0
243.07		134.34		2450		2		0
244.416		113.045		2295		2		0
219.288		148.563		2458		2		0
212.987		183.313		2518		2		0
215.684		218.214		2438		2		0
214.47		222.127		2441		2		0
267.68		148.827		2443		2		0
276.85		179.287		2453		2		0
262.333		198.727		2298		2		0
257.579		198.632		2320		2		0
236.211		219.793		2471		2		0
231.851		268.697		2561		2		0
235.308		315.572		2626		2		0
233.051		330.947		2585		2		0
254.319		219.733		2462		2		0
260.99		268.668		2544		2		0
257.17		314.302		2672		2		0
258.988		327.624		2628		2		0
243.443		145.253		2438		2		0
215.586		230.335		2443		2		0
219.076		219.288		2460		2		0
252.666		201.535		2278		2		0
258.898		194.26		2297		2		0
Frame 109
245.312		219.568		2437		2		0
244.239		177.397		2426		2		0
242.581		133.888		2458		2		0
244.043		112.637		2305		2		0
219.074		148.592		2464		2		0
213.046		183.589		2521		2		0
216.565		217.737		2418		2		0
215.57		221.594		2418		2		0
267.57		148.351		2442		2		0
277.061		178.408		2452		2		0
260.009		194.167		2290		2		0
256.099		195.244		2323		2		0
236.227		219.717		2465		2		0
232.041		268.762		2558		2		0
235.288		315.398		2637		2		0
233.054		330.92		2583		2		0
254.418		219.386		2449		2		0
260.999		268.498		2544		2		0
257.224		314.219		2667		2		0
259.19		327.903		2628		2		0
243.025		144.805		2441		2		0
216.469		228.403		2408		2		0
218.084		219.162		2420		2		0
251.471		198.592		2285		2		0
251.836		193.998		2316		2		0
Frame 110
245.438		219.439		2443		2		0
244.201		177.155		2431		2		0
242.491		133.68		2459		2		0
243.64		112.059		2316		2		0
218.925		148.713		2468		2		0
212.819		183.78		2519		2		0
218.953		214.194		2398		2		0
218.385		218.738		2402		2		0
267.504		148.109		2447		2		0
277.279		177.938		2458		2		0
259.691		193.303		2297		2		0
254.734		193.046		2283		2		0
236.304		219.675		2464		2		0
232.11		268.587		2562		2		0
235.266		315.183		2640		2		0
232.967		330.672		2588		2		0
254.596		219.174		2456		2		0
260.996		268.373		2542		2		0
257.26		314.295		2662		2		0
259.216		328.115		2622		2		0
242.94		144.573		2447		2		0
218.854		224.892		2393		2		0
213.728		213.895		2412		2		0
249.733		197.201		2291		2		0
253.356		189.49		2302		2		0
Frame 111
245.637		219.356		2440		2		0
244.173		176.973		2432		2		0
242.277		133.534		2470		2		0
243.32		111.759		2318		2		0
218.838		148.75		2466		2		0
212.712		183.592		2521		2		0
215.917		205.128		2404		2		0
219.087		213.447		2370		2		0
267.348		147.895		2459		2		0
277.393		177.431		2458		2		0
259.623		192.132		2307		2		0
254.519		190.929		2280		2		0
236.498		219.712		2462		2		0
232.102		268.592		2556		2		0
235.247		315.042		2630		2		0
233.072		330.564		2586		2		0
254.81		218.963		2446		2		0
260.977		268.183		2539		2		0
257.265		314.292		2669		2		0
259.038		327.844		2632		2		0
242.776		144.408		2450		2		0
222.523		220.622		2369		2		0
216.647		213.697		2375		2		0
249.914		195.499		2295		2		0
257.002		190.231		2286		2		0
Frame 112
245.668		219.27		2425		2		0
244.09		176.759		2430		2		0
242.109		133.348		2473		2		0
243.039		111.57		2326		2		0
218.745		148.691		2473		2		0
212.451		182.508		2506		2		0
216.658		203.101		2391		2		0
221.34		208.574		2346		2		0
267.249		147.784		2449		2		0
277.27		177.279		2459		2		0
259.592		191.368		2343		2		0
254.475		189.081		2294		2		0
236.539		219.668		2459		2		0
232.06		268.644		2551		2		0
235.282		315.014		2626		2		0
233.126		330.506		2587		2		0
254.83		218.848		2442		2		0
261.035		268.028		2537		2		0
257.274		314.231		2671		2		0
259.005		327.751		2630		2		0
242.624		144.207		2448		2		0
225.48		214.604		2347		2		0
219.114		214.783		2386		2		0
250.454		192.823		2307		2		0
254.5		196.004		2299		2		0
Frame 113
245.631		219.193		2434		2		0
243.953		176.609		2429		2		0
241.926		133.287		2478		2		0
242.825		111.396		2330		2		0
218.578		148.689		2467		2		0
212.379		181.507		2509		2		0
218.871		200.212		2374		2		0
223.753		203.618		2342		2		0
267.257		147.76		2453		2		0
277.705		176.537		2457		2		0
259.193		187.535		2314		2		0
253.842		187.492		2285		2		0
236.524		219.603		2461		2		0
232.031		268.629		2543		2		0
235.292		314.969		2642		2		0
233.097		330.488		2585		2		0
254.764		218.766		2451		2		0
261.049		267.979		2541		2		0
257.281		314.207		2673		2		0
258.978		327.731		2634		2		0
242.446		144.123		2449		2		0
229.264		208.16		2333		2		0
219.996		206.813		2371		2		0
250.109		191.002		2291		2		0
253.975		194.66		2296		2		0
Frame 114
245.57		219.093		2439		2		0
243.842		176.476		2434		2		0
241.825		133.257		2473		2		0
242.599		111.318		2334		2		0
218.498		148.553		2482		2		0
212.385		180.533		2505		2		0
219.839		196.882		2377		2		0
226.048		198.823		2324		2		0
267.25		147.718		2457		2		0
277.781		176.465		2460		2		0
263.288		184.34		2360		2		0
253.985		185.532		2282		2		0
236.478		219.495		2460		2		0
231.945		268.641		2543		2		0
235.303		314.948		2634		2		0
233.081		330.509		2585		2		0
254.69		218.677		2456		2		0
261.071		267.92		2542		2		0
257.287		314.161		2675		2		0
258.975		327.69		2626		2		0
242.34		144.067		2454		2		0
231.929		202.147		2320		2		0
227.547		204.55		2336		2		0
249.408		188.505		2299		2		0
255.196		189.476		2295		2		0
Frame 115
245.527		219.038		2433		2		0
243.731		176.363		2434		2		0
241.715		133.238		2477		2		0
242.452		111.144		2334		2		0
218.417		148.539		2475		2		0
212.388		179.737		2499		2		0
221.291		192.643		2364		2		0
228.107		194.274		2318		2		0
267.21		147.735		2463		2		0
277.772		176.439		2448		2		0
262.916		184.019		2365		2		0
253.4		184.513		2289		2		0
236.444		219.424		2465		2		0
231.885		268.62		2541		2		0
235.325		314.893		2633		2		0
233.094		330.477		2588		2		0
254.635		218.638		2448		2		0
261.08		267.872		2547		2		0
257.295		314.066		2678		2		0
259.015		327.519		2628		2		0
242.226		144.023		2454		2		0
233.001		198.089		2319		2		0
225.052		198.267		2350		2		0
248.466		186.804		2306		2		0
252.433		190.714		2305		2		0
Frame 116
245.454		218.979		2429		2		0
243.701		176.326		2431		2		0
241.712		133.231		2474		2		0
242.411		111.084		2335		2		0
218.41		148.544		2475		2		0
212.332		179.133		2482		2		0
228.601		188.904		2323		2		0
231.135		191.185		2319		2		0
267.203		147.756		2457		2		0
277.71		176.368		2442		2		0
262.532		183.219		2363		2		0
252.941		183.502		2282		2		0
236.38		219.361		2451		2		0
231.834		268.61		2535		2		0
235.339		314.923		2631		2		0
233.072		330.56		2580		2		0
254.554		218.585		2444		2		0
261.091		267.849		2537		2		0
257.287		314.076		2668		2		0
259.04		327.757		2622		2		0
242.219		144.012		2449		2		0
236.073		194.716		2315		2		0
228.249		195.918		2345		2		0
248.128		185.006		2301		2		0
253.975		186.936		2289		2		0
Frame 117
245.392		218.865		2439		2		0
243.641		176.211		2428		2		0
241.702		133.2		2479		2		0
242.38		110.988		2333		2		0
218.435		148.508		2469		2		0
212.153		178.645		2481		2		0
230.458		186.645		2321		2		0
232.395		188.048		2316		2		0
267.209		147.775		2458		2		0
277.609		176.327		2452		2		0
262.143		182.721		2364		2		0
251.864		182.554		2285		2		0
236.33		219.239		2459		2		0
231.676		268.523		2550		2		0
235.339		314.923		2633		2		0
233.088		330.554		2586		2		0
254.478		218.48		2446		2		0
261.073		267.814		2540		2		0
257.266		314.091		2674		2		0
259.081		327.678		2629		2		0
242.197		143.964		2456		2		0
238.001		189.9		2318		2		0
229.759		191.858		2336		2		0
246.554		182.393		2287		2		0
249.934		188.003		2304		2		0
Frame 118
245.369		218.761		2433		2		0
243.632		176.116		2402		2		0
241.719		133.156		2477		2		0
242.366		110.941		2329		2		0
218.443		148.489		2473		2		0
212.029		178.328		2486		2		0
225.597		184.743		2361		2		0
232.761		185.128		2316		2		0
267.243		147.77		2460		2		0
278.712		178.085		2461		2		0
261.805		181.86		2363		2		0
250.932		181.87		2291		2		0
236.326		219.116		2465		2		0
231.665		268.533		2535		2		0
235.343		314.919		2627		2		0
233.104		330.54		2588		2		0
254.438		218.393		2450		2		0
261.02		267.934		2544		2		0
257.275		314.097		2670		2		0
259.099		327.748		2628		2		0
242.208		143.912		2458		2		0
238.802		186.053		2315		2		0
230.955		189.927		2332		2		0
246.314		181.792		2286		2		0
243.001		183.601		2351		2		0
Frame 119
245.327		218.673		2433		2		0
243.629		176.041		2357		2		0
241.767		133.104		2474		2		0
242.385		110.895		2327		2		0
218.498		148.422		2472		2		0
211.976		178.111		2471		2		0
230.702		184.732		2322		2		0
235.606		184.171		2309		1		0
267.25		147.765		2453		2		0
279.086		179.425		2469		2		0
255.868		179.908		2291		2		0
251.503		180.795		2295		2		0
236.294		219.01		2460		2		0
231.615		268.574		2542		2		0
235.354		314.917		2636		2		0
233.104		330.54		2585		2		0
254.387		218.321		2448		2		0
261.027		267.902		2549		2		0
257.281		314.05		2673		2		0
259.098		327.649		2627		2		0
242.241		143.856		2454		2		0
241.126		182.876		2311		2		0
236.237		188.531		2322		2		0
246.165		180.252		2287		2		0
249.338		185.202		2301		2		0
Frame 120
245.314		218.616		2434		2		0
243.637		175.997		2349		2		0
241.812		133.06		2472		2		0
242.455		110.832		2327		2		0
218.546		148.374		2467		2		0
211.902		177.994		2473		2		0
235.546		182.592		2312		2		0
240.867		181.843		2311		1		0
267.341		147.86		2464		2		0
279.256		179.607		2468		2		0
256.025		179.775		2303		2		0
251.726		180.177		2296		2		0
236.287		218.941		2452		2		0
231.603		268.555		2539		2		0
235.361		314.959		2640		2		0
233.074		330.606		2585		2		0
254.367		218.269		2454		2		0
261.029		267.952		2548		2		0
257.283		314.048		2669		2		0
259.096		327.678		2629		2		0
242.273		143.815		2447		2		0
250.126		181.876		2283		2		0
246.473		182.755		2306		2		0
246.721		180.361		2294		2		0
248.203		184.603		2306		2		0
Frame 121
245.32		218.569		2426		2		0
243.672		175.973		2344		2		0
241.948		133.068		2471		2		0
242.543		110.885		2322		2		0
218.658		148.159		2469		2		0
211.895		177.649		2469		2		0
235.495		181.925		2315		2		0
240.802		180.714		2313		1		0
267.372		147.86		2460		2		0
278.215		178.561		2458		2		0
256.124		179.363		2300		2		0
251.862		179.076		2289		2		0
236.302		218.881		2453		2		0
231.593		268.563		2544		2		0
235.364		314.958		2638		2		0
233.049		330.584		2588		2		0
254.364		218.238		2456		2		0
261.014		267.875		2546		2		0
257.287		314.031		2668		2		0
259.087		327.735		2626		2		0
242.375		143.811		2446		2		0
250.126		180.877		2274		2		0
244.174		183.204		2429		2		0
247.619		179.375		2290		2		0
249.696		183.93		2296		2		0
Frame 122
245.328		218.562		2439		2		0
243.715		175.963		2332		2		0
242.073		133.073		2472		2		0
242.9		111.016		2326		2		0
218.881		148.061		2469		2		0
211.832		177.566		2470		2		0
228.979		182.064		2337		2		0
233.862		180.724		2314		1		0
267.515		147.95		2463		2		0
277.955		178.231		2455		2		0
256.309		178.727		2305		2		0
252.055		178.027		2285		2		0
236.322		218.867		2456		2		0
231.53		268.519		2551		2		0
235.361		314.928		2634		2		0
233.018		330.608		2585		2		0
254.366		218.235		2447		2		0
261.024		267.786		2548		2		0
257.264		313.855		2676		2		0
259.07		327.651		2630		2		0
242.476		143.812		2449		2		0
240.167		178.167		2314		2		0
236.402		184.534		2324		2		0
247.427		178.003		2282		2		0
249.905		183.203		2316		2		0
Frame 123
245.315		218.502		2430		2		0
243.763		175.938		2344		2		0
242.261		133.092		2469		2		0
243.304		111.133		2316		2		0
218.995		147.938		2469		2		0
211.701		177.409		2460		2		0
226.062		181.336		2346		2		0
230.856		180.178		2322		2		0
267.631		147.967		2453		2		0
278.704		179.613		2458		2		0
256.879		177.826		2299		2		0
251.453		176.109		2275		2		0
236.315		218.788		2455		2		0
231.509		268.471		2541		2		0
235.379		314.863		2640		2		0
233.011		330.589		2583		2		0
254.346		218.197		2449		2		0
261.025		267.748		2547		2		0
257.316		313.676		2680		2		0
259.061		327.637		2625		2		0
242.62		143.816		2438		2		0
237.231		178.387		2317		2		0
232.994		185.471		2350		2		0
246.998		172.78		2283		2		0
242.573		175.713		2335		2		0
