grasp
Frame 0
249.128		202.647		3591		2		0
248.395		172.368		3563		2		0
247.661		141.632		3572		2		0
249.933		126.999		3445		2		0
234.079		152.119		3546		2		0
227.558		178.364		3605		2		0
227.358		200.793		3580		2		0
227.953		204.666		3576		2		0
263.753		153.044		3600		2		0
267.947		178.211		3668		2		0
269.618		200.217		3651		2		0
269.671		204.183		3639		2		0
242.457		202.557		3627		2		0
237.049		237.893		3596		2		0
237.772		267.407		3801		2		0
236.228		278.059		3763		2		0
255.785		202.743		3640		2		0
256.736		235.201		3714		2		0
251.919		267.459		3865		2		0
255.779		276.607		3804		2		0
247.845		149.365		3561		2		0
228.224		210.445		3592		2		0
225.1		205.9		3594		2		0
270.163		209.668		3658		2		0
272		204.889		3618		2		0
Frame 1
249.656		202.976		3576		2		0
248.97		172.688		3548		2		0
248.248		141.873		3564		2		0
250.296		127.154		3428		2		0
234.566		152.421		3541		2		0
227.712		178.449		3612		2		0
227.491		200.796		3579		2		0
228.026		203.927		3560		2		0
264.287		153.147		3596		2		0
268.856		178.557		3655		2		0
270.005		200.709		3637		2		0
270.181		206.176		3640		2		0
242.972		202.817		3614		2		0
237.326		237.153		3570		2		0
238.775		268.773		3794		2		0
233.437		277.45		3790		2		0
256.32		203.138		3622		2		0
256.877		236.019		3719		2		0
251.909		267.561		3857		2		0
254.33		278.494		3772		2		0
248.432		149.632		3565		2		0
227.626		209.625		3594		2		0
225.501		207.627		3570		2		0
270.498		211		3653		2		0
272.4		205.067		3624		2		0
Frame 2
250.106		203.04		3584		2		0
249.418		172.713		3550		2		0
248.691		141.833		3554		2		0
250.772		127.489		3416		2		0
234.908		152.487		3524		2		0
227.888		178.277		3584		2		0
227.478		200.63		3552		2		0
227.93		203.722		3552		2		0
264.724		153.251		3568		2		0
269.257		178.568		3650		2		0
270.585		200.758		3642		2		0
270.894		206.344		3633		2		0
243.391		202.847		3585		2		0
237.594		237.478		3536		2		0
239.516		268.577		3754		2		0
241.443		279.1		3675		2		0
256.791		203.231		3623		2		0
256.88		236.217		3715		2		0
251.982		267.539		3847		2		0
256.948		277.15		3788		2		0
248.876		149.61		3541		2		0
227.574		209.715		3559		2		0
224.713		205.858		3578		2		0
270.995		211		3644		2		0
273.5		206.5		3618		2		0
Frame 3
250.495		203.171		3574		2		0
249.872		172.815		3532		2		0
249.224		141.85		3532		2		0
251.361		127.543		3388		2		0
235.349		152.635		3514		2		0
228.096		178.466		3582		2		0
227.624		200.934		3534		2		0
228.144		204.475		3531		2		0
265.431		153.249		3545		2		0
270.082		178.808		3619		2		0
271.046		201.159		3621		2		0
271.33		206.745		3618		2		0
243.717		202.921		3590		2		0
237.765		236.628		3516		2		0
240.666		269.689		3683		2		0
241.206		281.499		3608		2		0
257.244		203.423		3633		2		0
256.812		236.37		3712		2		0
251.847		268.402		3861		2		0
257.801		276.982		3817		2		0
249.388		149.655		3512		2		0
228.377		210.376		3550		2		0
224.57		205.571		3559		2		0
271.498		212		3657		2		0
273.454		208.004		3619		2		0
Frame 4
250.616		203.166		3570		2		0
250.122		172.835		3509		2		0
249.633		141.858		3511		2		0
251.908		127.492		3369		2		0
235.658		152.584		3492		2		0
228.125		178.437		3564		2		0
227.702		200.838		3536		2		0
228.016		203.901		3519		2		0
265.737		153.168		3533		2		0
270.262		178.945		3611		2		0
271.614		201.332		3602		2		0
271.265		207.007		3608		2		0
243.783		202.873		3557		2		0
238.387		235.63		3485		2		0
241.547		273.34		3629		2		0
242.079		283.65		3555		2		0
257.425		203.463		3612		2		0
256.982		236.307		3701		2		0
251.721		269.458		3844		2		0
257.239		277.111		3794		2		0
249.754		149.669		3501		2		0
227.288		209.715		0		2		0
224.545		204.455		3533		2		0
271.497		212		3635		2		0
273.112		205.222		3595		2		0
Frame 5
250.89		203.389		3546		2		0
250.583		173.148		3501		2		0
250.299		142.145		3491		2		0
252.154		127.746		3337		2		0
235.982		152.556		3469		2		0
228.388		178.044		3540		2		0
227.451		200.556		3514		2		0
227.536		204.211		3503		2		0
266.381		153.326		3514		2		0
270.438		179.096		3604		2		0
272.542		201.514		3590		2		0
271.594		207.337		3597		2		0
244.032		203.123		3547		2		0
238.979		236.73		3456		2		0
242.443		275.411		3559		2		0
241.566		285.79		3493		2		0
257.722		203.655		3602		2		0
256.991		236.917		3694		2		0
251.726		269.441		3838		2		0
257.318		277.043		3792		2		0
250.368		149.977		3480		2		0
227.249		210.5		3555		2		0
223.908		203.633		0		2		0
271.996		212		3623		2		0
273.5		207.5		3587		2		0
Frame 6
251.365		204.023		3526		2		0
251.013		173.61		3467		2		0
250.627		142.336		3472		2		0
252.411		128.109		3317		2		0
236.021		153.129		3450		2		0
228.383		178.628		3529		2		0
227.315		201.353		3495		2		0
227.17		206.835		3503		2		0
266.542		153.45		3496		2		0
270.874		179.596		3576		2		0
272.906		202.174		3577		2		0
271.613		207.908		3585		2		0
244.539		203.846		3527		2		0
239.479		238.328		3446		2		0
243.021		276.794		3498		2		0
242.265		287.807		3422		2		0
258.165		204.204		3590		2		0
257		237.192		3698		2		0
251.918		264.667		3859		2		0
257.39		275.382		3826		2		0
250.726		150.24		3454		2		0
227.001		212		3517		2		0
223.614		206.151		3523		2		0
271.498		213		3598		2		0
273.692		208.306		3582		2		0
Frame 7
251.537		204.424		3497		2		0
251.077		174.195		3462		2		0
250.513		143.086		3453		2		0
252.532		128.474		3288		2		0
235.785		153.36		3438		2		0
228.379		178.921		3515		2		0
227.076		201.828		3490		2		0
227.029		207.12		3490		2		0
266.876		154.025		3462		2		0
271.071		179.916		3563		2		0
272.895		202.59		3562		2		0
271.594		208.568		3564		2		0
244.693		204.209		3515		2		0
240.109		239.882		3425		2		0
243.089		276.228		3453		2		0
243.012		288.022		3355		2		0
258.357		204.64		3558		2		0
256.995		237.652		3708		2		0
251.874		270.669		3847		2		0
260.247		279.27		3772		2		0
250.664		150.955		3432		2		0
226.998		212.5		3521		2		0
223.428		208.715		3493		2		0
271.998		214		3600		2		0
273.4		212.4		3569		2		0
Frame 8
251.164		205.848		3485		2		0
250.922		175.253		3428		2		0
250.662		143.61		3423		2		0
252.707		128.846		3255		2		0
235.815		153.904		3408		2		0
228.324		179.65		3485		2		0
226.889		202.838		3478		2		0
226.964		208.326		3477		2		0
267.118		154.791		3437		2		0
271.526		180.891		3527		2		0
273.263		203.791		3536		2		0
271.894		209.609		3543		2		0
244.365		205.535		3499		2		0
240.662		239.823		3409		2		0
243.66		279.198		3388		2		0
243.017		291.67		3255		2		0
257.945		206.151		3549		2		0
257.228		238.049		3685		2		0
251.885		270.645		3840		1		0
261.078		277.24		0		2		0
250.731		151.624		3402		2		0
226.288		213.715		3489		2		0
223.545		209.365		3483		2		0
271.997		215		3578		2		0
274.376		211.124		3542		2		0
Frame 9
250.981		206.726		3470		2		0
250.916		175.97		3409		2		0
250.882		144.083		3390		2		0
252.702		129.322		3223		2		0
235.972		154.59		3387		2		0
228.268		180.827		3472		2		0
226.631		204.126		3454		2		0
226.866		209.899		3457		2		0
267.5		155.196		3407		2		0
271.678		181.603		3503		2		0
273.847		204.622		3511		2		0
272.117		210.437		3513		2		0
244.044		206.417		3470		2		0
240.64		240.705		3391		2		0
243.828		279.527		3354		2		0
243.394		291.297		3229		2		0
257.896		207.037		3524		2		0
257.489		238.421		3672		2		0
252.195		265.388		3833		2		0
258.857		274.865		3886		2		0
250.886		152.172		3376		2		0
226.5		215		3482		2		0
223.5		209.752		3464		2		0
272.499		216		3541		2		0
274.456		210.729		3507		2		0
Frame 10
250.92		207.598		3431		2		0
250.833		176.599		3384		2		0
250.748		144.429		3355		2		0
252.407		130.081		3202		2		0
235.845		155.083		3349		2		0
228.129		183.632		3450		2		0
225.804		207.036		3434		2		0
226.335		212.595		3466		2		0
267.454		155.922		3382		2		0
271.965		183.556		3474		2		0
274.291		206.736		3501		2		0
272.458		211.745		3491		2		0
243.904		207.146		3434		2		0
240.706		240.562		3364		2		0
244.253		279.936		3327		2		0
244.129		290.593		3237		2		0
257.919		208.053		3495		2		0
258.197		238.324		3652		2		0
252.506		265.151		3833		1		0
258.863		272.476		0		2		0
250.768		152.589		3345		2		0
226		217		3472		2		0
223.6		211.805		3455		2		0
272.499		217		3523		2		0
274.001		212.201		3485		2		0
Frame 11
251.108		208.812		3417		2		0
251.112		177.833		3358		2		0
251.122		145.677		3323		2		0
252.077		130.117		3166		2		0
235.525		155.882		3328		2		0
227.951		184.593		3408		2		0
227.051		208.224		3415		2		0
227.084		213.425		3437		2		0
267.595		156.662		3340		2		0
272.216		184.728		3449		2		0
274.087		208.125		3461		2		0
272.405		213.209		3482		2		0
243.997		208.232		3405		2		0
240.864		241.551		3334		2		0
245.226		283.455		3297		2		0
244.693		295.116		3194		2		0
258.194		209.388		3474		2		0
258.453		238.889		3630		2		0
252.509		266.104		3831		1		0
259.017		275.121		3897		2		0
251.119		153.836		3318		2		0
227.497		217		3460		2		0
223.951		213.652		3434		2		0
273		218		3488		2		0
274.5		213.002		3463		2		0
Frame 12
251.043		209.637		3385		2		0
250.983		178.576		3317		2		0
250.919		146.304		3297		2		0
251.52		130.804		3128		2		0
235.083		156.649		3295		2		0
228.09		185.088		3392		2		0
226.549		208.906		3392		2		0
226.379		214.184		3417		2		0
267.724		157.028		3317		2		0
272.452		185.83		3415		2		0
274.068		209.342		3428		2		0
272.186		214.487		3453		2		0
243.8		209.076		3356		2		0
240.544		242.624		3312		2		0
245.304		283.952		3292		2		0
244.087		296.197		3219		2		0
258.255		210.196		3439		2		0
258.899		240.216		3611		2		0
252.466		267.163		3831		1		0
259.133		275.935		3910		2		0
250.935		154.495		3273		2		0
226.001		219		3431		2		0
223.233		214.083		3412		2		0
271.329		218.332		3472		2		0
274.4		215.203		3430		2		0
Frame 13
251.173		210.7		3346		2		0
250.813		179.035		3281		2		0
250.412		146.077		3263		2		0
250.972		130.466		3080		2		0
234.513		156.752		3249		2		0
227.526		187.913		3357		2		0
226.837		212.021		3359		2		0
226.295		216.597		0		2		0
267.602		157.093		3274		2		0
272.877		185.767		3386		2		0
274.522		209.606		3398		2		0
272.67		214.603		3410		2		0
243.763		210.142		3322		2		0
241.491		247.816		3270		2		0
245.87		288.894		3274		2		0
242.627		299.062		3202		2		0
258.565		211.257		3395		2		0
259.117		241.404		3563		2		0
252.4		268.357		3819		1		0
259.201		276.319		3829		2		0
250.517		154.449		3252		2		0
226.002		220		3412		2		0
223.612		216.391		3383		2		0
272.329		218.666		3429		2		0
274.8		216.002		3405		2		0
Frame 14
251.507		210.983		3310		2		0
250.593		179.101		3251		2		0
249.698		145.983		3217		2		0
250.189		130.944		3052		2		0
233.757		156.979		3229		2		0
227.349		187.142		3323		2		0
226.961		211.4		3327		2		0
226.102		216.457		3368		2		0
267.466		156.48		3243		2		0
273.297		185.461		3361		2		0
274.835		209.565		3359		2		0
273.127		214.421		3375		2		0
244.028		210.407		3299		2		0
241.748		246.797		3246		2		0
245.941		288.576		3270		2		0
242.435		300.362		3188		2		0
258.964		211.557		3355		2		0
259.854		242.33		3508		2		0
252.885		269.753		3800		1		0
259.02		274.675		3853		2		0
249.922		154.39		3204		2		0
226.001		221		3366		2		0
222.583		215.586		3370		2		0
272.327		218.331		3398		2		0
275.637		214.912		3358		2		0
Frame 15
251.916		211.005		3262		2		0
250.721		178.72		3206		2		0
249.472		145.184		3184		2		0
249.688		129.963		3011		2		0
233.002		156.218		3189		2		0
226.865		186.745		3275		2		0
226.12		211.407		3311		2		0
226.356		214.051		3294		2		0
267.53		156.021		3210		2		0
273.367		185.077		3322		2		0
274.969		209.443		3320		2		0
273.474		214.361		3350		2		0
244.42		210.567		3250		2		0
241.597		246.682		3198		2		0
245.959		288.257		3267		2		0
242.642		300.248		3184		2		0
259.398		211.433		3323		2		0
260.78		242.838		3438		2		0
254.924		269.307		3754		2		0
259.961		274.601		3823		2		0
249.789		153.695		3176		2		0
226.003		220.416		3344		2		0
222.25		212.753		3305		2		0
273.997		218		3356		2		0
275.546		215.731		3317		2		0
Frame 16
251.888		210.809		3239		2		0
250.526		178.413		3171		2		0
249.135		144.827		3142		2		0
249.307		129.59		2984		2		0
231.96		155.97		3143		2		0
226.169		186.753		3243		2		0
226.183		211.657		3255		2		0
226.348		215.157		3261		2		0
267.449		155.221		3176		2		0
273.407		184.429		3277		2		0
275.542		209.042		3274		2		0
274.052		214.228		3293		2		0
244.168		210.709		3232		2		0
241.563		247.333		3187		2		0
245.922		287.734		3263		2		0
244.27		299.913		3196		2		0
259.543		210.969		3285		2		0
263.309		242.841		3349		2		0
257.012		268.027		3743		2		0
258.194		275.814		3743		2		0
249.486		153.346		3138		2		0
226.335		221.333		3284		2		0
222.583		213.996		3286		2		0
273.496		218		3302		2		0
276.001		214.002		3272		2		0
Frame 17
252.092		210.763		3198		2		0
250.724		178.092		3140		2		0
249.285		144.158		3123		2		0
248.815		128.778		2947		2		0
231.521		155.688		3105		2		0
225.639		186.037		3193		2		0
225.894		211.268		3221		2		0
226.598		216.681		3232		2		0
267.29		154.576		3146		2		0
273.668		184.254		3243		2		0
276.243		208.915		3230		2		0
274.87		214.068		3268		2		0
244.345		210.855		3210		2		0
241.393		247.72		3169		2		0
246.017		287.522		3260		2		0
244.273		299.812		3200		2		0
259.812		210.617		3246		2		0
264.936		244.339		3290		2		0
257.453		269.558		3664		2		0
258.633		277.628		3685		2		0
249.651		152.77		3108		2		0
226.501		222		3246		2		0
222.666		217.167		3255		2		0
274.998		218		3273		2		0
277.25		213.837		3225		2		0
Frame 18
252.36		210.65		3157		2		0
250.79		177.627		3105		2		0
249.152		143.308		3086		2		0
248.885		127.526		2917		2		0
231.578		154.762		3071		2		0
224.871		186.173		3147		2		0
225.65		211.776		3167		2		0
226.138		214.956		3170		2		0
267.498		153.421		3110		2		0
274.263		183.046		3214		2		0
276.917		207.853		3189		2		0
275.317		213.059		3213		2		0
244.592		210.962		3173		2		0
241.28		248.41		3165		2		0
245.929		287.07		3259		2		0
244.341		299.8		3191		2		0
260.096		210.362		3212		2		0
265.544		245.445		3228		2		0
257.528		271.613		3584		2		0
259.013		279.865		3593		2		0
249.569		152.021		3071		2		0
226.224		221.444		3192		2		0
221.9		213.702		0		2		0
275.999		217.501		3209		2		0
277.364		213.819		3179		2		0
Frame 19
252.109		210.471		3132		2		0
250.59		177.131		3069		2		0
248.999		142.547		3048		2		0
249.324		126.914		2887		2		0
231.359		154.415		3035		2		0
224.415		185.225		3102		2		0
225.364		211.251		3129		2		0
226.696		217.016		3118		2		0
267.7		152.577		3076		2		0
274.344		182.562		3171		2		0
277.047		207.527		3144		2		0
275.934		212.787		3158		2		0
244.234		210.998		3146		2		0
241.072		249.699		3152		2		0
245.968		287.041		3269		2		0
238.952		299.7		3329		2		0
259.939		209.962		3147		2		0
265.518		245.475		3155		2		0
257.108		274.721		3483		2		0
262.256		284.705		3497		2		0
249.404		151.32		3040		2		0
228.001		222.75		3149		2		0
222.937		216.878		3147		2		0
275.996		217		3175		2		0
278.001		213.801		3140		2		0
Frame 20
251.951		210.447		3109		2		0
250.302		176.804		3045		2		0
248.562		141.812		3011		2		0
249.787		125.494		2849		2		0
230.657		153.42		3004		2		0
224.237		184.6		3062		2		0
225.244		210.97		3069		2		0
226.78		216.831		3068		2		0
267.985		152.169		3042		2		0
274.847		181.505		3153		2		0
277.557		206.792		3113		2		0
276.652		210		3102		2		0
244.128		211.058		3134		2		0
241.004		249.83		3153		2		0
246.045		286.948		3266		2		0
240.409		300.182		3199		2		0
259.738		209.828		3134		2		0
266.284		246.133		3097		2		0
258.901		278.502		3381		2		0
261.582		288.356		3369		2		0
249.006		150.698		3001		2		0
227.6		222.8		3092		2		0
222.867		216.474		3102		2		0
276.999		216.376		3117		2		0
279.471		211.059		3100		2		0
Frame 21
252.307		210.365		3090		2		0
250.868		176.558		3034		2		0
249.379		141.319		2986		2		0
250.251		124.531		2820		2		0
231.247		152.923		2961		2		0
224.528		184.455		3026		2		0
225.54		211.095		3025		2		0
226.894		216.87		3026		2		0
268.347		151.762		3016		2		0
275.181		180.861		3116		2		0
278.449		205.757		3070		2		0
277.309		211.476		3082		2		0
244.497		211.028		3096		2		0
241.07		251.118		3152		2		0
246.149		286.787		3261		2		0
243.7		299.696		3210		2		0
260.072		209.714		3086		2		0
266.829		247.304		3058		2		0
259.952		284.118		3274		2		0
263.598		294.84		3241		2		0
249.756		150.275		2983		2		0
228		223		3051		2		0
223.308		217.466		3063		2		0
277.996		215.751		3075		2		0
280.334		211.499		3052		2		0
Frame 22
252.494		210.491		3064		2		0
251.216		176.447		2999		2		0
249.876		140.935		2948		2		0
250.797		124.528		2783		2		0
231.834		152.438		2937		2		0
224.504		184.384		2988		2		0
226.236		211.414		2984		2		0
227.402		217.218		2967		2		0
269.263		150.688		2979		2		0
276.33		180.35		3091		2		0
278.27		205.697		3028		2		0
277.527		211.277		3032		2		0
244.54		211.1		3077		2		0
241.264		250.612		3129		2		0
246.157		286.871		3261		2		0
243.657		299.978		3203		2		0
260.414		209.889		3063		2		0
267.274		248.547		3012		2		0
262.483		289.967		3166		2		0
263.899		300.736		3114		2		0
250.217		149.963		2948		2		0
228.499		223		2990		2		0
224.167		219.667		3022		2		0
278.195		215.801		3042		2		0
280.177		210.411		3017		2		0
Frame 23
252.947		211.11		3031		2		0
251.624		176.754		2966		2		0
250.224		140.817		2911		2		0
251.684		124.275		2748		2		0
232.202		152.338		2905		2		0
224.369		184.539		2940		2		0
227.798		211.592		2938		2		0
228.789		217.892		2923		2		0
269.925		151.028		2953		2		0
276.946		180.832		3056		2		0
279.199		206.728		3004		2		0
278.214		212.536		3000		2		0
244.892		211.768		3050		2		0
241.434		250.176		3119		2		0
246.134		286.795		3254		2		0
244.062		299.786		3199		2		0
260.963		210.46		3043		2		0
267.535		252.428		3004		2		0
265.216		293.829		3047		2		0
267.968		306.232		2974		2		0
250.582		149.963		2920		2		0
230.86		223.428		2943		2		0
225.599		220.802		2969		2		0
279.667		217.334		3007		2		0
281.001		211.285		2979		2		0
Frame 24
253.212		211.911		3000		2		0
252.273		177.399		2938		2		0
251.328		141.236		2889		2		0
252.663		124.571		2718		2		0
232.708		152.65		2876		2		0
225.048		184.172		2916		2		0
228.091		211.411		2890		2		0
229.781		217.949		2880		2		0
271.025		151.657		2933		2		0
278.225		181.699		3022		2		0
279.93		207.768		2962		2		0
278.806		213.188		0		2		0
245.049		212.485		3040		2		0
241.829		250.251		3100		2		0
246.162		286.931		3255		2		0
242.376		300.54		3194		2		0
261.34		211.343		3008		2		0
267.946		256.259		2967		2		0
267.613		297.967		2951		2		0
269.495		310.63		2861		2		0
251.565		150.447		2891		2		0
231.628		223.376		2894		2		0
225.769		218.851		2927		2		0
279.744		217.626		2963		2		0
281.53		212.764		2942		2		0
Frame 25
253.447		213.132		2985		2		0
253.089		177.386		2904		2		0
252.62		139.107		2788		2		0
253.611		124.437		2685		2		0
233.479		153.251		2834		2		0
225.196		184.333		2886		2		0
228.898		211.61		2836		2		0
231.008		217.948		2827		2		0
272.395		152.217		2890		2		0
279.481		182.725		2989		2		0
281.252		208.85		2937		2		0
279.578		214.471		2934		2		0
245.242		213.649		3003		2		0
241.848		251.818		3082		2		0
246.207		287.226		3244		2		0
242.143		300.776		3203		2		0
261.613		212.618		3001		2		0
268.69		257.3		2937		2		0
269.348		299.628		2874		2		0
271.925		313.118		2773		2		0
252.741		148.895		2860		2		0
232.623		223.502		2843		2		0
228.11		220.332		2866		2		0
280.243		218.878		2921		2		0
282.501		213.996		2912		2		0
Frame 26
254.005		214.516		2943		2		0
253.645		178.331		2874		2		0
253.379		140.181		2755		2		0
254.743		125.502		2649		2		0
234.227		153.945		2824		2		0
225.432		184.09		2862		2		0
230.12		211.107		2805		2		0
232.157		217.328		2782		2		0
273.532		153.329		2856		2		0
280.711		184.338		2957		2		0
281.989		210.958		2888		2		0
280.321		217.067		2890		2		0
245.651		215.004		2995		2		0
242.166		253.506		3056		2		0
246.309		287.343		3258		2		0
238.821		299.467		0		2		0
262.334		214.03		2965		2		0
269.284		258.476		2897		2		0
270.436		300.353		2832		2		0
273.286		313.083		2725		2		0
253.445		149.936		2824		2		0
235.004		223.167		2804		2		0
228.667		219.669		2830		2		0
281.137		221.574		2874		2		0
283.471		216.763		2872		2		0
Frame 27
254.649		216.518		2912		2		0
254.896		180.621		2853		2		0
255.047		142.116		2715		2		0
256.269		127.45		2620		2		0
235.459		155.49		2792		2		0
225.852		184.699		2840		2		0
230.665		211.256		2776		2		0
233.161		217.21		2748		2		0
275.498		155.733		2826		2		0
282.286		185.493		2918		2		0
282.951		212.268		2854		2		0
280.892		218.926		2852		2		0
246.151		216.591		2959		2		0
241.944		255.874		3010		2		0
246.507		287.706		3241		2		0
239.053		299.989		0		2		0
263.147		216.491		2919		2		0
270.43		260.69		2850		2		0
271.375		303.73		2809		2		0
272.95		316.634		2712		2		0
255.012		151.982		2799		2		0
235.732		222.546		2759		2		0
236.665		220.999		2864		2		0
281.999		224.376		2837		2		0
284.456		219.82		2827		2		0
Frame 28
255.224		218.405		2887		2		0
255.419		182.024		2818		2		0
255.678		143.564		2691		2		0
257.058		128.729		2579		2		0
235.907		156.184		2776		2		0
226.347		185.476		2834		2		0
231.472		211.533		2749		2		0
234.441		217.272		2715		2		0
277.122		158.348		2782		2		0
284.567		187.999		2874		2		0
283.058		215.534		2821		2		0
280.379		222.577		2819		2		0
246.705		218.544		2920		2		0
242.087		257.798		2947		2		0
246.734		289.422		3221		2		0
238.712		301.672		3281		2		0
263.727		218.257		2896		2		0
270.886		261.371		2811		2		0
271.385		304.875		2789		2		0
273.651		319.753		2717		2		0
255.61		153.407		2756		2		0
236.36		222.145		2736		2		0
238.614		215.892		2744		2		0
281.217		228.445		2799		2		0
283.219		223.302		2789		2		0
Frame 29
255.915		220.083		2869		2		0
256.976		184.851		2784		2		0
257.877		146.539		2640		2		0
258.751		131.675		2548		2		0
236.806		158.069		2747		2		0
226.197		186.584		2815		2		0
231.969		212.633		2720		2		0
234.697		217.615		2691		2		0
278.376		160.783		2743		2		0
285.512		192.375		2826		2		0
283.351		220.676		2778		2		0
280.491		227.412		2789		2		0
247.352		219.736		2901		2		0
241.365		259.004		2868		2		0
246.888		291.207		3178		2		0
237.262		301.708		3276		2		0
264.474		220.537		2871		2		0
273.072		264.332		2778		2		0
271.24		307.821		2778		2		0
274.035		322.19		2699		2		0
257.661		156.402		2734		2		0
237.557		221.668		2705		2		0
233.438		215.435		2700		2		0
282.162		233.167		2768		2		0
284.325		227.356		2758		2		0
Frame 30
257.156		222.495		2836		2		0
258.172		187.224		2763		2		0
259.461		149.679		2593		2		0
259.852		134.435		2507		2		0
237.428		159.655		2724		2		0
227.151		188.535		2806		2		0
232.196		214.223		2680		2		0
234.529		218.758		2675		2		0
279.33		164.884		2696		2		0
287.101		195.466		2770		2		0
283.896		224.266		2737		2		0
281.085		230.868		2720		2		0
248.449		222.108		2848		2		0
239.229		261.823		2812		2		0
246.419		293.168		3118		2		0
237.565		301.592		3304		2		0
265.837		222.838		2843		2		0
273.589		264.223		2738		2		0
271.249		308.371		2764		2		0
273.97		322.496		2700		2		0
259.114		159.307		2697		2		0
236.78		222.446		2675		2		0
239.625		218.251		2697		2		0
280.829		237.668		2727		2		0
284.371		232.767		2718		2		0
Frame 31
257.707		223.859		2815		2		0
258.785		189.784		2751		2		0
259.776		152.771		2545		2		0
260.911		138.489		2473		2		0
237.961		162.734		2707		2		0
227.449		189.948		2798		2		0
232.073		215.331		2680		2		0
233.268		217.241		2670		2		0
279.872		167.911		2670		2		0
287.892		199.744		2730		2		0
284.171		229.21		2702		2		0
281.554		234.759		2686		2		0
248.839		223.567		2842		2		0
238.531		263.494		2764		2		0
245.267		298.514		3053		2		0
244.013		309.092		3000		2		0
266.573		224.186		2833		2		0
274.436		264.029		2721		2		0
271.702		307.965		2766		2		0
270.187		320.86		2718		2		0
259.536		162.359		2681		2		0
235.753		223.377		2663		2		0
233.119		217.075		2670		2		0
280.391		241.6		2683		2		0
283.314		237.25		2672		2		0
Frame 32
257.71		225.108		2834		2		0
259.131		191.849		2724		2		0
261.267		157.438		2508		2		0
261.9		143.443		2434		2		0
238.719		165.061		2673		2		0
227.573		191.657		2800		2		0
231.887		217.542		2682		2		0
232.553		221.394		2663		2		0
280.271		172		2641		2		0
288.735		204.033		2683		2		0
283.582		234.164		2658		2		0
281.791		240.812		2640		2		0
248.86		224.353		2831		2		0
238.868		263.57		2716		2		0
246.278		298.931		2973		2		0
237.67		305.024		0		2		0
266.576		225.951		2812		2		0
275.371		264.544		2701		2		0
271.673		308.103		2759		2		0
269.674		321.4		2724		2		0
260.633		166.284		2640		2		0
234.061		225.943		2670		2		0
236.668		219.166		2679		2		0
281		248.501		2643		2		0
285.699		241.218		2653		2		0
Frame 33
263.519		216.212		2819		2		0
262.389		191.219		2707		2		0
261.361		161.69		2465		2		0
262.331		147.56		2403		2		0
239.268		168.828		2648		2		0
227.221		195.244		2783		2		0
230.713		222.369		2673		2		0
230.74		225.104		2664		2		0
279.942		174.872		2605		2		0
289.044		206.917		2649		2		0
285.101		237.364		2617		2		0
282.64		246.053		2611		2		0
254.3		215.395		2832		2		0
239.228		248.893		2734		2		0
244.965		296.004		2899		2		0
242.071		309.639		2887		2		0
272.81		217.038		2823		2		0
277.058		250.471		2642		2		0
271.996		302.486		2758		2		0
269.563		316.841		2737		2		0
261.283		168.446		2623		2		0
232.358		229.002		2671		2		0
234.868		223.266		2687		2		0
281.224		254.445		2606		2		0
286.002		248.224		2628		2		0
Frame 34
263.648		216.332		2805		2		0
263.037		193.169		2667		2		0
262.821		168.138		2451		2		0
262.774		153.47		2369		2		0
239.556		173.777		2632		2		0
227.116		196.845		2772		2		0
230.141		224.24		2681		2		0
228.477		228.436		2675		2		0
281.105		180.003		2576		2		0
288.538		212.437		2612		2		0
285.603		243.593		2571		2		0
282.151		252.861		2565		2		0
254.46		215.442		2799		2		0
239.247		255.049		2692		2		0
245.695		304.285		2830		2		0
243.263		317.992		2781		2		0
272.911		217.228		2806		2		0
275.318		260.184		2654		2		0
271.296		308.059		2754		2		0
272.468		322.502		2704		2		0
262.975		175.088		2596		2		0
229.573		234.286		2693		2		0
232.455		231.274		2682		2		0
280.446		260.778		2567		2		0
285.477		255.686		2578		2		0
Frame 35
263.81		216.261		2784		2		0
263.307		195.497		2641		2		0
262.281		173.807		2417		2		0
263.914		159.473		2338		2		0
239.441		175.605		2612		2		0
226.544		200.369		2773		2		0
226.636		229.182		2694		2		0
226.544		230.918		2695		2		0
281.448		182.879		2550		2		0
288.291		214.687		2573		2		0
284.507		251.206		2547		2		0
281.906		260.392		2531		2		0
254.645		215.248		2790		2		0
239.231		256.004		2676		2		0
245.1		307.965		2776		2		0
243.321		321.903		2720		2		0
273.079		217.264		2806		2		0
275.154		260.888		2600		2		0
271.342		308.071		2749		2		0
272.577		322.638		2705		2		0
262.647		179.233		2554		2		0
227.414		238.085		2697		2		0
230.777		232.459		2702		2		0
279.427		268.144		2559		2		0
285.637		263.231		2546		2		0
Frame 36
264.013		216.57		2781		2		0
263.917		200.923		2613		2		0
263.291		182.235		2421		2		0
263.636		167.393		2327		2		0
239.936		181.864		2588		2		0
225.59		203.196		2758		2		0
224.67		232.623		2696		2		0
225.544		237.165		2730		2		0
282.515		189.792		2524		2		0
287.849		221.231		2545		2		0
284.454		258.075		2515		2		0
281.853		267.222		2499		2		0
254.859		215.376		2758		2		0
239.859		256.489		2661		2		0
245.391		309.872		2735		2		0
242.989		322.96		2692		2		0
273.261		217.842		2783		2		0
273.884		262.643		2635		2		0
270.814		309.165		2740		2		0
272.407		322.863		2699		2		0
263.47		187.335		2547		2		0
229.5		246		2737		2		0
230.998		237.833		2793		2		0
279.337		275.669		2518		2		0
280.692		271.847		2487		2		0
Frame 37
264.9		217.092		2707		2		0
264.742		203.93		2582		2		0
263.849		189.99		2391		2		0
263.23		174.973		2288		2		0
239.302		186.931		2561		2		0
224.272		205.973		2762		2		0
223.863		235.579		2716		2		0
222.616		238.646		2717		2		0
283.024		195.997		2509		2		0
288.171		227.802		2518		2		0
283.81		267.776		2483		2		0
282.587		275.007		2458		2		0
255.528		215.636		2708		2		0
240.775		257.071		2643		2		0
245.183		311.07		2718		2		0
243.141		324.863		2672		2		0
274.39		218.664		2781		2		0
273.684		261.963		2615		2		0
270.642		310.068		2734		2		0
272.27		323.094		2697		2		0
264.179		194.059		2528		2		0
223.239		245.47		2751		2		0
226.57		238.74		2725		2		0
279.665		282.833		2475		2		0
287.851		275.897		2485		2		0
Frame 38
265.436		217.657		2634		2		0
264.856		207.754		2554		2		0
263.439		196.918		2362		2		0
264.564		183.058		2281		2		0
237.767		190.691		2544		2		0
223.038		209.33		2739		2		0
220.869		238.783		2743		2		0
220.8		243.533		2729		2		0
283.122		201.512		2501		2		0
288.428		233.513		2499		2		0
284.604		271.012		2441		2		0
283.264		281.536		2440		2		0
255.916		215.868		2652		2		0
241.437		257.981		2642		2		0
245.404		312.626		2718		2		0
243.013		325.299		2671		2		0
275.075		219.608		2698		2		0
273.429		262.677		2594		2		0
270.654		310.186		2735		2		0
272.298		323.176		2693		2		0
263.85		199.662		2418		2		0
221.499		250.428		2763		2		0
224.168		240.584		2726		2		0
281.293		289.644		2432		2		0
287		287.902		2465		2		0
Frame 39
269.943		221.058		2572		2		0
268.358		213.028		2539		2		0
266.439		203.303		2358		2		0
265.398		190.009		2250		2		0
237.699		197.457		2539		2		0
221.135		216.735		2739		2		0
220.226		245.995		2742		2		0
219.269		251.151		2785		2		0
282.818		209.738		2479		2		0
288.964		241.93		2476		2		0
285.601		279.676		2415		2		0
283.125		289.764		2418		2		0
258.017		217.431		2569		2		0
241.848		259.688		2627		2		0
245.803		313.41		2712		2		0
242.707		325.985		2672		2		0
281.242		224.082		2489		2		0
273.259		264.753		2582		2		0
270.13		311.015		2738		2		0
272.441		323.797		2698		2		0
266.955		205.922		2379		2		0
226		258		2716		2		0
224.145		251.571		2797		2		0
280.831		297.832		2402		2		0
287.686		292.58		2427		2		0
Frame 40
262.443		253.753		2742		2		0
264.669		238.53		2733		2		0
267.23		221.043		2535		2		0
266.064		206.94		2279		2		0
237.911		207.39		2526		1		0
220.232		221.748		2737		2		0
217.636		250.445		2758		2		0
217.89		255.976		2777		2		0
282.678		217.723		2464		2		0
288.633		250.309		2451		2		0
285.775		287.369		2389		2		0
283.003		297.817		2396		2		0
253.638		246.981		2756		2		0
236.45		263.931		2583		2		0
245.873		314.261		2713		2		0
242.447		326.875		2670		2		0
271.595		260.798		2598		2		0
273.709		266.364		2564		2		0
269.095		313.78		2738		2		0
265.404		328.803		2772		2		0
266.555		225.655		2553		2		0
218.754		260.748		2790		2		0
221.142		256.076		2793		2		0
281.312		305.845		2388		2		0
287.472		300.999		2408		2		0
Frame 41
259.223		247.059		2737		2		0
262.646		234.99		2575		2		0
266.808		220.277		2333		2		0
265.906		207.603		2233		2		0
236.988		204.484		2508		2		0
219.608		225.038		2719		2		0
216.717		253.254		2773		2		0
216.586		259.429		2800		2		0
282.801		224.012		2452		2		0
288.561		256.843		2446		2		0
286.038		291.055		2381		2		0
283.63		301.872		2395		2		0
250.675		241.398		2735		2		0
236.296		264.149		2577		2		0
245.73		314.685		2712		2		0
242.384		327.383		2665		2		0
267.945		252.839		2680		2		0
272.534		266.785		2559		2		0
269.845		313.716		2743		2		0
273.919		326.123		2680		2		0
265.683		224.246		2379		2		0
217.755		264.749		2807		2		0
219.437		260.067		2811		2		0
281.604		309.799		2372		2		0
285.871		308.664		2385		2		0
Frame 42
258.006		248.744		2712		2		0
257.752		238.449		2548		2		0
257.658		225.23		2304		2		0
266.284		216.627		2223		2		0
238.229		214.354		2488		2		0
218.459		232.085		2732		2		0
215.384		258.19		2773		2		0
215.652		263.826		2823		2		0
280.728		231.178		2452		2		0
289.341		270.002		2424		2		0
286.109		304.707		2365		2		0
281.638		315.114		2368		2		0
249.123		247.225		2726		2		0
235.618		265.98		2580		2		0
245.064		316.205		2698		2		0
242.068		329.001		2648		2		0
266.841		252.708		2677		2		0
275.287		268.254		2552		2		0
269.694		313.599		2725		2		0
272.021		326.09		2667		2		0
257.591		228.849		2368		2		0
216.172		267.665		2820		2		0
219.501		263		2811		2		0
279.407		323.6		2365		2		0
284.813		318.996		2370		2		0
Frame 43
257.4		262.251		0		2		0
257.91		248.216		2587		2		0
258.401		230.338		2262		2		0
265.996		221.955		2213		2		0
238.09		216.532		2487		2		0
218.96		234.86		2732		2		0
215.54		262.232		2781		2		0
214.065		266.088		2830		2		0
279.591		239.261		2438		2		0
289.604		271.486		2431		2		0
286.085		306.208		2376		2		0
282.424		317.227		2384		2		0
248.98		256.088		2718		2		0
235.092		268.297		2560		2		0
244.977		317.384		2711		2		0
241.838		329.926		2649		2		0
266.037		268.58		2569		2		0
275.324		268.6		2556		2		0
269.661		313.446		2727		2		0
271.788		330.339		2624		2		0
258.342		235.624		2335		2		0
214.503		271.4		2830		2		0
218.3		265.407		2810		2		0
280.233		325.611		2358		2		0
286.112		312.452		2366		2		0
Frame 44
254.914		270.667		4142		2		0
255.844		255.486		2647		2		0
257.095		236.55		2265		2		0
265.624		229.684		2197		2		0
234.624		224.177		2481		1		0
216.621		239.716		2733		2		0
214.157		266.716		2787		2		0
212.86		270.898		2831		2		0
277.586		252.456		2440		2		0
290.03		283.895		2411		2		0
284.286		318.66		2362		2		0
280.73		329.627		2368		2		0
247.199		264.345		2688		2		0
234.232		272.082		2538		2		0
244.95		317.879		2703		2		0
241.755		330.233		2635		2		0
262.829		277.159		2541		2		0
273.391		277.097		2495		2		0
269.366		318.521		2724		2		0
272.238		332.913		2424		1		0
256.844		241.399		2341		2		0
213.145		273.714		2852		2		0
216.5		271.504		2831		2		0
278.547		338.818		2352		2		0
285.392		332.992		2377		2		0
Frame 45
252.967		275.864		0		2		0
254.471		258.68		2600		2		0
256.025		238.786		2246		2		0
265.174		234.279		2197		2		0
233.742		224.092		2490		1		0
217.584		239.987		2713		2		0
213.958		266.639		2788		2		0
211.78		271.128		2803		2		0
278.853		251.829		2428		2		0
286.736		285.283		2417		2		0
284.14		320.556		2367		2		0
280.307		332.155		2374		2		0
244.93		269.205		2621		2		0
234.024		272.819		2534		2		0
244.477		318.521		2701		2		0
241.869		330.993		2639		2		0
261.17		282.739		2508		2		0
272.944		277.124		2494		2		0
269.512		319.569		2712		2		0
272.454		334.421		2410		1		0
255.588		244.138		2292		2		0
213.502		277.499		2839		2		0
216.249		271.752		2802		2		0
279.376		340.579		2352		2		0
283.445		338.222		2368		2		0
Frame 46
254.445		275.21		0		2		0
254.763		259.26		2541		2		0
255.19		242.035		2232		2		0
265.6		238.742		2185		2		0
232.904		225.224		2522		1		0
217.802		241.186		2694		2		0
211.479		274.996		2809		2		0
211.073		279.642		2840		1		0
279.013		252.933		2428		2		0
286.721		286.181		2424		2		0
283.851		321.331		2383		2		0
280.177		332.146		2389		1		0
246.754		268.432		2651		2		0
233.56		274.134		2532		2		0
244.467		318.552		2700		2		0
241.868		331.061		2631		2		0
262.374		282.15		2485		2		0
271.91		276.947		2501		2		0
269.525		320.352		2714		2		0
271.563		329.583		2659		2		0
255.231		246.415		2262		2		0
212.668		279.665		2844		2		0
277.893		340.555		2366		2		0
283.416		334.619		2391		2		0
Frame 47
254.133		288.375		3718		2		0
254.781		269.237		2743		2		0
255.426		244.889		2192		2		0
265.471		240.03		2187		2		0
232.101		230.207		2497		1		0
216.705		243.751		2703		2		0
212.083		274.977		2786		2		0
210.986		277.997		2815		2		0
278.736		256.121		2428		2		0
286.762		289.278		2429		2		0
282.048		327.399		2384		2		0
278.288		338.661		2386		2		0
246.024		281.089		2616		2		0
233.459		276.052		2513		2		0
244.42		318.99		2694		2		0
241.787		331.418		2626		2		0
262.436		295.842		2533		2		0
271.28		279.492		2504		2		0
269.395		321.189		2707		2		0
271.632		329.927		2654		2		0
255.335		251.924		2258		2		0
210.999		281.998		2839		2		0
215.182		277.189		2822		2		0
274.066		346.533		2364		2		0
282.628		343.491		2378		2		0
Frame 48
254.346		288.699		0		2		0
254.642		269.847		0		2		0
254.182		247.904		2216		2		0
264.834		244.251		2184		2		0
231.766		231.089		2503		1		0
217.034		244.975		2691		2		0
212.451		275.279		2789		2		0
210.745		279.359		2811		2		0
278.975		258.632		2426		2		0
286.218		291.78		2429		2		0
281.933		327.325		2392		2		0
278.126		337.957		2403		1		0
246.303		281.619		2608		2		0
233.329		276.583		2522		2		0
243.92		319.978		2702		2		0
241.889		331.971		2630		2		0
262.598		296.031		2504		2		0
270.636		281.995		2487		2		0
269.34		323.364		2704		2		0
271.664		331.474		2645		2		0
254.489		253.704		2262		2		0
210.626		284.499		2836		2		0
214.999		279.562		2813		2		0
273.286		345.664		2380		2		0
282.099		340.506		2403		2		0
Frame 49
254.507		288.792		0		2		0
254.484		270.481		2572		2		0
253.531		249.714		2233		2		0
264.041		246.138		2185		2		0
231.814		232.433		2528		1		0
218.066		251.745		2715		2		0
211.989		283.072		2844		2		0
210.401		286.8		2834		1		0
278.772		260.176		2419		2		0
286.377		293.2		2428		2		0
281.864		327.995		2401		2		0
277.937		338.013		2412		1		0
246.564		281.872		2603		2		0
233.433		277.563		2511		2		0
243.902		320.281		2701		2		0
241.827		332.209		2622		2		0
262.689		296.034		2486		2		0
270.45		282.867		2478		2		0
269.432		323.591		2699		2		0
272.003		331.821		2642		2		0
253.887		255.243		2267		2		0
212		287		2845		2		0
215.038		286.615		0		1		0
272.247		345.749		2388		2		0
277.89		345.444		2383		2		0
Frame 50
255.269		299.87		3320		2		0
251.137		274.651		2714		2		0
245.413		247.966		2433		2		0
258.557		247.021		2182		2		0
230.544		228.91		4153		1		0
217.914		246.843		2689		2		0
212.539		279.145		2777		2		0
210.616		281.853		2782		2		0
278.666		260.401		2423		2		0
286.393		293.354		2435		2		0
281.799		328.022		2402		2		0
277.778		338.098		2418		1		0
247.355		292.404		3561		2		0
232.9		277.636		2511		2		0
244.743		320.231		2697		2		0
240.846		332.606		2629		2		0
263.384		307.53		2678		2		0
269.934		283.259		2466		2		0
268.718		322.857		2701		2		0
271.536		331.223		2641		2		0
246.767		255.088		2464		2		0
210.502		288.666		2831		2		0
214.692		282.547		2793		2		0
272.174		345.721		2389		2		0
281.69		340.928		2419		2		0
Frame 51
253.436		288.25		0		2		0
251.788		272.62		2697		2		0
251.029		250.415		2230		2		0
262.973		246.88		2179		2		0
229.96		230.829		4174		1		0
217.398		247.706		2695		2		0
212.607		279.23		2766		2		0
210.587		283.291		2790		2		0
278.555		260.623		2416		2		0
286.394		293.503		2430		2		0
281.76		328.121		2402		2		0
277.925		338.895		2412		2		0
245.45		281.55		2576		2		0
233.842		278.805		2503		2		0
244.281		320.988		2694		2		0
240.93		332.868		2627		2		0
261.543		295.059		2484		2		0
269.91		283.374		2477		2		0
268.702		322.758		2707		2		0
271.549		331.329		2648		2		0
251.378		255.884		2277		2		0
211.002		290		2835		2		0
214.249		285.007		2812		2		0
275.244		346.647		2389		2		0
279.446		345.889		2392		2		0
Frame 52
253.815		289.13		0		2		0
252.244		272.2		2715		2		0
251.366		249.723		2210		2		0
263.331		245.141		2175		2		0
231.964		241.515		2471		2		0
216.657		248.703		2682		2		0
212.923		279.329		2763		2		0
211.354		283.838		2783		2		0
278.44		260.544		2416		2		0
286.28		293.357		2433		2		0
282.558		327.995		2395		2		0
278.443		338.711		2404		1		0
245.476		283.352		2571		2		0
233.798		278.834		2509		2		0
244.279		321.004		2696		2		0
241.003		332.878		2629		2		0
262.212		295.445		2468		2		0
269.898		283.377		2469		2		0
268.75		322.808		2706		2		0
271.676		331.497		2644		2		0
251.639		255.507		2281		2		0
211.501		290		2813		2		0
214.69		286.008		2803		2		0
275.871		346.666		2390		2		0
280.087		344.43		2396		2		0
Frame 53
253.984		289.457		0		2		0
252.884		271.592		2715		2		0
252.658		247.714		2200		2		0
262.955		242.258		2175		2		0
225.344		243.088		2510		2		0
214.256		267.478		2735		2		0
211.936		293.893		3335		1		0
211.185		302.454		3231		1		0
277.822		256.889		2418		2		0
285.818		291.388		2432		2		0
283.086		326.038		2399		2		0
279.386		336.755		2405		1		0
245.499		284.371		2565		2		0
233.797		278.828		2497		2		0
244.159		320.916		2694		2		0
241.146		332.805		2621		2		0
262.491		295.404		2482		2		0
269.793		282.973		2471		2		0
268.82		322.784		2703		2		0
271.838		331.384		2645		2		0
252.71		254.134		2265		2		0
211.334		308.305		3116		1		0
214.485		304.546		3218		1		0
276.333		344.665		2387		2		0
281.005		341.958		2401		2		0
Frame 54
256.718		299.406		0		2		0
254.222		273.326		2723		2		0
252.967		246.97		2218		2		0
262.75		240.738		2168		2		0
225.736		243.193		2589		1		0
214.753		263.363		2729		2		0
216.68		293.203		3398		1		0
213.917		300.246		3266		1		0
277.977		255.589		2420		2		0
285.765		288.871		2429		2		0
283.366		325.014		2426		2		0
279.822		334.844		2407		2		0
249.106		296.173		3437		2		0
233.892		278.191		2494		2		0
244.053		320.9		2701		2		0
241.24		332.833		2625		2		0
264.56		302.741		2573		2		0
268.993		281.145		2475		2		0
269.038		321.869		2708		2		0
272.375		329.742		2654		2		0
252.997		253.946		2358		2		0
214.032		306.237		3208		1		0
217.271		302.385		3320		1		0
273.798		342.199		2441		2		0
283.441		339.935		2402		2		0
Frame 55
265.299		296.343		2493		2		0
262.059		271.144		2552		2		0
258.072		241.783		2204		2		0
262.291		232.004		2161		2		0
226.097		240.05		2578		2		0
214.915		262.915		2734		2		0
216.895		291.752		3399		1		0
217.547		301.269		3331		1		0
278.543		248.144		2414		2		0
286.111		283.492		2434		2		0
285.421		318.047		2408		2		0
281.878		328.156		2413		2		0
257.588		294.063		0		2		0
233.784		276.413		2502		2		0
244.012		320.681		2697		2		0
241.266		332.908		2621		2		0
273.249		298.698		2530		2		0
269.027		279.768		2483		2		0
268.984		320.405		2711		2		0
273.227		327.071		2664		2		0
259.269		249.451		2279		2		0
217.614		307.237		3186		1		0
220.884		303.402		3276		1		0
280.915		336.726		2391		2		0
284.453		332.796		2405		2		0
Frame 56
263.394		284.95		2462		2		0
262.355		264.981		2595		2		0
261.139		241.6		2263		2		0
254.342		228.341		2176		2		0
234.973		236.917		2490		1		0
215.164		262.16		2723		2		0
217.798		291.577		0		1		0
218.672		301.351		3334		1		0
277.79		245.635		2416		2		0
286.795		279.404		2430		2		0
287.099		314.027		2429		2		0
282.404		323.846		2405		2		0
254.461		281.007		2557		2		0
233.902		274.896		2512		2		0
244.154		320.289		2696		2		0
241.181		332.819		2623		2		0
272.541		288.994		2479		2		0
269.665		278.688		2486		2		0
269.572		320.161		2713		2		0
273.9		325.93		0		2		0
261.462		247.813		0		2		0
218.724		307.365		3173		1		0
222.031		303.501		3276		1		0
280.643		332.428		2391		2		0
286.671		326.324		2422		2		0
Frame 57
266.563		275.504		2513		2		0
261.982		256.15		2663		2		0
256.666		233.707		2253		2		0
251.687		221.399		2194		2		0
228.063		226.445		2498		2		0
216.639		257.801		2722		2		0
218.17		286.191		0		1		0
218.67		295.496		3477		1		0
277.997		236.03		2416		2		0
287.476		275.117		2440		2		0
286.852		309.639		2435		2		0
282.208		318.746		2403		2		0
257.55		272.079		2587		2		0
233.977		272.416		2522		2		0
243.962		319.38		2706		2		0
241.558		332.258		2620		2		0
275.808		279.023		2504		2		0
269.242		273.807		2519		2		0
268.944		317.784		2731		2		0
273.557		324.061		2695		1		0
258.074		239.648		2333		2		0
218.72		301.546		3331		1		0
222.005		297.648		0		1		0
280.135		327.856		2393		2		0
287.099		319.466		2422		2		0
Frame 58
260.457		273.367		2528		2		0
259.077		253.024		2677		2		0
255.709		227.092		2308		2		0
255.852		214.695		2175		2		0
229.094		226.619		2640		2		0
215.366		240.175		2715		2		0
220.075		269.85		2756		2		0
218.998		272.418		2746		1		0
276.781		241.591		2464		2		0
291.186		270.668		2437		2		0
285.795		304.094		2418		2		0
282.63		312.293		2389		2		0
251.197		267.444		0		2		0
234.23		271.244		2521		2		0
244.325		318.85		2702		2		0
241.626		331.737		2629		2		0
270.609		279.467		2484		2		0
269.417		271.75		2526		2		0
269.164		315.715		2738		2		0
273.556		327.884		2658		2		0
256.459		234.005		2475		2		0
221		273		2770		2		0
221.332		272.335		2753		2		0
279.281		319.997		2408		2		0
287.795		312.196		2409		2		0
Frame 59
260.875		266.257		2569		2		0
259.941		245.162		2687		2		0
258.834		220.202		2290		2		0
257.324		206.861		2179		2		0
233.788		208.927		2455		2		0
218.239		230.467		2696		2		0
219.278		259.923		2724		2		0
219.509		264.245		2752		1		0
278.543		222.55		2415		2		0
287.145		257.636		2442		2		0
286.958		291.807		2426		2		0
283.811		301.831		2400		2		0
251.855		261.01		0		2		0
234.579		269.871		2529		2		0
244.314		318.178		2696		2		0
241.782		331.161		2630		2		0
270.194		271.685		2526		2		0
269.336		271.47		2523		2		0
268.722		316.541		2735		2		0
265.228		331.699		2730		2		0
259.129		226.863		2460		2		0
221.001		267		2750		2		0
222.413		264.17		2738		2		0
281.092		310.599		2392		2		0
288.214		303.46		2414		2		0
Frame 60
266.598		258.08		2574		2		0
265.298		236.039		2686		2		0
263.756		209.843		2277		2		0
260.58		196.474		2176		2		0
234.997		201.878		2449		2		0
219.394		225.388		2685		2		0
219.974		254.512		2717		2		0
221.161		258.648		2752		1		0
279.013		214.486		2418		2		0
287.138		247.872		2447		2		0
287.753		281.819		2415		2		0
284.754		291.78		2406		2		0
257.504		255.202		0		2		0
235.702		266.172		2550		2		0
244.483		316.219		2706		2		0
242.118		329.341		2648		2		0
275.907		261.032		2569		2		0
268.537		272.305		2521		2		0
267.29		318.038		2724		2		0
273.859		325.812		2686		2		0
264.168		216.847		2456		2		0
223		261.499		2742		2		0
223.833		258.667		2736		2		0
282.764		300.462		2391		2		0
287.944		296.299		2400		2		0
Frame 61
262.438		252.554		2634		2		0
261.109		228.117		2663		2		0
259.54		199.244		2278		2		0
260.725		186.401		2182		2		0
235.309		196.104		2461		2		0
219.819		217.752		2680		2		0
221.991		247		2715		2		0
223.297		251.771		2750		1		0
279.873		206.737		2420		2		0
287.31		238.525		2461		2		0
287.324		275.037		2430		2		0
284.274		284.774		2403		2		0
254.002		255.782		4184		2		0
229.889		265.611		2592		2		0
238.498		318.005		0		2		0
234.905		333.499		2688		2		0
270.714		249.391		2604		2		0
270.954		262.665		2557		2		0
268.822		311.245		2731		2		0
265.972		326.252		2782		2		0
259.959		206.947		2429		2		0
226		257.499		2678		2		0
226.49		252.862		2730		2		0
282.493		293.248		2391		2		0
288.49		285.884		2422		2		0
Frame 62
256.499		234.046		2674		2		0
257.344		213.239		2525		2		0
258.353		188.324		2289		2		0
262.084		175.507		2179		2		0
236.645		187.597		2454		2		0
220.598		209.707		2674		2		0
223.405		239.169		2705		2		0
225.737		245.09		2740		1		0
280.334		197.708		2415		2		0
287.718		231.467		2468		2		0
285.986		265.5		2446		2		0
284.039		275.013		2409		2		0
247.913		231.847		2689		2		0
237.603		260.491		2587		2		0
244.983		312.381		2699		2		0
242.346		327.789		2666		2		0
265.155		236.266		2669		2		0
271.288		261.508		2563		2		0
269.083		309.831		2727		2		0
272.93		324.515		2695		2		0
258.083		195.006		2401		2		0
227.319		251.307		0		2		0
230.285		244.207		2685		2		0
281.997		283.5		2397		2		0
288.169		279.165		2430		2		0
Frame 63
256.87		232.213		2671		2		0
257.95		207.846		2528		2		0
259.074		178.885		2283		2		0
262.631		166.295		2202		2		0
237.327		180.629		2452		2		0
221.601		206.712		2685		2		0
224.288		235.964		2714		2		0
227.21		241.246		2735		1		0
280.458		190.39		2415		2		0
288.595		223.471		2463		2		0
285.494		256.569		2441		2		0
283.133		265.894		2413		2		0
248.239		230.072		2677		2		0
238.297		259.428		2602		2		0
244.275		312.631		2703		2		0
240.905		327.748		2670		2		0
265.575		234.373		2670		2		0
271.87		261.023		2575		2		0
269.809		310.304		2732		2		0
266.989		325.283		2731		2		0
258.795		186.453		2419		2		0
229		249.499		2679		2		0
231.125		240.621		2686		2		0
280.994		274.416		2399		2		0
286.89		269.108		2413		2		0
Frame 64
257.275		227.893		2660		2		0
258.68		201.983		2537		2		0
260.401		171.013		2306		2		0
263.188		156.824		2203		2		0
237.27		174.608		2463		2		0
222.602		200.043		2678		2		0
224.846		231.494		2724		2		0
229.331		237.196		2726		1		0
280.758		182.317		2419		2		0
288.679		216.058		2471		2		0
285.57		249.105		2459		2		0
282.29		258.276		2419		2		0
248.603		225.986		2681		2		0
238.798		257.926		2622		2		0
243.952		311.944		2714		2		0
240.716		326.997		2672		2		0
266.029		229.814		2684		2		0
272.182		261.181		2594		2		0
270.342		312.225		2746		2		0
267.698		327.214		2712		2		0
259.949		179.212		2431		2		0
231		245		2688		2		0
232.699		236.694		2703		2		0
280.496		266.501		2405		2		0
285.601		261.298		2423		2		0
Frame 65
257.512		226.091		2674		2		0
259.114		197.898		2555		2		0
261.078		163.547		2313		2		0
262.968		148.404		2214		2		0
237.821		169.184		2472		2		0
223.093		196.847		2692		2		0
226.316		226.088		2749		2		0
227.72		228.743		2779		2		0
280.986		175.989		2418		2		0
288.613		212.299		2481		2		0
283.986		244.998		2450		2		0
280.801		252.247		2420		2		0
248.875		224.447		2684		2		0
239.057		257.818		2633		2		0
243.311		312.655		2724		2		0
239.914		327.579		2677		2		0
266.221		227.7		2673		2		0
272.961		262.322		2605		2		0
270.435		313.693		2748		2		0
267.714		328.449		2712		2		0
260.557		172.721		2432		2		0
229		237		2719		2		0
231.625		226.622		2740		2		0
278.999		259.501		2417		2		0
283.816		254.303		2412		2		0
Frame 66
257.639		223.644		2676		2		0
259.551		193.281		2555		2		0
261.9		157.169		2330		2		0
263.196		141.464		2232		2		0
238.856		162.749		2485		2		0
224.406		191.957		2685		2		0
227.469		221.522		2743		2		0
227.413		224.236		2776		2		0
281.139		170.655		2431		2		0
288.183		203.849		2485		2		0
283.634		237.088		2456		2		0
280.174		244.468		2426		2		0
249.017		222.085		2696		2		0
239.794		258.052		2645		2		0
243.552		312.965		2714		2		0
240.1		327.637		2664		2		0
266.332		225.226		2679		2		0
273.92		262.493		2630		2		0
270.695		314.122		2742		2		0
267.959		328.621		2725		2		0
261.267		166.783		2449		2		0
229.132		228.424		2769		2		0
231.216		223.86		2735		2		0
277.905		252.182		2431		2		0
283.338		245.823		2431		2		0
Frame 67
257.012		225.307		2678		2		0
259.142		190.085		2564		2		0
261.556		151.237		2344		2		0
263.483		135.97		2246		2		0
238.676		159.27		2490		2		0
224.973		189.889		2697		2		0
226.105		219.539		2749		2		0
227.741		221.986		2770		2		0
281.394		165.005		2445		2		0
288.064		200.142		2496		2		0
282.574		235.702		2451		2		0
279.02		239.688		2425		2		0
247.52		223.768		2680		2		0
238.891		266.44		2671		2		0
242.161		321.425		2687		2		0
242.937		333.792		2614		2		0
266.604		226.864		2662		2		0
275.592		269.498		2667		2		0
271.795		321.445		2708		2		0
274.879		326.815		2678		2		0
260.983		162.265		2451		2		0
232		227.5		2735		2		0
231.251		218.75		2734		2		0
276.889		246.335		2430		2		0
281.725		241.275		2422		2		0
Frame 68
256.104		221.329		2675		2		0
258.898		186.216		2558		2		0
261.974		146.378		2351		2		0
263.637		130.172		2263		2		0
238.372		154.158		2509		2		0
226.029		185.427		2706		2		0
226.221		215.178		2728		2		0
226.833		215.601		2728		2		0
282.023		162.449		2453		2		0
287.09		193.884		2501		2		0
283.065		225.32		2472		2		0
278.374		233.88		2438		2		0
246.995		219.581		2684		2		0
242.341		265.983		2677		2		0
244.556		312.149		2726		2		0
242.304		326.242		2673		2		0
265.309		223.052		2676		2		0
272.619		265.151		2680		2		0
269.297		310.341		2763		2		0
273.127		323.56		2701		2		0
261.192		156.272		2465		2		0
227.754		222.376		2752		2		0
232.145		215.927		2791		2		0
275.33		241.168		2433		2		0
279.77		236.767		2430		2		0
Frame 69
255.955		220.333		2669		2		0
258.726		184.306		2560		2		0
261.763		143.78		2381		2		0
263.328		127.189		2286		2		0
238.273		152.215		2521		2		0
226.436		184.119		2719		2		0
226.103		213.919		2730		2		0
226.452		214.103		2734		2		0
282.084		159.183		2464		2		0
287.092		190.844		2515		2		0
282.624		222.17		2471		2		0
277.491		229.922		2444		2		0
246.927		218.635		2677		2		0
242.332		265.16		2674		2		0
243.962		309.674		2750		2		0
242.376		324.416		2692		2		0
265.073		222.024		2675		2		0
272.612		264.398		2687		2		0
269.33		310.143		2760		2		0
273.037		323.279		2685		2		0
261.005		154.385		2481		2		0
227.132		221.126		2754		2		0
232.251		215.376		2771		2		0
274.687		236.694		2437		2		0
280.224		232.553		2436		2		0
Frame 70
255.834		219.514		2659		2		0
258.643		182.327		2557		2		0
261.756		140.594		2398		2		0
263.004		124.263		2304		2		0
237.954		149.555		2534		2		0
226.696		183.25		2715		2		0
226.006		213.061		2734		2		0
226.203		213.525		2734		2		0
282.113		156.888		2472		2		0
286.867		188.621		2530		2		0
282.152		219.735		2483		2		0
276.618		226.407		2440		2		0
246.859		217.787		2668		2		0
242.658		264.609		2666		2		0
243.945		308.859		2775		2		0
242.718		323.453		2711		2		0
264.894		221.222		2663		2		0
272.64		264.016		2700		2		0
269.37		310.117		2762		2		0
273.093		323.255		2677		2		0
260.95		151.358		2488		2		0
227.003		220.418		2741		2		0
230.949		214.216		2735		2		0
273.334		233.335		2435		2		0
278.686		227.208		2436		2		0
Frame 71
255.968		218.722		2650		2		0
258.766		180.472		2561		2		0
261.775		138.03		2426		2		0
262.754		121.765		2325		2		0
237.923		148.756		2547		2		0
227.348		181.858		2721		2		0
225.884		211.644		2715		2		0
226.189		213.553		2733		2		0
282.059		154.716		2493		2		0
286.748		187.056		2536		2		0
281.967		217.78		2478		2		0
276.071		223.518		2444		2		0
247.066		217.302		2675		2		0
242.575		264.118		2696		2		0
243.53		308.019		2783		2		0
242.2		322.188		2724		2		0
264.934		220.059		2660		2		0
272.657		263.028		2696		2		0
269.677		308.529		2773		2		0
272.548		322.089		2683		2		0
261.008		148.952		2507		2		0
227.001		220.418		2754		2		0
233		214.002		2735		2		0
272.854		230.145		2443		2		0
278.5		227.001		2442		2		0
Frame 72
256.11		218.32		2634		2		0
258.791		179.216		2569		2		0
261.508		136.415		2445		2		0
262.418		120.081		2345		2		0
237.81		148.098		2572		2		0
227.537		181.819		2727		2		0
225.851		211.587		2717		2		0
225.977		213.824		2722		2		0
281.956		153.329		2513		2		0
286.933		185.438		2550		2		0
281.508		215.583		2489		2		0
275.531		221.08		2446		2		0
247.233		216.983		2667		2		0
242.479		263.228		2704		2		0
243.553		307.595		2795		2		0
242.371		322.175		2736		2		0
265.045		219.614		2659		2		0
272.703		262.868		2681		2		0
269.598		308.51		2775		2		0
272.515		321.666		2690		2		0
260.824		147.382		2527		2		0
226		221.3		2733		2		0
231.331		214.801		0		2		0
272.499		227.501		2438		2		0
276.871		223.262		2439		2		0
Frame 73
256.275		218.011		2629		2		0
258.714		178.396		2572		2		0
260.975		135.195		2468		2		0
261.83		118.037		2362		2		0
237.63		147.706		2587		2		0
227.762		182.016		2731		2		0
225.839		211.764		2709		2		0
225.721		213.9		2716		2		0
281.611		152.29		2520		2		0
286.728		184.088		2567		2		0
281.085		213.653		2499		2		0
275.018		219.085		2449		2		0
247.437		216.811		2675		2		0
242.589		262.843		2709		2		0
243.562		307.502		2788		2		0
242.369		322.17		2738		2		0
265.172		219.17		2654		2		0
272.72		262.766		2690		2		0
269.678		308.28		2776		2		0
273.321		320.924		2681		2		0
260.43		146.237		2543		2		0
225.822		221.364		2729		2		0
231.821		213.275		0		2		0
271.598		225.601		2437		2		0
275.015		223.081		2445		2		0
Frame 74
256.382		217.659		2623		2		0
258.312		177.924		2575		2		0
259.484		136.789		2526		2		0
261.185		118.335		2387		2		0
237.368		147.221		2596		2		0
228.237		182.471		2737		2		0
225.703		212.153		2708		2		0
225.554		214.561		2718		2		0
281.02		151.103		2538		2		0
286.467		183.386		2585		2		0
280.61		212.371		2499		2		0
273.643		217.308		2450		2		0
247.584		216.629		2665		2		0
242.874		262.817		2713		2		0
243.774		307.433		2808		2		0
242.393		322.17		2734		2		0
265.24		218.622		2644		2		0
272.747		262.532		2681		2		0
270.117		306.823		2782		2		0
272.787		320.162		2685		2		0
259.165		147.122		2551		2		0
225.503		221.429		2733		2		0
230.853		212.853		2716		2		0
270.715		223.573		2444		2		0
274.781		219.52		2448		2		0
Frame 75
256.427		217.379		2628		2		0
258.059		177.588		2581		2		0
259.268		136.58		2571		2		0
260.327		116.541		2400		2		0
236.98		146.985		2613		2		0
228.372		182.568		2729		2		0
225.813		212.241		2691		2		0
225.854		214.948		2702		2		0
280.486		150.425		2552		2		0
285.857		181.631		2597		2		0
279.973		209.636		2495		2		0
272.867		214.719		2455		2		0
247.652		216.51		2663		2		0
243.119		262.928		2722		2		0
244.28		307.242		2799		2		0
242.355		322.024		2733		2		0
265.253		218.152		2632		2		0
272.741		262.375		2684		2		0
270.455		306.18		2779		2		0
272.718		319.971		2696		2		0
258.965		146.932		2566		2		0
225.502		222.334		2718		2		0
232.7		214.396		2745		2		0
269.335		220.836		2437		2		0
274.286		216.144		2447		2		0
Frame 76
256.285		217.084		2618		2		0
257.647		177.054		2584		2		0
258.752		135.841		2577		2		0
259.396		115.516		2419		2		0
236.466		146.672		2621		2		0
228.404		182.601		2725		2		0
226.018		212.263		2691		2		0
225.468		218.258		2734		2		0
279.723		149.783		2559		2		0
285.558		180.784		2605		2		0
278.729		207.926		2496		2		0
271.539		212.402		2456		2		0
247.579		216.359		2649		2		0
243.228		262.897		2728		2		0
244.2		307.235		2808		2		0
242.364		321.628		2741		2		0
265.026		217.702		2493		2		0
272.701		262.304		2671		2		0
270.503		306.01		2785		2		0
272.644		319.719		2683		2		0
258.483		146.273		2572		2		0
224.8		223.201		2703		2		0
228.286		221.144		2696		2		0
268.125		218.128		2444		2		0
273.876		212.25		2444		2		0
Frame 77
256.071		216.797		2611		2		0
257.124		176.6		2589		2		0
257.899		135.307		2601		2		0
258.437		114.971		2431		2		0
235.707		146.592		2623		2		0
228.425		182.726		2734		2		0
226.162		212.331		2687		2		0
226.002		218.501		2726		2		0
278.922		149.363		2573		2		0
285.349		180.191		2604		2		0
277.82		206.541		2509		2		0
270.601		209.892		2461		2		0
247.422		216.238		2646		2		0
243.268		262.898		2740		2		0
244.23		307.199		2808		2		0
242.371		321.663		2736		2		0
264.757		217.238		0		2		0
272.678		262.208		2682		2		0
270.46		305.947		2782		2		0
272.718		319.54		2690		2		0
257.713		145.739		2585		2		0
226.303		223.402		2704		2		0
230.001		220.564		2699		2		0
266.999		215.501		2437		2		0
272.415		210.764		2447		2		0
Frame 78
255.906		216.575		2614		2		0
256.499		176.186		2590		2		0
256.738		134.897		2606		2		0
257.483		114.574		2452		2		0
234.921		146.749		2636		2		0
228.408		182.704		2728		2		0
226.327		212.214		2676		2		0
226.302		218.293		2719		2		0
278.305		148.913		2578		2		0
285.195		179.577		2614		2		0
277.051		204.992		2522		2		0
269.561		207.258		2465		2		0
247.309		216.117		2648		2		0
243.203		262.815		2735		2		0
244.224		307.176		2812		2		0
242.386		321.649		2728		2		0
264.546		216.933		2630		2		0
272.62		262.194		2681		2		0
270.469		305.818		2782		2		0
272.61		319.398		2680		2		0
256.688		145.303		2599		2		0
226.75		223.251		2687		2		0
231.001		218.122		2736		2		0
266		212.667		2435		2		0
272.285		207.495		2448		2		0
Frame 79
255.737		216.404		2614		2		0
256.136		175.94		2602		2		0
256.2		134.682		2611		2		0
256.658		114.337		2461		2		0
234.249		147		2653		2		0
228.286		182.632		2726		2		0
226.439		211.949		2664		2		0
226.518		217.635		2679		2		0
277.594		148.651		2587		2		0
285.167		179.103		2615		2		0
275.726		203.125		2502		2		0
268.444		205.085		2467		2		0
247.18		216.055		2646		2		0
243.139		262.773		2731		2		0
244.266		307.062		2800		2		0
242.387		321.577		2734		2		0
264.344		216.647		2636		2		0
272.561		262.188		2671		2		0
270.459		305.783		2784		2		0
272.619		319.343		2690		2		0
256.187		145.064		2603		2		0
227.502		223		2667		2		0
230.224		220.34		2667		2		0
265.498		209.502		2435		2		0
271.225		205.171		2448		2		0
Frame 80
255.587		216.286		2610		2		0
255.725		175.727		2601		2		0
255.497		134.514		2623		2		0
255.516		114.244		2474		2		0
233.747		147.398		2653		2		0
228.149		182.53		2728		2		0
226.45		211.49		2649		2		0
226.891		217.234		2679		2		0
276.782		148.37		2588		2		0
285.053		178.567		2612		2		0
275.237		201.507		2532		2		0
267.685		202.546		2467		2		0
247.031		216.036		2638		2		0
243.079		262.769		2731		2		0
244.263		306.98		2804		2		0
242.402		321.451		2735		2		0
264.196		216.432		2632		2		0
272.494		262.207		2680		2		0
270.291		305.943		2766		2		0
272.59		319.33		2692		2		0
255.557		144.866		2612		2		0
226.908		221.803		2636		2		0
231.183		217.087		2674		2		0
265.499		205.501		2429		2		0
271.551		202.181		2452		2		0
Frame 81
255.547		216.245		2610		2		0
255.505		175.678		2605		2		0
255.09		134.631		2633		2		0
254.57		114.575		2480		2		0
233.159		147.804		2658		2		0
227.978		182.364		2742		2		0
226.698		210.685		2622		2		0
227.074		216.066		2667		2		0
276.274		148.158		2598		2		0
284.915		178.221		2613		2		0
273.732		199.913		2492		2		0
265.875		200.75		2439		2		0
246.968		216.071		2648		2		0
243.048		262.777		2718		2		0
244.306		306.892		2809		2		0
242.428		321.343		2730		2		0
264.176		216.328		2632		2		0
272.277		262.314		2666		2		0
270.239		306.054		2776		2		0
272.491		319.311		2690		2		0
255.195		144.926		2621		2		0
227.147		220.217		2618		2		0
230.182		217.897		2615		2		0
262.053		202.066		2445		2		0
269.311		198.383		2438		2		0
Frame 82
255.518		216.205		2605		2		0
255.269		175.655		2612		2		0
254.52		134.805		2638		2		0
253.764		114.715		2485		2		0
232.468		148.439		2677		2		0
227.447		181.843		2741		2		0
227.239		208.926		2602		2		0
227.743		213.403		2609		2		0
275.748		147.983		2607		2		0
284.78		177.875		2620		2		0
272.618		198.162		2474		2		0
265.195		197.8		2432		2		0
246.903		216.144		2647		2		0
242.905		262.798		2713		2		0
244.289		306.69		2804		2		0
242.428		321.319		2735		2		0
264.183		216.195		2631		2		0
272.06		262.253		2664		2		0
270.161		306.307		2782		2		0
272.473		319.347		2698		2		0
254.717		145.031		2625		2		0
227.889		218.224		2596		2		0
229.621		216.242		2611		2		0
260.067		199.073		2446		2		0
268.146		195.071		2436		2		0
Frame 83
255.464		216.244		2616		2		0
255.012		175.796		2617		2		0
254.162		135.155		2648		2		0
252.722		115.284		2490		2		0
232.024		148.965		2674		2		0
227.17		181.242		2748		2		0
227.515		205.994		2575		2		0
229.237		210.314		2584		2		0
275.123		148.098		2616		2		0
284.713		177.746		2621		2		0
270.765		194.541		2453		2		0
265.621		194.535		2438		2		0
246.821		216.281		2646		2		0
242.761		262.815		2724		2		0
244.304		306.658		2815		2		0
242.392		321.357		2731		2		0
264.144		216.172		2625		2		0
271.775		262.512		2661		2		0
269.866		307.262		2778		2		0
272.421		319.522		2710		2		0
254.376		145.328		2624		2		0
229.166		214.115		2571		2		0
228.5		216		2594		2		0
260.999		196.002		2441		2		0
266.768		191.281		2446		2		0
Frame 84
255.269		216.304		2606		2		0
254.58		175.965		2614		2		0
253.675		135.46		2643		2		0
251.906		115.611		2491		2		0
231.73		149.385		2675		2		0
226.843		181.027		2727		2		0
228.042		202.124		2543		2		0
230.524		205.494		2538		2		0
274.696		148.216		2615		2		0
284.727		177.674		2616		2		0
269.196		193.733		2464		2		0
265.482		191.953		2447		2		0
246.575		216.424		2641		2		0
242.484		263.092		2716		2		0
244.273		306.837		2799		2		0
242.188		321.214		2735		2		0
263.998		216.175		2621		2		0
271.474		262.78		2669		2		0
269.717		307.896		2774		2		0
272.477		319.932		2708		2		0
253.898		145.6		2642		2		0
231.238		208.766		2533		2		0
226.997		207.871		2576		2		0
259.545		192.365		2436		2		0
266.504		187.712		2460		2		0
Frame 85
255.133		216.344		2615		2		0
254.295		176.033		2616		2		0
253.254		135.615		2651		2		0
251.179		115.947		2490		2		0
231.255		149.818		2675		2		0
226.59		180.596		2730		2		0
229.765		197.944		2522		2		0
232.05		198.873		2523		2		0
274.307		148.28		2628		2		0
284.75		177.539		2621		2		0
268.067		192.652		2472		2		0
265.32		189.084		2448		2		0
246.402		216.525		2638		2		0
242.376		263.105		2709		2		0
244.244		306.701		2803		2		0
242.185		321.344		2736		2		0
263.9		216.168		2623		2		0
271.298		262.961		2652		2		0
269.707		308.413		2762		2		0
272.783		320.715		2694		2		0
253.514		145.73		2643		2		0
233.776		202.908		2509		2		0
228.45		202.993		2546		2		0
260.373		189.502		2442		2		0
266.145		184.926		2453		2		0
Frame 86
254.995		216.327		2608		2		0
253.99		176.037		2621		2		0
252.886		135.682		2653		2		0
250.526		116.06		2494		2		0
230.968		149.926		2677		2		0
226.102		179.705		2714		2		0
230.351		196.877		2528		2		0
233.523		194.374		2508		2		0
273.891		148.319		2628		2		0
284.554		177.426		2613		2		0
266.842		187.877		2456		2		0
261.495		186.219		2444		2		0
246.218		216.553		2646		2		0
242.266		263.16		2716		2		0
244.243		306.717		2808		2		0
242.416		321.589		2738		2		0
263.779		216.113		2642		2		0
271.151		263.167		2672		2		0
269.64		308.536		2766		2		0
272.427		320.88		2707		2		0
253.16		145.78		2643		2		0
237.462		197.156		2492		2		0
231.217		198.279		2532		2		0
256.166		184.834		2451		2		0
263.628		183		2446		2		0
Frame 87
254.873		216.239		2609		2		0
253.687		175.976		2613		2		0
252.437		135.745		2661		2		0
250.215		116.046		2502		2		0
230.629		149.945		2672		2		0
225.446		179.564		2703		2		0
228.911		191.376		2569		2		0
236.415		190.914		2480		2		0
273.566		148.167		2633		2		0
284.5		177.129		2617		2		0
265.051		185.877		2458		2		0
261.667		183.63		2443		2		0
246.105		216.5		2641		2		0
242.164		263.115		2717		2		0
244.238		306.675		2810		2		0
242.397		321.589		2741		2		0
263.65		215.976		2627		2		0
271.019		263.252		2672		2		0
269.605		308.535		2774		2		0
272.416		320.9		2702		2		0
252.751		145.808		2629		2		0
239.5		192.001		2487		2		0
234.405		193.821		2508		2		0
257.346		183.1		2451		2		0
263.704		179.899		2457		2		0
Frame 88
254.735		216.129		2608		2		0
253.49		175.902		2618		2		0
252.194		135.723		2655		2		0
249.965		115.986		2503		2		0
230.237		149.949		2665		2		0
224.353		179.568		2659		2		0
229.712		191.817		2589		2		0
237.358		187.81		2487		2		0
273.423		148.059		2628		2		0
284.355		177.005		2624		2		0
266.514		184.293		2466		2		0
260.582		181.298		2444		2		0
245.964		216.431		2649		2		0
242.1		263.123		2721		2		0
244.235		306.624		2801		2		0
242.459		321.603		2731		2		0
263.484		215.789		2629		2		0
270.929		263.448		2677		2		0
269.58		308.497		2764		2		0
272.33		320.934		2699		2		0
252.52		145.772		2635		2		0
241.273		187.002		2479		2		0
239.495		191.668		2494		2		0
255.283		179.429		2452		2		0
263.949		178.684		2452		2		0
Frame 89
254.6		215.946		2610		2		0
253.157		175.707		2573		2		0
251.637		135.565		2662		2		0
249.704		115.807		2507		2		0
230.019		149.771		2654		2		0
223.877		179.412		2650		2		0
238.021		179.253		2509		2		0
238.782		182.679		2478		2		0
273.311		147.959		2636		2		0
284.14		176.896		2624		2		0
263.431		181.583		2462		2		0
262.135		179.889		2457		2		0
245.856		216.291		2642		2		0
242.026		263.035		2731		2		0
244.227		306.601		2820		2		0
242.427		321.568		2732		2		0
263.295		215.516		2626		2		0
270.844		263.417		2671		2		0
269.502		308.181		2768		2		0
272.384		320.924		2699		2		0
252.024		145.603		2636		2		0
242.169		183.46		2470		2		0
246		177.334		2532		2		0
257.433		178.61		2453		2		0
264.18		175.939		2466		2		0
Frame 90
254.518		215.771		2607		2		0
252.889		175.524		2497		2		0
251.114		135.403		2660		2		0
249.593		115.607		2509		2		0
229.849		149.608		2662		2		0
223.509		179.32		2633		2		0
237.94		179.125		2480		2		0
239.599		180.296		2472		2		0
273.201		147.823		2644		2		0
284.124		176.698		2621		2		0
263.553		181.091		2467		2		0
262.084		178.55		2461		2		0
245.786		216.147		2648		2		0
241.953		263.018		2716		2		0
244.244		306.597		2809		2		0
238.53		320.489		2762		2		0
263.201		215.297		2624		2		0
270.793		263.372		2679		2		0
269.547		308.024		2772		2		0
272.381		320.928		2696		2		0
251.57		145.433		2632		2		0
242.865		180.275		2465		2		0
245.252		175.087		2524		2		0
257.848		177.299		2462		2		0
263.802		174.4		2458		2		0
Frame 91
254.478		215.671		2619		2		0
252.76		175.432		2511		2		0
250.908		135.319		2657		2		0
249.515		115.497		2510		2		0
229.717		149.447		2658		2		0
223.458		179.197		2634		2		0
237.801		179.408		2478		2		0
239.793		178.736		2471		2		0
273.103		147.845		2645		2		0
284.027		176.678		2634		2		0
264.194		180.09		2476		2		0
262.174		177.2		2461		2		0
245.763		216.091		2646		2		0
241.897		263.248		2736		2		0
244.333		306.654		2805		2		0
242.97		321.248		2728		2		0
263.145		215.138		2638		2		0
270.767		263.439		2688		2		0
269.536		308.037		2768		2		0
272.369		320.915		2694		2		0
251.382		145.348		2645		2		0
243.958		177.593		2455		2		0
244.665		173.083		2507		2		0
256.499		175.418		2459		2		0
262.889		171.888		2486		2		0
Frame 92
254.459		215.594		2609		2		0
252.735		175.414		2581		2		0
250.889		135.332		2659		2		0
249.503		115.467		2503		2		0
229.615		149.296		2662		2		0
220.255		179.939		2667		2		0
239.362		177.44		2477		2		0
240.604		177.454		2475		2		0
273.09		147.934		2650		2		0
283.998		176.722		2620		2		0
264.214		179.772		2481		2		0
262.034		176.11		2461		2		0
245.746		216.007		2649		2		0
241.879		263.245		2734		2		0
244.314		306.587		2813		2		0
236.447		317.97		2893		2		0
263.121		215.047		2626		2		0
270.71		263.525		2677		2		0
269.518		308.176		2770		2		0
272.428		320.96		2701		2		0
251.362		145.355		2645		2		0
244.792		175.528		2462		2		0
246.571		170.857		2510		2		0
256.948		174.501		2464		2		0
264.133		171.865		2466		2		0
Frame 93
254.417		215.533		2608		2		0
252.668		175.392		2599		2		0
250.816		135.343		2657		2		0
249.5		115.456		2507		2		0
229.438		149.117		2656		2		0
220.153		180.064		2676		2		0
238.177		177.791		2478		2		0
240.244		176.954		2474		2		0
273.059		147.972		2643		2		0
283.932		176.751		2632		2		0
259.195		175.055		2461		2		0
261.523		175.109		2459		2		0
245.708		215.958		2645		2		0
241.837		263.194		2715		2		0
244.307		306.575		2804		2		0
238.488		320.322		2766		2		0
263.065		214.962		2630		2		0
270.703		263.532		2676		2		0
269.516		308.185		2765		2		0
272.509		320.989		2702		2		0
251.289		145.358		2646		2		0
244.794		174.751		2459		2		0
236.524		173.586		2501		2		0
256.409		172.942		2461		2		0
263.073		170.499		2466		2		0
Frame 94
254.409		215.513		2615		2		0
252.656		175.395		2606		2		0
250.79		135.372		2658		2		0
249.522		115.465		2500		2		0
229.355		149.087		2656		2		0
219.802		180.663		2679		2		0
237.357		177.684		2485		2		0
240.328		176.604		2474		2		0
273.132		148.176		2651		2		0
283.934		176.945		2633		2		0
269.292		176.263		2527		2		0
262.164		174.766		2465		2		0
245.69		215.917		2642		2		0
241.754		263.136		2706		2		0
244.35		306.517		2801		2		0
242.301		321.587		2729		2		0
263.063		214.954		2630		2		0
270.7		263.563		2687		2		0
269.507		308.212		2765		2		0
272.495		321.087		2695		2		0
251.267		145.379		2634		2		0
245.183		173.365		2461		2		0
237.661		172.002		2498		2		0
256.907		172.91		2468		2		0
264.456		170.726		2467		2		0
Frame 95
254.398		215.505		2621		2		0
252.616		175.41		2616		2		0
250.698		135.428		2660		2		0
249.584		115.494		2501		2		0
229.372		149.076		2655		2		0
219.678		180.707		2681		2		0
237.176		177.509		2482		2		0
240.433		176.062		2473		2		0
273.153		148.271		2641		2		0
283.884		177.021		2635		2		0
263.374		175.194		2473		2		0
258.242		172.844		2465		2		0
245.667		215.907		2641		2		0
241.666		263.114		2717		2		0
244.345		306.525		2811		2		0
235.455		319.421		2862		2		0
263.062		214.954		2621		2		0
270.699		263.565		2683		2		0
269.503		308.18		2767		2		0
272.493		321.091		2694		2		0
251.188		145.423		2649		2		0
245.411		172.775		2459		2		0
236.907		172.468		2515		2		0
247.25		174.75		2470		2		0
255.384		169.808		2482		2		0
Frame 96
254.394		215.508		2612		2		0
252.596		175.438		2615		2		0
250.665		135.49		2651		2		0
249.799		115.583		2495		2		0
229.413		149.02		2650		2		0
219.712		180.918		2678		2		0
237.204		177.26		2488		2		0
240.401		175.699		2464		2		0
273.193		148.334		2650		2		0
284.096		177.031		2636		2		0
263.732		175.218		2473		2		0
258.228		172.326		2468		2		0
245.649		215.919		2639		2		0
241.543		263.043		2704		2		0
244.331		306.507		2804		2		0
235.91		319.546		2900		2		0
263.063		214.961		2624		2		0
270.678		263.667		2673		2		0
269.467		308.297		2764		2		0
272.368		321.267		2692		2		0
251.157		145.478		2633		2		0
245.876		171.877		2458		2		0
237.896		171.913		2495		2		0
247.499		173.257		2467		2		0
253		170.752		2500		2		0
Frame 97
254.425		215.503		2594		2		0
252.589		175.44		2610		2		0
250.642		135.486		2650		2		0
250.075		115.408		2490		2		0
229.445		148.962		2641		2		0
219.636		180.999		2678		2		0
237.201		176.889		2485		2		0
240.537		175.222		2467		2		0
273.201		148.346		2646		2		0
284.053		177.061		2640		2		0
264.186		175.255		2469		2		0
259.097		171.628		2456		2		0
245.69		215.909		2629		2		0
241.47		263.088		2699		2		0
244.331		306.519		2805		2		0
242.28		321.831		2735		2		0
263.085		214.97		2619		2		0
270.663		263.691		2676		2		0
269.439		308.582		2759		2		0
272.393		321.4		2696		2		0
251.137		145.476		2632		2		0
245.67		171.935		2458		2		0
238.851		170.859		2485		2		0
248		171.501		2473		2		0
260.201		167.599		2467		2		0
Frame 98
254.436		215.506		2596		2		0
252.598		175.445		2616		2		0
250.659		135.487		2654		2		0
250.42		115.459		2491		2		0
230.075		148.726		2641		2		0
220.76		181.332		2668		2		0
238.627		174.507		2473		2		0
242.096		173.214		2455		2		0
273.298		148.41		2649		2		0
284.026		177.154		2639		2		0
264.22		174.724		2470		2		0
259.417		171.043		2465		1		0
245.701		215.907		2625		2		0
241.444		263.105		2705		2		0
244.362		306.481		2807		2		0
242.3		321.81		2739		2		0
263.099		214.988		2611		2		0
270.652		263.687		2673		2		0
269.414		308.653		2761		2		0
272.397		321.425		2702		2		0
251.152		145.478		2636		2		0
246.281		169.444		2448		2		0
238.349		170.353		2474		2		0
248		172.002		2477		2		0
260.022		167.061		2452		2		0
Frame 99
254.456		215.567		2589		2		0
252.569		175.49		2604		2		0
250.599		135.512		2649		2		0
250.657		115.434		2490		2		0
229.86		148.68		2642		2		0
222.297		178.357		2628		2		0
239.066		174.495		2468		2		0
241.848		172.872		2459		2		0
273.392		148.463		2642		2		0
284.033		177.233		2638		2		0
264.393		174.617		2471		2		0
260.041		169.985		2464		1		0
245.715		216.004		2629		2		0
241.498		263.377		2701		2		0
244.417		306.458		2805		2		0
241.513		321.384		2749		2		0
263.128		215.033		2627		2		0
270.646		263.719		2681		2		0
269.415		308.909		2758		2		0
272.451		321.484		2698		2		0
251.098		145.509		2621		2		0
245.503		169.415		2454		2		0
238.407		169.765		2477		2		0
248		171.501		2481		2		0
260.04		166.001		2451		2		0
Frame 100
254.466		215.67		2594		2		0
252.548		175.557		2605		2		0
250.564		135.545		2651		2		0
251.106		115.386		2490		2		0
229.844		148.695		2639		2		0
221.57		179.712		2652		2		0
238.958		174.009		2469		2		0
241.791		172.226		2454		2		0
273.489		148.529		2641		2		0
283.946		177.35		2621		2		0
264.721		172.842		2464		2		0
260.893		168.882		2462		1		0
245.699		216.147		2623		2		0
241.53		264.313		2711		2		0
244.462		306.519		2801		2		0
241.462		321.451		2743		2		0
263.157		215.112		2625		2		0
270.659		263.754		2679		2		0
269.445		309.109		2761		2		0
272.504		321.606		2704		2		0
251.065		145.55		2621		2		0
245.524		169.217		2451		2		0
237.717		169.947		2470		2		0
259.165		165.834		2462		2		0
264.252		167.751		2464		2		0
Frame 101
254.503		215.738		2594		2		0
252.584		175.605		2607		2		0
250.611		135.558		2641		2		0
251.412		115.357		2482		2		0
229.836		148.671		2632		2		0
220.97		180.132		2663		2		0
238.549		174.007		2470		2		0
241.136		171.625		2454		2		0
273.585		148.576		2633		2		0
284.089		177.381		2621		2		0
266.188		171.476		2469		2		0
261.531		168.298		2451		2		0
245.718		216.199		2624		2		0
241.55		264.173		2700		2		0
244.464		306.493		2805		2		0
241.729		321.486		2744		2		0
263.225		215.207		2607		2		0
270.657		263.769		2670		2		0
269.441		309.122		2766		2		0
272.514		321.81		2709		2		0
251.109		145.573		2621		2		0
245.502		167.437		2448		2		0
237.128		168.802		2474		2		0
259.57		166.285		2460		2		0
264.633		166.265		2460		2		0
Frame 102
254.516		215.885		2594		2		0
252.63		175.727		2600		2		0
250.71		135.618		2644		2		0
251.803		115.357		2476		2		0
229.829		148.643		2635		2		0
220.517		180.7		2659		2		0
237.855		173.993		2469		2		0
240.92		171.311		2452		2		0
273.739		148.679		2637		2		0
284.133		177.542		2638		2		0
266.755		170.751		2457		2		0
262.517		167.477		2447		2		0
245.718		216.342		2623		2		0
241.495		264.362		2694		2		0
244.462		306.56		2797		2		0
241.502		321.282		2746		2		0
263.262		215.366		2601		2		0
270.623		263.778		2664		2		0
269.426		309.209		2763		2		0
272.588		321.928		2713		2		0
251.192		145.652		2621		2		0
245.442		167.88		2446		2		0
236.874		167.625		2493		2		0
259.498		164.501		2456		2		0
266.446		166.056		2459		2		0
Frame 103
254.534		215.984		2591		2		0
252.667		175.821		2595		2		0
250.775		135.681		2637		2		0
252.114		115.34		2477		2		0
229.85		148.556		2625		2		0
220.59		180.941		2661		2		0
237.487		173.256		2480		2		0
240.947		170.514		2449		2		0
273.764		148.694		2627		2		0
284.195		177.565		2628		2		0
267.253		169.952		2456		2		0
262.727		166.772		2446		2		0
245.71		216.425		2618		2		0
241.557		264.18		2702		2		0
244.467		306.566		2808		2		0
241.935		321.582		2743		2		0
263.314		215.491		2611		2		0
270.623		263.83		2671		2		0
269.381		309.408		2762		2		0
272.493		322.075		2703		2		0
251.249		145.726		2626		2		0
245.282		166.72		2446		2		0
237.228		167.079		2456		2		0
260.5		164.75		2455		2		0
267.001		164.546		2457		2		0
Frame 104
254.612		216.047		2595		2		0
252.788		175.87		2596		2		0
250.95		135.693		2635		2		0
252.464		115.284		2471		2		0
229.949		148.493		2629		2		0
220.565		180.978		2655		2		0
237.08		172.706		2465		2		0
240.711		169.94		2451		2		0
273.956		148.723		2625		2		0
284.274		177.643		2630		2		0
267.68		169.235		2459		2		0
262.835		166.047		2450		2		0
245.774		216.461		2612		2		0
241.536		264.156		2698		2		0
244.464		306.557		2802		2		0
242.072		321.529		2741		2		0
263.415		215.596		2606		2		0
270.638		263.872		2668		2		0
269.391		309.443		2756		2		0
272.539		322.147		2705		2		0
251.41		145.749		2612		2		0
245.648		165.881		2446		2		0
236.765		166.387		2464		2		0
260.451		162.819		2459		2		0
266.285		163.141		2461		2		0
Frame 105
254.659		216.111		2585		2		0
252.952		175.891		2585		2		0
251.261		135.66		2631		2		0
252.803		115.435		2469		2		0
230.06		148.441		2611		2		0
220.53		181.134		2667		2		0
236.73		172.317		2492		2		0
240.686		169.618		2440		2		0
274.217		148.789		2631		2		0
284.353		177.785		2622		2		0
267.541		168.788		2451		2		0
262.966		165.435		2449		1		0
245.801		216.498		2609		2		0
241.551		264.158		2695		2		0
244.467		306.767		2803		2		0
242.178		321.645		2740		2		0
263.492		215.696		2607		2		0
270.641		263.835		2663		2		0
269.407		309.381		2758		2		0
272.568		322.177		2699		2		0
251.681		145.731		2612		2		0
245.336		165.167		2442		2		0
237.15		165.849		2456		2		0
259.999		162		2458		2		0
267.112		162.444		2454		2		0
Frame 106
254.731		216.209		2581		2		0
253.099		175.93		2593		2		0
251.478		135.638		2623		2		0
253.155		115.481		2467		2		0
230.163		148.339		2608		2		0
220.459		181.13		2656		2		0
236.66		171.923		2471		2		0
240.539		168.939		2432		2		0
274.457		148.742		2624		2		0
284.575		177.764		2620		2		0
267.497		168.476		2451		2		0
262.838		164.64		2438		1		0
245.86		216.593		2612		2		0
241.555		264.197		2678		2		0
244.462		306.77		2795		2		0
242.176		321.69		2740		2		0
263.583		215.804		2598		2		0
270.646		263.831		2667		2		0
269.374		309.419		2758		2		0
272.509		322.228		2706		2		0
251.882		145.724		2610		2		0
245.114		164.482		2439		2		0
236.747		165.418		2455		2		0
260.527		163.35		2452		2		0
265.847		161.23		2450		2		0
Frame 107
254.77		216.282		2582		2		0
253.26		175.949		2590		2		0
251.779		135.582		2628		2		0
253.355		115.462		2458		2		0
230.276		148.24		2616		2		0
220.341		181.213		2653		2		0
236.726		171.251		2477		2		0
240.531		168.308		2440		2		0
274.752		148.81		2628		2		0
284.604		177.945		2618		2		0
267.661		167.606		2453		2		0
262.682		163.871		2437		2		0
245.872		216.659		2607		2		0
241.499		264.118		2679		2		0
244.518		306.791		2799		2		0
242.139		321.714		2742		2		0
263.649		215.889		2595		2		0
270.734		263.711		2659		2		0
269.344		309.435		2756		2		0
272.475		322.222		2698		2		0
252.146		145.688		2607		2		0
245.157		163.691		2434		2		0
236.535		164.926		2467		2		0
259.331		160.667		2449		2		0
266.645		160.929		2445		2		0
Frame 108
254.843		216.345		2586		2		0
253.43		175.971		2581		2		0
252.05		135.546		2614		2		0
253.639		115.281		2453		2		0
230.34		148.108		2607		2		0
220.403		181.079		2651		2		0
236.855		170.992		2467		2		0
240.383		167.681		2434		2		0
275.071		148.868		2616		2		0
284.553		178.145		2615		2		0
267.358		167.244		2449		2		0
262.685		163.068		2441		2		0
245.919		216.728		2605		2		0
241.497		264.013		2691		2		0
244.523		306.859		2802		2		0
242.165		321.75		2737		2		0
263.761		215.946		2581		2		0
270.756		263.731		2665		2		0
269.402		309.36		2762		2		0
272.464		322.243		2705		2		0
252.392		145.669		2603		2		0
245.003		163.26		2430		2		0
236.858		162.856		2505		2		0
259.11		160.333		2443		2		0
265.57		159.498		2447		2		0
Frame 109
254.867		216.37		2577		2		0
253.484		175.995		2578		2		0
252.123		135.563		2615		2		0
253.752		115.343		2446		2		0
230.298		147.983		2607		2		0
220.496		181.175		2656		2		0
236.935		170.601		2472		2		0
240.38		167.209		2434		2		0
275.287		148.848		2621		2		0
284.777		178.165		2611		2		0
267.394		166.827		2444		2		0
263.028		162.131		2434		2		0
245.932		216.755		2600		2		0
241.513		263.904		2690		2		0
244.544		306.873		2812		2		0
242.269		321.851		2743		2		0
263.794		215.973		2594		2		0
270.777		263.691		2656		2		0
269.408		309.347		2756		2		0
272.47		322.254		2703		2		0
252.461		145.687		2592		2		0
244.442		162.439		2421		2		0
236.076		164		2435		2		0
259.248		158.876		2446		2		0
267		159.213		2445		2		0
Frame 110
254.914		216.467		2576		2		0
253.593		176.052		2570		2		0
252.296		135.561		2607		2		0
253.879		115.467		2447		2		0
230.365		147.842		2597		2		0
220.489		181.141		2647		2		0
236.401		170.254		2473		2		0
239.986		166.525		2429		2		0
275.514		148.88		2610		2		0
284.902		178.29		2604		2		0
267.336		166.451		2441		2		0
263.138		161.286		2432		2		0
245.958		216.842		2599		2		0
241.523		263.87		2686		2		0
244.524		306.832		2800		2		0
242.274		321.863		2744		2		0
263.861		216.081		2588		2		0
270.788		263.682		2664		2		0
269.401		309.351		2756		2		0
272.473		322.242		2706		2		0
252.618		145.702		2593		2		0
244.402		161.399		2428		2		0
235.919		162.773		2460		2		0
259.854		158.215		2445		2		0
266.666		157.831		2449		2		0
