front
Frame 0
269.144		204.755		3699		2		0
269.149		178.171		3655		2		0
269.123		151.406		3679		2		0
270.071		136.449		3599		2		0
254.453		162.46		3688		2		0
250.728		184.804		3718		1		0
251.723		207.878		3697		1		0
252.441		211.02		3684		1		0
283.338		162.985		3686		2		0
287.101		184.678		3726		1		0
287.481		206.4		3696		1		0
286.587		211.23		3690		1		0
262.671		204.828		3692		2		0
261.375		231.526		3791		2		0
261.038		258.238		3866		2		0
261.101		263.776		3868		2		0
275.615		204.681		3695		2		0
277.053		231.449		3791		2		0
276.487		259.076		3861		2		0
276.865		264.632		3866		2		0
269.125		158.119		3662		2		0
253		216		3710		2		0
255.002		209.499		3696		2		0
286		216.5		3698		2		0
284.442		210.283		3714		2		0
Frame 1
269.142		204.767		3697		2		0
269.138		178.175		3665		2		0
269.099		151.403		3686		2		0
270.07		136.448		3595		2		0
254.449		162.505		3680		2		0
250.72		184.909		3718		2		0
252.098		209.424		3685		2		0
252.75		211.837		3686		1		0
283.33		162.986		3682		2		0
287.123		184.719		3733		1		0
287.591		206.116		3694		1		0
286.646		211.037		3693		1		0
262.668		204.847		3692		2		0
261.368		231.524		3789		2		0
261.034		258.219		3868		2		0
261.123		263.756		3866		2		0
275.614		204.687		3689		2		0
277.031		231.454		3787		2		0
276.514		258.811		3876		2		0
276.919		264.361		3870		2		0
269.106		158.118		3663		2		0
252.587		215.874		3712		2		0
255.4		211.701		3706		2		0
286.5		216.5		3701		2		0
284.462		210.348		3709		2		0
Frame 2
269.07		204.78		3703		2		0
269.094		178.17		3656		2		0
269.081		151.384		3681		2		0
270.057		136.44		3593		2		0
254.462		162.466		3683		2		0
250.717		184.908		3718		2		0
252.028		209.791		3684		2		0
252.512		212.538		3688		1		0
283.328		162.996		3688		2		0
287.161		184.744		3734		1		0
287.591		206.102		3691		1		0
286.526		211.112		3692		1		0
262.596		204.845		3685		2		0
261.571		231.785		3786		2		0
261.04		258.237		3866		2		0
261.129		263.774		3865		2		0
275.54		204.716		3689		2		0
277.031		231.518		3782		2		0
276.508		258.819		3864		2		0
276.913		264.369		3863		2		0
269.082		158.101		3664		2		0
252.935		215.785		3714		2		0
254.858		212.144		3699		2		0
286.2		216.4		3695		2		0
284.555		212		3707		2		0
Frame 3
269.062		204.782		3707		2		0
269.079		178.171		3669		2		0
269.061		151.385		3696		2		0
270.063		136.434		3610		2		0
254.448		162.497		3685		2		0
250.704		184.903		3724		1		0
251.955		209.44		3687		1		0
252.766		211.926		3687		1		0
283.326		163.013		3687		2		0
287.162		184.733		3737		1		0
287.488		206.232		3695		1		0
286.516		211.197		3688		1		0
262.587		204.846		3697		2		0
261.519		231.756		3785		2		0
261.039		258.245		3875		2		0
261.127		263.782		3872		2		0
275.534		204.718		3696		2		0
277.026		231.54		3780		2		0
276.48		258.883		3873		2		0
276.883		264.434		3867		2		0
269.064		158.103		3672		2		0
253		216		3711		2		0
255.33		211.054		3701		2		0
286		216.501		3700		2		0
284.43		211.389		3708		2		0
Frame 4
269.067		204.776		3699		2		0
269.088		178.177		3659		2		0
269.083		151.41		3693		2		0
270.064		136.5		3594		2		0
254.436		162.539		3681		2		0
250.717		184.88		3717		1		0
252.009		209.791		3687		1		0
253.842		211.841		3682		1		0
283.33		163.022		3684		2		0
287.162		184.73		3733		1		0
287.527		206.183		3694		1		0
286.507		210.962		3692		1		0
262.593		204.843		3690		2		0
261.495		231.756		3783		2		0
261.035		258.241		3870		2		0
261.13		263.778		3869		2		0
275.54		204.71		3699		2		0
277.026		231.551		3784		2		0
276.476		258.999		3866		2		0
276.887		264.553		3866		2		0
269.082		158.122		3680		2		0
255.402		214.6		3715		2		0
257.166		211.501		3710		2		0
285.5		216.5		3692		2		0
284.699		212.999		3710		2		0
Frame 5
269.116		204.771		3696		2		0
269.116		178.151		3653		2		0
269.104		151.362		3680		2		0
270.067		136.493		3593		2		0
254.401		162.577		3678		2		0
250.732		184.88		3712		1		0
252.021		209.613		3683		1		0
253.458		212.004		3683		1		0
283.353		162.963		3686		2		0
287.209		184.67		3729		1		0
287.734		205.783		3694		1		0
286.568		211.197		3683		1		0
262.648		204.852		3697		2		0
261.434		231.69		3782		2		0
261.045		258.287		3859		2		0
261.144		263.824		3864		2		0
275.584		204.693		3689		2		0
277.015		231.568		3781		2		0
276.307		259.824		3875		2		0
276.718		265.392		3859		2		0
269.104		158.08		3672		2		0
254.8		215.2		3712		2		0
256.667		212.001		3710		2		0
286		216.501		3694		2		0
284.3		210.401		3713		2		0
Frame 6
269.113		204.773		3704		2		0
269.116		178.151		3656		2		0
269.112		151.366		3685		2		0
270.07		136.455		3593		2		0
254.403		162.566		3679		2		0
250.921		186.431		3714		1		0
252.023		209.8		3681		1		0
253.368		212.615		3683		1		0
283.355		162.966		3687		2		0
287.272		184.652		3735		1		0
287.852		205.628		3690		1		0
286.563		211.15		3689		1		0
262.644		204.854		3690		2		0
261.437		231.685		3777		2		0
261.048		258.281		3869		2		0
261.141		263.817		3873		2		0
275.582		204.694		3696		2		0
277.012		231.572		3784		2		0
276.352		259.612		3869		2		0
276.757		265.176		3859		2		0
269.11		158.082		3672		2		0
254.5		215.5		3701		2		0
256.556		212.334		3705		2		0
286.201		216.401		3694		2		0
284.399		210.1		3713		2		0
Frame 7
269.112		204.777		3702		2		0
269.116		178.151		3653		2		0
269.112		151.357		3679		2		0
270.073		136.451		3594		2		0
254.418		162.569		3689		2		0
250.926		186.036		3715		1		0
251.953		209.367		3691		1		0
252.882		211.783		3685		1		0
283.342		162.942		3681		2		0
287.752		185.091		3729		1		0
287.805		205.853		3704		1		0
286.671		210.941		3693		1		0
262.642		204.855		3691		2		0
261.422		231.672		3776		2		0
261.022		258.341		3870		2		0
261.104		263.878		3871		2		0
275.583		204.701		3699		2		0
277.012		231.58		3782		2		0
276.376		259.535		3873		2		0
276.771		265.098		3864		2		0
269.109		158.077		3680		2		0
253.5		215		3694		2		0
255.699		211.473		3709		2		0
286.025		216.468		3699		2		0
284.444		209.889		3715		2		0
Frame 8
269.122		204.775		3695		2		0
269.119		178.147		3653		2		0
269.111		151.352		3684		2		0
270.08		136.449		3590		2		0
254.413		162.603		3679		2		0
250.905		185.882		3719		2		0
252.132		209.937		3685		2		0
253.112		212.76		3685		1		0
283.353		162.946		3683		2		0
287.73		185.087		3730		1		0
287.796		205.811		3695		1		0
286.62		210.98		3688		1		0
262.653		204.844		3698		2		0
261.406		231.663		3781		2		0
261.008		258.258		3872		2		0
261.091		263.793		3867		2		0
275.593		204.708		3688		2		0
277.012		231.59		3775		2		0
276.345		260.058		3874		2		0
276.742		265.631		3863		2		0
269.109		158.072		3654		2		0
253.501		216		3699		2		0
255.189		212.442		3697		2		0
286.2		216.4		3698		2		0
284.238		210.326		3708		2		0
Frame 9
269.122		204.785		3700		2		0
269.111		178.165		3651		2		0
269.093		151.381		3678		2		0
270.089		136.449		3602		2		0
254.413		162.602		3678		2		0
250.878		185.489		3718		2		0
252.11		210.016		3688		2		0
253.086		212.768		3687		1		0
283.362		162.959		3680		2		0
287.733		185.066		3729		1		0
287.857		205.66		3706		1		0
286.652		210.941		3687		1		0
262.651		204.854		3693		2		0
261.41		231.678		3778		2		0
261.012		258.254		3874		2		0
261.09		263.789		3867		2		0
275.595		204.721		3700		2		0
277.006		231.587		3783		2		0
276.323		259.955		3872		2		0
276.713		265.526		3864		2		0
269.094		158.097		3676		2		0
254.001		216		3698		2		0
255.409		212.381		3705		2		0
286.001		216.5		3697		2		0
284.456		210.723		3710		2		0
Frame 10
269.138		204.764		3703		2		0
269.135		178.128		3657		2		0
269.134		151.318		3690		2		0
270.095		136.402		3590		2		0
254.463		162.568		3686		2		0
250.899		185.421		3727		1		0
252.122		210.088		3687		1		0
252.718		212.634		3692		1		0
283.379		162.938		3684		2		0
287.733		185.066		3731		1		0
287.841		205.604		3697		1		0
286.659		210.979		3690		1		0
262.67		204.833		3691		2		0
261.479		231.691		3782		2		0
261.01		258.254		3868		2		0
261.102		263.788		3870		2		0
275.611		204.696		3703		2		0
277.003		231.591		3785		2		0
276.399		259.185		3877		2		0
276.805		264.738		3863		2		0
269.131		158.042		3663		2		0
253.501		216		3703		2		0
255.249		211.85		3705		2		0
286.5		216.501		3693		2		0
284.477		210.582		3707		2		0
Frame 11
269.138		204.764		3701		2		0
269.135		178.145		3669		2		0
269.136		151.366		3679		2		0
270.114		136.347		3597		2		0
254.553		162.579		3682		2		0
250.899		185.406		3713		1		0
252.141		210.151		3684		1		0
252.592		212.594		3690		1		0
283.392		162.929		3678		2		0
287.761		185.048		3729		1		0
287.927		205.512		3706		1		0
286.571		211.092		3687		1		0
262.669		204.831		3693		2		0
261.481		231.688		3788		2		0
261.017		258.269		3873		2		0
261.131		263.806		3868		2		0
275.611		204.702		3691		2		0
276.998		231.582		3789		2		0
276.461		258.986		3877		2		0
276.89		264.538		3863		2		0
269.132		158.081		3676		2		0
253		216		3714		2		0
255.17		211.914		3715		2		0
285.8		216.6		3696		2		0
284.726		212.906		3719		2		0
Frame 12
269.196		204.743		3699		2		0
269.17		178.14		3663		2		0
269.165		151.371		3687		2		0
270.132		136.335		3596		2		0
254.569		162.571		3683		2		0
250.88		185.274		3714		1		0
252.083		209.318		3678		1		0
252.96		211.8		3688		1		0
283.484		162.84		3682		2		0
287.777		185.014		3732		1		0
288.049		205.337		3676		1		0
286.865		210.018		3702		1		0
262.73		204.819		3692		2		0
261.472		231.704		3788		2		0
260.996		258.304		3871		2		0
261.117		263.844		3867		2		0
275.667		204.669		3697		2		0
277.035		231.514		3785		2		0
276.468		258.994		3875		2		0
276.904		264.55		3877		2		0
269.164		158.083		3670		2		0
253.5		215		3701		2		0
255.065		211.128		3697		2		0
286.667		215.667		3705		2		0
284.571		209.857		3720		2		0
Frame 13
269.222		204.718		3699		2		0
269.177		178.14		3648		2		0
269.155		151.395		3679		2		0
270.139		136.326		3595		2		0
254.523		162.555		3683		2		0
250.882		185.241		3717		1		0
252.103		209.564		3678		1		0
252.558		212.398		3682		1		0
283.483		162.863		3687		2		0
287.74		185.001		3728		1		0
288.041		205.355		3696		1		0
286.582		210.904		3698		1		0
262.758		204.789		3694		2		0
261.462		231.7		3790		2		0
260.997		258.269		3868		2		0
261.101		263.809		3872		2		0
275.692		204.648		3694		2		0
277.043		231.503		3784		2		0
276.496		259.081		3871		2		0
276.916		264.639		3880		2		0
269.16		158.099		3668		2		0
252.499		216		3720		2		0
255.454		211.83		3706		2		0
286.333		216.334		3690		2		0
284.557		210.995		3714		2		0
Frame 14
269.233		204.731		3707		2		0
269.216		178.15		3645		2		0
269.252		151.396		3697		2		0
270.167		136.334		3594		2		0
254.53		162.549		3681		2		0
250.884		185.243		3719		1		0
252.167		209.928		3696		1		0
252.488		212.678		3689		1		0
283.51		162.872		3677		2		0
287.965		185.164		3727		1		0
287.758		206.239		3711		1		0
286.815		211.034		3687		1		0
262.772		204.805		3697		2		0
261.457		231.704		3788		2		0
260.997		258.259		3872		2		0
261.098		263.8		3873		2		0
275.703		204.66		3699		2		0
277.034		231.504		3783		2		0
276.513		258.98		3873		2		0
276.929		264.538		3876		2		0
269.239		158.104		3663		2		0
253.5		216		3697		2		0
254.779		211.446		3685		2		0
286.48		216.48		3702		2		0
284.444		209.889		3716		2		0
Frame 15
269.277		204.718		3699		2		0
269.258		178.159		3657		2		0
269.276		151.432		3677		2		0
270.213		136.329		3593		2		0
254.512		162.551		3682		2		0
250.888		185.23		3716		1		0
252.261		210.232		3685		1		0
252.975		212.687		3684		1		0
283.531		162.87		3682		2		0
287.977		185.183		3731		1		0
287.787		206.179		3700		1		0
286.765		211.087		3683		1		0
262.816		204.786		3691		2		0
261.457		231.714		3783		2		0
260.991		258.269		3858		2		0
261.063		263.816		3878		2		0
275.746		204.65		3702		2		0
277.036		231.521		3784		2		0
276.528		259.024		3871		2		0
276.917		264.588		3869		2		0
269.27		158.133		3669		2		0
253.5		216		3701		2		0
255.089		212.092		3699		2		0
286.2		216.4		3698		2		0
285.221		212.665		3702		2		0
Frame 16
269.293		204.695		3689		2		0
269.303		178.125		3643		2		0
269.35		151.376		3669		2		0
270.234		136.289		3577		2		0
254.595		162.478		3669		2		0
250.909		185.229		3709		1		0
252.121		209.095		3684		1		0
252.901		211.964		3683		1		0
283.667		162.736		3675		2		0
287.96		185.098		3724		1		0
287.798		206.052		3699		1		0
286.657		210.884		3688		1		0
262.828		204.768		3688		2		0
261.453		231.798		3776		2		0
261.069		258.283		3863		2		0
261.155		263.839		3866		2		0
275.765		204.624		3690		2		0
277.036		231.538		3779		2		0
276.519		259.045		3871		2		0
276.919		264.616		3857		2		0
269.336		158.084		3663		2		0
253		216		3704		2		0
255.156		210.848		3693		2		0
286		216.5		3701		2		0
284.142		210.144		3712		2		0
Frame 17
269.274		204.701		3691		2		0
269.305		178.138		3652		2		0
269.38		151.399		3671		2		0
270.249		136.294		3584		2		0
254.602		162.468		3680		2		0
250.91		185.181		3710		1		0
252.101		208.68		3683		1		0
252.851		211.769		3681		1		0
283.672		162.747		3674		2		0
288.012		185.089		3722		1		0
287.861		206.064		3703		1		0
286.786		211.104		3698		1		0
262.814		204.766		3690		2		0
261.461		231.791		3778		2		0
261.052		258.333		3870		2		0
261.123		263.89		3866		2		0
275.738		204.64		3691		2		0
277.036		231.542		3784		2		0
276.516		259.039		3864		2		0
276.902		264.61		3862		2		0
269.358		158.104		3679		2		0
253.002		215		3697		2		0
255.493		210.939		3699		2		0
286.334		216.667		3699		2		0
284.4		210.101		3713		2		0
Frame 18
269.257		204.705		3693		2		0
269.29		178.15		3663		2		0
269.368		151.414		3680		2		0
270.284		136.343		3585		2		0
254.597		162.474		3679		2		0
250.923		185.159		3703		1		0
252.128		209.212		3678		1		0
253.062		211.94		3680		1		0
283.676		162.768		3672		2		0
288.006		185.052		3717		1		0
288.019		205.733		3679		1		0
286.765		210.856		3693		1		0
262.799		204.766		3694		2		0
261.462		231.759		3788		2		0
261.061		258.329		3872		2		0
261.132		263.889		3870		2		0
275.719		204.651		3697		2		0
277.029		231.562		3779		2		0
276.528		259.056		3867		2		0
276.914		264.631		3869		2		0
269.345		158.119		3660		2		0
253.499		215		3693		2		0
255.394		211.882		3700		2		0
285.667		216.334		3699		2		0
284.497		211.076		3713		2		0
Frame 19
269.263		204.719		3700		2		0
269.33		178.176		3639		2		0
269.455		151.435		3666		2		0
270.328		136.359		3590		2		0
254.711		162.511		3671		2		0
250.936		185.186		3716		1		0
252.096		209.604		3684		1		0
252.883		212.491		3681		1		0
283.686		162.748		3673		2		0
288.054		185.044		3714		1		0
288.029		205.756		3691		1		0
286.84		211.087		3691		1		0
262.803		204.784		3688		2		0
261.47		231.751		3779		2		0
261.078		258.349		3866		2		0
261.176		263.915		3869		2		0
275.726		204.662		3691		2		0
277.027		231.568		3776		2		0
276.459		259.086		3874		2		0
276.87		264.667		3862		2		0
269.42		158.143		3665		2		0
252.499		216		3717		2		0
255.435		212.158		3700		2		0
286.001		216.5		3689		2		0
284.522		210.65		3709		2		0
Frame 20
269.28		204.719		3689		2		0
269.4		178.162		3653		2		0
269.587		151.389		3670		2		0
270.372		136.36		3585		2		0
254.695		162.496		3670		2		0
250.945		185.075		3709		1		0
252.046		208.962		3680		1		0
252.635		211.888		3671		1		0
283.694		162.738		3662		2		0
287.91		185.053		3716		1		0
288.186		205.569		3684		1		0
286.98		210.133		3681		1		0
262.812		204.784		3686		2		0
261.473		231.77		3778		2		0
261.078		258.345		3863		2		0
261.115		263.917		3861		2		0
275.752		204.659		3687		2		0
277.077		231.429		3770		2		0
276.43		259.145		3865		2		0
276.779		264.734		3862		2		0
269.536		158.107		3664		2		0
252.5		215		3693		2		0
255.377		211.635		3701		2		0
286.8		215.6		3697		2		0
284.454		209.271		3705		2		0
Frame 21
269.26		204.73		3699		2		0
269.378		178.178		3640		2		0
269.557		151.403		3664		2		0
270.374		136.361		3571		2		0
254.701		162.517		3669		2		0
250.957		185.063		3714		1		0
252.162		209.745		3685		1		0
252.977		212.759		3687		1		0
283.711		162.782		3665		2		0
287.941		185.085		3718		1		0
288.196		205.594		3677		1		0
287.218		210.203		3677		1		0
262.792		204.795		3692		2		0
261.476		231.737		3782		2		0
261.056		258.327		3872		2		0
261.05		263.902		3857		2		0
275.733		204.67		3688		2		0
277.074		231.451		3771		2		0
276.481		259.134		3868		2		0
276.788		264.727		3864		2		0
269.508		158.122		3658		2		0
253.5		216		3697		2		0
254.921		211.825		3684		2		0
287.001		215.501		3677		2		0
284.682		209.919		3704		2		0
Frame 22
269.248		204.752		3687		2		0
269.389		178.177		3641		2		0
269.594		151.369		3665		2		0
270.457		136.333		3587		2		0
254.689		162.529		3667		2		0
250.971		185.037		3705		1		0
251.928		208.736		3687		1		0
252.869		211.891		3677		1		0
283.708		162.804		3662		2		0
287.944		185.08		3719		1		0
288.274		205.627		3686		1		0
287.273		210.11		3678		1		0
262.776		204.822		3685		2		0
261.47		231.737		3781		2		0
261.061		258.394		3872		2		0
261.044		263.97		3868		2		0
275.726		204.686		3681		2		0
277.066		231.502		3788		2		0
276.483		259.165		3875		2		0
276.78		264.759		3865		2		0
269.538		158.098		3638		2		0
252.999		215		3690		2		0
255.335		211.743		3703		2		0
287		215.501		3685		2		0
284.555		208.777		3702		2		0
Frame 23
269.275		204.754		3683		2		0
269.425		178.163		3630		2		0
269.626		151.329		3660		2		0
270.449		136.31		3576		2		0
254.659		162.506		3665		2		0
250.96		185.042		3709		1		0
251.93		208.587		3691		1		0
252.936		211.917		3675		1		0
283.733		162.791		3657		2		0
287.952		185.089		3711		1		0
288.405		205.419		3683		1		0
287.281		210.182		3681		1		0
262.78		204.82		3686		2		0
261.458		231.799		3783		2		0
261.06		258.395		3866		2		0
263.303		266.142		3854		2		0
275.766		204.691		3689		2		0
277.069		231.529		3773		2		0
276.489		259.199		3860		2		0
276.78		264.799		3865		2		0
269.572		158.065		3646		2		0
253		216		3702		2		0
255.312		211.606		3692		2		0
287		215.5		3685		2		0
284.666		209		3694		2		0
Frame 24
269.325		204.739		3687		2		0
269.478		178.126		3633		2		0
269.664		151.256		3654		2		0
270.424		136.368		3570		2		0
254.596		162.538		3658		2		0
250.942		184.989		3705		2		0
251.944		209.64		3684		2		0
253.112		212.759		3678		1		0
283.83		162.726		3660		2		0
287.859		185.079		3703		1		0
288.445		205.337		3681		1		0
287.11		210.111		3670		1		0
262.824		204.825		3677		2		0
261.461		231.845		3777		2		0
261.06		258.362		3874		2		0
263.392		266.113		3859		2		0
275.826		204.651		3683		2		0
277.071		231.565		3778		2		0
276.488		259.212		3864		2		0
276.756		264.819		3862		2		0
269.615		158.002		3653		2		0
253.501		216		3700		2		0
255.462		212.771		3700		2		0
287		215.501		3683		2		0
284.5		207.5		3699		2		0
Frame 25
269.26		204.796		3685		2		0
269.413		178.204		3645		2		0
269.594		151.354		3646		2		0
270.462		136.423		3568		2		0
254.566		162.493		3657		2		0
250.988		185.063		3706		2		0
251.982		210.088		3682		2		0
253.113		212.758		3676		1		0
283.835		162.788		3655		2		0
287.866		185.058		3704		1		0
288.426		205.269		3669		1		0
286.979		210.019		3672		1		0
262.746		204.864		3677		2		0
261.459		231.8		3771		2		0
261.051		258.399		3871		2		0
260.954		263.987		3867		2		0
275.777		204.727		3676		2		0
277.186		231.407		3769		2		0
276.451		259.31		3866		2		0
276.667		264.919		3856		2		0
269.547		158.095		3642		2		0
253.501		216		3687		2		0
255.351		212.41		3693		2		0
286.801		215.601		3685		2		0
284.375		208.626		3689		2		0
Frame 26
269.217		204.813		3688		2		0
269.371		178.232		3619		2		0
269.552		151.394		3643		2		0
270.435		136.436		3564		2		0
254.536		162.523		3659		2		0
250.958		185.051		3698		1		0
252.139		210.407		3677		1		0
252.814		212.859		3671		1		0
283.854		162.812		3651		2		0
287.888		185.22		3705		1		0
288.058		205.922		3667		1		0
286.964		210.171		3673		1		0
262.703		204.892		3675		2		0
261.467		231.79		3780		2		0
261.039		258.454		3868		2		0
260.932		264.043		3869		2		0
275.737		204.732		3680		2		0
277.173		231.426		3777		2		0
276.451		260.265		3859		2		0
276.657		265.896		3865		2		0
269.505		158.132		3655		2		0
253		217		3718		2		0
255.402		211.842		3694		2		0
287		215.501		3673		2		0
284.6		210.801		3686		2		0
Frame 27
269.21		204.826		3684		2		0
269.342		178.245		3635		2		0
269.484		151.39		3644		2		0
270.404		136.424		3554		2		0
254.579		162.459		3651		2		0
250.992		184.991		3699		1		0
252.032		208.79		3672		1		0
253		211.875		3670		1		0
283.844		162.839		3646		2		0
287.93		185.225		3701		1		0
288.031		205.899		3669		1		0
286.941		209.865		3680		1		0
262.685		204.89		3678		2		0
261.468		231.691		3778		2		0
261.008		258.459		3864		2		0
260.909		264.061		3868		2		0
275.737		204.753		3682		2		0
277.163		231.444		3768		2		0
276.415		260.162		3864		2		0
276.629		265.803		3861		2		0
269.448		158.134		3637		2		0
253		215		3688		2		0
255.524		211.343		3691		2		0
286.802		215.601		3666		2		0
284.605		209.934		3693		2		0
Frame 28
269.163		204.884		3679		2		0
269.322		178.312		3637		2		0
269.516		151.439		3643		2		0
270.417		136.48		3556		2		0
254.573		162.453		3646		2		0
250.9		185		3693		1		0
251.884		208.352		3681		1		0
252.684		211.282		3668		1		0
283.798		162.907		3640		2		0
288.011		185.289		3698		1		0
287.992		205.931		3684		1		0
286.981		210.13		3663		1		0
262.642		204.95		3675		2		0
261.453		231.749		3775		2		0
261.029		258.468		3859		2		0
260.932		264.087		3859		2		0
275.688		204.807		3673		2		0
277.194		231.339		3767		2		0
276.406		260.148		3869		2		0
273.753		266.865		3870		2		0
269.465		158.191		3634		2		0
252.5		216		3697		2		0
255.501		211.002		3682		2		0
286.801		215.601		3665		2		0
284.499		210		3687		2		0
Frame 29
269.175		204.92		3682		2		0
269.32		178.351		3628		2		0
269.486		151.462		3632		2		0
270.395		136.532		3541		2		0
254.53		162.527		3648		2		0
250.991		186.78		3687		2		0
252.025		209.357		3678		2		0
252.685		211.966		3673		1		0
283.832		162.895		3646		2		0
287.96		185.397		3702		1		0
288.134		205.76		3673		1		0
286.961		210.996		3672		1		0
262.65		204.985		3673		2		0
261.424		231.731		3776		2		0
261.032		258.469		3865		2		0
260.978		264.094		3865		2		0
275.704		204.846		3671		2		0
277.22		231.315		3762		2		0
276.41		260.096		3864		2		0
273.784		266.824		3876		2		0
269.443		158.219		3640		2		0
253.998		215.5		3689		2		0
255.252		211.627		3681		2		0
286.5		216.5		3672		2		0
284.593		209.733		3693		2		0
Frame 30
269.145		204.955		3683		2		0
269.273		178.394		3623		2		0
269.422		151.514		3637		2		0
270.289		136.534		3543		2		0
254.523		162.448		3646		2		0
250.956		186.238		3688		1		0
252.05		208.954		3671		1		0
252.899		211.84		3665		1		0
283.81		162.943		3644		2		0
287.987		185.395		3701		1		0
288.162		205.415		3654		1		0
286.783		210.892		3671		1		0
262.615		205.015		3671		2		0
261.44		231.738		3769		2		0
261.008		258.505		3858		2		0
260.911		264.131		3860		2		0
275.684		204.886		3674		2		0
277.193		231.383		3763		2		0
276.529		261.239		3863		2		0
273.296		267.686		3878		2		0
269.383		158.268		3643		2		0
253		217		3692		2		0
255.462		211.771		3680		2		0
286.5		216.5		3681		2		0
284.462		209.644		3686		2		0
Frame 31
269.171		204.998		3677		2		0
269.26		178.423		3637		2		0
269.364		151.527		3628		2		0
270.224		136.563		3542		2		0
254.483		162.436		3645		2		0
250.935		187.658		3682		1		0
251.955		210.106		3672		1		0
253.123		212.472		3666		1		0
283.779		162.954		3639		2		0
288.011		185.29		3689		1		0
288.208		205.375		3663		1		0
287.016		209.998		3667		1		0
262.628		205.065		3678		2		0
261.438		231.708		3769		2		0
261.011		258.497		3865		2		0
260.939		264.124		3861		2		0
275.728		204.918		3668		2		0
277.18		231.588		3761		2		0
276.8		259.915		3860		2		0
277.048		265.58		3851		2		0
269.337		158.285		3616		2		0
252.998		216		3688		2		0
254.942		213.059		3678		2		0
287		215.501		3674		2		0
285.714		213		3684		2		0
Frame 32
269.2		205.054		3681		2		0
269.239		178.466		3613		2		0
269.257		151.529		3626		2		0
270.184		136.659		3540		2		0
254.489		162.409		3639		2		0
250.82		186.428		3677		1		0
251.866		209.094		3670		1		0
252.861		211.963		3662		1		0
283.775		162.973		3635		2		0
287.984		185.405		3689		1		0
287.668		206.707		3671		1		0
286.875		210.476		3665		1		0
262.653		205.158		3672		2		0
261.425		231.626		3773		2		0
261.022		258.499		3862		2		0
261.004		264.138		3862		2		0
275.758		204.945		3674		2		0
277.15		231.589		3768		2		0
276.808		259.872		3861		2		0
277.11		265.548		3865		2		0
269.255		158.301		3620		2		0
253		216		3683		2		0
255.441		211.804		3675		2		0
286.793		216.331		3677		2		0
284.499		211.5		3687		2		0
Frame 33
269.129		205.072		3681		2		0
269.188		178.437		3607		2		0
269.247		151.428		3630		2		0
270.122		136.652		3537		2		0
254.4		162.408		3637		2		0
250.77		186.035		3683		1		0
251.874		208.928		3666		1		0
252.859		212.388		3663		1		0
283.741		162.966		3634		2		0
287.897		185.387		3691		1		0
287.708		206.633		3665		1		0
286.812		210.493		3670		1		0
262.586		205.184		3677		2		0
261.397		231.615		3768		2		0
261.031		258.528		3855		2		0
261.048		264.175		3861		2		0
275.684		204.956		3673		2		0
277.134		231.97		3766		2		0
276.799		259.873		3857		2		0
277.136		265.556		3859		2		0
269.233		158.22		3633		2		0
253		217		3699		2		0
255.402		211.92		3682		2		0
286.501		216.334		3675		2		0
284.363		209.455		3688		2		0
Frame 34
269.059		205.199		3669		2		0
269.097		178.525		3600		2		0
269.142		151.476		3632		2		0
270.099		136.875		3531		2		0
254.425		162.505		3630		2		0
250.794		185.769		3676		1		0
251.989		209.863		3663		1		0
252.686		212.928		3653		1		0
283.711		163.004		3635		2		0
287.875		185.404		3686		1		0
287.937		206.26		3665		1		0
286.908		210.687		3666		1		0
262.492		205.347		3674		2		0
261.329		231.606		3763		2		0
261.029		258.436		3859		2		0
261.133		264.084		3861		2		0
275.634		205.049		3666		2		0
277.106		232.055		3771		2		0
276.767		259.849		3864		2		0
277.189		265.534		3844		2		0
269.13		158.277		3608		2		0
253		217		3688		2		0
255.521		212.474		3682		2		0
286.716		216.429		3666		2		0
284.427		210.139		3681		2		0
Frame 35
269.025		205.216		3672		2		0
269.062		178.549		3609		2		0
269.106		151.51		3634		2		0
270.007		136.968		3522		2		0
254.331		162.447		3626		2		0
250.817		185.772		3679		1		0
251.85		208.66		3663		1		0
252.742		211.312		3652		1		0
283.652		163.045		3625		2		0
287.799		185.432		3685		1		0
287.514		207.073		3655		1		0
286.722		211.207		3656		1		0
262.456		205.362		3666		2		0
261.286		231.617		3755		2		0
261.024		258.375		3855		2		0
261.062		264.024		3854		2		0
275.604		205.069		3668		2		0
277.153		231.8		3753		2		0
276.576		260.288		3858		2		0
274.372		267.17		3859		2		0
269.094		158.309		3615		2		0
252.499		215		3658		2		0
255.467		211.27		3673		2		0
286.287		216.428		3667		2		0
284.35		210.025		3678		2		0
Frame 36
268.986		205.24		3665		2		0
268.994		178.585		3615		2		0
269.004		151.546		3611		2		0
269.928		137.045		3524		2		0
254.293		162.448		3622		2		0
250.83		185.725		3678		1		0
251.84		208.594		3658		1		0
252.526		211.463		3651		1		0
283.677		163.034		3625		2		0
287.758		185.373		3684		1		0
287.552		207.023		3673		1		0
286.659		211.301		3657		1		0
262.412		205.404		3670		2		0
261.35		231.663		3756		2		0
261.011		258.35		3870		2		0
261.061		264.017		3865		2		0
275.57		205.074		3665		2		0
277.122		231.849		3762		2		0
276.564		260.557		3854		2		0
274.116		267.357		3859		2		0
269.002		158.346		3618		2		0
253		217		3687		2		0
255.418		211.916		3674		2		0
286.287		216.572		3660		2		0
284.426		210.482		3677		2		0
Frame 37
269		205.266		3674		2		0
269.03		178.583		3606		2		0
269.068		151.489		3612		2		0
269.922		137.003		3519		2		0
254.15		162.472		3616		2		0
250.796		185.445		3670		1		0
251.823		208.565		3646		1		0
252.359		211.884		3648		1		0
283.656		163.014		3616		2		0
287.72		185.535		3678		1		0
287.989		206.23		3660		1		0
286.927		209.982		3656		1		0
262.423		205.433		3664		2		0
261.302		231.661		3763		2		0
261.008		258.349		3865		2		0
261.071		264.028		3860		2		0
275.588		205.096		3657		2		0
277.052		231.937		3753		2		0
276.535		261.04		3856		2		0
273.711		267.673		3866		2		0
269.058		158.305		3608		2		0
253.333		217.334		3675		2		0
255.5		210.001		3672		2		0
287		215.501		3655		2		0
284.512		210.044		3677		2		0
Frame 38
269.027		205.261		3670		2		0
268.982		178.613		3576		2		0
268.918		151.563		3623		2		0
269.889		136.984		3513		2		0
254.075		162.409		3609		2		0
250.738		185.38		3666		2		0
251.895		209.982		3651		2		0
252.5		212.445		3642		1		0
283.576		162.984		3613		2		0
287.53		185.536		3675		1		0
288.093		206.122		3638		1		0
286.981		210.132		3662		1		0
262.442		205.416		3658		2		0
261.266		231.618		3759		2		0
260.963		258.4		3853		2		0
261.022		264.089		3863		2		0
275.622		205.103		3660		2		0
277.04		233.171		3754		2		0
276.464		260.616		3862		2		0
273.806		267.313		3861		2		0
268.936		158.368		3588		2		0
252.999		216		3667		2		0
255.112		210.555		3668		2		0
287		215.5		3648		2		0
284.5		210		3670		2		0
Frame 39
268.9		205.314		3663		2		0
268.897		178.668		3596		2		0
268.885		151.613		3601		2		0
269.822		137.002		3501		2		0
253.929		162.507		3611		2		0
250.688		185.187		3661		1		0
251.938		210.26		3649		1		0
252.552		212.696		3642		1		0
283.634		163.007		3604		2		0
287.393		185.561		3667		1		0
288.026		206.918		3634		1		0
287.046		210.592		3651		1		0
262.308		205.476		3653		2		0
261.237		231.579		3759		2		0
260.976		258.532		3856		2		0
261.015		264.223		3872		2		0
275.499		205.15		3650		2		0
276.997		233.53		3753		2		0
276.444		260.614		3856		2		0
273.788		267.309		3865		2		0
268.89		158.419		3600		2		0
252.999		216		3654		2		0
255.155		212.31		3664		2		0
287.167		216.334		3654		2		0
284.363		209.455		3667		2		0
Frame 40
268.855		205.418		3649		2		0
268.802		178.719		3587		2		0
268.73		151.554		3580		2		0
269.759		137.033		3497		2		0
253.698		162.747		3599		2		0
250.653		185.197		3652		1		0
251.927		210.429		3654		1		0
252.44		212.863		3637		1		0
283.525		163.109		3601		2		0
287.415		185.564		3660		1		0
287.663		207.107		3646		1		0
286.947		211.018		3640		1		0
262.254		205.579		3645		2		0
261.225		231.558		3754		2		0
260.949		258.677		3856		2		0
260.95		264.392		3866		2		0
275.467		205.255		3639		2		0
276.94		233.722		3745		2		0
276.458		260.809		3845		2		0
273.677		267.445		3864		2		0
268.75		158.394		3594		2		0
251.499		217		3689		2		0
255.3		212.404		3665		2		0
287.287		216.429		3641		2		0
284.444		210.777		3665		2		0
Frame 41
268.782		205.482		3646		2		0
268.697		178.804		3582		2		0
268.6		151.652		3588		2		0
269.698		137.011		3477		2		0
253.661		162.763		3594		2		0
250.844		187.695		3648		1		0
251.919		210.683		3642		1		0
252.594		213.096		3634		1		0
283.489		163.146		3600		2		0
287.238		185.675		3656		1		0
287.993		206.302		3645		1		0
286.912		211.153		3642		1		0
262.183		205.63		3644		2		0
261.094		231.582		3750		2		0
260.905		258.788		3853		2		0
260.873		264.525		3851		2		0
275.393		205.331		3647		2		0
276.847		233.774		3724		2		0
276.438		260.867		3851		2		0
274.754		267.897		3854		2		0
268.625		158.489		3595		2		0
252.999		217		3657		2		0
255.442		211.777		3660		2		0
287.001		216.501		3639		2		0
284.5		212.5		3652		2		0
Frame 42
268.616		205.632		3645		2		0
268.589		178.913		3566		2		0
268.568		151.7		3575		2		0
269.569		137.169		3461		2		0
253.668		162.809		3597		2		0
250.749		186.587		3646		1		0
251.787		210.778		3636		1		0
252.642		213.382		3633		1		0
283.469		163.244		3584		2		0
286.628		187.478		3651		1		0
288.213		207.081		3648		1		0
286.778		211.184		3640		1		0
261.998		205.801		3647		2		0
261.031		231.858		3742		2		0
260.837		259.014		3850		2		0
260.831		264.767		3852		2		0
275.244		205.462		3636		2		0
276.817		234.946		3728		2		0
276.437		261.114		3856		2		0
275.451		268.302		3849		2		0
268.573		158.554		3584		2		0
253.5		217		3654		2		0
255.667		212.836		3656		2		0
287.503		216.749		3630		2		0
284.461		211.23		3652		2		0
Frame 43
268.42		205.716		3642		2		0
268.5		178.962		3557		2		0
268.628		151.669		3556		2		0
269.5		137.111		3456		2		0
253.536		162.821		3581		2		0
250.627		186.311		3640		1		0
251.706		210.801		3636		1		0
252.541		213.496		3630		1		0
283.471		163.347		3581		2		0
286.78		187.942		3649		1		0
288.273		207.55		3624		1		0
286.736		211.459		3626		1		0
261.812		205.851		3641		2		0
260.964		232.067		3740		2		0
260.763		259.104		3850		2		0
260.682		264.894		3842		2		0
275.04		205.586		3631		2		0
276.81		235.94		3707		2		0
276.419		261.493		3840		2		0
273.63		268.155		3864		2		0
268.591		158.548		3572		2		0
252.998		217		3652		2		0
255.6		214.101		3659		2		0
286.8		217.401		3641		2		0
284.499		211		3646		2		0
Frame 44
268.404		205.843		3631		2		0
268.497		179.11		3567		2		0
268.627		151.823		3544		2		0
269.441		137.342		3446		2		0
253.297		163.001		3567		2		0
250.505		186.181		3635		1		0
251.776		210.902		3627		1		0
252.174		213.639		3620		1		0
283.484		163.35		3565		2		0
286.801		188.129		3641		1		0
288.177		207.766		3613		1		0
286.806		211.47		3625		1		0
261.774		205.981		3630		2		0
261.03		232.489		3731		2		0
260.76		260.322		3842		2		0
260.643		266.155		3852		2		0
275.046		205.706		3633		2		0
276.697		236.895		3695		2		0
276.555		261.906		3831		2		0
273.197		268.229		3855		2		0
268.591		158.702		3556		2		0
252.5		218		3654		2		0
255.182		212.547		3646		2		0
287.252		217.75		3631		2		0
284.499		211.499		3637		2		0
Frame 45
268.269		206.003		3633		2		0
268.436		179.282		3548		2		0
268.634		151.999		3540		2		0
269.41		137.593		3438		2		0
253.074		163.189		3563		2		0
250.406		185.864		3629		1		0
251.58		211.246		3617		1		0
252.567		214.823		3611		1		0
283.449		163.458		3556		2		0
286.971		188.657		3631		1		0
288.067		208.327		3613		1		0
286.403		213.682		3606		1		0
261.635		206.151		3625		2		0
260.814		233.472		3719		2		0
260.561		260.71		3848		2		0
260.331		266.557		3849		2		0
274.913		205.857		3620		2		0
276.497		237.43		3684		2		0
276.646		262.223		3822		2		0
272.902		268.255		3861		2		0
268.581		158.877		3535		2		0
252		219		3659		2		0
255.499		215.503		3653		2		0
286.001		219		3633		2		0
284.166		213.666		3628		2		0
Frame 46
268.019		206.271		3620		2		0
268.321		179.731		3546		2		0
268.677		152.663		3541		2		0
269.314		138.027		3418		2		0
252.989		163.496		3556		2		0
250.251		185.7		3626		1		0
251.365		211.362		3614		1		0
251.984		215.17		3614		1		0
283.454		163.617		3535		2		0
287.03		188.995		3617		1		0
287.871		208.703		3589		1		0
286.748		211.681		3603		1		0
261.396		206.372		3611		2		0
260.66		233.887		3710		2		0
260.527		260.864		3834		2		0
260.291		266.741		3849		2		0
274.656		206.173		3608		2		0
276.101		237.885		3658		2		0
276.538		262.579		3816		2		0
272.725		268.463		3854		2		0
268.583		159.484		3526		2		0
252		219		3649		2		0
255.4		215.903		3631		2		0
286.716		217.572		3596		2		0
284.222		210.666		3616		2		0
Frame 47
267.988		206.612		3611		2		0
268.368		180.094		3525		2		0
268.8		152.972		3518		2		0
269.3		138.295		3406		2		0
252.894		163.895		3545		2		0
250.008		190.39		3613		1		0
251.189		211.315		3603		1		0
251.49		214.577		3600		1		0
283.52		163.877		3524		2		0
287.097		189.124		3607		1		0
287.892		208.888		3579		1		0
286.301		214.122		3583		1		0
261.353		206.719		3608		2		0
260.618		234.372		3710		2		0
260.483		261.358		3841		2		0
265.41		267.642		3855		2		0
274.634		206.506		3598		2		0
275.863		237.9		3644		2		0
276.425		263.057		3811		2		0
276.365		269.043		3832		2		0
268.688		159.814		3527		2		0
251.5		220		3649		2		0
254.364		214.912		3614		2		0
286.333		220.334		3610		2		0
285.8		215.3		3591		2		0
Frame 48
267.758		206.958		3607		2		0
268.279		180.49		3510		2		0
268.928		153.295		3491		2		0
269.293		138.491		3380		2		0
252.859		164.422		3529		2		0
249.971		190.378		3601		1		0
251.134		211.407		3597		1		0
251.441		214.886		3590		1		0
283.815		164.129		3511		2		0
287.129		189.579		3599		1		0
287.696		209.431		3583		1		0
286.725		211.601		3587		1		0
261.148		206.97		3601		2		0
260.972		234.604		3685		2		0
260.483		261.592		3833		2		0
262.253		268.65		3842		2		0
274.38		206.957		3596		2		0
275.583		238.016		3629		2		0
276.309		263.16		3811		2		0
272.936		269.114		3854		2		0
268.754		160.171		3494		2		0
251.5		220		3615		2		0
254.455		214.732		3612		2		0
286.715		217.572		3577		2		0
284.4		211.1		3600		2		0
Frame 49
267.546		207.371		3600		2		0
268.175		180.893		3520		2		0
268.897		153.636		3476		2		0
269.365		139.098		3358		2		0
253.079		164.959		3516		2		0
250.099		190.636		3594		2		0
251.194		211.715		3591		2		0
251.5		215.241		3579		2		0
283.904		164.363		3491		2		0
287.116		189.886		3585		1		0
287.74		209.755		3578		1		0
286.802		211.507		3578		1		0
260.926		207.349		3585		2		0
261.105		235.619		3676		2		0
260.456		261.744		3830		2		0
262.17		268.77		3843		2		0
274.178		207.396		3580		2		0
275.44		238.13		3601		2		0
276.407		263.235		3792		2		0
272.767		268.671		3842		2		0
268.709		160.53		3498		2		0
251.5		221		3625		2		0
254.467		214.738		3594		2		0
287.25		217.75		3556		2		0
284.502		211.982		3590		2		0
Frame 50
267.41		207.733		3576		2		0
268.272		181.486		3488		2		0
269.274		154.511		3465		2		0
269.512		139.646		3332		2		0
253.256		165.195		3497		2		0
250.073		190.695		3580		2		0
250.896		212.121		3583		2		0
251.168		215.88		3583		2		0
284.044		165.057		3474		2		0
287.035		190.165		3579		1		0
287.79		210.14		3567		1		0
286.865		211.228		3564		1		0
260.769		207.621		3576		2		0
261.231		236.501		3662		2		0
260.451		262.082		3823		2		0
262.128		268.928		3838		2		0
274.075		207.859		3568		2		0
275.484		238.278		3578		2		0
276.424		263.37		3788		2		0
271.936		268.126		0		2		0
269.011		161.329		3471		2		0
251.501		221		3592		2		0
254.6		217.2		3595		2		0
287.667		217.667		3544		2		0
284.333		214.334		3559		2		0
Frame 51
267.57		208.219		3571		2		0
268.334		182.259		3482		2		0
269.117		155.511		3435		2		0
269.526		140.511		3324		2		0
252.879		165.854		3484		2		0
250.088		191.763		3570		2		0
251.012		211.753		3580		2		0
251.373		216.727		3565		2		0
284.342		165.683		3454		2		0
287.04		191.313		3564		1		0
288.173		211.335		3540		1		0
286.924		212.355		3551		1		0
260.911		208.122		3571		2		0
261.421		237.467		3638		2		0
260.556		262.351		3804		2		0
266.383		268.038		0		2		0
274.255		208.314		3564		2		0
275.603		238.37		3548		2		0
276.288		263.478		3780		2		0
276.083		269.753		3799		2		0
268.921		162.28		3457		2		0
252.249		222.5		3591		2		0
254.376		217.379		3578		2		0
287.2		218.6		3533		2		0
284.499		213.999		3558		2		0
Frame 52
267.617		209.327		3541		2		0
268.55		183.437		3467		2		0
269.534		156.644		3412		2		0
269.655		142.987		3300		2		0
253.164		167.789		3459		2		0
250.08		192.275		3556		2		0
250.914		212.32		3569		2		0
250.86		217.375		3547		2		0
284.73		167.156		3438		2		0
287.194		192.989		3553		1		0
288.369		213.116		3533		1		0
286.617		218.653		3522		1		0
260.959		209.491		3555		2		0
261.502		238.529		3609		2		0
260.709		262.672		3797		2		0
260.137		268.914		3824		2		0
274.295		209.187		3545		2		0
276.506		239.084		3523		2		0
276.244		263.024		3761		2		0
275.974		269.362		3797		2		0
269.283		163.433		3439		2		0
251.498		223		3572		2		0
254.375		217.376		3555		2		0
286.8		224.4		3526		2		0
284.5		218.5		3539		2		0
Frame 53
268.274		213.158		3545		2		0
269.139		186.21		3458		2		0
270.051		158.509		3410		2		0
270.131		143.633		3285		2		0
253.295		170.193		3451		2		0
249.656		195.727		3545		2		0
250.967		216.353		3534		2		0
251.478		219.789		3533		2		0
284.808		168.908		3417		2		0
287.437		193.815		3543		2		0
288.024		214.49		3520		2		0
286.652		220.344		3509		2		0
261.508		213.088		3555		2		0
261.292		242.963		3595		2		0
261.608		264.097		3786		2		0
260.806		270.321		3830		2		0
275.071		213.214		3525		2		0
276.097		241.668		3498		2		0
276.219		264.093		3736		2		0
275.697		270.414		3786		1		0
269.818		165.511		3426		2		0
253.198		225.399		3563		2		0
254.5		218.671		3540		2		0
287		226.25		3516		2		0
284.286		221.143		3527		2		0
Frame 54
268.569		214.241		3531		2		0
269.367		188.18		3438		2		0
270.103		161.354		3400		2		0
270.491		146.391		3253		2		0
253.383		172.494		3439		2		0
250.029		197.145		3539		2		0
250.761		217.377		3524		2		0
251.253		221.418		3519		2		0
285.025		170.532		3398		2		0
288.24		196.566		3528		2		0
286.537		220.883		3497		2		0
286.464		223.704		3508		2		0
261.862		214.529		3524		2		0
261.868		242.25		3559		2		0
262.054		262.639		3754		2		0
261.328		269.044		3818		2		0
275.305		213.996		3515		2		0
276.818		241.35		3466		2		0
276.18		263.428		3709		2		0
275.726		269.926		3768		2		0
269.925		168.148		3397		2		0
252.199		227.4		3549		2		0
254.626		221.628		3530		2		0
286.333		229.334		3498		2		0
283.455		222.272		3501		2		0
Frame 55
269.041		216.378		3511		2		0
269.623		190.626		3427		2		0
270.17		163.717		3373		2		0
270.639		149.277		3231		2		0
253.346		174.115		3416		2		0
250.007		198.178		3526		2		0
250.567		218.474		3519		2		0
251.262		224.004		3508		2		0
285.585		173.574		3373		2		0
288.499		198.25		3513		2		0
290.35		218.428		3487		2		0
288.252		224.42		3468		2		0
262.267		216.157		3511		2		0
261.778		244.241		3528		2		0
262.309		262.994		3722		2		0
261.409		269.473		3802		2		0
275.835		216.637		3503		2		0
277.454		243.317		3440		2		0
278.164		264.825		3676		2		0
277.57		271.402		3759		2		0
270.033		170.559		3385		2		0
253.249		229.75		3524		2		0
254.456		223.002		3519		2		0
288.801		230.4		3462		2		0
286.167		225.001		3488		2		0
Frame 56
269.217		219.024		3493		2		0
269.873		193.777		3401		2		0
270.584		167.619		3348		2		0
271.431		154.223		3202		2		0
254.026		176.496		3381		2		0
249.751		200.282		3515		2		0
250.479		220.685		3497		2		0
251.344		226.271		3500		2		0
286.156		176.167		3352		2		0
289.159		200.848		3491		2		0
289.559		221.878		3472		2		0
288.973		227.604		3462		2		0
262.366		218.828		3496		2		0
264.363		245.636		3477		2		0
262.785		264.473		3693		2		0
262.111		271.151		3784		2		0
276.091		219.21		3479		2		0
278.029		245.246		3414		2		0
278.217		266.793		3692		2		0
277.847		273.539		3742		2		0
270.399		174.249		3361		2		0
253		232.5		3497		2		0
254.667		227.166		3501		2		0
289.499		233.5		3447		2		0
286.598		228.995		3468		2		0
Frame 57
269.155		222.774		3474		2		0
270.236		197.402		3394		2		0
271.367		170.823		3315		2		0
271.795		158.742		3180		2		0
254.463		178.078		3364		2		0
250.822		204.153		3503		2		0
251.53		228.798		3483		2		0
250.792		228.636		3478		2		0
286.651		179.573		3330		2		0
289.862		203.851		3485		2		0
290.624		224.356		3453		2		0
290.032		230.169		3428		2		0
262.313		222.536		3484		2		0
262.534		251.153		3440		2		0
262.906		265.409		3629		2		0
268.458		268.714		0		2		0
276.024		223.027		3459		2		0
278.941		249.068		3390		2		0
279.819		272.316		3735		2		0
279.033		279.518		3464		1		0
271.082		177.59		3333		2		0
249.997		232.332		3507		2		0
254.251		228.25		3481		2		0
290.998		236.501		3448		2		0
288.284		232.714		0		2		0
Frame 58
269.472		225.615		3449		2		0
270.455		201.123		3362		2		0
271.441		175.305		3296		2		0
272.312		162.757		3153		2		0
255.054		181.33		3337		2		0
251.72		207.17		3493		2		0
251.41		229.692		3449		2		0
251.621		233.373		3449		2		0
286.981		183.055		3301		2		0
291.31		207.553		3457		2		0
291.798		228.374		3430		2		0
291.138		234.014		3408		2		0
262.59		225.21		3459		2		0
264.035		255.366		3400		2		0
264.047		268.747		0		1		0
269.381		270.741		0		1		0
276.386		226.021		3439		2		0
279.28		252.36		3372		2		0
281.041		280.551		3454		1		0
280.592		288.435		3322		1		0
271.194		181.962		3314		2		0
251.777		239.556		3439		2		0
254.556		234.996		3449		2		0
292.198		240.6		3405		2		0
289.428		236.57		0		2		0
Frame 59
271.027		230.826		3420		2		0
271.584		206.159		3356		2		0
272.18		180.271		3245		2		0
272.56		165.841		3119		2		0
254.859		185.85		3310		2		0
252.019		211.611		3454		2		0
250.564		232.439		3427		2		0
251.448		238.662		3432		2		0
287.662		188.391		3283		2		0
291.752		211.179		3443		2		0
293.891		231.757		3397		2		0
293.138		238.01		3374		2		0
263.837		230.519		3433		2		0
263.875		259.037		3374		2		0
264.244		274.843		3690		1		0
269.82		277.068		3515		1		0
278.252		231.135		3415		2		0
278.643		257.942		3352		2		0
281.937		286.23		3353		1		0
280.669		274.816		3626		1		0
272.027		186.866		3274		2		0
251		244.5		3419		2		0
254.5		240.5		3426		2		0
294.199		244.601		3360		2		0
291.397		240.394		4458		2		0
Frame 60
271.26		236.032		3394		2		0
271.709		210.625		3316		2		0
272.196		183.878		3228		2		0
273.011		173.122		3096		2		0
255.056		190.899		3285		2		0
251.687		216.518		3426		2		0
250.611		238.023		3423		2		0
251.334		243.969		3413		2		0
287.86		194.02		3264		2		0
293.149		214.843		3406		2		0
294.273		237.047		3361		2		0
294.23		240.971		3342		2		0
264.202		235.786		3422		2		0
264.559		265.122		3347		2		0
265.964		284.622		3386		1		0
271.304		287.29		3348		1		0
278.366		236.281		3392		2		0
278.97		263.364		3336		2		0
282.967		292.015		3223		1		0
282.352		280.384		3451		1		0
272.07		190.687		3242		2		0
250.001		249.5		3404		2		0
254.445		243.779		3412		2		0
295.665		247.667		3351		2		0
291.666		242.833		3359		2		0
Frame 61
272.328		238.412		3380		2		0
272.356		214.37		3295		2		0
272.25		189.226		3202		2		0
273.488		177.242		3055		2		0
255.874		194.981		3233		2		0
251.527		220.589		3374		2		0
250.77		243.189		3383		2		0
251.202		247.152		3376		2		0
288.606		198.284		3233		2		0
294.843		220.75		3352		2		0
297.031		242.163		3303		2		0
296.249		247.814		3288		2		0
265.354		238.035		3390		2		0
264.517		267.233		3311		2		0
265.979		287.332		3348		1		0
271.515		289.413		3314		1		0
279.341		238.804		3371		2		0
279.189		265.403		3315		2		0
284.682		292.923		3242		1		0
282.873		281.761		3398		1		0
272.307		195.857		3208		2		0
249.502		253.5		3393		2		0
251.25		252.75		3395		2		0
298.752		254.25		3266		2		0
292.5		248.499		3303		2		0
Frame 62
273.587		245.708		3357		2		0
273.244		220.91		3267		2		0
272.885		194.109		3145		2		0
274.746		180.191		3001		2		0
256.007		203.24		3219		2		0
250.562		228.273		3311		2		0
250.688		249.893		3327		2		0
251.155		251.531		3321		2		0
289.582		204.155		3198		2		0
295.748		227.553		3295		2		0
298.213		249.588		3229		2		0
298.094		256.957		3210		2		0
266.464		245.562		3368		2		0
264.712		270.251		3304		1		0
266.17		290.262		3301		1		0
271.737		292.323		3259		1		0
280.752		245.858		3346		2		0
282.02		276.856		3283		2		0
271.028		251.737		3493		2		0
274.164		262.192		3378		2		0
272.976		201.014		3175		2		0
252		256		3360		2		0
254.5		251.502		3333		2		0
300.504		262.5		3197		2		0
293.818		257.454		3222		2		0
Frame 63
272.73		249.995		3339		2		0
273.157		226.383		3245		2		0
273.628		200.97		3103		2		0
275.481		186.596		2958		2		0
255.614		207.102		3163		2		0
250.254		233.787		3263		2		0
250.747		255.198		3255		2		0
249.267		255.185		3199		2		0
290.537		208.699		3139		2		0
297.127		235.43		3205		2		0
299.571		261.67		3142		2		0
299.662		266.77		3115		2		0
265.102		249.787		3346		2		0
265.176		275.832		3289		1		0
266.61		295.581		3094		1		0
272.21		297.598		3062		1		0
280.395		250.207		3329		2		0
282.058		279.286		3262		1		0
275.355		251.446		3346		2		0
277.795		262.379		3326		2		0
273.506		207.506		3129		2		0
249.601		261.201		3223		2		0
251.998		256.801		3281		2		0
304.001		273.5		3116		2		0
299.5		270.998		3112		2		0
Frame 64
275.062		254.87		3321		2		0
275.06		232.546		3204		2		0
275.068		208.412		3057		2		0
276.243		193.229		2900		2		0
256.134		210.909		3087		2		0
248.821		236.447		3184		2		0
249.213		257.987		3105		2		0
248.976		264.769		3071		2		0
291.46		215.186		3084		2		0
297.192		239.127		3126		2		0
299.418		265.652		3056		2		0
299.773		273.246		3020		2		0
267.903		255.292		3331		2		0
268.755		286.022		3278		1		0
269.938		305.137		2906		1		0
275.53		307.058		2870		1		0
282.224		254.412		3302		2		0
282.674		285.791		3252		1		0
277.866		257.021		3326		1		0
279.716		268.391		3294		1		0
275.065		214.629		3082		2		0
249.8		271.4		3091		2		0
252.666		261.834		3108		2		0
303.245		279.625		3020		2		0
294.555		273.219		3057		2		0
Frame 65
275.672		261.123		3329		2		0
275.82		237.646		3157		2		0
275.997		211.673		2918		2		0
277.538		198.873		2842		2		0
257.184		219.681		3047		2		0
248.003		240.544		3114		2		0
248.601		265.721		3007		2		0
249.186		272.862		2960		2		0
291.902		223.122		3025		2		0
297.912		245.428		3046		2		0
299.445		271.567		2966		2		0
300.269		279.585		2945		2		0
268.014		260.264		3318		2		0
269.12		287.693		3285		1		0
270.28		306.744		2896		1		0
275.884		308.652		2825		1		0
283.412		261.776		3286		2		0
282.356		293.223		3249		1		0
277.536		264.228		3320		1		0
281.177		275.238		3265		2		0
275.949		218.425		3026		2		0
247.199		279.6		2963		2		0
253.375		272.998		2981		2		0
301.822		285.545		2921		2		0
296.75		280.491		3002		2		0
Frame 66
275.805		261.228		3284		2		0
275.721		242.078		3096		2		0
275.006		220.653		2863		2		0
277.924		207.541		2779		2		0
257.862		227.227		2981		2		0
247.785		248.446		3013		2		0
247.998		271.776		2922		2		0
248.035		280.356		2876		2		0
292.51		230.474		2956		2		0
298.866		254.007		2957		2		0
300.523		284.745		2878		2		0
300.871		293.114		2827		2		0
267.915		259.678		3283		2		0
267.716		292.148		3195		1		0
268.99		311.05		2784		1		0
274.66		312.926		2781		1		0
284.407		263.124		3272		2		0
282.701		292.954		3249		1		0
277.833		263.706		3293		1		0
281.93		274.63		3267		1		0
275.191		226.356		2975		2		0
247.701		286.5		2849		2		0
251.221		279.881		2892		2		0
302.837		300.331		2839		2		0
296.627		294.377		2857		2		0
Frame 67
277.536		264.057		3298		2		0
276.867		247.274		3050		2		0
275.975		227.842		2766		2		0
278.452		215.542		2709		2		0
257.277		233.279		2882		2		0
247.807		257.296		2920		2		0
247.665		285.352		2805		2		0
247.193		293.951		2757		2		0
293.199		236.467		2878		2		0
299.715		260.777		2877		2		0
300.74		286.035		2805		2		0
301.592		295.445		2771		2		0
270.214		262.336		3278		2		0
268.053		292.211		0		1		0
269.302		311.107		2780		1		0
274.969		312.983		2780		1		0
285.156		265.884		3250		2		0
286.233		297.651		3037		1		0
281.297		268.275		3265		1		0
285.479		279.267		3247		1		0
276.209		232.96		2887		2		0
242		301.5		2753		2		0
248.273		299		2770		2		0
301.999		301.562		2744		2		0
299.067		296.109		2797		2		0
Frame 68
273.483		266.976		0		2		0
275.284		252.421		3018		2		0
277.373		235.586		2665		2		0
279.297		225.35		2625		2		0
257.861		237.431		2796		2		0
246.849		268.073		2814		2		0
246.646		294.93		2726		2		0
245.594		303.575		2671		2		0
294.397		242.994		2802		2		0
300.457		268.284		2793		2		0
301.977		294.698		2720		2		0
302.895		304.239		2681		2		0
266.746		264.292		3246		2		0
264.381		298.041		3029		1		0
265.912		316.675		2704		1		0
271.668		318.502		2670		1		0
280.359		269.717		3265		2		0
281.893		300.9		3031		1		0
276.986		271.209		3310		1		0
281.163		282.327		3263		1		0
276.82		240.038		2817		2		0
244.143		310.572		2703		2		0
248.747		307.75		2728		2		0
303.499		310.499		2656		2		0
305.831		306.652		2691		2		0
Frame 69
274.074		269.115		0		2		0
276.182		258.144		2966		2		0
278.589		245.627		2593		2		0
281.087		236.242		2545		2		0
259.081		244.321		2734		1		0
247.338		272.691		2746		2		0
245.324		299.904		2671		2		0
244.545		307.942		2644		2		0
297.014		251.32		2739		2		0
303.147		277.351		2730		2		0
301.078		304.718		2661		2		0
304.248		310.12		2607		2		0
268.503		269.63		3249		2		0
265.594		305.428		2901		1		0
267.065		323.879		2579		1		0
272.924		325.658		2546		1		0
279.635		268.603		3258		2		0
284.227		304.635		2902		1		0
279.294		274.961		3268		1		0
283.467		286.095		3279		1		0
277.956		248.919		2669		2		0
246.287		315.43		2618		2		0
247.501		313.499		2616		2		0
305.502		315		2608		2		0
304.593		312.595		2604		2		0
Frame 70
275.832		278.2		3503		2		0
277.045		267.488		0		2		0
278.438		255.204		2525		2		0
274.416		245.389		2493		2		0
261.234		257.535		2698		1		0
244.775		278.737		2702		2		0
244.79		306.607		2632		2		0
243.411		314.485		2607		2		0
297.938		256.818		2668		2		0
305.228		282.676		2687		2		0
301.369		310.223		2664		2		0
304.53		311.97		2604		2		0
270.677		280.821		3283		2		0
267.521		317.394		2681		1		0
268.852		335.024		2439		1		0
274.723		336.678		2422		1		0
280.912		275.62		3254		2		0
285.725		311.451		2792		1		0
294.758		299.787		3026		2		0
294.713		311.552		2745		1		0
278.071		258.441		2589		2		0
245.808		318.798		2603		2		0
246.127		315.376		2630		2		0
305.501		318.5		2553		2		0
301.709		312.86		2660		2		0
Frame 71
267.181		284.857		3258		2		0
267.191		275.912		2834		2		0
267.203		265.793		2646		2		0
264.318		251.906		2605		2		0
247.101		262.997		0		1		0
245.388		288.859		2647		2		0
243.787		317.416		2593		2		0
243.585		318.571		2593		1		0
299.29		267.151		2615		2		0
309.334		293.206		2651		1		0
303.916		321.33		2605		1		0
304.351		328.805		2542		1		0
261.322		286.152		3361		2		0
255.447		324.329		2623		1		0
257.772		341.986		2329		1		0
263.971		343.605		2294		1		0
272.974		283.579		3304		2		0
275.084		320.931		2634		1		0
291.662		304.811		2875		1		0
291.458		316.923		2710		1		0
267.2		268.445		2662		2		0
240		319		2621		2		0
246.01		318.599		2637		2		0
305.322		335.704		2501		1		0
301.504		329.571		2583		1		0
Frame 72
266.838		292.578		3268		2		0
267.044		283.904		2676		2		0
267.279		274.031		2566		2		0
263.384		261.066		2549		2		0
246.564		271.166		3165		1		0
240.252		298.321		2631		2		0
238.358		329.863		2590		1		0
237.336		339.877		2360		1		0
297.957		272.686		2554		2		0
308.25		299.438		2614		1		0
306.703		299.963		2616		2		0
307.343		309.585		2600		2		0
260.689		294.518		3126		2		0
255.203		333.014		2535		1		0
257.604		350.366		2226		1		0
263.952		351.915		2209		1		0
272.891		290.672		3302		2		0
275.339		329.486		2530		1		0
294.303		311.183		2787		1		0
294.649		323.65		2646		1		0
267.217		276.625		2593		2		0
233.728		340.219		2334		1		0
239.85		339.713		2363		1		0
308.321		315.775		2583		1		0
304.626		310.452		2707		1		0
Frame 73
268.441		301.132		2930		2		0
268.211		293.068		2642		2		0
267.95		283.885		2507		2		0
263.377		267.356		2533		2		0
246.751		280.973		2597		1		0
240.289		308.423		2620		1		0
238.359		340.847		2358		1		0
237.318		351.148		2215		1		0
299.343		282.49		2518		1		0
309.881		309.914		2627		1		0
308.186		309.716		2679		1		0
307.672		309.656		2749		2		0
262.434		300.633		2977		2		0
255.541		342.702		2335		1		0
257.958		359.53		2097		1		0
264.415		360.986		2056		1		0
274.474		301.635		2945		2		0
276.118		338.917		2398		1		0
296.258		315.888		2715		1		0
296.629		328.535		2602		1		0
268.019		286.298		2530		2		0
233.629		351.447		2213		1		0
239.888		350.878		2244		1		0
308.648		315.798		2617		1		0
304.974		310.516		2780		1		0
Frame 74
288.204		311.417		2770		2		0
291.55		305.506		2838		2		0
295.279		298.918		2558		2		0
291.639		283.66		2502		1		0
274.864		296.097		2304		1		0
267.733		322.107		2663		1		0
262.155		286.638		2444		2		0
255.629		273.59		2848		1		0
325.565		297.579		3335		1		0
335.827		324.059		2651		1		0
332.43		322.913		2637		1		0
331.398		322.564		2630		1		0
282.764		312.309		2776		2		0
279.667		353.86		2219		1		0
280.074		369.246		1977		1		0
286.071		370.53		1966		1		0
293.637		310.529		2796		2		0
298.268		344.614		2335		1		0
304.325		320.306		2686		1		0
304.78		332.758		2578		1		0
294.307		300.635		2622		2		0
254		271.333		2921		2		0
257.749		271.249		2867		2		0
332.74		328.707		2572		1		0
328.612		323.304		2622		1		0
Frame 75
286.52		314.01		0		2		0
289.454		306.612		2273		2		0
292.799		298.179		2431		2		0
288.848		281.906		0		1		0
271.09		295.182		2272		1		0
263.65		322.817		2674		1		0
260.953		291.308		2413		2		0
257.338		280.056		2791		1		0
324.998		296.756		3342		1		0
315.904		311.137		2581		2		0
322.141		329.65		2579		1		0
320.526		330.054		2576		1		0
280.363		314.27		2258		2		0
276.68		356.209		2186		1		0
277.358		372.148		1951		1		0
283.684		373.454		1935		1		0
292.699		313.75		2725		2		0
297.024		351.027		2186		1		0
303.373		326.075		2626		1		0
303.853		339.239		2500		1		0
291.92		300.396		0		2		0
254.999		277		2878		2		0
263.286		277.427		2797		2		0
321.753		336.711		2482		1		0
317.657		330.782		2586		1		0
Frame 76
265.549		330.821		2535		2		0
266.46		324.138		2578		2		0
267.503		316.471		2413		2		0
262.737		300.572		2369		1		0
245.492		313.523		2580		1		0
238.847		340.8		2365		1		0
251.573		306.018		2387		2		0
256.293		287.538		2747		1		0
300.082		314.934		2489		1		0
316.006		315.2		2560		2		0
322.054		333.611		2534		1		0
320.548		334.189		2539		1		0
258.214		342.525		2337		2		0
254.758		372.351		1953		1		0
257.313		386.93		1840		1		0
263.949		388.047		1830		1		0
272.276		320.069		0		2		0
276.095		370.825		1970		1		0
306.577		303.426		2425		2		0
308.068		316.352		2679		1		0
267.228		318.492		2446		2		0
256.127		285.287		2768		2		0
258.309		288.695		2721		2		0
321.777		340.946		2411		1		0
317.666		334.889		2552		1		0
Frame 77
272.508		284.194		2763		2		0
273.412		275.053		0		2		0
274.349		265.583		3361		2		0
275.976		252.378		3397		2		0
261.004		270.956		3305		2		0
255.756		291.996		2736		1		0
267.776		265.683		0		2		0
274.441		254.944		3388		1		0
297.689		264.579		0		1		0
298.541		276.4		0		2		0
303.382		302.123		2418		1		0
304.55		312.071		2362		1		0
268.516		286.11		2742		2		0
264.138		312.787		2325		1		0
265.482		328.01		2437		1		0
270.493		329.484		2422		1		0
276.453		282.304		2784		2		0
279.001		303.724		2192		1		0
288.322		279.817		0		1		0
290.374		288.076		2782		1		0
274.112		267.982		3354		2		0
277.715		251.714		3413		2		0
277.862		253.852		3396		2		0
305.424		317.948		2463		1		0
302.005		312.873		2354		1		0
Frame 78
274.276		285.988		2783		2		0
274.821		276.591		0		2		0
275.099		266.496		3290		2		0
277.585		253.692		3349		2		0
261.775		272.071		3257		2		0
256.444		293.341		2728		1		0
257.744		266.525		3315		2		0
258.915		260.034		3351		1		0
298.855		265.474		0		1		0
298.814		279.635		3465		1		0
302.316		307.039		2400		1		0
303.652		320.37		2330		1		0
270.24		288.246		2734		2		0
264.646		314.357		2328		1		0
265.977		329.702		2347		1		0
271.057		331.179		2215		1		0
278.245		283.8		2811		2		0
280.168		306.613		2181		1		0
289.645		282.612		3399		1		0
291.477		291.225		2764		1		0
275.044		269.078		3265		2		0
258.5		256		3379		2		0
261.667		260.995		3361		2		0
304.529		326.529		2387		1		0
301.053		321.132		2322		1		0
Frame 79
278.341		293.662		2711		2		0
279.496		284.688		0		2		0
280.714		275.226		3188		2		0
283.192		261.841		0		1		0
261.503		274.75		3214		2		0
256.103		296.255		2704		1		0
257.39		267.552		3272		2		0
258.092		260.028		3313		1		0
305.192		274.168		4208		1		0
300.31		287.188		3305		1		0
298.461		315.839		2339		1		0
298.687		323.993		2300		1		0
274.028		295.166		2683		2		0
269.37		323.441		0		1		0
270.418		338.547		2214		1		0
275.578		339.968		2116		1		0
282.614		292.173		2733		2		0
285.116		315.681		0		1		0
295.119		291.516		0		1		0
295.539		300.803		2728		1		0
280.403		277.639		3185		2		0
257.667		254.666		3357		2		0
261.999		261.55		3313		2		0
299.492		330.334		2307		1		0
296.076		324.743		2297		1		0
Frame 80
278.572		293.946		2707		2		0
279.881		285.141		0		2		0
281.299		275.858		3161		2		0
283.783		262.366		3266		1		0
261.482		274.901		3192		2		0
256.057		296.504		2707		1		0
257.718		268.938		3235		2		0
258.23		261.459		3274		1		0
305.951		274.792		4231		1		0
308.813		295.519		3029		1		0
314.921		320.77		2484		1		0
314.641		323.982		2500		1		0
274.147		295.23		2689		2		0
269.821		324.307		2227		1		0
270.844		339.441		2171		1		0
276.029		340.86		2088		1		0
282.997		292.824		2734		2		0
285.655		316.759		2342		1		0
295.742		292.523		3234		1		0
296.03		301.979		2737		1		0
280.934		278.227		3152		2		0
257.5		257		3297		2		0
262.222		262.66		3282		2		0
315.664		329.95		2542		1		0
312.066		324.688		2492		1		0
Frame 81
278.559		295.319		2692		2		0
280.029		286.538		0		2		0
281.578		277.178		3142		2		0
284.068		263.592		0		1		0
261.13		274.866		3179		2		0
255.702		296.518		2717		1		0
257.677		268.828		3213		2		0
257.758		260.692		3272		1		0
306.355		276.105		0		1		0
309.127		297.169		2989		1		0
315.252		322.441		2499		1		0
314.795		324.93		2495		1		0
274.193		296.628		2686		2		0
270.017		325.7		2177		1		0
271.031		340.8		2122		1		0
276.236		342.211		2087		1		0
282.916		293.972		2717		2		0
285.837		318.023		2358		1		0
295.983		293.738		0		1		0
296.012		303.222		2724		1		0
281.184		279.575		3144		2		0
257.6		255.4		3290		2		0
262.181		261.718		3268		2		0
315.822		330.926		2551		1		0
312.188		325.477		2484		1		0
Frame 82
278.883		295.645		2692		2		0
280.508		287.026		2761		2		0
282.259		277.899		3136		2		0
284.745		264.242		0		1		0
260.877		275.117		3155		2		0
255.42		296.903		2723		1		0
254.476		266.689		3232		2		0
255.088		258.905		3257		1		0
307.139		276.821		0		1		0
309.937		298.14		0		1		0
316.066		323.527		2546		1		0
315.6		326.015		2536		1		0
274.347		296.635		2678		2		0
270.58		326.522		2246		1		0
271.559		341.616		2107		1		0
276.776		343.022		2075		1		0
283.467		294.997		2702		2		0
286.415		318.687		2329		1		0
296.644		294.317		2825		1		0
296.731		303.907		2717		1		0
281.809		280.23		3131		2		0
254.72		253.453		3284		2		0
259.084		259.997		3238		2		0
316.645		332.052		2538		1		0
313.002		326.711		2494		1		0
Frame 83
278.88		295.735		2688		2		0
280.421		287.072		2753		2		0
282.07		277.897		3130		2		0
283.498		263.391		3232		2		0
260.819		275.119		3162		2		0
255.357		296.929		2714		1		0
254.374		266.635		3224		2		0
254.777		258.156		3264		1		0
306.975		276.818		0		1		0
304.293		293.032		3196		1		0
305.952		323.605		2312		1		0
306.26		329.066		2293		1		0
274.391		296.793		2681		2		0
270.402		326.561		0		1		0
271.394		341.664		2108		1		0
276.617		343.071		2068		1		0
283.447		294.988		2692		2		0
286.298		318.817		2343		1		0
296.526		294.443		2802		1		0
296.618		304.035		2698		1		0
281.648		280.241		3124		2		0
254.495		252.499		3295		2		0
258.091		258.634		3252		2		0
307.195		335.472		2320		1		0
303.6		329.776		2283		1		0
Frame 84
279.061		295.987		2688		2		0
280.559		287.282		2751		2		0
282.163		278.061		3130		2		0
283.604		263.537		3232		1		0
261.468		277.381		3162		2		0
255.968		299.222		0		1		0
255.832		268.942		3223		2		0
255.955		265.762		3227		1		0
307.081		276.981		4356		1		0
300.278		289.792		3259		1		0
295.066		316.169		2382		1		0
293.415		332.602		2272		1		0
274.6		297.081		2671		2		0
270.478		326.73		0		1		0
271.465		341.828		2108		1		0
276.69		343.234		2068		1		0
283.528		295.078		2686		2		0
286.382		318.971		2323		1		0
296.619		294.595		2800		1		0
297.101		304.203		2709		1		0
281.752		280.417		3124		2		0
256.826		260.332		3254		2		0
260.201		267.698		3203		2		0
294.159		339.407		2287		1		0
290.72		333.322		2191		1		0
Frame 85
278.914		295.794		2685		2		0
280.169		286.824		2786		2		0
281.383		277.199		3132		2		0
282.841		262.694		3214		1		0
261.447		277.642		3159		2		0
255.949		299.469		2497		1		0
255.756		269.178		3225		1		0
256.533		265.963		3244		1		0
306.288		276.12		0		1		0
298.221		288.431		3273		1		0
292.274		316.584		2372		1		0
292.137		325.114		2297		1		0
274.332		296.603		2677		2		0
269.79		325.943		2237		1		0
270.823		341.09		2129		1		0
276.053		342.503		2069		1		0
283.405		294.949		2700		2		0
285.847		318.56		2352		1		0
296.046		294.181		2816		1		0
296.661		303.741		2698		1		0
281.084		279.67		3130		2		0
256.745		260.406		3272		2		0
260.224		267.886		3223		2		0
292.839		331.593		0		1		0
289.529		325.87		0		1		0
Frame 86
278.853		296.036		2690		2		0
280.124		287.15		2785		2		0
281.398		277.72		3151		2		0
280.665		260.595		3234		2		0
261.23		278.035		3173		2		0
255.774		295.107		2758		1		0
257.876		274.805		3200		2		0
259.803		269.904		3235		1		0
306.289		276.64		4196		1		0
298.232		288.726		3277		1		0
292.258		316.674		2372		1		0
292.127		325.137		2299		1		0
274.307		296.966		2690		2		0
269.808		326.382		2296		1		0
270.84		341.492		2142		1		0
276.067		342.9		2070		1		0
283.326		295.125		2701		2		0
285.82		318.768		2354		1		0
296.017		294.401		2835		1		0
296.545		303.966		2707		1		0
281.077		280.128		3141		2		0
258.5		265		3269		2		0
263.779		271.048		3218		2		0
292.829		331.615		2288		1		0
289.529		325.871		2299		1		0
Frame 87
275.703		294.851		2709		2		0
275.727		285.437		0		2		0
276.202		275.67		3176		2		0
277.56		259.441		3234		2		0
261.32		278.763		3190		2		0
255.638		296.105		2738		1		0
257.132		265.746		3292		2		0
257.619		257.492		3338		1		0
300.831		274.598		4234		1		0
295.555		287.357		3296		1		0
293.093		315.425		2405		1		0
293.194		325.138		2293		1		0
271.749		296.55		2696		2		0
265.286		324.104		2297		1		0
266.614		339.242		2260		1		0
271.839		340.662		2119		1		0
279.42		292.869		2734		2		0
281.363		316.532		2409		1		0
291.216		292.284		2775		1		0
292.352		301.57		2706		1		0
276.051		278.15		3177		2		0
257.001		250.5		3391		2		0
261.401		256.399		3374		2		0
293.684		331.589		2277		1		0
290.59		325.89		2280		1		0
Frame 88
275.367		294.603		2713		2		0
275.587		285.382		0		2		0
276.028		275.735		3197		2		0
276.825		260.209		3275		2		0
261.404		279.001		3192		2		0
255.779		296.448		2756		1		0
257.274		266.206		3321		2		0
257.86		259.019		3369		1		0
300.569		274.666		0		1		0
295.221		287.071		3296		1		0
292.547		314.534		2416		1		0
292.56		324.804		2312		1		0
270.862		295.451		2705		2		0
265.165		324.009		2300		1		0
266.497		339.109		2272		1		0
271.708		340.526		2136		1		0
279.418		292.993		2737		2		0
281.205		316.156		2334		1		0
291.032		291.929		0		1		0
292.212		301.208		2708		1		0
275.901		278.188		3197		2		0
258		254		3409		2		0
261.502		261.001		3357		2		0
293.136		331.492		2277		1		0
289.963		325.558		2193		1		0
Frame 89
275.319		295.124		2709		2		0
275.642		286.459		2799		2		0
276.049		277.458		3211		2		0
275.836		262.293		3293		2		0
262		278.793		3217		2		0
256.518		296.171		2753		1		0
257.863		266.144		3349		1		0
258.579		259.279		3409		1		0
300.399		276.394		0		1		0
297.577		289.109		3260		1		0
297.887		316.304		2369		1		0
298.357		327.94		2297		1		0
270.893		295.805		2714		2		0
265.259		325.21		2295		1		0
266.576		340.128		2287		1		0
271.753		341.525		2155		1		0
279.565		294.048		2713		2		0
281.182		316.719		2384		1		0
290.96		292.641		2769		1		0
291.891		301.911		2707		1		0
275.943		279.742		3213		2		0
258.5		256		3441		2		0
261.642		259.703		3421		2		0
299.164		334.418		2284		1		0
295.72		328.669		2286		1		0
Frame 90
274.446		294.708		2722		2		0
275.395		285.673		0		2		0
276.219		276.179		3224		2		0
276.023		261.397		3333		2		0
261.415		278.762		3232		2		0
256.005		296.07		2763		1		0
257.327		266.188		3396		1		0
258.839		260.083		3429		1		0
300.488		275.121		0		1		0
297.779		288.024		3276		1		0
298.104		314.99		2379		1		0
298.589		327.796		2297		1		0
269.49		294.018		2728		2		0
265.443		323.928		2309		1		0
266.744		338.893		2275		1		0
271.905		340.3		2142		1		0
279.254		294.434		2717		2		0
281.229		316.206		0		1		0
290.975		292.186		2771		1		0
291.981		301.445		2713		1		0
276.01		278.623		3216		2		0
258.499		256		3484		2		0
261.183		261.634		3418		2		0
299.4		334.268		2290		1		0
295.782		328.631		2292		1		0
Frame 91
274.72		294.348		2726		2		0
275.535		285.207		0		2		0
276.158		275.705		3254		2		0
275.839		261.422		3364		2		0
260.984		279.559		3243		2		0
255.609		296.803		2803		1		0
256.932		266.981		3418		1		0
258.935		260.991		3477		1		0
300.266		274.655		0		1		0
297.74		287.598		3299		1		0
298.233		314.348		2378		1		0
298.766		327.53		2303		1		0
270.002		294.19		2729		2		0
265.452		323.222		2311		1		0
266.746		338.153		2290		1		0
271.879		339.56		2150		1		0
279.406		293.483		2733		2		0
281.183		315.224		0		1		0
290.873		291.282		0		1		0
292.209		300.351		2735		1		0
276.008		278.125		3241		2		0
259		257		3491		2		0
261.144		261.996		3466		2		0
299.541		333.992		2295		1		0
296.145		328.257		2299		1		0
Frame 92
272.882		295.217		2727		2		0
273.512		287.418		2806		2		0
274.165		279.339		3292		2		0
276.592		263.066		3382		2		0
260.61		279.21		3250		2		0
255.287		296.341		2795		1		0
256.606		266.731		3447		1		0
259.399		260.93		3499		1		0
297.635		278.307		3483		1		0
296.47		287.99		3304		1		0
298.217		309.991		2435		1		0
299.36		325.057		2316		1		0
269.204		295.201		2730		2		0
263.92		325.349		2305		1		0
265.284		339.806		2294		1		0
270.318		341.165		2200		1		0
276.86		294.854		2731		2		0
279.894		324.783		2131		1		0
302.335		270.164		4308		1		0
303.446		279.756		3453		1		0
273.999		281.386		3393		2		0
259.5		259		3506		2		0
260.571		260.997		3500		2		0
300.173		331.382		2308		1		0
296.758		325.795		2312		1		0
Frame 93
270.688		296.667		2721		2		0
271.059		289.711		2796		2		0
271.721		282.358		3400		2		0
276.643		264.391		3412		2		0
258.14		282.133		3249		1		0
252.965		298.915		2821		1		0
258.675		275.223		3316		2		0
261.25		271.998		3348		1		0
294.872		281.331		3415		1		0
285.72		289.318		2813		1		0
276.315		306.517		2597		1		0
267.565		329.422		2307		1		0
266.522		297.247		2726		2		0
261.851		327.495		2305		1		0
263.332		341.644		2307		1		0
268.328		342.967		2259		1		0
274.571		296.284		2713		2		0
277.657		326.906		2135		1		0
299.519		273.283		0		1		0
300.635		282.725		3392		1		0
271.554		284.217		3364		2		0
261		271		3348		2		0
261.25		271.998		3348		1		0
267.82		335.931		2267		1		0
265.159		330.143		2298		1		0
Frame 94
273.162		293.423		2754		2		0
274.043		284.92		0		2		0
274.956		276.109		3312		2		0
276.392		263.819		3452		2		0
261.208		275.757		3321		1		0
255.877		292.958		0		1		0
261.755		268.725		3436		1		0
263.779		260.384		3629		1		0
298.49		275.08		4177		1		0
287.561		285.054		3334		2		0
276.281		304.918		2617		1		0
266.678		328.715		2301		1		0
269.109		293.263		2750		2		0
264.605		322.569		2323		1		0
265.927		337.246		2284		1		0
270.967		338.634		2181		1		0
277.233		293.585		2740		2		0
279.573		313.301		2401		1		0
289.041		289.594		3305		1		0
290.764		298.234		2752		1		0
274.725		278.341		3311		2		0
263.51		259.411		0		1		0
263.779		260.384		3629		1		0
266.918		335.217		2254		1		0
264.37		329.516		2294		1		0
Frame 95
283.201		314.541		2389		2		0
286.828		307.281		2584		2		0
290.873		299.182		2738		2		0
286.764		289.815		2835		2		0
274.397		299.272		2680		1		0
249.474		313.813		2492		1		0
267.368		317.907		2360		2		0
294.596		330.164		2303		1		0
286.035		307.414		2584		2		0
301.983		326.821		2319		2		0
303.465		300.091		2504		2		0
303.842		297.796		2547		1		0
280.223		313.344		2451		2		0
276.536		351.572		2140		1		0
277.168		366.496		2091		1		0
282.949		367.762		2047		1		0
286.205		315.748		2377		2		0
295.383		350.509		2257		1		0
325.193		287.859		3652		1		0
320.312		293.649		3319		1		0
289.818		301.293		2709		2		0
290		334		2264		2		0
290.67		337.685		2232		2		0
302.492		296.501		2576		2		0
307.199		298.597		2542		2		0
Frame 96
284.086		321.134		2185		2		0
288.016		314.386		2396		2		0
292.444		306.782		2670		2		0
288.016		296.969		2755		1		0
275.449		307.058		2585		1		0
249.676		321.707		2381		1		0
268.216		326.664		2249		1		0
290.02		340.63		2207		1		0
287.529		315.746		2374		1		0
303.694		326.525		2323		2		0
303.691		298.741		2525		1		0
303.498		297.399		2542		1		0
281.351		320.974		2188		2		0
277.484		359.624		2167		1		0
278.053		374.251		1956		1		0
283.968		375.447		1935		1		0
286.827		321.295		2168		2		0
296.84		358.403		2141		1		0
327.874		295.03		3311		1		0
322.916		301.254		0		1		0
291.285		308.771		2627		2		0
289		334		2189		2		0
289		334		2189		2		0
303.497		297		2577		2		0
305.6		297.399		2552		2		0
Frame 97
284.052		321.183		0		2		0
287.971		314.45		2396		2		0
292.386		306.864		2677		2		0
287.96		297.044		2737		1		0
275.384		307.143		2588		1		0
249.606		321.792		2385		1		0
270.946		322.561		0		2		0
293.887		330.57		2306		1		0
287.466		315.836		2382		1		0
301.233		327.482		2318		2		0
302.03		299.822		2527		1		0
303.582		297.995		2553		1		0
281.308		321.092		2185		2		0
277.43		359.71		2165		1		0
278.003		374.333		1962		1		0
283.92		375.528		1947		1		0
286.798		321.309		2330		2		0
296.791		358.488		2147		1		0
327.827		295.108		3312		1		0
322.867		301.337		0		1		0
291.231		308.849		2633		2		0
297.126		331.625		2306		2		0
293.126		339.124		2310		2		0
303.434		296.059		2578		2		0
306.862		298.509		2540		2		0
Frame 98
284.013		321.161		0		2		0
287.896		314.422		2396		2		0
292.257		306.835		2672		2		0
287.843		297.025		2736		1		0
275.268		307.113		2587		1		0
249.518		321.75		2385		1		0
270.944		322.416		0		1		0
294.022		330.713		2300		1		0
287.335		315.796		2385		1		0
300.718		327.362		2316		2		0
301.851		299.933		2521		1		0
303.64		298.276		2529		1		0
281.246		321.017		2130		2		0
277.329		359.644		2161		1		0
277.91		374.262		1958		1		0
283.825		375.457		1939		1		0
286.774		321.315		0		2		0
296.677		358.423		2145		1		0
327.668		295.089		3311		1		0
322.706		301.311		0		1		0
291.117		308.82		2630		2		0
297.927		331.371		2302		2		0
293.127		339.124		2303		2		0
306.615		298.741		2545		2		0
Frame 99
283.989		321.173		0		2		0
287.877		314.436		2387		2		0
292.242		306.852		2678		2		0
287.829		297.04		2738		1		0
275.252		307.13		2585		1		0
249.502		321.768		2384		1		0
270.88		322.444		2246		2		0
293.847		330.427		2299		1		0
287.318		315.815		2376		1		0
300.526		327.443		2316		2		0
301.745		300.053		2503		1		0
303.92		298.316		2530		1		0
281.225		321.054		2191		2		0
277.316		359.66		2165		1		0
277.898		374.277		1955		1		0
283.812		375.472		1946		1		0
286.729		321.306		2257		2		0
296.665		358.439		2145		1		0
327.654		295.105		3307		1		0
322.692		301.329		0		1		0
291.102		308.836		2632		2		0
297.761		331.361		2303		2		0
293.698		338.552		2303		2		0
306.526		299.014		2529		2		0
Frame 100
283.811		321.35		0		2		0
287.695		314.64		2397		2		0
292.063		307.084		2661		2		0
287.654		297.246		2738		1		0
275.044		307.369		2584		1		0
249.266		322.017		2377		1		0
270.528		322.737		0		1		0
293.498		330.976		2300		1		0
287.121		316.075		2367		1		0
308.177		329.662		2479		2		0
306.528		301.157		2503		1		0
281.057		321.264		2141		2		0
277.141		359.927		2161		1		0
277.737		374.538		1956		1		0
283.66		375.732		1941		1		0
286.549		321.449		2332		2		0
296.516		358.701		2142		1		0
327.527		295.319		3307		1		0
322.553		301.558		0		1		0
290.921		309.061		2586		2		0
297.212		331.738		2301		2		0
292.333		339.689		2305		2		0
303.085		295.71		0		1		0
306.587		298.251		2537		1		0
Frame 101
283.791		321.63		2216		2		0
287.7		314.962		2397		2		0
292.108		307.446		2661		2		0
287.689		297.569		2736		1		0
275.057		307.74		2584		1		0
249.233		322.396		2377		1		0
270.498		323.145		0		1		0
294.101		331.094		2297		1		0
287.159		316.475		2372		1		0
308.633		329.941		2471		1		0
306.621		301.242		2505		1		0
303.666		297		0		1		0
281.056		321.609		2156		2		0
277.155		360.322		2164		1		0
277.751		374.921		1949		1		0
283.682		376.11		1928		1		0
286.519		321.668		2341		2		0
296.56		359.087		2138		1		0
327.635		295.656		3309		1		0
322.656		301.918		0		1		0
290.954		309.413		2588		2		0
297.001		331.501		2303		2		0
298.201		338.601		2308		2		0
309.249		298.255		0		1		0
Frame 102
283.847		321.598		2307		2		0
287.794		314.922		2399		2		0
292.255		307.397		2665		2		0
287.83		297.528		2737		1		0
275.217		307.69		2592		1		0
249.399		322.341		2374		1		0
270.658		323.075		2268		1		0
294.332		331.039		2301		1		0
287.318		316.419		2368		1		0
309.159		329.745		2476		1		0
306.986		301.072		2506		1		0
281.126		321.581		2254		2		0
277.291		360.257		2165		1		0
277.875		374.855		1955		1		0
283.803		376.045		1928		1		0
286.563		321.628		2343		2		0
296.685		359.023		2141		1		0
327.764		295.614		3307		1		0
322.792		301.872		0		1		0
291.087		309.367		2609		2		0
297.27		331.829		2300		2		0
296.838		338.647		2303		2		0
302.328		297		0		1		0
306.577		298.248		2541		1		0
Frame 103
283.854		321.617		2264		2		0
287.811		314.95		2391		2		0
292.284		307.437		2664		2		0
287.857		297.566		2731		1		0
275.248		307.731		2589		1		0
249.43		322.379		2379		1		0
270.685		323.109		0		1		0
294.553		330.994		2298		1		0
287.349		316.461		2373		1		0
299.853		328.597		2314		2		0
301.104		301.01		2497		1		0
303.774		298.993		2539		1		0
281.138		321.6		2197		2		0
277.316		360.288		2166		1		0
277.899		374.883		1956		1		0
283.826		376.072		1927		1		0
286.567		321.646		2341		2		0
296.709		359.055		2137		1		0
327.79		295.655		3307		1		0
322.819		301.914		0		1		0
291.112		309.404		2609		2		0
297.127		331.498		2301		2		0
298.144		338.287		2312		2		0
307.183		299.632		2535		2		0
Frame 104
283.897		321.648		2186		2		0
287.852		314.986		2405		2		0
292.319		307.48		2662		2		0
287.891		297.609		2734		1		0
275.289		307.775		2591		1		0
249.476		322.417		2380		1		0
270.723		323.141		0		1		0
294.692		331.074		2300		1		0
287.387		316.503		2373		1		0
299.828		328.566		2313		1		0
301.1		301.004		2506		1		0
303.864		299.097		2526		1		0
281.18		321.626		2180		2		0
277.351		360.311		2164		1		0
277.931		374.9		1959		1		0
283.856		376.089		1935		1		0
286.612		321.682		2346		2		0
296.738		359.078		2141		1		0
327.815		295.701		3314		1		0
321.865		301.857		0		1		0
291.149		309.445		2618		2		0
297.936		331.665		2303		2		0
296.986		338.718		2308		2		0
301.5		297		2576		2		0
307.354		299.724		2534		2		0
Frame 105
283.92		321.683		0		2		0
287.882		315.022		2389		2		0
292.356		307.516		2662		2		0
287.926		297.642		2728		1		0
275.326		307.811		2593		1		0
249.511		322.452		2383		1		0
270.76		323.176		2283		1		0
294.355		330.917		2300		1		0
287.426		316.541		2378		1		0
299.854		328.546		2312		2		0
301.106		300.968		2506		1		0
304.21		299.116		2516		1		0
281.195		321.638		2143		2		0
277.382		360.344		2165		1		0
277.96		374.93		1954		1		0
283.885		376.119		1929		1		0
286.651		321.759		0		2		0
296.77		359.109		2140		1		0
327.853		295.736		3309		1		0
321.899		301.887		0		1		0
291.184		309.48		2614		2		0
297.18		330.965		2304		2		0
297.138		338.691		2304		2		0
303.747		297.251		2558		2		0
307.273		299.971		2533		2		0
Frame 106
283.931		321.682		2225		2		0
287.9		315.019		2385		2		0
292.383		307.51		2665		2		0
287.951		297.639		2732		1		0
275.357		307.805		2594		1		0
249.545		322.443		2374		1		0
270.791		323.163		0		1		0
294.589		330.768		2302		1		0
287.455		316.533		2369		1		0
299.89		328.416		2311		1		0
301.086		300.811		2511		1		0
303.5		298.68		2535		1		0
281.212		321.622		2218		2		0
277.408		360.329		2164		1		0
277.983		374.915		1956		1		0
283.907		376.104		1930		1		0
286.658		321.764		0		2		0
296.792		359.096		2138		1		0
327.872		295.732		3305		1		0
321.921		301.878		0		1		0
291.208		309.475		2617		2		0
297.656		331.69		2303		2		0
298.001		338.611		2311		2		0
303.494		297		0		2		0
306.633		299.371		2530		2		0
Frame 107
283.925		321.697		2181		2		0
287.893		315.038		2380		2		0
292.372		307.533		2663		2		0
287.942		297.661		2732		1		0
275.348		307.829		2588		1		0
249.538		322.465		2381		1		0
270.78		323.182		0		1		0
294.396		330.927		2301		1		0
287.445		316.557		2371		1		0
299.862		328.388		2315		1		0
301.038		300.77		2513		1		0
303.298		298.861		2537		1		0
281.204		321.628		2127		2		0
277.4		360.346		2166		1		0
277.976		374.93		1953		1		0
283.899		376.118		1933		1		0
286.653		321.797		2357		2		0
296.783		359.112		2140		1		0
327.859		295.756		3309		1		0
321.911		301.899		0		1		0
291.199		309.497		2609		2		0
297.546		333.091		2303		2		0
297.437		338.665		2306		2		0
302.999		297		0		2		0
305.861		299.172		2520		2		0
Frame 108
283.904		321.715		2234		2		0
287.848		315.056		2388		2		0
292.291		307.55		2669		2		0
287.866		297.677		2734		1		0
275.265		307.846		2597		1		0
249.459		322.481		2379		1		0
270.695		323.197		0		1		0
294.257		331.317		2300		1		0
287.359		316.575		2379		1		0
300.812		328.483		2315		2		0
301.781		300.794		2508		1		0
304.047		298.814		2537		1		0
281.173		321.631		2234		2		0
277.329		360.36		2164		1		0
277.911		374.942		1963		1		0
283.835		376.131		1933		1		0
286.634		321.833		2339		2		0
296.713		359.126		2142		1		0
327.778		295.773		3307		1		0
321.829		301.913		0		1		0
291.129		309.515		2617		2		0
296.945		333.167		2300		2		0
295.244		338.917		2302		2		0
305.5		297		2564		2		0
306.308		299.477		2531		2		0
Frame 109
283.846		321.675		2242		2		0
287.776		315.008		2378		2		0
292.203		307.498		2664		2		0
287.786		297.635		2733		1		0
275.188		307.793		2586		1		0
249.406		322.419		2381		1		0
270.618		323.125		2213		1		0
294.276		331.32		2294		1		0
287.27		316.512		2358		1		0
300.356		328.296		2311		2		0
301.58		300.795		2509		1		0
303.391		298.648		2530		1		0
281.122		321.588		2120		2		0
277.263		360.28		2160		1		0
277.849		374.86		1959		1		0
283.771		376.048		1929		1		0
286.568		321.793		2332		2		0
296.635		359.048		2139		1		0
327.663		295.73		3300		1		0
321.724		301.859		0		1		0
291.045		309.463		2618		2		0
298.177		332.588		2301		2		0
297.821		338.963		2302		2		0
306.328		299.381		2533		2		0
Frame 110
283.856		321.6		2283		2		0
287.757		314.978		2403		2		0
292.143		307.5		2665		2		0
287.73		297.639		2742		1		0
275.129		307.795		2587		1		0
249.354		322.419		2383		1		0
270.558		323.122		0		1		0
294.203		331.312		2298		1		0
287.566		312.769		2441		2		0
300.392		324.153		2329		1		0
301.64		296.905		0		1		0
281.03		321.759		2204		2		0
277.213		360.274		2165		1		0
277.803		374.853		1955		1		0
283.724		376.041		1936		1		0
286.846		320.88		2345		2		0
296.582		359.043		2139		1		0
327.597		295.734		3308		1		0
321.659		301.86		0		1		0
290.998		309.456		2601		2		0
296.942		331.411		2301		2		0
293.719		338.786		2306		2		0
307.649		297.293		0		1		0
Frame 111
283.812		321.583		0		2		0
287.735		314.989		2400		2		0
292.122		307.546		2665		2		0
287.71		297.681		2734		1		0
262.32		307.211		2640		2		0
237.603		321.604		2567		1		0
257.409		322.192		2344		1		0
268		326		2332		1		0
287.637		312.568		2448		1		0
300.153		326.604		2318		2		0
301.418		299.201		2527		1		0
303.266		298.532		2536		1		0
280.605		322.163		2137		2		0
277.194		360.317		2164		1		0
277.785		374.893		1956		1		0
283.707		376.081		1927		1		0
286.923		320.682		2352		2		0
296.565		359.085		2140		1		0
327.579		295.779		3313		1		0
321.641		301.905		0		1		0
290.978		309.488		2609		2		0
270.658		326.084		2212		1		0
273.321		326.561		2152		1		0
302.994		298		2564		2		0
306.249		298.728		2547		2		0
Frame 112
283.745		321.607		0		2		0
287.707		315.015		2385		2		0
292.115		307.573		2666		2		0
284.816		296.792		2722		2		0
262.322		307.209		2634		1		0
237.605		321.602		2566		1		0
257.411		322.19		2342		1		0
268		324		2347		1		0
281.855		313.984		2472		2		0
303.593		329.464		2320		2		0
301.342		299.534		2531		1		0
302.998		298.17		2540		1		0
280.741		322.364		2134		2		0
277.187		360.343		2165		1		0
277.779		374.917		1959		1		0
283.701		376.105		1932		1		0
286.537		320.612		2341		2		0
296.559		359.11		2142		1		0
327.574		295.805		3309		1		0
321.636		301.932		0		1		0
290.967		309.515		2602		2		0
270.641		324.08		0		1		0
273.193		324.78		2173		1		0
302.331		297.167		2563		2		0
305.627		298.372		2548		2		0
Frame 113
283.585		321.713		0		2		0
287.605		315.114		2393		2		0
292.068		307.666		2662		2		0
284.787		296.862		2720		1		0
262.335		307.228		2636		2		0
237.615		321.622		2566		1		0
257.424		322.211		2349		1		0
276.901		333.756		2106		1		0
281.827		314.008		2418		1		0
308.091		329.037		2452		2		0
306.461		300.563		2523		1		0
303.124		297.999		2560		1		0
280.846		322.699		2169		2		0
277.14		360.446		2160		1		0
277.736		375.017		1944		1		0
283.661		376.204		1930		1		0
286.116		320.599		2336		2		0
296.52		359.211		2140		1		0
327.545		295.891		3310		1		0
321.605		302.022		0		1		0
290.907		309.611		2597		2		0
279.553		333.855		2110		1		0
282.089		334.542		2094		1		0
305.498		297.998		2568		2		0
Frame 114
283.57		321.662		0		2		0
287.583		315.097		2389		2		0
292.039		307.678		2671		2		0
284.764		296.868		2725		1		0
265.601		307.325		2608		2		0
240.54		321.824		2519		1		0
260.759		322.439		2335		1		0
280.71		334.114		2092		1		0
286.951		311.605		2499		2		0
306.03		327.978		2349		2		0
306.467		300.568		2523		1		0
304.282		297.713		2560		1		0
280.577		322.666		0		2		0
277.116		360.452		2163		1		0
277.714		375.021		1946		1		0
283.638		376.208		1929		1		0
286.368		320.452		2340		2		0
296.495		359.217		2138		1		0
327.512		295.904		3311		1		0
321.577		302.033		0		1		0
290.88		309.616		2601		2		0
283.395		334.215		2087		1		0
285.951		334.908		2120		1		0
304.5		297		2560		2		0
304.748		297.499		2560		2		0
Frame 115
283.572		321.663		0		2		0
287.581		315.117		2390		2		0
292.033		307.75		2669		2		0
284.764		296.923		2722		1		0
265.865		307.486		2604		1		0
240.765		321.992		2515		1		0
261.027		322.623		2333		1		0
290		329.999		2312		1		0
286.983		311.685		2492		1		0
306.106		328.081		2345		1		0
306.501		300.631		2521		1		0
303.392		298.4		2535		1		0
280.468		322.715		2190		2		0
277.108		360.519		2162		1		0
277.707		375.084		1940		1		0
283.632		376.27		1932		1		0
286.562		320.454		2342		2		0
296.49		359.283		2146		1		0
327.51		295.974		3308		1		0
321.572		302.1		0		1		0
290.874		309.672		2608		2		0
290		330		2297		2		0
295.313		330.802		2301		1		0
308.349		298.164		0		1		0
Frame 116
283.509		321.598		0		2		0
287.53		315.094		2383		2		0
291.998		307.75		2655		2		0
284.734		296.919		2720		1		0
263.602		307.453		2618		2		0
238.728		321.892		2535		1		0
258.713		322.508		2339		1		0
278.393		334.132		2111		1		0
286.972		311.679		2482		1		0
306.106		328.082		2345		1		0
306.496		300.628		2524		1		0
304.496		298.25		2534		1		0
280.269		322.766		2172		2		0
277.079		360.517		2165		1		0
277.68		375.082		1947		1		0
283.605		376.268		1941		1		0
286.634		320.263		2346		2		0
296.46		359.281		2143		1		0
327.474		295.974		3309		1		0
321.534		302.093		0		1		0
290.836		309.668		2600		2		0
278.355		334.147		2111		1		0
283.608		334.923		2091		1		0
302.996		298		2567		2		0
306.352		298.251		2549		2		0
Frame 117
283.522		321.575		2204		2		0
287.516		315.089		2390		2		0
291.978		307.754		2659		2		0
284.717		296.919		2722		1		0
263.124		307.334		2617		2		0
238.32		321.751		2537		1		0
258.229		322.354		2346		1		0
277.822		333.938		2101		1		0
286.968		311.677		2497		1		0
306.109		328.086		2342		1		0
306.494		300.628		2520		1		0
303.248		297.915		2566		1		0
280.186		322.759		2191		2		0
277.061		360.519		2164		1		0
277.663		375.083		1951		1		0
283.589		376.269		1926		1		0
286.748		320.246		2358		2		0
296.442		359.283		2140		1		0
327.453		295.978		3309		1		0
321.515		302.096		0		1		0
290.817		309.67		2606		2		0
277.895		333.99		2101		1		0
283.233		334.797		2093		1		0
304.071		297.26		2564		2		0
306.153		298.033		2549		2		0
Frame 118
283.508		321.537		0		2		0
287.503		315.075		2395		2		0
291.971		307.766		2666		2		0
284.716		296.928		2721		1		0
263.031		307.32		2620		2		0
238.235		321.734		2533		1		0
258.134		322.335		2340		1		0
269		323		2350		1		0
286.979		311.676		2488		1		0
306.165		328.109		2340		1		0
306.521		300.636		2519		1		0
302.594		298.4		2538		1		0
280.106		322.756		2133		2		0
277.058		360.52		2165		1		0
277.66		375.081		1943		1		0
283.585		376.267		1927		1		0
286.81		320.184		2344		2		0
296.435		359.284		2136		1		0
327.438		295.993		3306		1		0
321.507		302.108		0		1		0
290.808		309.676		2603		2		0
268.931		322.978		2328		1		0
268.997		324.028		2327		1		0
303.495		298.249		2534		2		0
Frame 119
283.518		321.506		2165		2		0
287.497		315.064		2392		2		0
291.961		307.768		2660		2		0
284.709		296.928		2725		1		0
262.729		307.263		2642		2		0
237.974		321.665		2569		1		0
257.827		322.259		2350		1		0
277.355		333.817		2112		1		0
286.98		311.675		2492		1		0
304.112		328.256		2326		2		0
304.87		300.832		2516		1		0
303.331		298.082		2539		1		0
280.081		322.775		2207		2		0
277.05		360.519		2165		1		0
277.653		375.08		1952		1		0
283.577		376.266		1933		1		0
286.893		320.099		2357		2		0
296.427		359.283		2139		1		0
327.426		295.996		3307		1		0
321.497		302.11		0		1		0
290.798		309.676		2606		2		0
277.314		333.83		2112		1		0
277.369		334.865		2101		1		0
303.5		297		2562		2		0
305.302		298.18		2544		2		0
Frame 120
283.501		321.501		0		2		0
287.48		315.071		2398		2		0
291.947		307.785		2664		2		0
284.699		296.941		2724		1		0
262.556		307.274		2643		1		0
237.824		321.667		2569		1		0
257.652		322.261		2352		1		0
277.151		333.811		2097		1		0
286.98		311.679		2502		1		0
303.749		328.316		2319		1		0
304.59		300.916		2516		1		0
303.73		298.331		2538		1		0
280.033		322.804		2156		2		0
277.039		360.531		2163		1		0
277.643		375.09		1941		1		0
283.567		376.276		1932		1		0
286.904		320.081		2351		2		0
296.415		359.295		2138		1		0
327.41		296.013		3312		1		0
321.484		302.124		0		1		0
290.783		309.692		2607		2		0
277.109		333.824		2097		1		0
277.325		334.863		2100		1		0
304.5		297		2556		2		0
305.757		298.504		2541		2		0
Frame 121
283.493		321.512		2212		2		0
287.469		315.093		2385		2		0
291.931		307.832		2655		2		0
284.687		296.979		2726		1		0
262.257		307.798		2634		2		0
237.48		322.2		2555		1		0
257.331		322.839		2356		1		0
268.334		333.501		2309		1		0
286.986		311.728		2505		1		0
303.322		328.358		2319		1		0
304.342		301.051		2507		1		0
303.76		298.762		2540		1		0
279.95		322.872		2166		2		0
277.022		360.583		2166		1		0
277.627		375.141		1950		1		0
283.552		376.326		1931		1		0
286.946		320.078		2361		2		0
296.402		359.346		2139		1		0
327.404		296.057		3308		1		0
321.471		302.173		0		1		0
290.767		309.731		2606		2		0
268.5		333.001		2309		2		0
268		334.5		2308		2		0
305.999		298.998		2545		2		0
Frame 122
283.518		321.497		0		2		0
287.472		315.085		2403		2		0
291.919		307.83		2664		2		0
284.677		296.976		2727		1		0
265.19		307.524		2609		2		0
240.149		322.012		2511		1		0
260.335		322.643		2336		1		0
288		323		2366		1		0
286.984		311.724		2504		1		0
303.252		328.355		2322		1		0
304.273		301.042		2503		1		0
304.165		298.72		2541		1		0
279.853		322.566		2143		2		0
277.012		360.579		2170		1		0
277.618		375.136		1950		1		0
283.543		376.321		1927		1		0
287.166		320.261		2351		2		0
296.391		359.342		2143		1		0
327.389		296.056		3305		1		0
321.458		302.173		0		1		0
290.758		309.728		2609		2		0
288.238		322.472		2349		1		0
287.762		321.489		2346		1		0
307.5		299.999		2541		2		0
