side
Frame 0
379.919		216.367		2521		2		0
380.117		173.178		2460		2		0
380.407		129.898		2512		2		0
384.615		108.502		2420		2		0
356.806		146.582		2550		2		0
350.307		184.782		2574		2		0
349.403		218.154		2547		2		0
351.266		221.557		2538		2		0
406.691		148.51		2495		2		0
411.941		185.192		2547		2		0
415.697		219.205		2500		2		0
412.678		224.275		2505		2		0
369.176		216.135		2529		2		0
362.663		261.85		2639		2		0
360.87		307.414		2717		2		0
359.883		320.5		2682		2		0
390.756		216.599		2513		2		0
389.056		263.626		2622		2		0
384.008		307.899		2712		2		0
385.221		320.157		2684		2		0
380.331		140.728		2519		2		0
351.347		231.931		2553		2		0
357.316		220.173		2559		2		0
412.494		235.79		2525		2		0
419.385		225.136		2489		2		0
Frame 1
379.928		216.367		2519		2		0
380.131		173.179		2464		2		0
380.425		129.9		2512		2		0
384.634		108.509		2420		2		0
356.84		146.563		2552		2		0
350.312		184.786		2576		2		0
349.412		218.151		2545		2		0
351.295		220.814		2541		2		0
406.725		148.518		2496		2		0
411.951		185.199		2547		2		0
415.727		219.204		2498		2		0
412.71		224.245		2505		2		0
369.187		216.135		2527		2		0
362.659		261.866		2636		2		0
360.885		307.408		2721		2		0
359.881		320.51		2688		2		0
390.763		216.599		2514		2		0
389.055		263.629		2624		2		0
384.02		307.891		2713		2		0
385.313		320.168		2676		2		0
380.348		140.73		2515		2		0
351.994		231.417		2549		2		0
357.605		218.249		2560		2		0
412.895		235.702		2522		2		0
419.353		224.32		2492		2		0
Frame 2
379.936		216.359		2521		2		0
380.15		173.166		2471		2		0
380.458		129.883		2512		2		0
384.656		108.513		2422		2		0
356.86		146.57		2549		2		0
350.314		184.728		2576		2		0
349.426		218.087		2547		2		0
351.341		221.105		2537		2		0
406.743		148.499		2498		2		0
411.961		185.189		2548		2		0
415.764		219.191		2493		2		0
412.879		224.267		2502		2		0
369.197		216.123		2528		2		0
362.659		261.85		2636		2		0
360.844		307.352		2722		2		0
360.015		320.207		2684		2		0
390.769		216.593		2513		2		0
389.053		263.614		2620		2		0
383.99		307.931		2710		2		0
385.313		320.175		2681		2		0
380.378		140.713		2513		2		0
351.722		231.455		2556		2		0
357.381		219.655		2556		2		0
412.544		235.726		2516		2		0
419.369		226.417		2480		2		0
Frame 3
379.964		216.34		2520		2		0
380.184		173.149		2478		2		0
380.493		129.867		2515		2		0
384.693		108.551		2423		2		0
356.854		146.572		2555		2		0
350.307		184.683		2578		2		0
349.454		218.032		2550		2		0
351.21		220.701		2545		2		0
406.805		148.453		2499		2		0
412.017		185.141		2543		2		0
415.808		219.122		2502		2		0
412.797		224.247		2510		2		0
369.234		216.094		2534		2		0
362.657		261.844		2635		2		0
360.851		307.448		2720		2		0
360.054		320.151		2689		2		0
390.788		216.586		2516		2		0
389.065		263.587		2624		2		0
383.993		307.927		2717		2		0
385.325		320.206		2682		2		0
380.413		140.697		2516		2		0
351.897		231.401		2557		2		0
357.287		218.897		2562		2		0
412.149		235.848		2515		2		0
418.925		225.635		2494		2		0
Frame 4
379.961		216.336		2519		2		0
380.187		173.145		2468		2		0
380.506		129.864		2515		2		0
384.696		108.544		2421		2		0
356.858		146.546		2549		2		0
350.333		184.672		2577		2		0
349.447		218.019		2545		2		0
351.167		220.724		2545		2		0
406.818		148.454		2498		2		0
412.029		185.136		2544		2		0
415.814		219.12		2499		2		0
412.715		224.324		2511		2		0
369.229		216.089		2532		2		0
362.675		261.846		2637		2		0
360.867		307.45		2720		2		0
360.005		320.188		2684		2		0
390.787		216.584		2514		2		0
389.06		263.601		2618		2		0
383.955		307.902		2719		2		0
385.34		320.218		2684		2		0
380.423		140.694		2518		2		0
351.262		230.934		2550		2		0
357.324		219.281		2566		2		0
412.148		235.849		2513		2		0
418.968		224.928		2495		2		0
Frame 5
379.967		216.329		2519		2		0
380.206		173.134		2467		2		0
380.541		129.848		2512		2		0
384.713		108.52		2419		2		0
356.866		146.54		2548		2		0
350.342		184.7		2576		2		0
349.403		218.045		2546		2		0
351.242		221.045		2541		2		0
406.841		148.45		2497		2		0
412.038		185.13		2543		2		0
415.816		219.108		2497		2		0
412.621		224.223		2509		2		0
369.237		216.079		2530		2		0
362.673		261.847		2635		2		0
360.879		307.439		2715		2		0
359.914		320.34		2683		2		0
390.792		216.579		2509		2		0
389.068		263.559		2619		2		0
383.916		307.996		2715		2		0
385.432		320.182		2681		2		0
380.454		140.679		2516		2		0
351.795		231.135		2552		2		0
357.355		219.445		2560		2		0
411.908		235.819		2529		2		0
419.334		224.202		2486		2		0
Frame 6
379.956		216.316		2523		2		0
380.199		173.125		2468		2		0
380.536		129.842		2513		2		0
384.729		108.519		2421		2		0
356.879		146.528		2554		2		0
350.348		184.703		2580		2		0
349.398		218.049		2547		2		0
351.035		220.832		2539		2		0
406.836		148.425		2501		2		0
412.047		185.141		2546		2		0
415.843		219.116		2498		2		0
412.611		224.167		2508		2		0
369.22		216.063		2531		2		0
362.714		261.789		2637		2		0
360.88		307.427		2716		2		0
359.874		320.386		2689		2		0
390.787		216.569		2520		2		0
389.067		263.559		2623		2		0
383.924		308.013		2718		2		0
385.434		320.2		2684		2		0
380.449		140.673		2518		2		0
351.96		231.482		2563		2		0
357.333		222		2562		2		0
412.551		235.78		2519		2		0
419.382		223.043		2492		2		0
Frame 7
379.955		216.307		2523		2		0
380.198		173.121		2470		2		0
380.535		129.84		2514		2		0
384.748		108.539		2427		2		0
356.897		146.513		2552		2		0
350.352		184.676		2574		2		0
349.385		218.018		2544		2		0
351.041		220.698		2542		2		0
406.841		148.422		2494		2		0
412.057		185.136		2543		2		0
415.711		219.129		2495		2		0
412.64		224.037		2506		2		0
369.221		216.051		2533		2		0
362.694		261.836		2633		2		0
360.891		307.437		2713		2		0
359.833		320.457		2685		2		0
390.786		216.564		2511		2		0
389.067		263.554		2620		2		0
383.917		307.997		2713		2		0
385.442		320.2		2680		2		0
380.448		140.67		2515		2		0
351.406		231		2557		2		0
357.513		219.282		2561		2		0
412.622		235.627		2515		2		0
419.141		224.442		2490		2		0
Frame 8
379.925		216.293		2523		2		0
380.199		173.12		2469		2		0
380.564		129.846		2516		2		0
384.725		108.544		2424		2		0
356.911		146.507		2553		2		0
350.35		184.656		2575		2		0
349.372		217.998		2543		2		0
351.166		220.726		2538		2		0
406.848		148.421		2498		2		0
412.077		185.117		2546		2		0
415.513		219.149		2501		2		0
412.512		224.153		2507		2		0
369.196		216.047		2533		2		0
362.732		261.83		2633		2		0
360.892		307.437		2721		2		0
359.806		320.474		2684		2		0
390.75		216.537		2511		2		0
389.086		263.52		2625		2		0
383.93		307.974		2722		2		0
385.42		320.149		2685		2		0
380.466		140.674		2515		2		0
350.994		231		2567		2		0
357.184		219.022		2564		2		0
411.917		235.775		2531		2		0
418.681		225.235		2488		2		0
Frame 9
379.924		216.282		2521		2		0
380.206		173.115		2472		2		0
380.575		129.844		2511		2		0
384.725		108.543		2424		2		0
356.939		146.493		2548		2		0
350.359		184.622		2578		2		0
349.371		217.961		2541		2		0
351.066		220.856		2542		2		0
406.85		148.409		2496		2		0
412.075		185.114		2538		2		0
415.527		219.145		2497		2		0
412.484		224.245		2507		2		0
369.184		216.027		2528		2		0
362.773		261.709		2637		2		0
360.899		307.43		2719		2		0
359.832		320.503		2683		2		0
390.753		216.533		2514		2		0
389.089		263.518		2619		2		0
383.956		307.946		2717		2		0
385.445		320.142		2681		2		0
380.476		140.672		2516		2		0
350.807		231.188		2564		2		0
357.278		219.588		2563		2		0
411.885		235.78		2527		2		0
418.811		227.126		2490		2		0
Frame 10
379.912		216.276		2525		2		0
380.193		173.117		2466		2		0
380.554		129.852		2512		2		0
384.709		108.544		2426		2		0
356.924		146.486		2550		2		0
350.352		184.593		2578		2		0
349.35		217.933		2543		2		0
350.978		220.62		2542		2		0
406.829		148.415		2492		2		0
412.074		185.112		2541		2		0
415.443		219.152		2499		2		0
412.23		224.255		2510		2		0
369.158		216.02		2535		2		0
362.774		261.717		2642		2		0
360.913		307.44		2718		2		0
359.856		320.5		2681		2		0
390.751		216.53		2515		2		0
389.09		263.518		2621		2		0
383.952		307.945		2717		2		0
385.455		320.171		2679		2		0
380.459		140.677		2517		2		0
351.128		231.067		2561		2		0
357.17		218.455		2562		2		0
412.441		235.557		2514		2		0
418.299		223.994		2499		2		0
Frame 11
379.899		216.263		2522		2		0
380.184		173.107		2469		2		0
380.549		129.845		2511		2		0
384.698		108.534		2422		2		0
356.9		146.446		2548		2		0
350.338		184.589		2578		2		0
349.33		217.921		2546		2		0
350.883		220.771		2542		2		0
406.836		148.392		2494		2		0
412.074		185.111		2540		2		0
415.51		219.137		2497		2		0
412.375		223.721		2513		2		0
369.149		216.012		2534		2		0
362.771		261.776		2633		2		0
360.911		307.438		2720		2		0
359.82		320.661		2680		2		0
390.737		216.512		2519		2		0
389.098		263.528		2619		2		0
383.926		307.862		2718		2		0
385.47		320.168		2681		2		0
380.453		140.67		2510		2		0
350.584		231.118		2558		2		0
357.038		222.846		2561		2		0
412.196		235.702		2515		2		0
418.356		226.073		2473		2		0
Frame 12
379.875		216.237		2525		2		0
380.165		173.087		2467		2		0
380.533		129.828		2504		2		0
384.619		108.463		2420		2		0
356.879		146.438		2548		2		0
350.318		184.609		2578		2		0
349.291		217.936		2543		2		0
350.829		220.597		2543		2		0
406.836		148.378		2495		2		0
412.077		185.101		2538		2		0
415.423		219.136		2498		2		0
412.297		223.824		2506		2		0
369.109		215.981		2533		2		0
362.848		261.686		2631		2		0
360.964		307.516		2719		2		0
359.802		320.727		2685		2		0
390.727		216.493		2519		2		0
389.097		263.531		2621		2		0
383.918		307.932		2715		2		0
385.533		320.191		2686		2		0
380.437		140.653		2512		2		0
350.701		231.001		2562		2		0
356.987		222.219		2559		2		0
411.775		235.668		2523		2		0
418.58		225.946		2490		2		0
Frame 13
379.846		216.216		2523		2		0
380.135		173.071		2458		2		0
380.483		129.8		2504		2		0
384.539		108.411		2424		2		0
356.86		146.438		2547		2		0
350.289		184.623		2577		2		0
349.198		217.941		2539		2		0
350.68		220.509		2539		2		0
406.818		148.306		2488		2		0
412.047		185.087		2534		2		0
415.285		219.127		2495		2		0
412.204		223.715		2499		2		0
369.054		215.949		2528		2		0
362.947		261.874		2625		2		0
360.988		307.693		2721		2		0
359.807		320.744		2686		2		0
390.715		216.478		2515		2		0
389.075		263.532		2624		2		0
384.045		307.785		2712		2		0
385.591		319.981		2687		2		0
380.394		140.63		2507		2		0
350.62		231.064		2564		2		0
356.915		220.086		2564		2		0
411.328		235.78		2516		2		0
418.339		225.915		2488		2		0
Frame 14
379.816		216.19		2530		2		0
380.118		173.052		2462		2		0
380.467		129.76		2510		2		0
384.458		108.349		2425		2		0
356.805		146.42		2544		2		0
350.12		184.532		2581		2		0
349.115		217.802		2542		2		0
350.43		220.389		2541		2		0
406.767		148.256		2488		2		0
412.03		185.046		2535		2		0
415.229		219.095		2494		2		0
412.301		223.719		2502		2		0
369.01		215.918		2530		2		0
363.081		262.032		2619		2		0
360.986		308.003		2717		2		0
359.788		320.779		2686		2		0
390.7		216.459		2517		2		0
389.025		263.534		2624		2		0
384.079		307.813		2721		2		0
385.624		319.959		2692		2		0
380.378		140.598		2510		2		0
350.683		230.814		2554		2		0
357.082		218.749		2560		2		0
411.793		234.736		2513		2		0
419.334		225.831		2467		2		0
Frame 15
379.712		216.15		2524		2		0
380.028		173.032		2476		2		0
380.369		129.746		2503		2		0
384.298		108.285		2422		2		0
356.639		146.366		2540		2		0
349.741		184.126		2584		2		0
348.805		217.33		2542		2		0
350.264		219.974		2536		2		0
406.562		148.226		2485		2		0
411.989		184.997		2541		2		0
415.163		219.039		2492		2		0
412.285		223.554		2499		2		0
368.863		215.854		2537		2		0
363.306		262.134		2610		2		0
361.021		308.077		2710		2		0
359.78		320.798		2687		2		0
390.631		216.435		2514		2		0
388.975		263.35		2627		2		0
384.139		307.799		2714		2		0
385.654		319.924		2684		2		0
380.282		140.583		2506		2		0
350.724		230.455		2557		2		0
357.079		219.847		2561		2		0
410.698		235.8		2527		2		0
418.514		226.941		2481		2		0
Frame 16
379.493		216.089		2523		2		0
379.902		173.005		2457		2		0
380.286		129.709		2506		2		0
383.802		108.188		2429		2		0
356.35		146.225		2542		2		0
349.263		184.087		2594		2		0
348.319		217.168		2540		2		0
349.528		219.917		2533		2		0
406.302		148.284		2481		2		0
411.931		184.84		2540		2		0
415.059		218.855		2480		2		0
412.221		223.308		2488		2		0
368.65		215.796		2540		2		0
363.306		262.452		2606		2		0
361.026		308.184		2711		2		0
359.799		320.819		2682		2		0
390.417		216.374		2514		2		0
388.907		263.294		2617		2		0
384.182		307.87		2718		2		0
385.829		319.838		2686		2		0
380.187		140.553		2507		2		0
350.565		229.788		2541		2		0
356.738		217.65		2560		2		0
410.914		234.918		2513		2		0
418.555		226.665		2474		2		0
Frame 17
378.794		215.998		2517		2		0
379.516		172.984		2470		2		0
380.113		129.706		2500		2		0
383.184		108.162		2416		2		0
355.699		146.092		2548		2		0
347.877		183.297		2599		2		0
346.668		215.883		2530		2		0
347.807		218.916		2524		2		0
405.861		148.362		2476		2		0
411.879		184.612		2539		2		0
415.03		218.581		2473		2		0
412.041		223.025		2480		2		0
367.974		215.691		2534		2		0
363.166		262.902		2600		2		0
361.018		308.91		2713		2		0
359.748		320.871		2688		2		0
389.709		216.301		2511		2		0
388.797		263.366		2617		2		0
384.248		307.875		2714		2		0
385.84		319.839		2687		2		0
379.97		140.549		2504		2		0
349.05		228.113		2531		2		0
354.499		218.495		2570		2		0
410.148		234.849		2502		2		0
418.104		224.446		2473		2		0
Frame 18
378.105		215.98		2517		2		0
379.043		173.017		2466		2		0
379.82		129.742		2498		2		0
382.244		108.109		2419		2		0
354.997		146.066		2548		2		0
345.991		182.197		2604		2		0
343.843		213.833		2510		2		0
343.808		217.618		2509		2		0
405.419		148.387		2476		2		0
412.379		183.723		2528		2		0
415.087		217.776		2459		2		0
412.938		223.138		2468		2		0
367.297		215.646		2535		2		0
362.962		263.324		2602		2		0
361.011		308.921		2711		2		0
359.482		320.857		2682		2		0
388.997		216.313		2517		2		0
388.575		263.474		2617		2		0
384.304		308.04		2718		2		0
385.888		319.781		2685		2		0
379.634		140.589		2500		2		0
346.162		226.058		2518		2		0
349.753		220.391		2515		2		0
410.395		233.936		2481		2		0
416.945		225.445		2458		2		0
Frame 19
377.08		215.813		2516		2		0
378.403		172.988		2463		2		0
379.494		129.763		2493		2		0
381.193		108.135		2405		2		0
354.215		145.798		2542		2		0
342.126		179.271		2610		2		0
340.68		210.032		2494		2		0
338.99		215.346		2490		2		0
404.682		148.402		2470		2		0
413.563		182.667		2517		2		0
417.002		215.893		2436		2		0
414.189		222.44		2438		2		0
366.163		215.42		2537		2		0
362.744		264.089		2598		2		0
361.01		308.946		2706		2		0
359.373		320.953		2682		2		0
388.046		216.193		2513		2		0
388.346		263.606		2614		2		0
384.305		308.039		2711		2		0
385.977		319.73		2687		2		0
379.239		140.604		2499		2		0
341.644		223.944		2485		2		0
344.449		219.453		2481		2		0
410.699		233.601		2465		2		0
419.7		226.004		2445		2		0
Frame 20
375.945		215.666		2523		2		0
377.366		172.957		2466		2		0
378.687		129.797		2494		2		0
379.934		108.151		2399		2		0
353.286		145.685		2549		2		0
338.444		176.885		2609		2		0
332.033		203.803		2481		2		0
333.196		211.823		2453		2		0
403.608		148.114		2465		2		0
414.938		181.292		2508		2		0
417.582		214.732		2408		2		0
415.3		221.93		2415		2		0
365.003		215.211		2537		2		0
362.374		264.401		2589		2		0
360.902		308.975		2708		2		0
359.247		320.946		2686		2		0
386.995		216.113		2519		2		0
387.958		263.562		2616		2		0
384.339		308.061		2715		2		0
385.978		319.737		2691		2		0
378.368		140.628		2496		2		0
335.085		219.706		2453		2		0
338.401		212.994		2466		2		0
412.425		231.931		2434		2		0
421.599		220.347		2423		2		0
Frame 21
374.835		215.519		2521		2		0
376.205		172.997		2459		2		0
377.539		129.999		2490		2		0
378.453		108.161		2406		2		0
352.151		145.28		2545		2		0
334.038		174.855		2610		2		0
324.9		198.321		2465		2		0
324.543		205.936		2440		2		0
402.355		147.75		2464		2		0
416.689		179.831		2485		2		0
420.258		212.117		2371		2		0
417.794		220.09		2378		2		0
363.931		215.047		2539		2		0
361.923		265.033		2594		2		0
360.781		309.015		2712		2		0
359.149		320.965		2682		2		0
385.886		215.992		2511		2		0
387.561		262.958		2622		2		0
384.372		308.117		2716		2		0
386.004		319.742		2684		2		0
377.211		140.793		2492		2		0
326.497		214.575		2433		2		0
328.368		206.397		2432		2		0
415.045		230.503		2395		2		0
423.375		221.332		2381		2		0
Frame 22
373.432		215.387		2518		2		0
374.916		173.003		2468		2		0
376.434		130.103		2493		2		0
376.948		108.167		2408		2		0
350.618		144.842		2547		2		0
330.39		173.105		2608		2		0
316.754		192.006		2450		2		0
315.538		201.118		2406		2		0
401.173		147.445		2458		2		0
417.991		178.635		2466		2		0
422.89		209.132		2342		2		0
420.651		218.304		2335		2		0
362.513		214.953		2534		2		0
361.222		265.197		2579		2		0
360.718		309.047		2711		2		0
359.096		320.952		2681		2		0
384.513		215.823		2511		2		0
387.203		262.604		2615		2		0
384.385		308.167		2711		2		0
386.01		319.737		2687		2		0
376.056		140.878		2494		2		0
316.465		207.947		2407		2		0
319.477		200.565		2420		2		0
416.532		229.801		2358		2		0
426.637		222.455		2348		2		0
Frame 23
372.303		215.522		2518		2		0
373.555		173.13		2458		2		0
374.875		130.227		2493		2		0
374.768		108.475		2401		2		0
348.504		145.203		2544		2		0
324.362		170.333		2598		2		0
308.953		185.628		2436		2		0
306.373		191.964		2400		2		0
399.581		147.394		2456		2		0
419.522		177.147		2430		2		0
425.743		205.375		2304		2		0
424.312		215.29		2281		2		0
361.372		215.135		2530		2		0
360.23		265.875		2576		2		0
360.665		309.06		2707		2		0
359.061		320.942		2684		2		0
383.413		215.911		2509		2		0
386.671		262.371		2617		2		0
384.453		308.252		2710		2		0
386.048		319.8		2684		2		0
374.543		141.003		2485		2		0
304.202		198.901		2391		2		0
308.326		194.752		2387		2		0
421.2		226.901		2303		2		0
429.022		217.821		2287		2		0
Frame 24
371.162		215.662		2512		2		0
371.678		173.284		2461		2		0
372.103		130.406		2486		2		0
372.713		108.554		2401		2		0
346.135		145.478		2544		2		0
319.717		168.228		2590		2		0
301.584		179.081		2429		2		0
297.133		184.47		2383		2		0
397.634		147.325		2457		2		0
420.603		175.278		2412		2		0
428.062		201.323		2261		2		0
428.356		210.005		2232		2		0
360.194		215.301		2531		2		0
359.355		266.248		2564		2		0
360.548		309.094		2707		2		0
359.022		320.932		2684		2		0
382.319		216.028		2509		2		0
386.046		262.542		2607		2		0
384.452		308.28		2714		2		0
386.113		319.785		2682		2		0
372.01		141.174		2485		2		0
293.818		189.783		2383		2		0
296.747		191.75		2380		2		0
427.383		220.298		2252		2		0
434.078		212.755		2251		2		0
Frame 25
369.352		215.964		2509		2		0
369.925		173.531		2453		2		0
370.574		130.601		2483		2		0
370.351		108.727		2400		2		0
343.333		145.94		2549		2		0
314.002		164.674		2587		2		0
292.98		172.306		2419		2		0
288.825		175.341		2380		2		0
395.968		147.455		2456		2		0
421.573		173.495		2380		2		0
430.858		195.037		2227		2		0
431.701		204.378		2194		2		0
358.314		215.652		2527		2		0
357.807		266.035		2561		2		0
360.463		309.135		2702		2		0
358.96		320.93		2683		2		0
380.586		216.282		2509		2		0
385.439		262.531		2608		2		0
384.461		308.283		2711		2		0
386.216		319.829		2686		2		0
370.411		141.383		2482		2		0
283.674		180.576		2381		2		0
290.256		178.166		2390		2		0
431.929		213.611		2190		2		0
438.547		207.856		2198		2		0
Frame 26
367.315		216.321		2512		2		0
367.835		173.947		2448		2		0
368.447		131.057		2482		2		0
367.929		109.154		2402		2		0
339.86		146.758		2551		2		0
308.774		162.271		2586		2		0
285.829		164.698		2422		2		0
282.509		166.277		2381		2		0
393.055		148.189		2456		2		0
421.713		171.412		2367		2		0
432.212		188.938		2196		2		0
434.291		195.22		2154		2		0
356.306		216.016		2530		2		0
357.18		266.435		2547		2		0
360.437		309.189		2700		2		0
358.864		320.948		2689		2		0
378.528		216.631		2505		2		0
384.832		262.575		2609		2		0
384.465		308.302		2713		2		0
386.187		319.854		2689		2		0
368.291		141.832		2479		2		0
274.78		171.899		2386		2		0
281.13		170		2361		2		0
435.511		205.271		2151		2		0
439.151		194.694		2160		2		0
Frame 27
365.312		216.646		2512		2		0
365.492		174.393		2450		2		0
365.736		131.589		2480		2		0
364.989		109.882		2402		2		0
336.704		147.414		2545		2		0
303.55		157.284		2573		2		0
278.732		158.551		2428		2		0
275.828		159.125		2388		2		0
390.852		148.794		2449		2		0
421.716		169.521		2346		2		0
432.611		180.193		2187		2		0
435.738		186.396		2130		2		0
354.311		216.456		2529		2		0
355.676		266.919		2535		2		0
360.416		309.305		2700		2		0
358.842		320.971		2686		2		0
376.514		216.843		2508		2		0
383.673		262.436		2604		2		0
384.408		308.249		2716		2		0
386.216		319.715		2693		2		0
365.674		142.346		2474		2		0
266.996		163.479		2388		2		0
271.539		164.288		0		2		0
437.646		196.007		2113		2		0
443.499		197.002		2146		2		0
Frame 28
362.724		217.258		2508		2		0
362.392		175.029		2455		2		0
362.147		132.211		2477		2		0
361.69		110.651		2399		2		0
332.469		147.963		2541		2		0
298.564		154.516		2559		2		0
272.285		151.47		2433		2		0
272.347		151.753		2433		2		0
387.537		149.802		2446		2		0
423.108		163.206		2306		2		0
430.764		173.23		2179		2		0
436.414		178.225		2096		2		0
351.78		217.112		2525		2		0
353.754		267.142		2520		2		0
360.62		309.976		2684		2		0
358.833		321.003		2683		2		0
373.877		217.405		2505		2		0
382.082		262.801		2584		2		0
384.34		308.381		2708		2		0
386.695		320.08		2686		2		0
362.204		142.976		2470		2		0
260.846		154.383		2387		2		0
270.691		155.663		2434		2		0
437.835		187.421		2068		2		0
443.499		189.501		2112		2		0
Frame 29
360.046		217.832		2503		2		0
359.511		175.714		2449		2		0
359.077		133.013		2470		2		0
358.098		111.402		2392		2		0
329.289		148.062		2539		2		0
295.016		151.683		2550		2		0
278.861		148.303		2467		2		0
270.347		145.757		2429		2		0
384.937		150.444		2440		2		0
421.29		162.077		2281		2		0
428.137		170.621		2161		2		0
435.695		170.247		2074		2		0
349.145		217.808		2522		2		0
351.1		268.216		2503		2		0
360.325		310.222		2688		2		0
358.711		321.25		2672		2		0
371.144		217.859		2499		2		0
380.324		262.979		2568		2		0
384.28		308.416		2708		2		0
386.675		320.031		2684		2		0
359.181		143.748		2462		2		0
258.747		144.334		2397		2		0
269.629		150.406		2501		2		0
436.759		177.416		2043		2		0
444.143		176.862		2071		2		0
Frame 30
357.224		218.562		2501		2		0
356.046		176.661		2444		2		0
354.905		134.178		2472		2		0
354.563		112.729		2392		2		0
325.027		148.486		2534		2		0
290.609		148.829		2542		2		0
262.024		140.672		2419		2		0
263.575		140.513		2426		2		0
381.32		151.389		2440		2		0
417.674		162.944		2294		2		0
427.382		161.315		2121		2		0
433.824		162.9		2053		2		0
346.445		218.603		2521		2		0
348.147		268.611		2489		2		0
359.412		309.933		2675		2		0
358.606		321.403		2670		2		0
368.203		218.519		2499		2		0
378.672		263.713		2553		2		0
383.944		308.43		2708		2		0
386.65		319.942		2690		2		0
355.19		144.861		2459		2		0
249.908		140.003		2405		2		0
263.277		145.214		0		2		0
435.72		167.872		2022		2		0
439.749		172.254		2064		2		0
Frame 31
353.508		219.944		2501		2		0
352.699		178.167		2442		2		0
351.979		135.737		2463		2		0
350.624		114.362		2384		2		0
321.074		149.87		2529		2		0
286.717		147.533		2530		2		0
268.407		141.135		2462		2		0
260.432		136.712		2418		2		0
377.341		152.683		2434		2		0
413.521		164.607		2324		2		0
425.736		158.624		2065		2		0
430.421		156.202		2030		2		0
342.626		220.081		2517		2		0
344.629		269.522		2478		2		0
359.061		310.208		2673		2		0
358.403		321.518		2662		2		0
364.584		219.809		2494		2		0
376.927		265.067		2535		2		0
383.104		308.859		2701		2		0
386.664		319.962		2688		2		0
352.155		146.413		2451		2		0
248.107		132.779		2394		2		0
254.1		137.302		2400		2		0
433.442		159.061		2017		2		0
437.665		162.337		2043		2		0
Frame 32
348.975		221.695		2493		2		0
348.134		180.074		2440		2		0
347.395		137.844		2461		2		0
346.32		116.65		2384		2		0
316.889		151.637		2529		2		0
282.728		147.057		2527		2		0
254.79		132.945		2410		2		0
253.952		132.868		2405		2		0
372.8		154.484		2435		2		0
409.496		164.954		2321		2		0
424.009		156.475		2165		2		0
426.08		150.397		2013		2		0
338.216		221.765		2514		2		0
340.429		269.613		2456		2		0
357.254		310.171		2658		2		0
357.628		322.004		2655		2		0
359.923		221.624		2493		2		0
374.793		266.524		2515		2		0
382.438		309.481		2695		2		0
386.8		320.143		2683		2		0
347.573		148.467		2445		2		0
240.92		130.007		2384		2		0
241.68		134.004		4875		2		0
427.883		150.117		2008		2		0
432.998		155.147		2033		2		0
Frame 33
343.777		224.427		2497		2		0
342.733		182.962		2435		2		0
341.786		140.833		2449		2		0
341.406		119.531		2379		2		0
311.52		154.583		2533		2		0
277.919		147.162		2521		2		0
260.568		137.617		2455		2		0
251.202		131.71		2414		2		0
368.106		157.142		2433		2		0
405.319		165.731		2328		2		0
416.713		151.745		2165		2		0
420.516		146.251		2017		2		0
333.072		224.51		2511		2		0
335.692		269.748		2448		2		0
356.841		310.642		2657		2		0
356.768		322.514		2647		2		0
354.656		224.345		2488		2		0
372.489		267.123		2497		2		0
382.102		309.607		2695		2		0
386.872		320.267		2679		2		0
342.017		151.437		2444		2		0
238.57		126.859		2365		2		0
248.898		134.562		2441		2		0
422.191		144.308		2016		2		0
428.286		148.289		2039		2		0
Frame 34
339.757		227.273		2491		2		0
338.665		186.006		2436		2		0
337.67		144.158		2452		2		0
336.838		123.013		2375		2		0
306.825		157.721		2532		2		0
273.706		148.393		2518		2		0
246.27		130.966		2407		2		0
244.369		129.759		2388		2		0
363.911		160.901		2432		2		0
401.638		167.335		2333		2		0
412.168		149.7		2149		2		0
413.587		142.458		2034		2		0
329.234		227.173		2508		2		0
329.248		271.38		2430		2		0
354.568		312.38		2653		2		0
355.924		323.915		2635		2		0
350.454		227.378		2489		2		0
369.801		268.919		2474		2		0
381.265		310.665		2678		2		0
376.359		322.292		2786		2		0
337.912		154.684		2442		2		0
233.174		126.357		2359		2		0
239.31		131.521		2390		2		0
414		137.111		2020		2		0
419.939		143.439		2032		2		0
Frame 35
333.716		232.341		2490		2		0
332.792		191.068		2440		2		0
331.978		149.179		2445		2		0
330.79		127.933		2374		2		0
302.304		162.25		2529		2		0
269.748		150.907		2520		2		0
244.337		130.339		2411		2		0
241.668		130.917		2394		2		0
358.061		165.583		2430		2		0
396.931		167.064		2319		2		0
405.759		142.391		2087		2		0
405.223		140.724		2049		2		0
323.08		232.199		2508		2		0
323.854		276.571		2414		2		0
348.46		310.013		2634		2		0
355.506		322.852		2632		2		0
344.523		232.486		2484		2		0
367.193		271.004		2461		2		0
376.524		312.401		2697		2		0
374.366		323.085		2815		2		0
332.173		159.72		2437		2		0
230.428		125.43		2351		2		0
232.334		129		2429		2		0
406.658		135.632		2035		2		0
413.334		138.501		2048		2		0
Frame 36
329.151		236.911		2487		2		0
327.786		196.275		2436		2		0
326.733		154.863		2444		2		0
326.183		133.615		2370		2		0
296.96		166.809		2526		2		0
264.383		155.515		2518		2		0
239.322		133.689		2416		2		0
238.496		133.169		2412		2		0
352.998		170.705		2431		2		0
393.836		171.388		2323		2		0
396.692		145.401		2168		2		0
396.93		137.274		2056		2		0
318.544		236.972		2505		2		0
313.78		280.919		2406		2		0
344.406		309.624		2632		2		0
344.265		320.029		2605		2		0
339.886		236.875		2487		2		0
364.325		274.911		2444		2		0
379.485		312.06		2658		2		0
366.603		318.843		0		1		0
326.978		165.291		2437		2		0
227.376		126.376		2344		2		0
229		128.5		2401		2		0
395.644		131.928		2041		2		0
403		136.818		2048		2		0
Frame 37
323.332		243.154		2488		2		0
322.125		202.587		2430		2		0
321.011		161.386		2445		2		0
320.336		140.781		2374		2		0
290.944		172.516		2523		2		0
258.466		161.194		2524		2		0
235.835		137.052		2425		2		0
232.63		135.148		2399		2		0
347.096		177.075		2438		2		0
385.811		169.703		2301		2		0
389.382		139.089		2130		2		0
387.776		137.776		2087		2		0
313.191		243.196		2505		2		0
308.425		287.027		2395		2		0
335.58		306.401		2619		2		0
335.382		316.854		2610		1		0
333.6		243.115		2490		2		0
361.488		279.582		2423		2		0
379.021		312.34		2640		2		0
364.196		313.378		3073		1		0
321.281		171.758		2433		2		0
222.001		129.25		2351		2		0
220.501		131.003		2352		2		0
385.37		130.155		2063		2		0
394.336		133.501		2094		2		0
Frame 38
318.69		249.84		2489		2		0
316.198		209.847		2430		2		0
313.765		169.157		2438		2		0
313.814		148.722		2370		2		0
285.001		180.94		2517		2		0
253.231		167.679		2520		2		0
231.1		142.281		2434		2		0
229.218		140.797		2421		2		0
341.034		183.586		2438		2		0
379.243		181.178		0		2		0
378.37		147.213		2193		2		0
377.073		137.563		2136		2		0
308.716		250.038		2502		2		0
305.268		294.419		2385		2		0
331.661		305.991		2632		2		0
331.444		316.466		2614		1		0
328.771		249.643		2490		2		0
358.739		285.031		2413		2		0
380.564		314.686		2638		2		0
365.535		312.797		0		2		0
314.368		179.408		2429		2		0
218.429		132.431		2350		2		0
217		134.002		2355		2		0
374.226		129.494		2100		2		0
383.254		136.782		2140		2		0
Frame 39
312.56		257.794		2495		2		0
309.287		218.095		2431		2		0
306.035		177.615		2427		2		0
306.649		157.267		2372		2		0
278.327		190.403		2509		2		0
247.247		175.52		2521		2		0
225.537		148.845		2451		2		0
222.75		145.365		2413		2		0
334.487		191.802		2434		2		0
368.571		177.778		2320		2		0
367.741		144.051		2193		2		0
364.904		138.927		2181		2		0
302.551		258.318		2509		2		0
299.74		302.575		2378		2		0
329.246		295.483		2726		2		0
330.397		304.561		2675		2		0
322.667		257.269		2497		2		0
354.363		291.354		2403		2		0
377.136		312.931		2550		2		0
361.673		311.058		2475		2		0
306.846		187.822		2427		2		0
213.671		137.931		2368		2		0
212.334		138.667		2357		2		0
361.409		130.907		2135		2		0
370.559		136.073		2161		2		0
Frame 40
306.8		265.085		2504		2		0
302.724		226.947		2408		2		0
298.557		187.322		2430		2		0
298.704		167.666		2372		2		0
271.026		200.005		2505		2		0
239.673		185.706		2519		2		0
220.386		157.055		2446		2		0
213.039		148.258		2406		2		0
327.15		200.326		2433		2		0
364.049		183.011		2326		2		0
354.296		149.569		2224		2		0
352.337		144.672		2229		2		0
297.289		265.786		2511		2		0
293.541		308.169		2382		2		0
323.901		302.858		2707		1		0
334.193		305.605		2715		2		0
316.396		264.383		2508		2		0
348.776		296.604		2409		2		0
383.256		322.629		2671		2		0
368.416		318.582		2532		2		0
299.607		197.383		2430		2		0
207.702		144.498		2369		2		0
207.5		145.501		2365		2		0
348.643		135.059		2174		2		0
355.573		137.296		2183		2		0
Frame 41
300.627		277.051		2502		2		0
295.216		238.475		2391		2		0
289.625		198.267		2424		2		0
289.995		178.847		2369		2		0
264.598		213.373		2489		2		0
234.101		197.22		2505		2		0
213.04		169.708		2445		2		0
206.743		159.151		2422		2		0
317.907		210.09		2420		2		0
349.71		191.92		2335		2		0
341.715		157.292		2261		2		0
339.277		152.106		2270		2		0
290.601		277.738		2523		2		0
290.329		316.815		2388		2		0
312.851		284.09		2517		1		0
311.478		298.227		2762		2		0
310.754		276.363		2507		2		0
350.873		296.103		2398		2		0
384.954		320.382		2673		2		0
387.006		331.782		2634		1		0
291.04		208.487		2429		2		0
201.87		152.731		2381		2		0
200.249		154.75		2385		2		0
335.4		141.801		2224		2		0
343.476		147.197		2255		2		0
Frame 42
294.079		282.282		2521		2		0
287.355		247.02		2403		2		0
280.231		209.538		2426		2		0
279.542		190.277		2371		2		0
255.897		226.077		2480		2		0
225.234		209.775		2494		2		0
203.749		182.379		2449		2		0
198.184		170.795		2414		2		0
308.581		220.044		2418		2		0
340.061		201.695		2348		2		0
327.817		168.167		2298		2		0
325.22		162.784		2312		2		0
284.067		282.839		2518		2		0
280.924		318.845		2424		2		0
304.707		286.679		2516		1		0
301.182		296.477		2544		2		0
304.176		281.727		2519		2		0
341.459		300.645		2433		2		0
370.897		318.212		2532		1		0
385.356		323.096		2654		2		0
282.052		219.135		2426		2		0
193.495		163.086		2383		2		0
193.374		167.378		2403		2		0
322.224		152.617		2234		2		0
331.2		167.001		2244		2		0
Frame 43
289.174		289.805		2528		2		0
280.174		256.615		2382		2		0
270.561		221.144		2428		2		0
267.197		202.399		2370		2		0
247.298		239.133		2467		2		0
215.729		223.897		2480		2		0
194.14		195.869		2433		2		0
187.68		182.984		2406		2		0
296.866		230.376		2416		2		0
329.117		214.194		2352		2		0
312.601		181.27		2326		2		0
309.784		175.047		2354		2		0
279.42		291.32		2521		2		0
286.307		321.25		2401		2		0
308.198		290.196		2515		1		0
302.771		299.399		2509		2		0
298.988		288.289		2531		2		0
334.395		305.765		2453		2		0
362.666		322.11		2476		1		0
377.709		323.701		2642		2		0
273.026		230.242		2420		2		0
183.987		174.003		2386		2		0
182.629		180.631		2427		2		0
305.996		167.005		2276		2		0
316.665		180.999		2266		2		0
Frame 44
284.083		299.039		2540		2		0
272.114		266.385		2399		2		0
259.39		231.694		2443		2		0
254.152		213.421		2362		2		0
236.33		247.542		2469		2		0
203.088		235.628		2458		2		0
180.815		208.642		2412		2		0
174.927		197.275		2398		2		0
283.8		241.654		2417		2		0
316.193		227.848		2355		2		0
297.168		196.224		2339		2		0
293.659		189.016		2388		2		0
274.587		301.987		2555		2		0
289.383		325.186		2388		2		0
310.142		294.611		2524		1		0
303.945		303.575		2503		2		0
293.602		296.092		2533		2		0
331.926		304.688		0		2		0
355.541		321.037		2485		1		0
370.71		322.946		2594		2		0
262.647		240.571		2436		2		0
170.722		188.457		2412		2		0
171.288		196.576		2449		2		0
290.191		183.911		2338		2		0
292.5		182		2285		2		0
Frame 45
278.946		303.88		2551		2		0
263.164		274.076		2419		2		0
246.458		242.569		2457		2		0
240.431		224.882		2365		2		0
223.411		254.59		2479		2		0
188.795		244.238		2444		2		0
161.995		220.515		2397		2		0
158.004		209.195		2378		2		0
269.868		249.652		2431		2		0
302.957		241.125		2353		2		0
280.532		211.655		2354		2		0
277.232		206.323		2403		2		0
270.663		307.553		2562		2		0
291.667		324.644		2403		2		0
312.445		295.707		0		1		0
306.461		304.83		2499		1		0
287.311		300.07		2547		2		0
326.032		305.331		2691		2		0
350.919		322.437		2471		1		0
365.999		323.548		2551		2		0
250.728		250.615		2448		2		0
155.12		202.128		2370		2		0
156.621		213.394		0		2		0
273.803		201.599		2428		2		0
280.146		203.23		2403		2		0
Frame 46
270.15		307.767		2565		2		0
252.643		280.734		2443		2		0
234.076		252.116		2475		2		0
226.147		234.011		2365		2		0
209.889		264.279		2485		2		0
174.219		260.499		2435		2		0
147.283		238.11		2358		2		0
146.34		236.688		2352		2		0
258.869		257.84		2443		2		0
290.935		257.324		2335		2		0
264.47		231.303		2367		2		0
261.652		224.165		2397		2		0
262.039		311.536		2584		2		0
307.821		321.536		2473		2		0
334.95		295.288		0		1		0
329.486		304.548		2692		1		0
278.265		304		2561		2		0
315.631		305.481		2505		2		0
348.265		323.712		2492		1		0
363.41		324.699		2564		2		0
238.825		259.428		2467		2		0
135.763		224.848		2341		2		0
142.446		237.336		2384		2		0
256.749		218.505		2439		2		0
260.222		217.109		2396		2		0
Frame 47
266.546		307.065		2577		2		0
244.531		283.398		2484		2		0
222.176		258.455		2499		2		0
210.753		243.233		2363		2		0
198.69		273.812		2484		2		0
162.418		273.01		2416		2		0
131.709		254.312		2334		2		0
123.145		250.398		2301		2		0
242.074		266.998		2451		2		0
269.861		268.137		0		2		0
243.226		242.555		2363		1		0
241.879		237.936		2416		2		0
257.763		311.039		2599		2		0
302.84		310.997		2473		1		0
334.133		284.857		0		1		0
328.688		293.706		3415		1		0
275.195		303.122		2579		2		0
312.028		304.843		2482		2		0
370.832		322.118		2586		2		0
373.276		334.915		2658		1		0
227.905		264.838		2485		2		0
114.305		243.768		2315		2		0
121.901		252.602		2366		2		0
237.572		232.287		2409		2		0
242.923		232.764		2387		2		0
Frame 48
259.419		310.08		2590		2		0
233.664		286.183		0		2		0
206.626		261.196		2468		2		0
194.593		251.6		2356		2		0
193.172		286.709		2501		2		0
156.709		287.802		2421		2		0
121.824		278.338		2320		2		0
114.922		276.143		2307		2		0
226.489		269.805		2335		1		0
251.441		289.944		0		2		0
226.555		258.755		0		1		0
220.25		254.006		2369		2		0
251.491		317.387		2610		2		0
301.53		326.724		2429		2		0
331.173		300.215		2584		1		0
325.023		308.751		2454		2		0
267.393		302.733		2588		2		0
312.64		307.591		2458		2		0
360.533		311.47		2568		2		0
362.832		323.435		2843		2		0
213.516		267.551		2502		2		0
100.497		268.31		2261		2		0
109.665		276.661		0		2		0
218.998		244.502		2407		2		0
222.4		245.4		2381		2		0
Frame 49
253.498		296.888		2606		2		0
231.073		282.875		2544		2		0
206.031		264.636		2487		2		0
182.887		261.447		2378		2		0
192.589		290.1		2516		1		0
149.86		302.133		2424		2		0
113.426		298.098		2303		2		0
104.016		297.888		2261		2		0
213.898		270.652		2443		2		0
229.96		302.725		2397		2		0
210.44		271.014		2448		1		0
212.107		269.682		2445		1		0
249.389		304.169		2609		2		0
292.606		324.21		2404		1		0
318.73		298.394		2478		1		0
321.999		308.231		2512		2		0
257.692		289.457		2606		2		0
306.467		298.272		2476		2		0
366.228		303.969		2576		2		0
370.215		316.091		0		1		0
212.856		268.774		2446		2		0
89.8739		295.127		2245		2		0
97.3053		300.202		2323		2		0
206.06		270.283		2470		1		0
Frame 50
251.304		297.44		2602		2		0
217.733		289.625		2535		2		0
183.291		281.123		2514		2		0
163.778		271.183		2378		2		0
170.314		306.052		0		1		0
135.561		318.953		2397		2		0
96.6349		324.852		2327		2		0
85.5657		327.194		2347		2		0
201.747		278.978		2445		2		0
209.686		313.127		2384		2		0
192.361		279.983		2478		1		0
190.224		274.099		2506		1		0
248.082		304.735		2607		2		0
292.58		323.35		2428		1		0
320.157		298.016		2525		1		0
316.478		309.866		2608		2		0
253.743		290.111		2599		2		0
304.996		297.443		2478		2		0
363.762		292.094		2574		2		0
376.199		299.066		2534		2		0
192.1		283.292		2480		2		0
74.3321		330.666		2353		2		0
93.1661		330.335		2400		2		0
180.001		262.667		0		2		0
175.004		276.828		2424		2		0
Frame 51
241.849		299.064		2608		2		0
207.755		295.803		2534		2		0
171.841		292.423		2507		2		0
152.186		280.718		2394		2		0
159.276		309.544		2562		2		0
124.234		322.461		2568		1		0
166.88		323.904		2319		2		0
180.627		320.371		2324		2		0
189.448		285.825		2455		2		0
197.832		318.877		2366		2		0
180.125		286.01		2497		1		0
182.491		281.569		2487		1		0
238.876		305.491		2604		2		0
273.145		313.381		2544		2		0
296.231		288.073		2487		1		0
301.907		298.727		2599		2		0
244.833		292.612		2598		2		0
298.882		281.584		2522		2		0
364.788		282.699		2539		2		0
375.251		287.445		2493		2		0
180.998		293.283		2507		2		0
188.455		318.379		2334		2		0
179.665		317.411		2334		2		0
163.668		281.666		2437		2		0
175.188		287.261		2546		2		0
Frame 52
234.732		303.432		2601		2		0
199.875		302.208		2528		2		0
163.926		300.972		2517		2		0
142.444		290.998		2411		2		0
151.556		317.872		2578		1		0
156.48		298.888		2460		2		0
197.487		305.73		2509		1		0
211.578		308.089		2549		2		0
181.37		294.51		2461		1		0
186.243		327.532		2353		2		0
169.532		291.562		2521		1		0
172.958		287.746		2503		1		0
233.015		309.539		2600		2		0
272.591		313.187		2518		2		0
322.203		288.088		2658		2		0
329.319		298.989		3355		1		0
236.465		297.271		2599		2		0
291.818		283.781		2485		2		0
358.929		268.177		2510		2		0
369.254		271.689		2458		2		0
173.016		301.287		2470		2		0
219.256		306.145		2569		1		0
210.678		305.101		2582		1		0
153		286.001		2451		2		0
165.675		293.415		2563		1		0
Frame 53
227.587		303.465		2594		2		0
191.79		304.86		2546		2		0
155.275		306.273		2533		2		0
132.784		299.351		2425		2		0
143.156		322.937		2535		1		0
147.492		304.439		2486		1		0
187.978		311.392		2507		1		0
201.897		313.78		2544		2		0
171.685		296.665		2492		2		0
184.187		327.888		2383		2		0
164.798		296.511		2505		1		0
168.928		297.139		2484		1		0
225.833		308.84		2593		2		0
281.051		319.452		2397		2		0
329.839		293.867		0		1		0
333.462		284.08		2634		2		0
229.334		298.113		2585		2		0
283.107		283.432		2471		2		0
333.823		253.997		2535		2		0
348.854		252.869		2483		2		0
164.465		305.924		2511		2		0
209.567		311.824		2568		1		0
200.984		310.825		2573		1		0
166.501		291.124		2528		2		0
164.996		302.44		2504		2		0
Frame 54
227.923		304.361		2563		2		0
190.802		306.387		2552		2		0
151.243		309.182		2553		2		0
128.452		306.941		2453		2		0
139.286		325.671		2514		1		0
143.334		307.487		2524		1		0
183.431		314.485		2474		1		0
197.22		316.883		2567		1		0
170.06		297.293		2492		2		0
182.465		328.506		2389		1		0
163.113		297.165		2494		1		0
166.505		297.465		2488		1		0
226.267		310.075		2584		2		0
272.879		317.095		2402		2		0
322.288		291.676		0		1		0
324.936		281.517		2655		1		0
229.584		298.728		2569		2		0
271.707		280.225		2459		2		0
322.551		243.62		2530		2		0
335.588		238.599		2465		2		0
161.378		308.451		2527		2		0
204.86		314.928		2578		1		0
196.305		313.955		2570		1		0
162.668		291.11		2523		2		0
162.578		303.161		2498		2		0
Frame 55
225.47		305.474		2568		2		0
187.874		310.565		2533		2		0
149.861		316.794		2535		2		0
127.174		314.375		2472		1		0
137.88		333.245		2503		1		0
141.837		315.426		2506		1		0
182.185		322.703		2517		1		0
196.072		325.195		2566		1		0
164.895		291.891		2508		2		0
178.175		323.368		2382		2		0
158.52		292.443		2516		1		0
163.424		294.852		2492		1		0
222.862		313.21		2607		2		0
271.272		317.26		2382		2		0
320.855		291.797		0		1		0
323.499		281.628		0		1		0
227.567		298.555		2562		2		0
274.083		276.088		2417		2		0
313.729		233.064		2507		2		0
322.228		228.818		2444		2		0
159.363		315.134		2556		2		0
203.775		323.192		2574		1		0
195.145		322.26		2558		1		0
160.003		289.248		2528		2		0
159.723		300.452		2499		2		0
Frame 56
224.47		305.344		2583		2		0
185.549		307.841		2561		2		0
146.12		308.483		2558		2		0
123.226		304.912		2501		2		0
134.298		324.907		2520		1		0
92.2752		330.446		2320		2		0
144.168		319.205		2537		1		0
159.364		314.215		2540		2		0
163.38		291.157		2499		2		0
175.416		321.72		2432		1		0
155.802		290.849		2526		1		0
160.706		292.966		2494		1		0
222.223		312.786		2604		2		0
266.117		315.798		2390		2		0
316.236		290.365		0		1		0
315.413		277.829		0		2		0
226.421		298.484		2572		2		0
271.561		276.926		2378		2		0
313.475		232.557		2457		1		0
310.823		224.455		2446		2		0
155.785		308.078		2579		2		0
162.99		311.654		2446		2		0
160.295		304.002		2468		2		0
156.89		287.332		2535		2		0
157.107		298.887		2494		2		0
Frame 57
226.46		304.924		2586		2		0
185.975		306.923		2573		2		0
145.736		307.519		2555		2		0
123.337		304.318		2482		2		0
133.935		323.935		2530		1		0
91.913		329.369		2335		1		0
143.802		318.189		2563		1		0
158.361		311.951		2520		2		0
163.094		290.938		2508		2		0
175.178		321.493		2547		1		0
155.559		290.616		2518		1		0
159.988		292.57		2493		1		0
224.723		312.316		2593		2		0
266.616		312.089		2381		2		0
317.014		286.794		0		1		0
315.598		274.379		4300		1		0
228.503		297.756		2580		2		0
257.07		285.516		2364		2		0
298.083		241.224		2481		1		0
305.589		227.806		2436		2		0
155.711		307.389		2580		2		0
162.114		308.362		2410		2		0
157.5		304.338		2488		2		0
156.82		286.362		2535		2		0
155.496		298.371		2501		2		0
Frame 58
227.282		305.478		2585		2		0
186.196		306.541		2587		2		0
145.782		307.13		2554		2		0
123.495		303.402		2476		2		0
133.952		323.915		2544		1		0
89.3892		331.183		2343		2		0
140.87		319.781		2584		1		0
153.238		313.783		2563		2		0
163.096		290.956		2507		2		0
175.185		321.508		2558		1		0
155.558		290.618		2513		1		0
159.852		292.98		2498		1		0
225.269		313.335		2594		2		0
264.863		311.778		2370		2		0
315.752		286.326		0		1		0
314.077		273.99		4359		1		0
229.333		297.75		2511		2		0
256.079		285.105		2331		2		0
297.373		240.558		2462		1		0
303.591		228.299		2422		2		0
155.783		307.074		2579		2		0
158.994		310.428		2472		2		0
157.323		305.852		2493		2		0
156.102		287.199		2533		2		0
155.936		298.612		2505		2		0
Frame 59
223.103		306.96		2586		2		0
184.499		305.786		2597		2		0
143.875		304.752		2559		2		0
122.461		301.339		2480		2		0
132.412		322.458		2557		1		0
87.3683		329.898		2447		1		0
138.911		318.433		2575		1		0
152.771		313.625		2552		2		0
161.3		290.135		2519		2		0
173.37		320.52		2530		1		0
153.817		289.74		2538		1		0
158.851		292.31		2510		1		0
220.669		316.487		2593		2		0
264.689		311.816		2376		2		0
315.68		286.316		0		1		0
314.003		273.937		4314		1		0
226.337		297.474		2465		2		0
252.207		291.987		2316		2		0
294.09		246.68		2457		1		0
295.89		256.942		2662		2		0
154.163		305.239		2577		2		0
158.363		310.031		2504		2		0
157.345		305.187		2506		2		0
155.376		286.999		2548		2		0
153		290.998		2542		2		0
Frame 60
223.449		304.14		2525		2		0
183.942		305.022		2604		2		0
143.456		304.927		2561		2		0
121.473		301.181		2479		2		0
131.848		322.696		2552		1		0
86.639		330.275		2449		1		0
133.169		335.107		2465		2		0
152.34		333.496		2367		2		0
159.646		289.561		2532		2		0
162.86		327.927		2390		2		0
164.257		291.821		2533		2		0
161.988		293.305		2509		1		0
222.687		314.803		2584		2		0
263.09		308.408		2396		1		0
313.827		283.365		0		1		0
316.665		272.465		4285		1		0
224.209		293.535		2445		2		0
251.048		299.126		2305		2		0
294.034		247.628		2430		2		0
297.23		258.074		2550		2		0
153.898		305.246		2579		2		0
160.858		341.71		2229		2		0
154.73		324.466		2374		2		0
158.292		283.998		2583		2		0
152.245		296.793		2545		2		0
Frame 61
222.838		302.898		2454		2		0
183.16		304.25		2607		2		0
142.368		305.136		2561		2		0
121.401		301.265		2478		2		0
130.711		322.911		2563		1		0
112.899		312.981		2468		1		0
154.413		333.721		2383		2		0
168.861		339.904		2234		2		0
159.9		288.854		2556		2		0
163.71		327.373		2397		1		0
165.064		291.455		2559		1		0
161.963		292.887		2532		1		0
222.287		313.914		2580		2		0
259.31		325.455		2344		2		0
311.291		298.55		2896		1		0
309.565		286.234		0		1		0
223.203		291.734		2460		2		0
250.193		297.879		2325		2		0
294.397		263.363		2442		2		0
301.042		254.703		2409		2		0
152.727		305.133		2583		2		0
181.002		341.536		2234		2		0
175.992		333.149		2346		2		0
157.768		284.596		2582		2		0
154.475		295.512		2524		2		0
Frame 62
222.823		302.773		2432		2		0
183.031		304.243		2612		2		0
141.472		305.482		2556		2		0
121.159		301.547		2483		2		0
129.81		323.257		2550		1		0
112.785		313.072		2463		1		0
156.015		331.273		2386		2		0
171.101		339.121		2244		2		0
159.754		289.12		2552		2		0
163.75		327.634		2400		1		0
165.755		291.994		2563		2		0
162.518		293.416		2536		1		0
222.256		313.455		2507		2		0
249.063		318.655		2301		2		0
307.979		312.041		2666		1		0
306.204		299.641		2891		1		0
223.211		291.746		2481		2		0
244.145		313.53		2293		1		0
291.724		276.081		2426		2		0
302.198		270.879		2394		2		0
152.068		305.289		2576		2		0
182.884		341.114		2236		2		0
175.148		331.555		2353		2		0
158.424		284.463		2592		2		0
153.91		296.272		2524		2		0
Frame 63
221.343		305.296		2433		2		0
182.123		305.315		2599		2		0
140.971		305.748		2553		2		0
120.827		302		2498		2		0
129.308		323.525		2545		1		0
112.615		313.237		2456		1		0
157.005		329.15		2383		2		0
172.237		338.762		2240		2		0
158.786		289.765		2548		2		0
163.038		328.34		2400		1		0
165.446		292.649		2555		1		0
162.465		293.935		2529		1		0
219.982		317.235		2563		2		0
239.666		309.789		2351		2		0
299.02		314.085		2584		1		0
299.183		301.038		2847		1		0
222.352		293.722		2478		2		0
248.985		306.808		2367		2		0
297.002		286.845		2414		2		0
307.598		285.427		2369		2		0
151.467		305.671		2579		2		0
183.954		340.424		2231		2		0
179.706		331.069		2317		2		0
157.677		284.3		2583		2		0
153.605		297.394		2511		2		0
Frame 64
220.963		305.857		2431		2		0
181.741		305.935		2589		2		0
140.68		306.142		2552		2		0
120.419		303.012		2507		2		0
129.016		323.919		2546		1		0
112.464		313.634		2463		1		0
157.6		328.56		2389		2		0
174.052		337.996		2244		2		0
157.645		292.563		2526		2		0
162.015		331.732		2407		1		0
164.797		295.683		2529		1		0
161.873		296.251		2516		1		0
219.064		317.321		2478		2		0
239.923		320.465		2296		2		0
302.467		306.596		2392		2		0
306.183		319.187		2550		2		0
222.284		295.21		2457		2		0
259.197		313.244		2331		2		0
294.94		291.393		2589		2		0
301.767		296.482		2490		2		0
151.143		306.116		2586		2		0
185.251		339.845		2234		2		0
178.655		330.294		2348		2		0
157.292		285.069		2574		2		0
153.227		299.71		2509		2		0
Frame 65
221.449		305.978		2412		2		0
182.512		306.396		2573		2		0
142.296		307.227		2561		2		0
120.776		303.803		2512		2		0
131.589		324.85		2545		1		0
115.888		314.834		2470		1		0
161.891		328.26		2392		2		0
178.554		337.477		2245		2		0
157.727		292.342		2523		2		0
162.122		331.493		2399		1		0
164.927		295.46		2527		1		0
162.063		296.232		2511		1		0
219.572		317.112		2463		2		0
240.26		320.765		2291		1		0
300.997		327.543		2379		2		0
304.69		340.842		2268		2		0
223.176		295.53		2453		2		0
256.423		318.862		2313		2		0
291.446		296.739		0		1		0
298.201		302.096		2616		1		0
152.476		307.001		2573		2		0
190.041		339.636		2244		2		0
188.991		331.796		2295		2		0
157.808		285.664		2576		2		0
151.53		301.731		2523		2		0
Frame 66
222.887		306.598		2407		2		0
183.311		307.053		2585		2		0
142.777		307.749		2567		2		0
120.997		304.536		2506		2		0
132.273		325.056		2550		1		0
156.044		331.061		2379		1		0
184.529		336.689		2239		2		0
185.807		337.869		2237		2		0
157.833		292.168		2521		2		0
162.253		331.317		2391		1		0
165.078		295.288		2527		1		0
162.126		295.934		2513		1		0
221.26		317.42		2526		2		0
241.163		321.04		2281		1		0
301.284		328.985		2381		1		0
304.607		342.342		2290		1		0
224.394		295.974		2443		2		0
257.932		320.763		2299		2		0
288.707		318.619		2603		2		0
294.769		323.219		2505		2		0
152.997		307.541		2572		2		0
196.39		339.868		2249		2		0
192.514		332.61		2305		2		0
157.507		285.298		2578		2		0
151.535		301.354		2522		2		0
Frame 67
223.959		306.13		2414		2		0
184.131		307.287		2567		2		0
143.362		308.201		2559		2		0
121.449		305.041		2505		2		0
132.905		325.14		2541		1		0
117.24		315.114		2453		1		0
161.555		329.928		2385		2		0
177.307		339.106		2236		2		0
157.988		292.083		2516		2		0
162.435		331.246		2388		1		0
165.275		295.207		2522		1		0
161.979		295.585		2506		1		0
222.718		316.858		2554		2		0
242.086		321.412		2272		2		0
307.518		326.191		2385		2		0
310.641		339.16		2362		1		0
225.23		295.491		2435		2		0
260.695		321.627		2285		2		0
312.437		324.868		2398		2		0
315.691		337.707		2347		1		0
153.581		307.938		2530		2		0
189.182		339.723		2239		2		0
177.782		331.302		2369		2		0
158.011		285.212		2571		2		0
151.173		301.528		2510		2		0
Frame 68
224.939		306.263		2435		2		0
184.652		307.497		2557		2		0
143.585		308.444		2556		2		0
124.765		314.406		2475		2		0
133.161		325.205		2533		1		0
117.518		315.184		2456		1		0
162.295		329.436		2384		2		0
178.06		339.376		2235		2		0
159.037		294.544		2509		2		0
163.636		334.21		2388		1		0
166.49		297.747		2512		1		0
163.754		298.313		2495		1		0
223.975		316.712		2547		2		0
246.443		322.172		2266		1		0
307.538		325.983		2373		2		0
323.936		326.597		2344		2		0
225.949		295.838		2442		2		0
262.793		321.854		2283		2		0
308.17		321.427		2394		1		0
321.425		324.812		2358		2		0
153.837		308.164		2526		2		0
190.001		340.328		2233		2		0
187.503		333.374		2271		2		0
158.599		287.586		2552		2		0
154.449		302.604		2488		2		0
Frame 69
228.044		305.754		2401		2		0
186.338		307.35		2547		2		0
144.051		308.563		2551		2		0
124.916		314.397		2469		2		0
133.497		325.16		2522		1		0
155.375		331.955		2375		1		0
182.953		338.259		2227		2		0
180.412		340.099		2226		2		0
159.289		295.19		2496		2		0
163.921		334.979		2376		1		0
166.767		298.413		2499		1		0
163.798		298.666		2490		1		0
227.383		315.577		2477		2		0
257.986		316.38		2290		2		0
311.777		322.397		2382		2		0
328.059		325.523		2341		2		0
228.875		295.981		2437		2		0
267.034		324.409		2281		1		0
320.421		325.473		2367		1		0
328.456		324.242		2345		2		0
154.594		308.281		2495		2		0
191.055		340.758		2232		2		0
187.485		334.427		2264		2		0
159.006		287.082		2549		2		0
153.495		304.906		2489		2		0
Frame 70
227.961		305.66		2433		2		0
186.538		307.331		2533		2		0
144.678		308.787		2553		2		0
125.161		314.394		2467		2		0
133.755		325.158		2512		1		0
155.859		332.016		2369		1		0
183.361		338.388		2232		2		0
181.995		340.6		2219		2		0
159.4		295.518		2491		2		0
164.048		335.381		2375		1		0
166.894		298.753		2488		1		0
163.854		298.488		2480		1		0
227.282		315.262		2497		2		0
258.227		316.339		2296		2		0
314.123		320.421		2398		2		0
330.308		321.101		2359		2		0
228.767		295.962		2446		2		0
267.569		324.227		2278		1		0
311.965		313.13		2445		2		0
325.845		320.696		2376		2		0
155.145		308.436		2474		2		0
194.231		341.27		2233		2		0
193.328		334.331		2368		2		0
160.54		286.821		2563		2		0
153.109		304.611		2487		2		0
Frame 71
228.474		305.187		2433		2		0
187.086		307.192		2521		2		0
145.1		308.998		2557		2		0
125.766		314.508		2465		2		0
133.873		325.161		2495		1		0
156.124		332.127		2367		1		0
184.581		338.623		2243		2		0
183.329		340.84		2223		2		0
159.519		295.813		2483		2		0
164.293		331.791		2371		1		0
167.13		295.535		2508		1		0
164.063		296.634		2487		1		0
228.056		314.441		2497		2		0
258.437		315.94		2315		2		0
315.415		319.725		2419		2		0
331.219		319.787		2380		2		0
228.986		295.814		2456		2		0
260.443		313.537		2337		2		0
321.947		317.422		2411		2		0
333.407		322.456		2377		2		0
155.624		308.572		2483		2		0
195.925		341.075		2233		2		0
195.992		336.982		2314		2		0
160.083		287.07		2543		2		0
153.78		300.866		2482		2		0
Frame 72
228.856		304.931		2446		2		0
187.464		307.15		2515		2		0
145.401		309.169		2539		2		0
126.188		314.69		2459		2		0
133.935		325.156		2485		1		0
156.587		332.206		2374		1		0
185.219		338.746		2251		2		0
184.721		341.029		2221		2		0
159.734		295.986		2482		2		0
164.015		329.34		2378		1		0
165.222		293.666		2509		1		0
163.341		290.586		2522		1		0
228.367		314.054		2525		2		0
259.493		315.423		2323		2		0
316.489		318.467		2441		2		0
331.894		319.677		2403		2		0
229.345		295.746		2460		2		0
260.54		313.512		2335		2		0
323.917		318.625		2428		2		0
335.604		322.671		2393		2		0
155.956		308.697		2479		2		0
197.072		341.143		2227		2		0
197.247		338.747		2251		2		0
165.89		286.283		0		2		0
152.818		292.173		2530		2		0
Frame 73
228.979		304.97		2459		2		0
187.639		307.221		2515		2		0
145.587		309.305		2544		2		0
126.8		315.199		2455		2		0
133.966		325.151		2478		1		0
156.683		332.397		2371		1		0
185.69		338.906		2265		2		0
184.999		341.964		2222		2		0
159.972		296.193		2475		2		0
163.979		329.746		2393		1		0
165.208		293.647		2502		1		0
163.371		290.959		2519		1		0
228.461		314.053		2549		2		0
261.177		323.438		2286		2		0
315.642		319.981		2447		2		0
330.854		321.721		2427		1		0
229.508		295.846		2467		2		0
261.131		321.497		2288		2		0
324.388		319.023		2444		2		0
338.214		329.036		2398		2		0
156.15		308.816		2461		2		0
197		340.47		2235		2		0
193.896		337.991		2275		2		0
162.627		287.397		2571		2		0
153.129		292.207		2523		2		0
Frame 74
229.197		305.115		2465		2		0
187.966		307.61		2516		2		0
145.89		310.122		2533		2		0
127.095		315.851		2457		2		0
134.073		325.567		2475		1		0
156.994		333.217		2369		1		0
186.102		339.567		2263		2		0
185.634		342.238		2224		2		0
160.916		297.609		2471		2		0
164.216		331.813		2370		1		0
165.502		294.262		2495		1		0
164.035		291.42		2514		1		0
228.565		314.08		2549		2		0
261.155		323.411		2285		2		0
308.041		324.425		2414		1		0
310.623		338.085		2346		1		0
229.872		296.197		2471		2		0
261.059		321.474		2290		2		0
323.913		319.425		2458		1		0
337.812		329.273		2406		2		0
156.48		309.51		2457		2		0
195.964		341.152		2233		2		0
193.222		337.658		2300		2		0
165.948		287.499		2563		2		0
152.983		292.342		2553		2		0
Frame 75
229.365		304.992		2466		2		0
188.107		307.634		2513		2		0
145.992		310.329		2533		2		0
127.199		315.854		2461		2		0
134.133		325.714		2468		1		0
157.393		333.499		2369		1		0
186.242		339.864		2305		2		0
186.51		342.004		2234		2		0
161.149		298.024		2465		2		0
164.025		332.605		2366		1		0
165.368		294.124		2496		1		0
163.577		291.611		2510		1		0
228.777		313.801		2552		2		0
262.275		323.599		2285		2		0
309.148		324.494		2412		1		0
311.781		338.207		2348		1		0
229.997		296.17		2462		2		0
260.942		321.449		2295		2		0
323.287		318.312		2477		1		0
326.258		331.611		2415		1		0
156.594		309.663		2456		2		0
195.96		341.432		2228		2		0
197.185		337.863		2301		2		0
166.785		287.371		0		2		0
152.4		293.344		2530		2		0
Frame 76
229.394		304.915		2465		2		0
188.116		307.583		2507		2		0
145.981		310.276		2537		2		0
127.218		315.817		2458		2		0
134.132		325.613		2462		1		0
158.827		333.455		2363		1		0
187.772		340.004		2283		2		0
200.92		339.59		2240		2		0
160.977		297.866		2470		2		0
162.553		332.99		2365		1		0
164.266		292.865		2505		1		0
162.996		291.211		2504		1		0
228.79		313.694		2550		2		0
262.778		323.806		2287		2		0
309.648		324.506		2404		1		0
312.314		338.207		2349		1		0
230.036		296.116		2463		2		0
260.966		321.433		2290		2		0
323.653		321.264		2442		2		0
326.659		334.67		2414		1		0
156.589		309.614		2449		2		0
210.133		340.667		2248		2		0
204.813		334.565		2354		2		0
165.765		287.248		0		2		0
152.878		292.332		2545		2		0
Frame 77
229.278		304.783		2470		2		0
188.066		307.523		2512		2		0
145.963		310.254		2533		2		0
127.216		315.802		2460		2		0
134.133		325.543		2466		1		0
162.772		331.225		2376		1		0
199.1		336.492		2338		2		0
208.38		338.332		2255		2		0
160.849		297.74		2470		2		0
162.239		332.924		2368		1		0
164.016		292.572		2511		1		0
162.977		290.642		2522		1		0
228.644		313.504		2554		2		0
261.712		316.328		2313		2		0
316.828		322.455		2429		1		0
319.676		335.956		2389		1		0
229.842		295.954		2478		2		0
262.115		313.591		2337		2		0
323.944		321.011		2445		1		0
326.97		334.398		2416		1		0
156.566		309.585		2446		2		0
218.611		340.691		2249		2		0
215.384		334.16		2306		2		0
164.897		287.498		2592		2		0
150.997		292.501		0		2		0
Frame 78
229.251		304.776		2465		2		0
188.054		307.515		2516		2		0
145.958		310.239		2534		2		0
127.197		315.849		2449		2		0
134.153		325.475		2465		1		0
162.757		331.18		2373		1		0
198.957		336.368		2338		2		0
208.315		338.236		2254		2		0
160.792		297.684		2471		2		0
176.979		328.756		2424		1		0
172.392		289.298		2566		1		0
169.037		288.885		2572		1		0
228.577		313.488		2551		2		0
262.51		324.009		2285		2		0
316.838		322.437		2433		1		0
319.681		335.931		2394		1		0
229.809		295.961		2484		2		0
261.671		321.454		2292		2		0
320.656		317.061		2488		2		0
323.529		330.061		2428		1		0
156.558		309.574		2449		2		0
218.403		340.796		2251		2		0
214.804		333.362		2314		2		0
163.022		287.997		0		2		0
157.799		289.599		2527		2		0
Frame 79
229.19		304.74		2462		2		0
188.011		307.592		2515		2		0
145.914		310.62		2537		2		0
127.158		315.89		2456		2		0
134.157		325.495		2471		1		0
162.752		331.194		2374		1		0
197.858		337.101		2287		2		0
208.081		338.172		2254		2		0
160.689		297.617		2475		2		0
177.463		328.384		2437		1		0
172.482		288.83		2583		1		0
168.535		288.798		2564		1		0
228.502		313.477		2545		2		0
248.219		312.865		2347		2		0
312.035		321.668		2416		1		0
314.817		335.18		2383		1		0
229.728		295.902		2477		2		0
261.67		321.473		2295		2		0
320.625		317.085		2479		1		0
323.557		330.08		2424		1		0
156.513		309.853		2452		2		0
218.729		340.631		2252		2		0
214.131		332.648		2342		2		0
163.022		287.663		0		2		0
158.042		289.585		2528		2		0
Frame 80
229.243		304.663		2460		2		0
188.026		307.599		2518		2		0
145.911		310.708		2539		2		0
127.196		315.902		2456		2		0
134.171		325.468		2465		1		0
162.739		331.174		2374		1		0
199.813		334.337		2368		2		0
208.77		338.244		2250		2		0
160.609		297.57		2474		2		0
177.707		328.146		2443		1		0
172.528		288.595		2577		1		0
168.692		288.813		2570		1		0
228.579		313.403		2540		2		0
248.23		312.865		2343		1		0
311.978		321.011		2412		2		0
322.245		317.075		2476		2		0
229.775		295.84		2475		2		0
261.669		321.496		2293		2		0
324.653		320.563		2442		2		0
327.773		333.93		2425		1		0
156.518		309.915		2453		2		0
219.503		340.787		2253		2		0
216.233		333.979		2328		2		0
161.789		287.995		3732		2		0
157.772		289.693		2532		2		0
Frame 81
229.17		304.757		2453		2		0
187.967		307.735		2523		2		0
145.863		310.855		2542		2		0
127.176		315.934		2463		2		0
134.17		325.447		2470		1		0
162.71		331.157		2370		1		0
189.251		336.179		2353		2		0
206.907		338.159		2253		2		0
160.537		297.526		2473		2		0
177.858		327.956		2444		1		0
172.552		288.431		2586		1		0
169.546		288.256		2581		1		0
228.474		313.57		2536		2		0
248.26		312.863		2341		1		0
311.898		320.621		2409		1		0
322.363		316.96		2490		2		0
229.712		295.943		2477		2		0
261.617		321.54		2299		2		0
324.838		320.623		2440		1		0
327.981		334.003		2412		1		0
156.467		310.066		2457		2		0
217.73		340.631		2249		2		0
212.865		332.543		2332		2		0
163.435		287.627		0		2		0
158.499		289		2535		2		0
Frame 82
229.147		304.749		2457		2		0
187.951		307.699		2519		2		0
145.863		310.671		2533		2		0
127.187		315.847		2455		2		0
134.22		325.136		2479		1		0
162.642		330.951		2382		1		0
170.814		307.55		2465		1		0
182.852		312.533		2500		2		0
160.486		297.484		2479		2		0
178.517		327.602		2481		1		0
171.937		286.704		0		1		0
167.601		287.869		2587		1		0
228.447		313.551		2539		2		0
256.618		313.966		2336		2		0
314.457		320.689		2437		2		0
324.043		316.476		2499		2		0
229.68		295.942		2476		2		0
261.667		314.645		2327		2		0
323.796		320.329		2442		2		0
326.859		333.708		2417		1		0
156.455		309.938		2457		2		0
193.364		314.734		2535		1		0
189.34		307.562		2525		1		0
159.001		288		2551		2		0
158.5		288		2547		2		0
Frame 83
229.058		304.962		2451		2		0
187.911		307.716		2521		2		0
145.845		310.476		2543		2		0
127.211		315.705		2459		2		0
134.233		325.038		2482		1		0
118.688		314.986		2451		1		0
155.565		308.354		2464		1		0
166.305		311.513		2436		2		0
160.4		297.42		2481		2		0
178.625		327.414		2481		1		0
171.733		286.25		0		1		0
168.355		287		0		1		0
228.347		313.836		2546		2		0
262.036		324.169		2287		2		0
308.371		322.031		2407		1		0
310.985		335.565		2384		1		0
229.605		296.171		2472		2		0
261.572		321.397		2298		2		0
323.926		320.249		2449		1		0
326.929		333.567		2417		1		0
156.425		309.821		2454		2		0
178.272		314.843		2495		2		0
174.879		303.064		2522		2		0
164		287		2572		2		0
163		287		2556		2		0
Frame 84
229.167		304.435		2464		2		0
187.952		307.383		2522		2		0
145.841		310.285		2542		2		0
127.165		315.556		2464		2		0
134.242		324.993		2475		1		0
118.699		314.939		2454		1		0
155.557		308.75		2465		1		0
166.334		311.578		2435		2		0
160.32		297.383		2482		2		0
178.641		327.298		2487		1		0
171.608		286.034		0		1		0
170.51		287		2593		1		0
228.62		312.956		2524		2		0
276.258		331.246		2347		2		0
320.515		316.091		2500		1		0
331.443		322.041		2427		1		0
229.656		295.845		2476		2		0
261.768		313.913		2347		2		0
323.389		319.838		2458		2		0
326.414		333.144		2420		1		0
156.433		309.589		2460		2		0
178.191		314.846		2495		2		0
173.559		302.112		2525		2		0
164.5		287		2590		2		0
164		287		2590		2		0
Frame 85
229.235		304.439		2459		2		0
187.967		307.371		2516		2		0
145.834		310.248		2538		2		0
127.179		315.567		2463		2		0
134.242		324.992		2474		1		0
118.7		314.937		2453		1		0
155.581		308.812		2462		1		0
166.271		311.579		2437		2		0
160.313		297.39		2477		2		0
178.676		327.272		2482		1		0
171.597		285.987		3746		1		0
168.317		287		2593		1		0
228.678		312.961		2523		2		0
276.253		331.291		2347		1		0
320.523		316.193		2490		1		0
324.488		315.903		2527		2		0
229.752		295.862		2474		2		0
261.762		313.901		2338		2		0
323.435		319.801		2452		1		0
326.454		333.106		2414		1		0
156.434		309.559		2457		2		0
178.288		315.436		2492		2		0
173.005		302.335		2522		2		0
163		287		2576		2		0
164		287		2558		2		0
Frame 86
229.293		304.468		2459		2		0
187.983		307.352		2520		2		0
145.819		310.171		2537		2		0
127.186		315.575		2460		2		0
134.243		324.984		2477		1		0
118.7		314.929		2453		1		0
155.596		308.829		2463		1		0
166.334		311.573		2437		2		0
160.305		297.392		2481		2		0
178.706		327.244		2480		1		0
171.583		285.939		3739		1		0
168.715		287		2581		1		0
228.734		313.008		2545		2		0
276.224		331.37		2348		1		0
320.627		317.149		2477		1		0
323.564		330.375		2422		1		0
229.824		295.889		2480		2		0
261.753		313.885		2341		2		0
323.402		319.764		2451		2		0
326.413		333.064		2413		1		0
156.43		309.499		2459		2		0
178.252		315.148		2492		2		0
173.17		302.388		2523		2		0
165.003		287		2572		2		0
164.139		287.022		2571		2		0
Frame 87
229.186		304.579		2455		2		0
187.949		307.363		2520		2		0
145.812		310.139		2536		2		0
127.182		315.573		2465		2		0
134.243		324.983		2478		1		0
118.702		314.928		2453		1		0
155.609		308.868		2459		1		0
166.351		311.596		2435		2		0
160.289		297.394		2480		2		0
178.727		327.212		2482		1		0
171.563		285.891		3763		1		0
170.137		287		2592		1		0
228.566		313.233		2544		2		0
276.113		331.408		2344		1		0
320.534		317.28		2477		2		0
323.46		330.505		2420		1		0
229.738		295.96		2473		2		0
261.467		321.968		2299		2		0
323.778		320.045		2444		1		0
326.788		333.341		2412		1		0
156.417		309.477		2456		2		0
178.253		315.477		2494		2		0
173.962		302.5		2519		2		0
167.003		287		2592		2		0
166		287		2581		2		0
Frame 88
229.198		304.55		2462		2		0
187.954		307.33		2519		2		0
145.808		310.105		2535		2		0
127.18		315.577		2459		2		0
134.245		324.981		2479		1		0
118.703		314.925		2454		1		0
155.62		308.892		2461		1		0
166.374		311.657		2435		2		0
160.265		297.385		2481		2		0
178.739		327.171		2473		1		0
171.532		285.829		3744		1		0
168.744		287		2591		1		0
228.583		313.229		2540		2		0
276.09		331.436		2343		1		0
320.605		318.344		2462		1		0
323.531		331.584		2420		1		0
229.748		295.887		2479		2		0
261.012		313.855		2337		2		0
322.703		319.669		2453		1		0
325.689		332.964		2417		1		0
156.415		309.44		2453		2		0
178.253		315.477		2495		2		0
173.763		302.285		2523		2		0
163		287		2587		2		0
163.705		287.005		2587		2		0
Frame 89
229.222		304.586		2457		2		0
187.958		307.332		2520		2		0
145.803		310.09		2532		2		0
127.194		315.583		2460		2		0
134.245		324.98		2474		1		0
118.704		314.925		2446		1		0
155.631		308.922		2459		1		0
166.325		311.623		2433		2		0
160.258		297.382		2478		2		0
178.681		327.177		2472		1		0
171.413		285.69		3766		1		0
170.008		287		2576		1		0
228.608		313.3		2543		2		0
276.058		331.455		2342		1		0
320.564		318.355		2460		2		0
323.487		331.593		2419		1		0
229.781		295.91		2474		2		0
261.069		313.842		2338		2		0
322.768		319.711		2447		1		0
325.754		333.007		2414		1		0
156.413		309.43		2454		2		0
178.253		315.477		2493		2		0
174.286		302.778		2524		2		0
166.501		287		2573		2		0
166		287		2573		2		0
Frame 90
229.295		304.869		2461		2		0
187.976		307.38		2521		2		0
145.805		310.064		2534		2		0
127.194		315.583		2459		2		0
134.248		324.978		2477		1		0
118.707		314.922		2470		1		0
155.639		308.935		2462		1		0
166.419		311.625		2436		2		0
160.242		297.367		2479		2		0
178.634		327.161		2480		1		0
171.312		285.563		3782		1		0
171.504		287		2562		1		0
228.658		313.721		2541		2		0
276.091		331.468		2342		1		0
320.545		318.903		2462		1		0
326.581		316.262		2515		2		0
229.876		296.094		2471		2		0
261.112		321.622		2294		2		0
323.471		319.986		2456		1		0
326.459		333.27		2417		1		0
156.417		309.419		2456		2		0
178.253		315.144		2495		2		0
173.812		302.432		2521		2		0
171.003		287		2562		2		0
170.661		287.967		2581		1		0
Frame 91
229.273		304.851		2458		2		0
187.972		307.376		2523		2		0
145.805		310.058		2539		2		0
127.203		315.585		2464		2		0
134.249		324.978		2479		1		0
118.708		314.922		2440		1		0
155.647		308.96		2461		1		0
166.332		311.652		2435		2		0
160.235		297.366		2481		2		0
178.595		327.167		2475		1		0
171.25		285.5		3761		1		0
166.801		287		2585		1		0
228.612		313.653		2540		2		0
276.207		331.516		2345		1		0
320.357		318.242		2461		1		0
326.44		316.252		2513		2		0
229.858		296.086		2473		2		0
261.71		313.885		2340		2		0
323.271		319.679		2452		2		0
326.253		332.961		2419		1		0
156.415		309.413		2456		2		0
178.252		315.147		2494		2		0
171.335		300.667		2522		2		0
164		287		2577		2		0
163.078		289.058		2553		1		0
Frame 92
229.225		304.869		2456		2		0
187.966		307.378		2523		2		0
145.824		310.038		2539		2		0
127.24		315.598		2464		2		0
134.257		324.975		2486		1		0
118.717		314.919		2450		1		0
155.659		308.97		2460		1		0
166.326		311.605		2435		2		0
160.204		297.354		2484		2		0
188.867		317.382		2538		1		0
180.354		284.233		0		1		0
176.017		274.487		0		1		0
228.518		313.702		2546		2		0
276.302		331.557		2343		1		0
320.444		317.301		2475		1		0
326.692		316.761		2514		2		0
229.81		296.107		2475		2		0
261.044		321.894		2295		2		0
323.526		320.028		2445		1		0
326.504		333.313		2413		1		0
156.423		309.4		2457		2		0
178.252		315.144		2496		2		0
173.243		301.955		2523		2		0
173.279		274.467		4060		1		0
172.427		276.415		0		1		0
Frame 93
229.333		304.684		2458		2		0
187.977		307.378		2523		2		0
145.786		310.186		2540		2		0
127.218		315.656		2464		2		0
134.199		325.187		2492		1		0
118.646		315.147		2453		1		0
155.659		309.341		2462		1		0
166.462		312.394		2431		2		0
160.344		297.984		2483		2		0
203.027		289.029		2590		2		0
235.828		283.163		2533		2		0
240.695		287.206		2505		1		0
228.739		313.289		2538		2		0
276.269		331.548		2342		1		0
320.255		318.17		2461		1		0
326.569		316.218		2510		2		0
229.876		296.03		2474		2		0
261.666		313.623		2345		2		0
323.36		319.679		2454		1		0
326.348		333.023		2419		1		0
156.41		309.482		2453		2		0
178.135		316.004		2495		2		0
174.254		303.668		2527		2		0
248.292		291.571		2516		2		0
242.99		284.051		2551		2		0
Frame 94
229.391		304.533		2462		2		0
188.001		307.316		2527		2		0
145.79		310.157		2542		2		0
127.227		315.655		2459		2		0
134.202		325.173		2492		1		0
118.65		315.132		2443		1		0
155.671		309.333		2466		1		0
166.483		312.427		2439		2		0
160.296		297.904		2481		2		0
203.06		289.125		2593		2		0
235.868		283.26		2536		1		0
240.67		287.029		2507		1		0
228.826		313.118		2541		2		0
276.246		331.543		2344		1		0
320.238		318.172		2462		1		0
326.104		316.057		2516		2		0
229.919		295.902		2477		2		0
261.665		313.624		2349		2		0
323.366		319.693		2453		2		0
326.366		333.028		2417		1		0
156.418		309.448		2456		2		0
178.139		315.842		2496		2		0
174.421		303.668		2527		2		0
248.955		291.737		2520		2		0
243.576		284.302		2561		2		0
Frame 95
229.412		304.837		2455		2		0
187.999		307.375		2522		2		0
145.778		310.142		2539		2		0
127.212		315.663		2465		2		0
134.2		325.164		2493		1		0
118.648		315.123		2453		1		0
155.677		309.322		2462		1		0
166.549		312.36		2433		2		0
160.243		297.847		2481		2		0
203.008		289.161		2587		2		0
235.816		283.296		2538		1		0
240.796		287.226		2502		1		0
228.794		313.632		2540		2		0
276.177		331.528		2342		1		0
320.167		318.151		2465		1		0
326.144		316.109		2511		2		0
229.977		296.103		2472		2		0
261.663		313.646		2338		2		0
323.396		319.679		2452		1		0
326.383		333		2416		1		0
156.411		309.446		2451		2		0
178.157		315.719		2497		2		0
174.861		303.858		2523		2		0
248.602		291.197		2510		2		0
242.71		282.71		2589		2		0
Frame 96
229.342		304.824		2461		2		0
187.988		307.372		2522		2		0
145.783		310.128		2540		2		0
127.209		315.66		2464		2		0
134.208		325.153		2492		1		0
118.657		315.111		2436		1		0
155.694		309.318		2463		1		0
166.592		312.34		2434		2		0
160.202		297.789		2481		2		0
203.136		289.171		2591		2		0
235.953		283.305		2536		1		0
240.73		287.297		2508		1		0
228.679		313.638		2542		2		0
276.225		331.553		2345		1		0
320.219		318.173		2464		1		0
325.955		316.053		2508		2		0
229.895		296.07		2470		2		0
261.631		313.646		2343		2		0
324.034		320.859		2449		2		0
327.05		334.265		2411		1		0
156.41		309.437		2454		2		0
178.252		315.671		2497		2		0
174.647		303.659		2527		2		0
249.002		291.749		2519		2		0
242.924		283.543		2578		2		0
Frame 97
229.236		304.667		2452		2		0
187.963		307.34		2521		2		0
145.782		310.124		2540		2		0
127.213		315.657		2459		2		0
134.21		325.148		2486		1		0
118.66		315.105		2444		1		0
155.705		309.314		2460		1		0
166.548		312.345		2434		2		0
160.168		297.729		2481		2		0
203.147		289.166		2588		2		0
235.966		283.299		2531		1		0
240.769		287.258		2511		1		0
228.591		313.429		2538		2		0
276.212		331.553		2339		1		0
320.209		318.172		2462		1		0
325.844		316.036		2512		2		0
229.793		295.955		2474		2		0
261.57		321.971		2297		2		0
325.188		321.746		2432		2		0
328.249		335.195		2403		1		0
156.407		309.431		2455		2		0
178.161		315.557		2496		2		0
174.698		303.711		2525		2		0
249.002		292		2531		2		0
243.813		284.264		2561		2		0
Frame 98
229.185		304.702		2458		2		0
187.947		307.346		2522		2		0
145.781		310.119		2542		2		0
127.199		315.662		2457		2		0
134.213		325.139		2494		1		0
118.663		315.095		2444		1		0
155.714		309.308		2459		1		0
166.495		312.349		2432		2		0
160.138		297.689		2479		2		0
202.725		289.401		2591		2		0
235.56		283.534		2537		1		0
240.96		287.765		2504		1		0
228.514		313.506		2542		2		0
276.271		331.581		2339		1		0
320.357		317.931		2478		2		0
332.107		323.651		2417		2		0
229.755		295.975		2474		2		0
261.904		313.966		2346		2		0
324.719		321.795		2432		2		0
327.767		335.265		2404		1		0
156.404		309.429		2449		2		0
178.193		315.839		2492		2		0
174.011		303.114		2524		2		0
248.878		292.123		2493		2		0
243.242		283.744		2594		2		0
Frame 99
229.127		304.829		2456		2		0
187.932		307.37		2523		2		0
145.788		310.097		2543		2		0
127.199		315.655		2464		2		0
134.221		325.121		2494		1		0
118.674		315.076		2451		1		0
155.731		309.3		2460		1		0
166.55		312.394		2436		2		0
160.118		297.66		2482		2		0
202.777		289.446		2591		2		0
236.392		296.15		2444		2		0
244.083		300.021		2416		1		0
228.44		313.7		2543		2		0
276.304		331.599		2347		1		0
320.372		317.826		2470		1		0
323.257		331.019		2419		1		0
229.709		296.081		2466		2		0
261.846		313.943		2343		2		0
324.824		321.8		2439		2		0
327.865		335.275		2406		1		0
156.404		309.421		2454		2		0
178.157		315.719		2494		2		0
173.722		302.94		2529		2		0
250.432		304.336		2396		2		0
247.486		295.086		2461		2		0
Frame 100
229.186		304.753		2450		2		0
187.941		307.351		2523		2		0
145.784		310.089		2537		2		0
127.208		315.659		2456		2		0
134.221		325.114		2492		1		0
118.674		315.069		2448		1		0
155.737		309.293		2462		1		0
166.583		311.749		2436		2		0
160.105		297.644		2483		2		0
202.765		289.475		2591		2		0
236.333		296.15		2448		1		0
243.938		299.955		2423		1		0
228.559		313.51		2540		2		0
276.281		331.595		2335		1		0
320.351		317.687		2473		1		0
323.239		330.876		2417		1		0
229.777		296.028		2473		2		0
261.786		313.917		2337		2		0
324.844		321.811		2433		1		0
327.891		335.292		2404		1		0
156.402		309.412		2455		2		0
178.219		315.707		2496		2		0
172.703		301.4		2526		2		0
250.408		304.425		2395		2		0
247.453		294.919		2468		2		0
Frame 101
229.163		304.761		2454		2		0
187.933		307.351		2521		2		0
145.788		310.07		2538		2		0
127.253		315.663		2459		2		0
134.227		325.102		2497		1		0
118.681		315.056		2448		1		0
155.75		309.287		2461		1		0
166.567		311.767		2438		2		0
160.079		297.613		2483		2		0
202.87		289.46		2591		2		0
236.375		296.098		2444		1		0
243.795		299.983		2427		1		0
228.533		313.525		2543		2		0
276.281		331.6		2339		1		0
320.354		317.621		2478		1		0
323.239		330.804		2422		1		0
229.747		296.036		2473		2		0
261.745		313.881		2343		2		0
323.893		320.564		2448		2		0
326.892		333.921		2421		1		0
156.401		309.4		2459		2		0
178.157		315.719		2499		2		0
173.183		301.694		2532		2		0
250.331		304.545		2392		2		0
247.478		295.109		2461		2		0
Frame 102
229.222		304.685		2457		2		0
187.942		307.315		2517		2		0
145.77		310.035		2545		2		0
127.256		315.662		2462		2		0
134.225		325.088		2494		1		0
118.679		315.041		2447		1		0
155.754		309.271		2460		1		0
167.232		311.704		2437		2		0
160.069		297.597		2482		2		0
202.936		289.404		2591		2		0
236.404		295.987		2452		1		0
243.919		299.939		2427		1		0
228.639		313.365		2537		2		0
276.251		331.593		2340		1		0
320.336		317.501		2482		1		0
323.225		330.682		2419		1		0
229.808		295.982		2474		2		0
261.691		313.861		2337		2		0
323.63		320.263		2447		1		0
326.622		333.591		2415		1		0
156.389		309.366		2456		2		0
179.133		315.062		2495		2		0
171.731		301.091		2520		2		0
250.397		304.605		2395		2		0
247.524		295.046		2459		2		0
Frame 103
229.122		304.859		2460		2		0
187.915		307.354		2523		2		0
145.771		310.029		2539		2		0
127.289		315.658		2462		2		0
134.229		325.085		2489		1		0
118.684		315.038		2438		1		0
155.763		309.27		2464		1		0
167.091		311.761		2439		2		0
160.04		297.553		2484		2		0
202.472		289.82		2593		2		0
235.814		296.353		2445		1		0
243.328		300.035		2409		1		0
228.498		313.633		2538		2		0
276.235		331.592		2345		1		0
320.308		317.431		2476		1		0
326.398		316.409		2515		2		0
229.73		296.111		2475		2		0
261.66		313.873		2337		2		0
323.504		320.107		2446		1		0
326.478		333.411		2414		1		0
156.387		309.366		2459		2		0
179.141		315.153		2497		2		0
172.569		301.726		2528		2		0
249.936		304.217		2392		2		0
247.179		294.736		2465		2		0
Frame 104
229.091		304.863		2458		2		0
187.907		307.356		2524		2		0
145.776		310.023		2538		2		0
127.297		315.658		2464		2		0
134.235		325.08		2490		1		0
118.691		315.033		2452		1		0
155.774		309.268		2461		1		0
167.173		311.82		2443		2		0
160.015		297.537		2486		2		0
202.395		289.808		2590		2		0
235.668		296.299		2448		1		0
243.418		300.155		2412		1		0
228.46		313.64		2544		2		0
276.247		331.6		2342		1		0
320.302		317.399		2473		1		0
325.955		316.256		2510		2		0
229.699		296.118		2470		2		0
261.64		313.854		2342		2		0
323.396		319.952		2454		1		0
326.361		333.239		2420		1		0
156.387		309.363		2456		2		0
179.104		315.063		2494		2		0
171.102		300.7		2529		2		0
249.81		304.294		2395		2		0
246.099		294.062		2462		2		0
Frame 105
229.02		305.233		2456		2		0
187.862		307.448		2524		2		0
145.774		310.018		2548		2		0
127.303		315.659		2463		2		0
134.236		325.076		2496		1		0
118.692		315.028		2453		1		0
155.779		309.265		2458		1		0
167.153		311.799		2442		2		0
160.012		297.533		2485		2		0
202.584		289.691		2594		2		0
230.516		296.502		2466		2		0
238.981		298.826		2429		1		0
228.335		314.231		2548		2		0
276.38		331.654		2349		1		0
320.438		317.421		2488		1		0
326.619		316.548		2513		2		0
229.672		296.327		2472		2		0
261.614		313.86		2343		2		0
322.944		319.573		2451		2		0
325.802		332.792		2416		1		0
156.383		309.366		2452		2		0
179.001		315.324		2498		2		0
171.102		300.699		2531		2		0
250.753		305.328		2392		2		0
240.89		291.378		2472		2		0
Frame 106
228.998		305.055		2474		2		0
187.854		307.422		2522		2		0
145.775		310.017		2539		2		0
127.317		315.664		2460		2		0
134.238		325.073		2489		1		0
118.694		315.025		2449		1		0
155.785		309.263		2460		1		0
167.163		311.806		2441		2		0
160.01		297.526		2486		2		0
202.662		289.686		2589		2		0
230.574		296.564		2460		1		0
239.034		298.934		2426		1		0
228.346		313.978		2543		2		0
276.38		331.658		2346		1		0
320.431		317.406		2476		1		0
325.974		316.292		2508		2		0
229.629		296.203		2467		2		0
261.613		313.858		2341		2		0
324.178		320.755		2446		2		0
327.106		334.11		2410		1		0
156.382		309.363		2455		2		0
179.104		315.062		2496		2		0
171.234		300.659		2528		2		0
250.404		305.329		2384		2		0
241.456		291.518		2470		2		0
Frame 107
229.149		304.905		2461		2		0
187.881		307.398		2525		2		0
145.775		310.017		2539		2		0
127.328		315.667		2462		2		0
134.238		325.07		2492		1		0
118.695		315.022		2458		1		0
155.79		309.26		2459		1		0
167.142		311.695		2441		2		0
160.008		297.521		2483		2		0
202.59		289.711		2590		2		0
230.399		296.823		2471		1		0
239.067		299.224		2422		1		0
228.618		313.622		2545		2		0
276.381		331.662		2338		1		0
320.536		318.029		2461		1		0
323.357		331.191		2421		1		0
229.744		296.132		2472		2		0
261.592		313.835		2346		2		0
324.238		320.842		2446		1		0
327.187		334.209		2409		1		0
156.383		309.361		2453		2		0
179.168		314.933		2499		2		0
171.435		300.704		2526		2		0
250.441		305.432		2387		2		0
242.048		292.103		2470		2		0
Frame 108
229.079		304.764		2453		2		0
187.859		307.355		2523		2		0
145.774		310.005		2540		2		0
127.327		315.666		2462		2		0
134.241		325.06		2490		1		0
118.698		315.011		2442		1		0
155.798		309.253		2460		1		0
167.149		311.796		2442		2		0
159.984		297.494		2486		2		0
202.595		289.626		2590		2		0
230.385		296.793		2470		1		0
238.981		299.135		2424		1		0
228.554		313.47		2540		2		0
276.381		331.665		2342		1		0
320.523		317.851		2475		1		0
323.358		331.011		2419		1		0
229.663		296.027		2475		2		0
261.601		313.827		2343		2		0
324.358		321.078		2433		2		0
327.325		334.464		2408		1		0
156.378		309.346		2453		2		0
179.315		314.96		2498		2		0
171.485		301.038		2527		2		0
250.537		305.461		2386		2		0
241.261		291.608		2477		2		0
Frame 109
229.042		304.78		2455		2		0
187.84		307.352		2523		2		0
145.761		309.986		2543		2		0
127.327		315.663		2462		2		0
134.239		325.05		2493		1		0
118.696		315.001		2439		1		0
155.798		309.242		2464		1		0
167.155		311.702		2444		2		0
159.973		297.477		2484		2		0
202.214		289.916		2594		2		0
229.881		297.373		2466		1		0
238.738		299.767		2425		1		0
228.506		313.5		2532		2		0
276.382		331.669		2343		1		0
320.491		315.941		2513		1		0
325.168		316.432		2510		2		0
229.613		296.047		2465		2		0
261.213		321.816		2292		2		0
324.894		321.499		2437		2		0
327.874		334.887		2411		1		0
156.363		309.332		2455		2		0
179.223		314.65		2502		2		0
171.387		300.887		2528		2		0
250.475		305.287		2382		2		0
241.301		292.143		2467		2		0
Frame 110
228.982		304.697		2465		2		0
187.816		307.313		2522		2		0
145.76		309.965		2543		2		0
127.334		315.641		2461		2		0
134.244		325.042		2494		1		0
118.702		314.992		2453		1		0
155.808		309.237		2465		1		0
167.116		311.694		2442		2		0
159.946		297.455		2486		2		0
202.593		289.677		2598		2		0
230.235		297.207		2460		1		0
238.921		299.614		2428		1		0
228.477		313.45		2535		2		0
276.382		331.672		2338		1		0
320.473		316.902		2493		1		0
325.374		316.288		2509		2		0
229.498		295.934		2469		2		0
261.624		313.639		2344		2		0
324.105		320.743		2440		2		0
327.068		334.088		2414		1		0
156.356		309.307		2458		2		0
179.156		314.802		2501		2		0
171.325		300.739		2532		2		0
250.471		305.793		2389		2		0
242.817		292.642		2469		2		0
Frame 111
229.047		304.759		2459		2		0
187.826		307.317		2526		2		0
145.754		309.939		2550		2		0
127.334		315.641		2461		2		0
134.246		325.035		2497		1		0
118.704		314.984		2463		1		0
155.813		309.233		2466		1		0
167.099		311.795		2444		2		0
159.927		297.411		2487		2		0
202.284		289.658		2590		2		0
229.899		297.221		2467		1		0
238.567		299.733		2420		1		0
228.557		313.581		2531		2		0
276.383		331.675		2344		1		0
320.469		316.912		2491		1		0
323.316		330.046		2419		1		0
229.562		295.977		2476		2		0
261.602		313.639		2343		2		0
323.846		320.449		2445		2		0
326.8		333.757		2413		1		0
156.353		309.292		2456		2		0
179.201		314.931		2504		2		0
171.373		300.873		2534		2		0
250.575		305.637		2387		2		0
241.629		292.194		2467		2		0
Frame 112
229.073		304.759		2454		2		0
187.834		307.315		2528		2		0
145.756		309.929		2549		2		0
127.334		315.633		2465		2		0
134.248		325.032		2493		1		0
118.707		314.982		2462		1		0
155.818		309.232		2466		1		0
167.121		311.743		2444		2		0
159.913		297.399		2489		2		0
202.165		289.648		2590		2		0
229.771		297.225		2471		1		0
238.78		299.851		2428		1		0
228.595		313.581		2532		2		0
276.383		331.678		2343		1		0
320.449		316.918		2501		1		0
323.296		330.047		2417		1		0
229.595		295.977		2476		2		0
261.598		313.639		2345		2		0
323.461		320.185		2443		1		0
326.398		333.453		2419		1		0
156.356		309.284		2458		2		0
179.137		314.805		2506		2		0
171.447		301.005		2526		2		0
250.105		305.693		2386		2		0
242.301		292.755		2475		2		0
Frame 113
229.002		304.93		2457		2		0
187.819		307.361		2525		2		0
145.759		309.929		2544		2		0
127.341		315.632		2464		2		0
134.25		325.032		2499		1		0
118.71		314.982		2461		1		0
155.823		309.232		2464		1		0
167.062		311.787		2439		2		0
159.911		297.398		2484		2		0
202.203		289.692		2588		2		0
229.825		297.282		2467		1		0
238.61		299.682		2427		1		0
228.479		313.776		2532		2		0
276.384		331.681		2342		1		0
320.836		317.42		2484		1		0
315.089		319.59		2443		1		0
229.553		296.142		2468		2		0
261.595		313.651		2345		2		0
323.364		319.872		2450		1		0
326.284		333.116		2414		1		0
156.357		309.288		2455		2		0
179.223		314.65		2502		2		0
171.384		300.981		2534		2		0
250.604		305.393		2392		2		0
241.971		292.598		2469		2		0
Frame 114
228.986		304.932		2458		2		0
187.801		307.354		2524		2		0
145.74		309.895		2546		2		0
127.335		315.624		2460		2		0
134.246		325.019		2494		1		0
118.705		314.967		2460		1		0
155.821		309.218		2464		1		0
167.098		311.809		2443		2		0
159.888		297.374		2487		2		0
202.114		289.688		2586		2		0
229.733		297.286		2464		1		0
238.434		299.786		2422		1		0
228.451		313.766		2533		2		0
276.384		331.684		2336		1		0
320.466		317.236		2477		1		0
328.417		317.381		2495		2		0
229.537		296.153		2467		2		0
261.543		313.67		2341		2		0
322.837		319.48		2454		2		0
325.73		332.671		2417		1		0
156.336		309.263		2455		2		0
179.201		314.932		2502		2		0
171.374		300.978		2535		2		0
250.073		305.927		2394		2		0
241.166		292.266		2465		2		0
Frame 115
229.043		304.742		2450		2		0
187.804		307.285		2523		2		0
145.726		309.87		2545		2		0
127.338		315.613		2464		2		0
134.245		325.014		2499		1		0
118.705		314.961		2447		1		0
155.822		309.213		2464		1		0
166.993		311.767		2441		2		0
159.883		297.376		2487		2		0
202.11		289.71		2588		2		0
229.738		297.316		2470		1		0
238.581		299.929		2426		1		0
228.541		313.474		2537		2		0
276.341		331.67		2338		1		0
320.419		317.217		2477		1		0
326.342		316.473		2509		2		0
229.578		295.998		2471		2		0
261.54		313.679		2338		2		0
322.814		319.458		2454		2		0
325.717		332.649		2415		1		0
156.325		309.231		2459		2		0
179.08		314.328		2504		2		0
171.382		300.889		2530		2		0
250.567		305.306		2384		2		0
242.161		292.726		2469		2		0
Frame 116
229.093		304.676		2450		2		0
187.816		307.264		2523		2		0
145.726		309.864		2544		2		0
127.336		315.612		2462		2		0
134.248		325.013		2503		1		0
118.708		314.961		2455		1		0
155.828		309.212		2464		1		0
167.178		311.731		2442		2		0
159.862		297.346		2486		2		0
202.291		289.616		2587		2		0
229.939		297.237		2466		1		0
238.713		299.818		2423		1		0
228.602		313.39		2525		2		0
276.329		331.667		2340		1		0
320.405		317.212		2481		1		0
325.953		316.299		2507		2		0
229.624		295.941		2467		2		0
261.537		313.675		2345		2		0
322.854		319.494		2451		2		0
325.765		332.687		2414		1		0
156.326		309.223		2456		2		0
179.334		315.048		2501		2		0
171.274		300.816		2534		2		0
250.506		306.136		2385		2		0
242.022		292.552		2469		2		0
Frame 117
229.004		304.715		2449		2		0
187.773		307.263		2524		2		0
145.704		309.836		2545		2		0
127.318		315.598		2468		2		0
134.246		325.007		2503		1		0
118.706		314.954		2463		1		0
155.637		308.878		2465		1		0
166.343		311.495		2445		2		0
159.853		297.331		2489		2		0
202.3		289.611		2588		2		0
229.951		297.235		2458		1		0
238.731		299.875		2431		1		0
228.463		313.471		2527		2		0
276.32		331.667		2343		1		0
320.388		317.194		2479		1		0
325.88		316.302		2505		2		0
229.53		295.98		2466		2		0
261.533		313.685		2343		2		0
322.891		319.579		2455		1		0
325.798		332.776		2414		1		0
156.299		309.203		2462		2		0
178.191		314.849		2505		2		0
171.126		300.866		2533		2		0
250.568		305.868		2388		2		0
241.316		292.288		2466		2		0
Frame 118
229.066		304.743		2452		2		0
187.786		307.261		2524		2		0
145.706		309.812		2547		2		0
127.316		315.592		2462		2		0
134.251		325.002		2502		1		0
118.711		314.949		2450		1		0
155.552		308.74		2464		1		0
166.204		311.652		2443		2		0
159.844		297.31		2487		2		0
202.189		289.651		2588		2		0
229.841		297.285		2460		1		0
238.631		299.889		2424		1		0
228.519		313.49		2532		2		0
276.329		331.672		2341		1		0
320.394		317.191		2481		1		0
325.809		316.294		2507		2		0
229.651		296.043		2465		2		0
260.995		321.762		2295		2		0
322.885		319.717		2447		2		0
325.782		332.888		2421		1		0
156.303		309.188		2459		2		0
178.252		315.146		2499		2		0
171.855		301.212		2531		2		0
250.404		305.995		2386		2		0
242.135		292.688		2464		2		0
Frame 119
229.003		304.871		2451		2		0
187.77		307.28		2529		2		0
145.705		309.796		2544		2		0
127.288		315.588		2459		2		0
134.252		325		2495		1		0
118.713		314.947		2455		1		0
155.504		308.678		2465		1		0
166.232		311.536		2442		2		0
159.834		297.283		2487		2		0
202.214		289.578		2586		2		0
229.864		297.212		2463		1		0
238.542		299.774		2423		1		0
228.435		313.654		2527		2		0
276.317		331.67		2344		1		0
320.518		317.911		2476		1		0
323.343		331.033		2417		1		0
229.599		296.148		2466		2		0
260.747		313.862		2339		2		0
321.987		319.191		2453		2		0
324.851		332.347		2414		1		0
156.299		309.182		2458		2		0
178.191		314.846		2502		2		0
171.551		301.032		2528		2		0
250.577		305.635		2387		2		0
242.612		293.02		2460		2		0
Frame 120
228.803		305.366		2461		2		0
187.717		307.38		2531		2		0
145.703		309.776		2547		2		0
127.297		315.583		2464		2		0
134.253		324.997		2503		1		0
118.714		314.944		2457		1		0
155.471		308.631		2469		1		0
166.28		311.487		2444		2		0
159.809		297.256		2486		2		0
201.836		289.661		2592		2		0
229.468		297.306		2458		1		0
238.357		299.915		2423		1		0
228.135		314.337		2544		2		0
276.197		331.63		2336		1		0
320.336		317.684		2473		1		0
323.129		330.785		2422		1		0
229.471		296.493		2459		2		0
260.779		313.869		2340		2		0
321.983		319.165		2453		1		0
324.82		332.307		2417		1		0
156.293		309.179		2464		2		0
178.383		314.956		2505		2		0
170.716		300.428		2532		2		0
249.56		306.104		2379		2		0
242.038		292.787		2474		2		0
Frame 121
228.742		305.787		2466		2		0
187.69		307.503		2527		2		0
145.703		309.767		2543		2		0
127.296		315.579		2462		2		0
134.254		324.996		2500		1		0
118.715		314.943		2450		1		0
155.452		308.606		2464		1		0
166.155		311.456		2445		2		0
159.81		297.246		2485		2		0
201.815		289.653		2590		2		0
235.507		296.972		2445		2		0
243.365		300.963		2412		1		0
228.021		314.801		2544		2		0
276.202		331.636		2336		1		0
320.319		317.633		2475		1		0
323.086		330.722		2417		1		0
229.457		296.873		2463		2		0
261.711		321.083		2295		2		0
323.691		319.791		2447		2		0
337.864		327.588		2393		2		0
156.291		309.18		2460		2		0
178.157		314.72		2504		2		0
171.696		300.89		2536		2		0
249.769		305.133		2390		2		0
246.862		295.445		2456		2		0
