EndUpSit
Frame 0
254.698		218.439		1681		2		0
249.762		151.015		1645		2		0
244.695		82.9748		1682		2		0
247.878		45.0419		1586		2		0
207.602		112.218		1673		2		0
201.063		170.399		1709		2		0
204.787		221.246		1717		2		0
209.485		234.144		1707		2		0
286.296		113.482		1722		2		0
300.962		171.13		1811		2		0
309.525		217.779		1787		2		0
308.006		233.356		1775		2		0
236.892		220.183		1684		2		0
230.375		301.104		1799		2		0
231.932		364.855		1946		2		0
220.082		380.548		2029		2		0
272.213		216.744		1691		2		0
285.398		299.197		1790		2		0
287.389		365.059		1929		2		0
291.178		386.368		1870		2		0
245.969		100.039		1694		2		0
206.99		252.003		1691		2		0
221.186		230.881		1717		2		0
307.86		253.572		1786		2		0
297.134		233.62		1748		2		0
Frame 1
254.761		218.425		1676		2		0
249.835		151.029		1644		2		0
244.789		83.01		1685		2		0
247.943		45.0566		1582		2		0
207.683		112.22		1671		2		0
201.187		170.362		1708		2		0
205.356		221.65		1715		2		0
209.815		235.436		1702		2		0
286.429		113.445		1716		2		0
301.148		171.088		1807		2		0
309.741		217.738		1785		2		0
308.151		233.481		1770		2		0
236.956		220.174		1687		2		0
230.427		301.087		1802		2		0
232.511		364.779		1944		2		0
220.117		380.476		2029		2		0
272.283		216.722		1692		2		0
285.476		299.141		1789		2		0
287.417		365.039		1925		2		0
291.163		386.336		1870		2		0
246.057		100.07		1692		2		0
207.239		253.453		1668		2		0
221.331		233.048		1716		2		0
307.651		253.851		1785		2		0
297.262		233.115		1747		2		0
Frame 2
254.797		218.396		1683		2		0
249.918		151.023		1647		2		0
244.947		83.0218		1687		2		0
248.045		45.0658		1588		2		0
207.833		112.252		1671		2		0
201.325		170.404		1709		2		0
205.946		222.359		1714		2		0
210.243		236.516		1696		2		0
286.581		113.372		1721		2		0
301.369		171.15		1813		2		0
309.913		217.811		1786		2		0
308.114		233.396		1773		2		0
236.994		220.134		1685		2		0
230.513		301.316		1800		2		0
232.932		364.958		1946		2		0
220.054		380.51		2019		2		0
272.326		216.7		1687		2		0
285.577		299.115		1790		2		0
287.492		365.072		1924		2		0
291.167		386.343		1874		2		0
246.193		100.078		1691		2		0
206.769		254.999		1662		2		0
221.68		233.792		1719		2		0
307.903		253.901		1785		2		0
297.181		233.519		1746		2		0
Frame 3
254.843		218.359		1683		2		0
250.006		151.001		1648		2		0
245.09		83.0173		1689		2		0
248.191		45.079		1584		2		0
208.065		112.193		1673		2		0
201.447		170.393		1710		2		0
206.551		223.321		1714		2		0
210.749		237.428		1688		2		0
286.742		113.298		1721		2		0
301.538		171.202		1813		2		0
310.071		217.861		1783		2		0
308.315		233.359		1775		2		0
237.042		220.095		1685		2		0
230.546		301.29		1800		2		0
233.04		364.938		1949		2		0
220.141		380.337		2028		2		0
272.378		216.666		1689		2		0
285.646		299.054		1794		2		0
287.557		365.092		1929		2		0
291.163		386.355		1865		2		0
246.322		100.069		1697		2		0
207.123		256.844		1656		2		0
222.628		243.929		1730		2		0
307.652		253.851		1785		2		0
297.393		236.828		1747		2		0
Frame 4
254.898		218.34		1679		2		0
250.098		151.001		1649		2		0
245.23		83.0452		1688		2		0
248.398		45.0763		1587		2		0
208.293		112.184		1671		2		0
201.561		170.359		1706		2		0
206.819		223.734		1706		2		0
211.052		238.27		1683		2		0
286.945		113.252		1715		2		0
301.759		171.206		1813		2		0
310.215		217.881		1784		2		0
308.495		233.576		1775		2		0
237.105		220.064		1688		2		0
230.574		301.396		1800		2		0
233.537		364.654		1947		2		0
220.073		380.371		2027		2		0
272.433		216.653		1691		2		0
285.707		299.014		1797		2		0
287.589		365.097		1925		2		0
291.159		386.345		1869		2		0
246.449		100.09		1694		2		0
208.238		258.086		1659		2		0
222.64		243.938		1729		2		0
307.35		253.828		1783		2		0
297.355		231.978		1747		2		0
Frame 5
254.938		218.335		1683		2		0
250.201		151.004		1649		2		0
245.429		83.0581		1687		2		0
248.569		45.0706		1583		2		0
208.425		112.171		1669		2		0
201.66		170.358		1705		2		0
207.188		224.595		1708		2		0
211.529		238.973		1681		2		0
287.132		113.227		1717		2		0
301.931		171.119		1812		2		0
310.312		217.906		1780		2		0
308.542		233.515		1775		2		0
237.147		220.061		1686		2		0
230.605		301.37		1801		2		0
231.443		366.056		1943		2		0
219.934		380.949		2026		2		0
272.477		216.646		1689		2		0
285.748		298.969		1793		2		0
287.604		365.088		1927		2		0
291.175		386.325		1870		2		0
246.621		100.1		1694		2		0
209.191		259.194		1656		2		0
223.154		244.387		1729		2		0
307.572		253.182		1786		2		0
297.317		234.489		1746		2		0
Frame 6
255.04		218.285		1687		2		0
250.358		150.983		1648		2		0
245.646		83.0641		1690		2		0
248.827		45.0951		1582		2		0
208.759		112.115		1673		2		0
201.82		170.325		1703		2		0
207.299		224.68		1705		2		0
211.645		239.204		1679		2		0
287.349		113.173		1719		2		0
302.167		171.055		1816		2		0
310.423		217.997		1785		2		0
308.847		233.377		1779		2		0
237.252		219.994		1695		2		0
230.714		301.463		1799		2		0
232.78		364.843		1951		2		0
219.904		380.873		2025		2		0
272.584		216.611		1691		2		0
285.749		298.88		1798		2		0
287.674		364.966		1931		2		0
291.159		386.27		1871		2		0
246.823		100.1		1694		2		0
209.52		259.314		1665		2		0
221.635		248.683		1740		2		0
308.136		252.219		1791		2		0
297.314		233.522		1749		2		0
Frame 7
255.089		218.287		1685		2		0
250.496		150.974		1652		2		0
245.924		83.0341		1689		2		0
249.051		45.1455		1590		2		0
208.929		112.117		1674		2		0
202.02		170.289		1705		2		0
207.455		224.795		1704		2		0
211.994		239.52		1679		2		0
287.525		113.18		1719		2		0
302.354		171.093		1815		2		0
310.671		217.931		1793		2		0
309.6		232.803		1779		2		0
237.301		219.992		1691		2		0
230.756		301.438		1805		2		0
233.016		364.899		1949		2		0
219.969		380.946		2024		2		0
272.637		216.615		1691		2		0
285.82		298.899		1795		2		0
287.712		364.977		1933		2		0
296.854		386.579		1915		2		0
247.062		100.077		1695		2		0
210.181		259.865		1662		2		0
223.126		244.122		1730		2		0
308.974		251.204		1785		2		0
297.471		231.44		1748		2		0
Frame 8
255.102		218.282		1682		2		0
250.58		150.966		1646		2		0
246.13		83.0186		1688		2		0
249.326		45.1422		1582		2		0
209.114		112.091		1668		2		0
202.211		170.241		1708		2		0
207.565		224.862		1705		2		0
212.185		239.463		1680		2		0
287.782		113.179		1715		2		0
302.51		171.111		1813		2		0
310.806		217.901		1788		2		0
309.857		232.254		1775		2		0
237.312		219.977		1692		2		0
230.779		301.479		1802		2		0
230.089		367.396		1937		2		0
218.946		382.093		2000		2		0
272.656		216.619		1691		2		0
285.829		298.778		1797		2		0
287.706		364.982		1929		2		0
297.451		386.554		1927		2		0
247.234		100.064		1692		2		0
209.701		259.337		1666		2		0
222.684		238.694		1723		2		0
309.848		250.129		1777		2		0
297.575		230.994		1745		2		0
Frame 9
255.132		218.272		1686		2		0
250.717		150.954		1647		2		0
246.429		83.0026		1689		2		0
249.638		45.1761		1587		2		0
209.347		112.034		1672		2		0
202.382		170.151		1705		2		0
207.683		224.902		1704		2		0
212.284		239.477		1679		2		0
288.002		113.193		1718		2		0
302.653		171.138		1814		2		0
311.006		217.845		1789		2		0
310.318		231.784		1777		2		0
237.342		219.95		1691		2		0
230.81		301.38		1806		2		0
232.923		366.205		1943		2		0
219.981		381.077		2017		2		0
272.691		216.624		1689		2		0
285.842		298.755		1797		2		0
287.726		364.993		1926		2		0
293.14		386.264		1878		2		0
247.489		100.049		1693		2		0
209.501		259.216		1666		2		0
222.756		238.631		1727		2		0
311.368		249.373		1772		2		0
298.02		232.294		1758		2		0
Frame 10
255.162		218.271		1684		2		0
250.847		150.952		1645		2		0
246.703		82.9899		1685		2		0
249.988		45.1474		1581		2		0
209.634		111.972		1672		2		0
202.625		170.159		1702		2		0
207.789		224.914		1704		2		0
212.46		239.565		1676		2		0
288.217		113.183		1719		2		0
302.762		171.126		1811		2		0
311.3		217.799		1785		2		0
310.469		231.351		1777		2		0
237.366		219.946		1694		2		0
230.846		301.458		1803		2		0
231.99		366.435		1947		2		0
219.978		381.098		2012		2		0
272.73		216.624		1691		2		0
285.844		298.739		1795		2		0
287.738		365.022		1929		2		0
292.505		386.353		1868		2		0
247.725		100.041		1697		2		0
209.915		258.954		1661		2		0
220.448		249.288		1748		2		0
311.448		248.311		1767		2		0
298.045		229.536		1757		2		0
Frame 11
255.204		218.261		1680		2		0
251.005		150.953		1650		2		0
247.001		83.0029		1685		2		0
250.363		45.1563		1582		2		0
209.887		111.88		1670		2		0
202.805		170.191		1702		2		0
207.876		224.847		1708		2		0
212.555		239.478		1676		2		0
288.535		113.19		1722		2		0
302.856		171.166		1815		2		0
311.505		217.816		1791		2		0
310.615		231.034		1778		2		0
237.41		219.923		1694		2		0
230.872		301.482		1806		2		0
231.522		366.419		1940		2		0
219.974		381.101		2015		2		0
272.775		216.626		1691		2		0
285.857		298.702		1794		2		0
287.756		365.019		1928		2		0
298.585		386.979		1956		2		0
247.988		100.052		1689		2		0
210.863		258.797		1667		2		0
222.125		236.274		1723		2		0
312.423		247.501		1762		2		0
298.334		234.504		1751		2		0
Frame 12
255.25		218.239		1684		2		0
251.209		150.929		1652		2		0
247.404		82.9876		1684		2		0
250.688		45.108		1584		2		0
210.142		111.766		1671		2		0
202.935		170.175		1706		2		0
207.953		224.835		1711		2		0
212.625		239.29		1676		2		0
288.775		113.234		1716		2		0
302.965		171.216		1817		2		0
311.729		217.842		1788		2		0
310.333		231.022		1777		2		0
237.456		219.872		1692		2		0
230.902		301.379		1806		2		0
231.495		365.977		1942		2		0
220.021		381.068		2022		2		0
272.828		216.628		1692		2		0
285.922		298.688		1797		2		0
287.857		364.835		1930		2		0
292.911		385.963		1875		2		0
248.341		100.034		1701		2		0
210.124		258.047		1669		2		0
221.026		248.06		1744		2		0
312.162		247.39		1773		2		0
298.395		234.49		1755		2		0
Frame 13
255.328		218.205		1685		2		0
251.355		150.918		1651		2		0
247.579		82.9978		1688		2		0
250.999		45.0702		1577		2		0
210.331		111.691		1669		2		0
203.123		170.134		1707		2		0
208.08		224.673		1709		2		0
212.72		239.124		1675		2		0
289.078		113.285		1717		2		0
303.044		171.238		1813		2		0
311.916		217.842		1787		2		0
310.286		230.695		1780		2		0
237.535		219.815		1692		2		0
230.919		301.283		1801		2		0
233.006		364.898		1953		2		0
220.205		380.67		2029		2		0
272.912		216.616		1693		2		0
285.925		298.681		1795		2		0
287.862		364.834		1929		2		0
292.482		386.11		1875		2		0
248.511		100.039		1693		2		0
210.148		257.678		1667		2		0
220.878		248.398		1746		2		0
312.004		247.202		1777		2		0
298.185		230.461		1754		2		0
Frame 14
255.414		218.197		1686		2		0
251.538		150.912		1647		2		0
247.829		82.9866		1687		2		0
251.355		45.1055		1586		2		0
210.551		111.679		1667		2		0
203.285		170.116		1708		2		0
208.185		224.55		1709		2		0
212.718		239.058		1679		2		0
289.285		113.351		1718		2		0
303.151		171.279		1814		2		0
312.057		217.874		1786		2		0
310.034		230.89		1777		2		0
237.62		219.785		1693		2		0
230.97		301.114		1805		2		0
231.631		366.61		1948		2		0
220.05		380.87		2024		2		0
273.005		216.63		1695		2		0
285.951		298.604		1800		2		0
287.86		364.8		1933		2		0
292.219		386.064		1869		2		0
248.747		100.03		1692		2		0
209.514		257.051		1667		2		0
220.582		248.673		1743		2		0
311.419		247.293		1773		2		0
298.195		229.573		1758		2		0
Frame 15
255.489		218.189		1686		2		0
251.68		150.901		1646		2		0
248.006		82.9697		1681		2		0
251.729		45.0977		1581		2		0
210.735		111.641		1671		2		0
203.398		170.12		1712		2		0
208.267		224.465		1710		2		0
212.908		238.883		1681		2		0
289.477		113.382		1721		2		0
303.232		171.31		1811		2		0
312.092		217.913		1783		2		0
309.919		230.636		1775		2		0
237.688		219.761		1691		2		0
230.98		301.104		1806		2		0
231.417		366.388		1940		2		0
220.047		380.867		2022		2		0
273.089		216.639		1689		2		0
285.948		298.593		1794		2		0
287.894		364.878		1928		2		0
292.097		386.165		1872		2		0
248.919		100.015		1693		2		0
209.128		257.004		1671		2		0
223.725		238.794		1724		2		0
311.103		247.17		1773		2		0
298.25		229.881		1750		2		0
Frame 16
255.575		218.188		1685		2		0
251.859		150.905		1648		2		0
248.262		82.9685		1683		2		0
252.133		45.0729		1587		2		0
210.931		111.545		1670		2		0
203.478		170.144		1706		2		0
208.366		224.249		1712		2		0
212.995		238.776		1684		2		0
289.659		113.409		1717		2		0
303.254		171.32		1811		2		0
312.105		217.925		1789		2		0
309.738		230.738		1775		2		0
237.767		219.748		1691		2		0
231		301.102		1800		2		0
231.406		366.385		1944		2		0
220.108		380.974		2030		2		0
273.185		216.651		1693		2		0
285.964		298.581		1798		2		0
287.899		364.924		1928		2		0
291.99		386.183		1880		2		0
249.156		100.016		1690		2		0
209.631		257.006		1672		2		0
223.843		237.654		1725		2		0
311.104		247.169		1776		2		0
298.258		229.472		1753		2		0
Frame 17
255.677		218.182		1684		2		0
252.08		150.926		1647		2		0
248.606		83.0127		1688		2		0
252.413		45.0626		1586		2		0
211.086		111.533		1678		2		0
203.572		170.149		1708		2		0
208.421		224.113		1714		2		0
212.897		238.841		1687		2		0
289.843		113.432		1721		2		0
303.291		171.352		1815		2		0
312.132		217.961		1788		2		0
309.541		230.568		1775		2		0
237.85		219.729		1689		2		0
231.051		301.247		1800		2		0
232.988		366.269		1944		2		0
220.119		381.628		2017		2		0
273.309		216.662		1693		2		0
286		298.525		1798		2		0
287.897		364.86		1933		2		0
291.868		386.155		1875		2		0
249.469		100.055		1691		2		0
209.481		256.893		1670		2		0
223.795		236.233		1725		2		0
310.288		247.039		1778		2		0
298.408		233.374		1753		2		0
Frame 18
255.762		218.167		1686		2		0
252.263		150.939		1650		2		0
248.877		83.0622		1686		2		0
252.779		45.0703		1580		2		0
211.243		111.475		1670		2		0
203.656		170.165		1712		2		0
208.46		224.019		1714		2		0
212.873		238.914		1688		2		0
289.998		113.438		1721		2		0
303.335		171.403		1814		2		0
312.144		218.02		1783		2		0
309.322		230.492		1777		2		0
237.931		219.696		1692		2		0
231.054		301.246		1801		2		0
231.045		367.452		1939		2		0
219.646		382.18		2004		2		0
273.404		216.666		1691		2		0
286.025		298.487		1797		2		0
287.937		364.758		1934		2		0
291.843		386.128		1874		2		0
249.719		100.096		1688		2		0
209.674		257.16		1680		2		0
223.921		237.37		1727		2		0
310.432		247.147		1783		2		0
298.324		232.24		1754		2		0
Frame 19
255.843		218.18		1686		2		0
252.4		150.966		1649		2		0
249.041		83.0923		1681		2		0
253.121		45.1347		1585		2		0
211.468		111.415		1670		2		0
203.745		170.148		1710		2		0
208.489		223.991		1711		2		0
212.864		238.965		1688		2		0
290.157		113.471		1721		2		0
303.39		171.466		1809		2		0
312.151		218.102		1782		2		0
309.336		230.555		1775		2		0
238.005		219.696		1690		2		0
231.106		301.391		1795		2		0
233.113		365.697		1950		2		0
220.093		381.686		2011		2		0
273.491		216.692		1687		2		0
286.017		298.485		1797		2		0
287.923		364.793		1926		2		0
301.245		386.096		1955		2		0
249.878		100.126		1693		2		0
209.623		257.028		1680		2		0
219.16		250.168		1749		2		0
309.446		247.078		1776		2		0
298.204		229.038		1746		2		0
Frame 20
255.943		218.134		1689		2		0
252.537		150.953		1654		2		0
249.205		83.1026		1688		2		0
253.311		45.1187		1587		2		0
211.635		111.334		1674		2		0
203.812		170.141		1711		2		0
208.509		223.976		1714		2		0
212.769		238.981		1694		2		0
290.354		113.486		1725		2		0
303.419		171.493		1814		2		0
312.136		218.138		1787		2		0
309.077		230.71		1778		2		0
238.123		219.623		1694		2		0
231.107		301.349		1803		2		0
233.138		365.706		1948		2		0
220.13		381.47		2011		2		0
273.575		216.669		1692		2		0
286.033		298.483		1798		2		0
287.932		364.796		1931		2		0
290.994		385.846		1867		2		0
250.035		100.131		1697		2		0
209.934		257.34		1683		2		0
224.095		236.781		1723		2		0
309.433		247.146		1785		2		0
298.231		230.713		1746		2		0
Frame 21
256.002		218.118		1690		2		0
252.642		150.968		1648		2		0
249.354		83.155		1685		2		0
253.509		45.1145		1582		2		0
211.765		111.305		1669		2		0
203.852		170.123		1713		2		0
208.519		223.947		1712		2		0
212.757		239.048		1691		2		0
290.507		113.491		1717		2		0
303.442		171.532		1812		2		0
312.124		218.186		1785		2		0
309.011		230.384		1776		2		0
238.186		219.592		1693		2		0
231.103		301.165		1800		2		0
233.191		365.387		1948		2		0
219.965		380.652		2023		2		0
273.631		216.666		1691		2		0
286.058		298.499		1797		2		0
287.921		364.859		1929		2		0
291.011		385.931		1877		2		0
250.173		100.173		1695		2		0
210.381		257.716		1686		2		0
224.404		234.614		1720		2		0
309.432		247.147		1781		2		0
298.288		227.964		1747		2		0
Frame 22
256.056		218.106		1688		2		0
252.732		150.99		1650		2		0
249.483		83.2173		1688		2		0
253.762		45.1328		1585		2		0
211.944		111.253		1672		2		0
203.907		170.13		1713		2		0
208.526		223.975		1713		2		0
212.61		239.146		1687		2		0
290.615		113.491		1717		2		0
303.481		171.563		1809		2		0
312.08		218.239		1784		2		0
309.043		230.582		1776		2		0
238.238		219.57		1690		2		0
231.104		301.146		1795		2		0
231.027		367.087		1938		2		0
219.891		382.085		1999		2		0
273.688		216.663		1689		2		0
286.117		298.373		1792		2		0
287.921		364.859		1933		2		0
291.02		385.927		1878		2		0
250.293		100.226		1691		2		0
210.308		257.912		1684		2		0
224.232		236.259		1724		2		0
309.633		247.253		1775		2		0
298.264		229.359		1745		2		0
Frame 23
256.085		218.085		1688		2		0
252.815		151.002		1649		2		0
249.663		83.2646		1686		2		0
253.923		45.1129		1579		2		0
212.098		111.21		1677		2		0
203.958		170.039		1714		2		0
208.519		224.052		1716		2		0
212.61		239.189		1692		2		0
290.765		113.502		1715		2		0
303.532		171.578		1809		2		0
312.077		218.268		1788		2		0
308.937		230.979		1778		2		0
238.272		219.528		1698		2		0
231.131		300.999		1794		2		0
232.502		365.608		1952		2		0
219.92		381.305		2011		2		0
273.712		216.658		1692		2		0
286.148		298.397		1792		2		0
287.882		365.026		1924		2		0
291.022		386.222		1875		2		0
250.445		100.264		1694		2		0
210.148		257.898		1686		2		0
224.294		235.61		1722		2		0
309.794		247.215		1778		2		0
298.242		229.788		1751		2		0
Frame 24
256.12		218.058		1690		2		0
252.895		151.022		1650		2		0
249.817		83.3456		1683		2		0
254.058		45.1591		1589		2		0
212.217		111.183		1679		2		0
204.015		170.083		1715		2		0
208.511		224.136		1715		2		0
212.63		239.214		1693		2		0
290.96		113.507		1715		2		0
303.651		171.643		1812		2		0
312.092		218.36		1782		2		0
309.02		231.062		1777		2		0
238.318		219.457		1694		2		0
231.143		300.847		1798		2		0
232.771		365.445		1947		2		0
220.039		380.359		2029		2		0
273.741		216.656		1690		2		0
286.18		298.383		1789		2		0
287.883		365.023		1923		2		0
291.058		386.235		1869		2		0
250.578		100.329		1691		2		0
210.116		257.873		1687		2		0
224.274		236.03		1726		2		0
309.66		247.318		1775		2		0
298.301		229.749		1746		2		0
Frame 25
256.16		218.046		1685		2		0
253.024		151.054		1655		2		0
250.069		83.4225		1679		2		0
254.176		45.1706		1588		2		0
212.327		111.153		1678		2		0
204.098		170.055		1718		2		0
208.495		224.186		1717		2		0
212.601		239.211		1695		2		0
291.147		113.473		1718		2		0
303.798		171.633		1815		2		0
312.09		218.39		1782		2		0
309.354		231.181		1773		2		0
238.377		219.427		1697		2		0
231.195		301.018		1796		2		0
232.815		365.662		1946		2		0
220.119		380.498		2025		2		0
273.773		216.656		1691		2		0
286.238		298.371		1789		2		0
287.861		365.039		1927		2		0
291.056		386.247		1879		2		0
250.799		100.396		1692		2		0
210.624		258.029		1706		2		0
224.512		234.703		1720		2		0
309.559		247.363		1775		2		0
298.398		229.61		1740		2		0
Frame 26
256.209		218.037		1688		2		0
253.132		151.091		1655		2		0
250.255		83.4862		1681		2		0
254.265		45.1841		1585		2		0
212.523		111.119		1681		2		0
204.216		169.936		1723		2		0
208.493		224.163		1717		2		0
212.624		239.155		1698		2		0
291.352		113.427		1716		2		0
304.047		171.743		1809		2		0
312.155		218.55		1787		2		0
309.556		231.307		1776		2		0
238.436		219.4		1697		2		0
231.201		301.022		1798		2		0
228.697		368.803		1935		2		0
218.114		384.213		1978		2		0
273.812		216.657		1691		2		0
286.29		298.297		1788		2		0
287.876		364.984		1929		2		0
291.081		386.12		1883		2		0
250.964		100.455		1692		2		0
210.514		257.886		1694		2		0
224.393		235.772		1728		2		0
310.109		248.003		1779		2		0
298.326		230.677		1745		2		0
Frame 27
256.253		218.013		1689		2		0
253.316		151.142		1653		2		0
250.682		83.6326		1682		2		0
254.334		45.2103		1589		2		0
212.672		111.099		1681		2		0
204.39		169.966		1721		2		0
208.483		224.112		1723		2		0
212.717		239.035		1698		2		0
291.544		113.381		1712		2		0
304.36		171.77		1805		2		0
312.333		218.631		1783		2		0
310.165		231.554		1775		2		0
238.483		219.359		1696		2		0
231.219		300.993		1795		2		0
233.377		365.056		1951		2		0
220.059		381.345		2024		2		0
273.85		216.649		1694		2		0
286.366		298.345		1784		2		0
287.836		365.056		1925		2		0
291.074		386.116		1868		2		0
251.324		100.579		1690		2		0
210.988		257.902		1700		2		0
224.548		235.185		1728		2		0
310.641		248.064		1774		2		0
298.815		235.176		1742		2		0
Frame 28
256.296		217.993		1677		2		0
253.463		151.215		1654		2		0
250.993		83.8065		1676		2		0
254.369		45.2951		1586		2		0
212.869		111.095		1678		2		0
204.631		170.006		1723		2		0
208.505		224.144		1721		2		0
212.841		238.931		1707		2		0
291.794		113.299		1709		2		0
304.853		171.667		1806		2		0
312.668		218.595		1783		2		0
310.844		231.793		1773		2		0
238.532		219.293		1702		2		0
231.225		300.986		1791		2		0
233.365		365.06		1945		2		0
219.927		380.938		2022		2		0
273.886		216.656		1693		2		0
286.473		298.373		1777		2		0
287.826		365.076		1925		2		0
291.08		386.127		1870		2		0
251.593		100.731		1687		2		0
211.64		257.594		1699		2		0
224.676		234.866		1729		2		0
311.472		248.061		1768		2		0
299.352		235.001		1750		2		0
Frame 29
256.358		217.959		1691		2		0
253.651		151.298		1655		2		0
251.384		84.0072		1676		2		0
254.313		45.4079		1585		2		0
213.042		111.136		1681		2		0
204.832		170.106		1735		2		0
208.533		224.16		1726		2		0
212.889		238.917		1706		2		0
292.045		113.191		1704		2		0
305.244		171.675		1804		2		0
313.189		218.635		1775		2		0
311.644		231.651		1770		2		0
238.605		219.23		1702		2		0
231.244		300.938		1788		2		0
233.345		365.116		1949		2		0
219.97		380.881		2017		2		0
273.937		216.646		1697		2		0
286.615		298.242		1777		2		0
287.807		365.11		1929		2		0
291.079		386.136		1874		2		0
251.932		100.907		1689		2		0
211.384		257.561		1706		2		0
224.652		234.849		1731		2		0
312.17		248.057		1764		2		0
299.272		234.224		1742		2		0
Frame 30
256.404		217.958		1692		2		0
253.836		151.396		1654		2		0
251.785		84.16		1676		2		0
254.232		45.4696		1576		2		0
213.196		111.2		1684		2		0
205.109		170.123		1738		2		0
208.53		224.083		1728		2		0
212.984		238.528		1710		2		0
292.288		113.113		1703		2		0
305.747		171.538		1797		2		0
313.867		218.529		1774		2		0
312.451		231.628		1766		2		0
238.645		219.195		1706		2		0
231.225		300.945		1785		2		0
233.382		365.325		1943		2		0
219.985		380.954		2017		2		0
273.983		216.664		1698		2		0
286.679		298.238		1773		2		0
287.789		365.186		1926		2		0
298.145		387.633		1940		2		0
252.278		101.057		1685		2		0
211.959		257.298		1708		2		0
224.709		233.711		1730		2		0
312.806		248.221		1759		2		0
299.272		230.101		1746		2		0
Frame 31
256.457		217.967		1698		2		0
254.039		151.533		1657		2		0
252.249		84.38		1667		2		0
254.018		45.5616		1575		2		0
213.356		111.284		1683		2		0
205.433		170.177		1738		2		0
208.544		224.215		1732		2		0
212.827		238.554		1712		2		0
292.579		113.028		1702		2		0
306.4		171.236		1799		2		0
314.434		218.322		1767		2		0
313.432		231.637		1759		2		0
238.696		219.174		1712		2		0
231.225		300.929		1783		2		0
233.405		365.348		1945		2		0
219.732		380.817		2020		2		0
274.038		216.694		1699		2		0
286.846		298.302		1765		2		0
287.794		365.203		1923		2		0
299.228		387.136		1950		2		0
252.671		101.272		1684		2		0
210.968		257.256		1710		2		0
224.659		234.605		1736		2		0
313.668		248.328		1756		2		0
299.537		228.55		1744		2		0
Frame 32
256.531		218.022		1700		2		0
254.259		151.76		1663		2		0
252.678		84.741		1666		2		0
253.718		45.6734		1573		2		0
213.443		111.393		1680		2		0
205.818		170.438		1748		2		0
208.567		224.332		1736		2		0
212.747		238.789		1717		2		0
292.907		112.99		1691		2		0
307.166		171.017		1794		2		0
315.181		218.202		1765		2		0
314.333		231.853		1753		2		0
238.776		219.179		1711		2		0
231.126		300.931		1781		2		0
233.385		365.542		1943		2		0
221.031		384.658		1976		2		0
274.118		216.779		1703		2		0
287.141		298.285		1759		2		0
287.775		365.203		1923		2		0
299.426		387.206		1938		2		0
253.048		101.617		1685		2		0
210.649		257.293		1714		2		0
224.616		235.169		1739		2		0
314.483		249.001		1749		2		0
299.836		230.551		1744		2		0
Frame 33
256.599		218.236		1711		2		0
254.513		152.106		1664		2		0
253.09		85.1132		1664		2		0
253.239		46.0085		1570		2		0
213.596		111.713		1686		2		0
206.202		170.761		1755		2		0
208.516		225.143		1744		2		0
212.251		239.321		1723		2		0
293.195		113.008		1696		2		0
308.189		170.814		1791		2		0
316.157		218.128		1754		2		0
315.216		232.243		1743		2		0
238.866		219.356		1719		2		0
231.031		301.042		1775		2		0
233.28		366.435		1944		2		0
221.04		383.996		1987		2		0
274.195		217.024		1706		2		0
287.379		298.216		1759		2		0
287.774		365.205		1924		2		0
299.885		387.269		1945		2		0
253.418		102		1679		2		0
209.262		257.103		1715		2		0
224.144		236.524		1749		2		0
315.445		249.279		1739		2		0
299.725		230.691		1740		2		0
Frame 34
256.749		218.532		1716		2		0
254.835		152.678		1662		2		0
253.63		85.895		1651		2		0
252.612		46.7556		1554		2		0
213.773		112.168		1687		2		0
206.468		171.12		1760		2		0
208.358		226.16		1747		2		0
211.743		239.737		1724		2		0
293.595		113.167		1688		2		0
309.41		170.759		1786		2		0
317.435		218.759		1750		2		0
316.151		232.539		1733		2		0
239.077		219.61		1725		2		0
230.686		301.083		1769		2		0
233.296		366.984		1940		2		0
220.213		383.339		1993		2		0
274.327		217.359		1712		2		0
287.716		298.356		1750		2		0
287.706		365.43		1921		2		0
300.679		387.624		1940		2		0
253.907		102.767		1677		2		0
209.25		257.71		1714		2		0
223.599		236.782		1750		2		0
315.876		249.454		1729		2		0
300.867		230.602		1750		2		0
Frame 35
256.833		218.969		1721		2		0
255.055		153.315		1669		2		0
253.863		86.5109		1651		2		0
252.059		47.6047		1550		2		0
213.998		112.91		1689		2		0
206.942		172.114		1764		2		0
207.945		227.027		1752		2		0
211.016		240.711		1730		2		0
293.744		113.339		1682		2		0
310.361		170.871		1776		2		0
318.47		219.539		1739		2		0
317.326		233.563		1729		2		0
239.183		219.957		1733		2		0
230.471		301.267		1767		2		0
233.296		367.614		1936		2		0
219.332		382.276		1995		2		0
274.426		217.898		1719		2		0
287.981		298.566		1753		2		0
287.706		365.433		1924		2		0
300.715		387.681		1938		2		0
254.138		103.404		1680		2		0
207.936		258.102		1722		2		0
223.108		236.268		1762		2		0
316.625		250.475		1726		2		0
301.705		236		1753		2		0
Frame 36
256.936		219.493		1727		2		0
255.31		154.307		1670		2		0
254.176		87.7574		1638		2		0
251.094		49.3606		1542		2		0
214.106		113.723		1686		2		0
207.186		172.71		1770		2		0
207.458		227.596		1759		2		0
209.981		242.08		1729		2		0
293.901		113.581		1677		2		0
311.659		170.804		1760		2		0
320.219		221.629		1727		2		0
319.852		235.424		1715		2		0
239.403		220.376		1743		2		0
229.696		301.166		1762		2		0
233.313		367.865		1927		2		0
219.364		382.065		2002		2		0
274.453		218.547		1724		2		0
288.53		298.86		1748		2		0
287.654		365.459		1920		2		0
300.951		387.835		1939		2		0
254.442		104.616		1673		2		0
207.304		259.028		1722		2		0
219.299		237.013		1793		2		0
317.899		252.38		1714		2		0
310.677		238.483		1741		2		0
Frame 37
257.349		220.138		1744		2		0
255.641		155.586		1675		2		0
254.381		89.3185		1635		2		0
250.262		51.1432		1530		2		0
214.172		114.794		1689		2		0
207.358		175.224		1774		2		0
206.55		229.341		1762		2		0
207.422		244.1		1735		2		0
293.986		114.063		1665		2		0
313.015		170.986		1747		2		0
321.172		222.892		1713		2		0
321.252		236.83		1706		2		0
239.941		221.052		1759		2		0
229.12		301.437		1773		2		0
232.916		369.666		1919		2		0
221.151		384.409		1959		2		0
274.786		219.186		1735		2		0
288.981		299.042		1752		2		0
287.615		365.703		1923		2		0
301.157		387.808		1935		2		0
254.694		106.148		1667		2		0
206.391		260.002		1731		2		0
219.604		242.944		1796		2		0
319.395		254.194		1707		2		0
312.112		240.396		1728		2		0
Frame 38
257.789		220.877		1751		2		0
255.976		157.175		1682		2		0
254.517		91.1171		1628		2		0
249.227		53.5128		1519		2		0
214.263		116.492		1684		2		0
207.559		176.884		1780		2		0
205.421		229.458		1767		2		0
204.602		244.781		1737		2		0
293.751		115.193		1664		2		0
314.512		172.202		1744		2		0
322.735		225.013		1706		2		0
322.495		239.089		1692		2		0
240.47		221.744		1775		2		0
228.567		301.376		1774		2		0
229.795		370.275		1919		2		0
220.092		386.289		1919		2		0
275.169		219.983		1753		2		0
289.426		299.29		1746		2		0
287.536		366.021		1925		2		0
301.09		387.629		1945		2		0
254.889		107.938		1663		2		0
203.443		261.06		1736		2		0
218.792		250.329		1791		2		0
320.438		256.377		1696		2		0
313.064		243.232		1724		2		0
Frame 39
258.473		221.941		1769		2		0
256.251		159.534		1686		2		0
254.121		94.1933		1625		2		0
248.107		57.1335		1504		2		0
214.284		119.018		1683		2		0
207.2		179.2		1787		2		0
204.653		229.494		1778		2		0
201.944		245.175		1739		2		0
292.904		116.582		1655		2		0
315.907		173.612		1727		2		0
324.305		227.139		1684		2		0
323.987		241.337		1680		2		0
241.094		222.897		1790		2		0
227.933		301.293		1772		2		0
230.78		370.349		1920		2		0
220.33		385.584		1942		2		0
275.93		220.977		1770		2		0
289.975		299.601		1744		2		0
287.549		366.351		1926		2		0
301.417		387.69		1938		2		0
254.703		110.907		1658		2		0
201.199		262.05		1735		2		0
217.69		251.689		1804		2		0
321.496		259.282		1683		2		0
314.685		245.283		1719		2		0
Frame 40
259.238		223.667		1785		2		0
256.583		162.852		1686		2		0
253.804		98.1838		1612		2		0
246.887		61.8027		1495		2		0
214.242		122.706		1678		2		0
206.562		182.91		1794		2		0
203.034		231.233		1783		2		0
199.899		247.315		1743		2		0
291.907		119.01		1649		2		0
317.612		175.64		1716		2		0
326.158		229.75		1670		2		0
325.59		244.232		1662		2		0
241.871		224.649		1796		2		0
227.411		301.18		1784		2		0
231.046		370.612		1926		2		0
220.131		385.417		1934		2		0
276.688		222.684		1780		2		0
290.546		299.44		1741		2		0
287.514		366.478		1923		2		0
302.097		387.786		1935		2		0
254.558		114.847		1649		2		0
199.508		264.528		1737		2		0
205.686		249.704		1745		2		0
323.571		262.38		1663		2		0
316.161		248.668		1690		2		0
Frame 41
259.675		225.815		1800		2		0
256.725		166.653		1691		2		0
253.497		102.6		1605		2		0
245.678		67.1959		1486		2		0
214.054		126.665		1677		2		0
206.119		187.395		1798		2		0
201.454		235.117		1785		2		0
198.286		249.576		1753		2		0
290.776		122.412		1641		2		0
319.138		178.025		1696		2		0
327.81		233.175		1653		2		0
326.635		248.909		1642		2		0
242.385		226.846		1808		2		0
226.85		300.84		1781		2		0
230.04		370.886		1922		2		0
219.336		386.369		1927		2		0
277.043		224.788		1784		2		0
291.012		299.304		1739		2		0
287.499		366.501		1924		2		0
302.055		387.798		1934		2		0
254.359		119.193		1647		2		0
196.496		267.003		1747		2		0
204.193		251.886		1756		2		0
323.946		266.416		1649		2		0
317.075		252.214		1678		2		0
Frame 42
260.128		227.951		1818		2		0
256.729		170.682		1693		2		0
252.829		108.286		1594		2		0
244.414		73.6923		1475		2		0
213.819		130.89		1674		2		0
205.462		189.995		1804		2		0
200.29		237.589		1794		2		0
196.837		251.673		1761		2		0
289.348		125.824		1635		2		0
320.063		180.324		1678		2		0
329.013		238.336		1632		2		0
327.988		253.576		1622		2		0
242.945		229.099		1814		2		0
226.142		301.929		1787		2		0
231.238		370.662		1924		2		0
219.833		385.389		1940		2		0
277.374		226.809		1798		2		0
291.689		301.516		1735		2		0
287.446		366.932		1928		2		0
302.102		387.982		1937		2		0
253.882		124.504		1641		2		0
194.671		270.361		1746		2		0
203.485		252.324		1773		2		0
324.821		271.232		1630		2		0
318.283		257.159		1657		2		0
Frame 43
259.606		230.668		1820		2		0
255.989		172.22		1693		2		0
250.082		107.305		1520		2		0
241.694		76.0028		1453		2		0
213.662		133.079		1674		2		0
204.458		194.057		1811		2		0
198.766		241.484		1797		2		0
194.514		256.412		1758		2		0
287.98		130.678		1628		2		0
320.657		182.557		1664		2		0
330.247		242.624		1609		2		0
329.221		257.795		1600		2		0
242.693		231.514		1832		2		0
225.194		304.371		1789		2		0
229.997		371.251		1925		2		0
218.483		386.213		1944		2		0
276.547		229.844		1807		2		0
292.503		304.369		1733		2		0
287.437		367.125		1926		2		0
302.038		387.922		1933		2		0
251.814		124.925		1630		2		0
192.032		273.903		1746		2		0
200.086		258.965		1768		2		0
326.508		275.926		1600		2		0
319.996		260.999		1634		2		0
Frame 44
259.948		233.389		1814		2		0
255.185		176.795		1698		2		0
249.045		111.283		1506		2		0
239.949		82.4624		1435		2		0
212.939		144.049		1671		2		0
203.838		198.056		1814		2		0
196.658		245.146		1799		2		0
192.903		260.386		1760		2		0
286.597		135.439		1622		2		0
321.433		186.394		1648		2		0
331.337		247.649		1588		2		0
330.125		263.888		1577		2		0
243.205		234.567		1851		2		0
224.097		307.146		1799		2		0
229.575		372.04		1929		2		0
218.319		387.303		1942		2		0
276.725		232.24		1818		2		0
293.234		306.616		1730		2		0
287.49		367.255		1921		2		0
302.367		388		1928		2		0
250.723		128.931		1615		2		0
190.159		278.465		1751		2		0
199.716		259.916		1782		2		0
326.298		282.672		1578		2		0
320.567		266.45		1613		2		0
Frame 45
260.063		235.038		1827		2		0
254.935		181.44		1700		2		0
248.575		118.261		1496		2		0
237.828		90.4044		1424		2		0
212.902		148.194		1668		2		0
202.681		204.112		1810		2		0
194.868		251.052		1800		2		0
191.244		270.273		1764		2		0
285.604		141.448		1614		2		0
322.02		191		1628		2		0
332.185		252.785		1561		2		0
331.002		270.339		1550		2		0
244.188		236.02		1866		2		0
223.044		306.93		1790		2		0
230.062		371.378		1925		2		0
218.474		386.249		1934		2		0
275.983		234.064		1835		2		0
293.438		305.684		1721		2		0
287.498		367.489		1921		2		0
302.898		388.032		1925		2		0
250.34		134.753		1611		2		0
188.868		284.139		1762		2		0
210.779		279.582		0		2		0
328.321		289.672		1557		2		0
321.224		272.883		1586		2		0
Frame 46
262.98		245.009		1853		2		0
256.117		192.307		1726		2		0
247.878		127.848		1493		2		0
235.526		101.531		1429		2		0
212.631		155.629		1670		2		0
200.652		211.783		1812		2		0
191.817		259.42		1802		2		0
190.668		274.187		1772		2		0
284.534		150.484		1609		2		0
321.676		199.72		1615		2		0
333.177		265.369		1523		2		0
331.655		279.467		1522		2		0
246.365		245.533		1876		2		0
207.582		309.901		1814		2		0
216.555		387.771		1941		2		0
212.704		410.3		1769		1		0
279.72		244.496		1840		2		0
304.227		313.346		1736		2		0
297.38		389.712		1889		2		0
296.531		413.157		1755		1		0
250.057		145.825		1614		2		0
187.171		289.872		1762		2		0
210.501		280.587		1842		2		0
328.997		298		1537		2		0
321.527		279.728		1558		2		0
Frame 47
265.814		230.703		1841		2		0
257.776		189.653		1713		2		0
247.57		135.598		1493		2		0
234.154		108.915		1413		2		0
212.052		162.418		1667		2		0
200.352		213.457		1806		2		0
191.655		260.161		1814		2		0
188.461		279.981		1776		2		0
283.806		154.542		1603		2		0
322.968		204.887		1602		2		0
333.048		267.301		1514		2		0
332.264		285.561		1498		2		0
249.367		232.783		1875		2		0
221.931		300.064		1774		2		0
232.39		369.634		1930		2		0
217.611		384.977		1962		2		0
282.403		228.616		1860		2		0
293.774		301.776		1719		2		0
287.213		367.487		1917		2		0
304.052		386.957		1934		2		0
250.201		148.823		1607		2		0
185.421		296.887		1766		2		0
208.5		285.744		1838		2		0
329.44		305.559		1507		2		0
321.543		287.456		1537		2		0
Frame 48
265.867		231.614		1837		2		0
257.669		192.214		1708		2		0
246.904		144.103		1488		2		0
232.594		120.199		1415		2		0
211.85		170.167		1673		2		0
198.41		220.627		1812		2		0
190.319		267.319		1820		2		0
186.129		288.868		1782		2		0
282.863		164.24		1606		2		0
322.138		209.892		1588		2		0
332.823		279.631		1474		2		0
332.619		295.404		1467		2		0
249.399		233.644		1875		2		0
221.88		300.326		1769		2		0
232.528		369.983		1932		2		0
217.509		385.052		1943		2		0
282.497		229.561		1851		2		0
293.904		302.638		1713		2		0
287.199		368.8		1917		2		0
305.331		386.801		1933		2		0
249.816		158.089		1607		2		0
184.208		303.605		1768		2		0
206.652		296.841		1812		2		0
331.575		314.121		1483		2		0
325.024		298.704		1488		2		0
Frame 49
268.498		231.779		1822		2		0
258.71		196.331		1701		2		0
246.129		153.176		1486		2		0
231.39		129.156		1413		2		0
211.255		179.181		1679		2		0
197.019		225.745		1802		2		0
187.113		276.863		1816		2		0
183.436		294.11		1783		2		0
282.074		171.142		1603		2		0
320.989		216.612		1572		2		0
332.24		285.873		1460		2		0
332.271		303.596		1443		2		0
251.908		233.906		1853		2		0
221.82		301.443		1765		2		0
230.982		370.476		1927		2		0
217.199		384.782		1964		2		0
285.344		229.643		1854		2		0
293.937		304.559		1703		2		0
286.874		369.15		1910		2		0
306.028		385.785		1945		2		0
249.714		164.437		1606		2		0
182.87		310.717		1777		2		0
189.451		296.487		1780		2		0
330.334		322.66		1449		2		0
321.326		303.77		1477		2		0
Frame 50
267.526		233.74		1831		2		0
257.72		202.398		1710		2		0
245.053		161.879		1486		2		0
230.285		139.534		1414		2		0
210.727		186.441		1684		2		0
195.49		234.043		1831		2		0
186.218		280.568		1826		2		0
181.273		300.386		1787		2		0
280.573		179.324		1610		2		0
321.057		227.541		1563		2		0
331.86		296.638		1423		2		0
331.463		313.429		1415		2		0
251.385		235.568		1859		2		0
221.653		304.213		1761		2		0
228.543		370.897		1926		2		0
216.619		385.405		1964		2		0
283.907		231.838		1858		2		0
293.291		306.389		1698		2		0
286.578		369.691		1915		2		0
306.363		385.372		1944		2		0
248.526		173.558		1607		2		0
180.365		316.513		1780		2		0
186.869		303.528		1783		2		0
330.177		332.107		1424		2		0
321.142		313.243		1448		2		0
Frame 51
265.732		235.695		1837		2		0
256.315		207.076		1706		2		0
243.822		171.224		1486		2		0
228.819		149.811		1416		2		0
210.345		194.732		1693		2		0
195.193		237.817		1826		2		0
185.019		284.64		1836		2		0
179.542		305.474		1789		2		0
278.87		187.503		1615		2		0
319.985		228.353		1557		2		0
331.374		299.014		1419		2		0
330.345		321.399		1396		2		0
249.348		237.28		1856		2		0
222.082		302.748		1755		2		0
228.175		371.145		1924		2		0
216.402		385.8		1967		2		0
282.344		234.077		1851		2		0
291.867		303.822		1706		2		0
286.133		370.192		1903		2		0
306.244		385.376		1941		2		0
247.338		180.801		1603		2		0
178.102		322.354		1780		2		0
185.454		307.268		1798		2		0
327.528		341.466		1404		2		0
319.74		321.559		1426		2		0
Frame 52
264.429		237.475		1834		2		0
255.581		211.899		1708		2		0
243.979		179.157		1495		2		0
227.773		159.13		1420		2		0
209.464		201.022		1704		2		0
195.107		243.889		1843		2		0
183.416		290.883		1846		2		0
178.286		309.651		1804		2		0
277.708		191.549		1609		2		0
317.601		235.834		1551		2		0
328.453		306.805		1419		2		0
328.211		329.806		1381		2		0
248.379		238.935		1846		2		0
222.392		302.88		1749		2		0
228.423		371.601		1912		2		0
215.847		385.126		1968		2		0
280.724		235.967		1826		2		0
290.042		300.992		1712		2		0
284.769		371.24		1908		2		0
305.563		385.205		1945		2		0
247.204		188.45		1611		2		0
175.85		326.454		1793		2		0
182.779		314.277		1791		2		0
325.17		350.647		1379		2		0
318.13		332.36		1398		2		0
Frame 53
264.384		237.302		1806		2		0
255.496		214.251		1690		2		0
243.619		187.364		1506		2		0
226.314		168.771		1426		2		0
208.799		208.245		1716		2		0
194.926		249.909		1864		2		0
183.175		295.283		1865		2		0
177.678		313.32		1821		2		0
277.268		200.467		1609		2		0
315.665		239.447		1544		2		0
324.306		317.384		1393		2		0
325.836		338.402		1365		2		0
248.144		238.618		1849		2		0
223.16		302.261		1745		2		0
228.46		371.995		1915		2		0
215.499		384.929		1970		2		0
280.827		235.905		1792		2		0
290.508		302.433		1706		1		0
284.895		369.51		1910		2		0
305.015		384.264		1960		2		0
246.961		194.498		1608		2		0
174.502		330.876		1807		2		0
184.777		311.986		1838		2		0
322.467		360.272		1373		2		0
314.108		338.873		1394		2		0
Frame 54
263.923		235.6		1749		2		0
255.131		215.978		1683		2		0
243.132		193.659		1520		2		0
224.995		176.199		1433		2		0
208.132		214.849		1722		2		0
195.036		256.677		1895		2		0
183.624		300.726		1889		2		0
177.509		317.138		1848		2		0
277.247		204.393		1604		2		0
312.434		245.649		1541		2		0
323.139		324.22		1376		2		0
322.658		347.051		1350		2		0
247.676		237.089		1788		2		0
223.353		302.049		1747		2		0
228.873		372.418		1919		2		0
215.556		384.8		1971		2		0
280.476		234.127		1729		2		0
290.139		302.092		1706		1		0
285.024		369.772		1906		2		0
304.989		384.625		1961		2		0
246.474		199.733		1611		2		0
173.501		333.923		1835		2		0
186.889		309.431		1896		2		0
320.077		369.851		1351		2		0
310.515		347.25		1386		2		0
Frame 55
262.155		236.401		1745		2		0
253.231		220.995		1686		2		0
242.198		201.385		1534		2		0
223.533		184.887		1443		2		0
207.17		223.185		1745		2		0
195.039		264.004		1917		2		0
183.71		307.319		1917		2		0
178.194		320.109		1885		2		0
276.657		207.654		1615		2		0
309.739		250.34		1539		2		0
317.628		329.546		1402		2		0
319.31		354.273		1345		2		0
245.647		238.654		1761		2		0
223.365		302.18		1746		2		0
228.879		372.493		1920		2		0
215.561		384.696		1969		2		0
278.927		234.277		1656		2		0
289.907		301.187		1708		2		0
285.665		368.99		1896		2		0
289.147		389.917		1848		2		0
245.26		206.863		1621		2		0
174.221		336.79		1876		2		0
187.201		313.268		1934		2		0
317.446		379.122		1338		2		0
307.614		352.487		1389		2		0
Frame 56
257.524		242.945		1750		2		0
250.83		227.291		1691		2		0
241.377		206.749		1537		2		0
222.415		190.959		1451		2		0
206.697		227.673		1758		2		0
195.412		267.309		1943		2		0
184.955		309.025		1960		2		0
179.415		321.503		1931		2		0
276.839		216.367		1609		2		0
308.269		257.63		1534		2		0
314.912		337.837		1387		2		0
315.319		362.68		1336		2		0
242.444		243.539		1752		2		0
222.984		304.268		1744		2		0
231.895		372.894		1921		2		0
217.935		382.42		1997		2		0
273.353		241.714		1690		2		0
289.553		301.572		1710		2		0
295.935		358.485		1864		1		0
296.694		382.18		1942		2		0
244.076		212.431		1631		2		0
174.362		337.785		1917		2		0
181.287		326.142		1909		2		0
314.254		386.784		1318		2		0
304.279		355.505		1394		2		0
Frame 57
259.218		256.863		1798		2		0
250.534		238.655		1727		2		0
239.525		213.199		1550		2		0
221.513		197.098		1467		2		0
205.81		235.105		1781		2		0
196.345		274.435		1981		2		0
185.338		314.585		2002		2		0
180.398		324.564		1981		2		0
276.28		221.726		1620		2		0
305.714		263.743		1535		2		0
313.487		344.331		1358		2		0
311.062		373.016		1326		2		0
244.224		257.288		1828		2		0
221.897		318.167		1767		2		0
230.818		369.886		1922		2		0
218.365		382.833		1999		2		0
274.504		256.445		1792		2		0
292.912		319.041		1662		1		0
285.406		376.042		1904		2		0
301.949		392.578		1331		2		0
242.464		220.469		1649		2		0
175.752		339.877		1976		2		0
185.43		325.789		1976		2		0
308.333		394.942		1327		2		0
299.205		371.759		1378		2		0
Frame 58
259.393		296.327		2057		2		0
250.283		262.408		1803		2		0
239.031		218.011		1572		2		0
220.764		203.178		1483		2		0
206.388		238.674		1796		2		0
197.968		276.976		2011		2		0
188.046		314.06		2057		2		0
183.673		323.018		2034		2		0
275.225		226.407		1624		2		0
302.169		269.304		1537		2		0
306.599		350.592		1368		2		0
306.764		376.392		1330		2		0
246.845		296.337		1922		2		0
218.115		293.195		1787		2		0
229.818		367.706		1922		2		0
219.4		383.646		1977		2		0
272.193		296.329		1962		2		0
284.077		328.98		1696		1		0
283.898		378.562		1898		2		0
288.208		396.95		1813		2		0
241.967		231.523		1696		2		0
178.404		339.396		2047		2		0
188.433		325.024		2037		2		0
305.737		401.009		1319		2		0
295.197		372.809		1397		2		0
Frame 59
265.639		279.368		1931		2		0
254.12		255.347		1762		2		0
239.242		222.898		1608		2		0
220.153		208.514		1501		2		0
207.134		247.684		1830		2		0
199.037		276.674		2035		2		0
191.407		311.13		2116		2		0
186.381		323.906		2098		2		0
274.231		231.007		1636		2		0
300.037		273.274		1537		2		0
303.921		354.617		1375		2		0
302.263		380.691		1333		2		0
252.804		281.491		1971		2		0
225.714		294.041		1786		1		0
230.052		367.398		1917		2		0
219.916		383.859		1985		2		0
278.761		277.211		1907		2		0
277.882		327.892		1779		1		0
283.114		379.791		1904		2		0
285.958		398.352		1811		2		0
242.694		232.288		1693		2		0
181		339.251		2132		2		0
191.813		324.726		2100		2		0
301.841		406.281		1318		2		0
292.511		371.716		1400		2		0
Frame 60
268.763		270.459		1806		2		0
254.755		254.002		1756		2		0
238.687		227.606		1610		2		0
220		212.58		1519		2		0
207.852		249.971		1843		2		0
200.629		276.486		2060		2		0
194.085		317.171		2170		2		0
189.632		324.058		2167		2		0
273.195		234.886		1654		2		0
296.788		277.287		1544		2		0
300.658		358.115		1373		2		0
297.214		385.008		1333		2		0
254.902		273.247		1842		2		0
222.824		290.369		1817		1		0
228.946		359.891		1893		2		0
221.263		380.299		1983		2		0
283.044		267.601		1586		2		0
277.447		320.507		1748		1		0
280.56		376.366		1929		2		0
281.7		394.446		1920		1		0
243.026		234.486		1704		2		0
183.502		338.003		2239		2		0
194.741		325.13		2162		2		0
294.811		411.008		1318		2		0
288.475		379.359		1386		2		0
Frame 61
266.857		274.509		1818		2		0
254.477		256.128		1766		2		0
238.855		232.05		1630		2		0
219.915		217.983		1539		2		0
209.189		254.633		1868		2		0
202.581		285.082		2121		2		0
197.467		316.048		2225		2		0
193.672		323.211		2220		2		0
271.834		237.256		1673		2		0
294.942		278.97		1563		2		0
296.706		359.409		1385		2		0
292.515		386.359		1342		2		0
253.429		276.651		1837		2		0
223.289		290.335		1828		1		0
231.258		361.496		1917		2		0
220.972		379.876		2040		2		0
280.635		272.369		1600		2		0
276.84		324.827		1789		1		0
277.635		374.42		2048		2		0
279.325		391.101		0		1		0
243.145		238.923		1725		2		0
188.001		335.714		2252		2		0
193.916		329.836		2217		2		0
291.015		411.943		1321		2		0
282.636		393.144		1366		2		0
Frame 62
269.327		276.93		1820		2		0
255.826		259.17		1774		2		0
238.438		237.229		1657		2		0
220.215		221.802		1564		2		0
209.479		256.101		1889		2		0
213.337		278.718		2079		2		0
199.759		316.105		2278		2		0
196.478		324.08		2288		1		0
271.123		243.555		1689		2		0
293.397		283.44		1574		2		0
293.047		363.53		1389		2		0
287.971		391.284		1343		2		0
256.059		279.017		1840		2		0
227.883		297.516		1804		1		0
232.08		368.864		1930		2		0
217.873		383.13		1981		2		0
283.171		274.928		1606		2		0
275.118		328.197		2544		1		0
276.561		375.85		2082		1		0
256.045		380.599		2037		1		0
243.274		242.993		1754		2		0
192.5		335.5		2316		2		0
198.622		328.82		2269		2		0
286.23		416.705		1326		1		0
276.58		400.098		1388		2		0
Frame 63
265.256		285.962		1869		2		0
253.611		266.059		1808		2		0
238.818		240.05		1678		2		0
221.013		224.945		1596		2		0
214.367		262.837		1920		2		0
217.047		284.39		2187		1		0
202.825		316.389		1844		2		0
198.492		326.686		2345		1		0
271.341		245.056		1712		2		0
290.789		287.643		1586		2		0
289.589		366.201		1391		2		0
283.423		393.213		1346		2		0
252.087		288.304		1947		2		0
220.647		303.959		1775		1		0
232.113		374.458		1909		2		0
216.729		385.413		1960		2		0
278.774		283.573		1624		2		0
274.183		331.825		2504		1		0
275.45		379.056		1374		1		0
254.809		382.231		2016		1		0
243.01		247.149		1784		2		0
196.504		333.996		2351		2		0
202.75		331.002		2317		2		0
281.371		418.791		1327		1		0
274.121		402.982		1350		2		0
Frame 64
270.632		294.529		1955		2		0
256.427		271.693		1838		2		0
239.82		245.292		1711		2		0
222.679		229.224		1628		2		0
214.414		264.868		1941		1		0
217.54		286.41		0		1		0
205.213		316.801		1813		2		0
201.936		335.074		2415		1		0
270.414		251.268		1725		2		0
287.988		289.512		1609		2		0
285.767		367.01		1400		2		0
279.242		394.325		1356		2		0
257.579		296.29		2002		2		0
212.281		310.027		1792		2		0
231.937		379.441		1901		2		0
216.208		385.611		1957		2		0
284.057		292.732		1592		2		0
288.264		346.157		1439		1		0
287.894		390.897		1352		1		0
268.618		390.015		0		2		0
244.316		252.213		1816		2		0
200.5		343.5		2447		2		0
204.857		343		2375		2		0
277.992		419.01		1334		1		0
269.276		404.811		1358		2		0
Frame 65
266.944		317.571		2067		2		0
257.107		288.067		1911		2		0
245.761		254.057		1840		2		0
227.284		236.182		1668		2		0
215.401		269.027		1972		1		0
210.204		285.408		2153		2		0
225.686		338.194		1899		2		0
226.133		350.799		1905		1		0
271.139		251.95		1763		2		0
285.104		293.64		1616		2		0
281.667		369.927		1408		2		0
275.003		400.791		1348		2		0
254.232		318.895		2074		2		0
207.874		316.496		1834		1		0
227.708		386.268		1873		1		0
224.442		393.441		1858		2		0
280.178		316.205		1530		2		0
295.108		336.468		1777		1		0
294.064		380.178		1977		1		0
276.245		379.123		1361		1		0
248.758		263.035		1857		2		0
225.919		369.309		1932		2		0
215.363		348.105		1887		2		0
274.236		420.252		1345		1		0
265.475		400.782		1385		2		0
Frame 66
262.201		321.502		2120		2		0
255.607		289.804		1941		2		0
246.015		255.896		1869		2		0
227.482		237.985		1692		2		0
215.992		270.843		1993		1		0
210.556		286.832		1950		1		0
225.585		338.324		1917		2		0
224.712		348.824		1912		1		0
271.951		256.817		1766		2		0
282.511		296.621		1623		2		0
278.02		372.753		1404		2		0
271.176		396.731		1358		2		0
247.215		322.614		2099		2		0
205.986		312.907		1861		1		0
226.026		383.346		1895		1		0
214.084		397.153		1833		2		0
277.216		320.518		1535		2		0
279.851		338.43		1481		1		0
280.426		383.058		1390		1		0
261.762		382.039		0		1		0
248.457		264.693		1888		2		0
225.493		369.5		1926		2		0
214.17		344.142		1894		2		0
269.368		419.24		1345		1		0
262.007		397.869		1390		2		0
Frame 67
250.685		326.298		0		2		0
248.838		294.791		2092		2		0
246.624		257.878		1912		2		0
228.973		240.719		1721		2		0
215.483		271.717		2026		2		0
214.49		304.365		1909		1		0
231.225		358.897		1946		2		0
227.823		371.835		1926		1		0
272.585		260.474		1775		2		0
279.006		299.491		1625		2		0
270.327		371.142		1387		2		0
267.537		396.168		1361		2		0
238.51		325.539		0		2		0
206.665		317.433		1906		1		0
226.071		385.427		1867		1		0
214.575		393.413		1893		2		0
263.12		327.082		0		2		0
286.849		382.909		1867		2		0
286.519		421.779		1684		1		0
268.007		421.885		1366		1		0
247.259		267.815		1920		2		0
223.006		391.68		1853		2		0
227.801		388.449		1856		2		0
267.201		418.115		1368		1		0
259.071		394.946		1379		2		0
Frame 68
256.207		322.117		2191		2		0
250.275		294.113		2114		2		0
247.055		260.344		1941		2		0
229.071		242.587		1753		2		0
216.979		275.565		2064		2		0
212.77		319.114		1947		2		0
233.115		362.498		1948		2		0
228.944		374.821		1908		1		0
272.905		260.367		1806		2		0
276.63		296.255		1650		2		0
269.574		366.956		1408		2		0
263.322		388.002		1377		2		0
240.892		323.469		2179		2		0
207.798		323.061		1945		1		0
226.549		388.526		1846		1		0
211.642		389.731		1914		2		0
271.051		321.678		1559		2		0
292.305		377.971		1908		1		0
291.397		416.695		1707		1		0
278.665		414.834		1707		1		0
248.012		268.724		1955		2		0
237.291		389.783		1940		2		0
229.25		392.729		1830		2		0
260.81		411.405		1383		2		0
255.367		375.256		1487		2		0
Frame 69
255.613		322.171		2228		2		0
251.692		294.635		2161		2		0
247.424		263.544		1987		2		0
231.561		246.308		1800		2		0
215.734		276.455		2099		2		0
213.707		320.106		1980		2		0
232.387		361.034		1960		2		0
229.142		373.394		1915		1		0
272.968		258.315		1853		2		0
273.986		300.786		1644		2		0
263.642		368.153		1419		2		0
258.954		383.916		1384		2		0
241.401		322.305		2206		2		0
209.315		323.483		1975		1		0
227.638		387.716		1853		1		0
213.072		388.865		1927		1		0
270.228		322.133		1562		2		0
288.924		381.364		1866		1		0
288.394		418.721		1714		1		0
275.87		416.982		1722		1		0
248.542		271.682		1995		2		0
240.798		386.217		1925		2		0
229.17		391.914		1827		2		0
255.891		403.015		1409		2		0
251.002		389.616		1398		2		0
Frame 70
254.53		322.989		2270		2		0
249.933		295.93		2215		2		0
244.775		265.562		2038		2		0
232.347		247.339		1841		2		0
214.868		277.268		2146		2		0
215.133		319.214		2012		2		0
230.712		361.883		1960		2		0
226.665		373.15		1920		1		0
272.02		257.317		1897		2		0
273.876		300.785		1663		2		0
259.421		353.353		1467		2		0
256.629		368.151		1423		2		0
240.558		323.587		2264		2		0
209.179		324.052		2001		1		0
227.018		386.555		1843		1		0
212.829		387.623		1917		1		0
268.908		322.385		1570		2		0
288.479		379.612		1869		1		0
288.007		416.994		1687		1		0
275.541		415.194		1699		1		0
246.123		273.494		2047		2		0
235.083		387.398		1900		2		0
233.118		379.435		1931		2		0
251.975		389.364		1409		2		0
249.147		359.428		1497		2		0
Frame 71
249.863		324.554		2327		2		0
246.66		294.901		2269		2		0
241.567		261.374		1977		2		0
230.885		244.16		1892		2		0
215.188		277.498		2194		2		0
215.42		318.897		2036		2		0
233.632		359.751		1972		2		0
227.699		371.224		1922		1		0
270.583		251.155		1987		2		0
274.126		292.1		1715		2		0
258.158		343.743		1491		2		0
255.467		355.435		1458		2		0
233.365		327.218		2537		2		0
197.491		315.589		0		1		0
216.346		380.245		1977		1		0
201.263		381.048		1981		1		0
266.023		322.588		1573		2		0
283.76		377.916		1885		1		0
283.802		414.807		1699		1		0
271.433		412.946		1712		1		0
242.958		270.303		2092		2		0
240.138		386.93		1970		2		0
228.175		384.999		1859		2		0
250.776		376.475		1432		2		0
246.491		354.994		1501		2		0
Frame 72
227.246		341.508		2018		2		0
234.023		302.315		2221		2		0
241.336		260.064		2025		2		0
232.375		243.98		1950		2		0
216.174		278.585		2241		2		0
216.204		317.521		2066		2		0
231.964		359.311		1971		2		0
227.229		370.082		1926		1		0
269.817		251.904		2026		2		0
273.419		287.287		1747		2		0
258.36		340.018		1493		2		0
256.548		343.849		1485		2		0
217.911		341.649		2003		2		0
164.705		363.267		0		1		0
185.876		423.921		1661		1		0
9999		9999		9999		1		0
236.713		341.366		2373		2		0
277.477		386.007		1953		1		0
278.134		420.445		1668		1		0
266.08		418.86		1679		1		0
239.457		270.919		2140		2		0
238.453		385.17		1966		2		0
214.244		370.943		2111		2		0
252.789		364.461		1457		2		0
246.812		346.878		1498		2		0
Frame 73
228.686		342.183		2029		2		0
235.468		302.758		2267		2		0
241.793		261.177		2091		2		0
234.63		244.583		2018		2		0
216.948		276.223		2290		2		0
218.382		318.153		2086		2		0
225.225		362.235		1968		2		0
223.044		372.872		1932		1		0
271.366		249.436		2102		2		0
272.642		280.804		1802		2		0
260.107		330.085		1512		2		0
260.211		330.573		1512		2		0
218.501		342.235		2017		2		0
202.232		391.698		1874		2		0
9999		9999		9999		1		0
9999		9999		9999		1		0
239.495		342.08		2376		2		0
283.208		376.16		1887		1		0
283.311		411.921		1697		1		0
284.37		412.089		1689		2		0
240.331		271.762		2206		2		0
211.624		385.048		1934		2		0
213.056		369.661		2123		2		0
259.773		347.427		1510		2		0
252.604		349.805		1508		2		0
Frame 74
229.415		342.552		2046		2		0
236.766		302.686		2311		2		0
243.059		261.38		2153		2		0
236.743		244.059		2081		2		0
218.125		272.663		2323		2		0
216.713		307.257		2154		2		0
225.091		347.219		2010		2		0
223.717		357.836		1986		1		0
270.25		247.715		2199		2		0
272.525		272.453		1879		2		0
268.652		303.272		1622		2		0
265.605		317.1		1554		2		0
219.607		342.956		2037		2		0
222.015		404.492		1773		2		0
9999		9999		9999		1		0
9999		9999		9999		1		0
239.917		342.268		2384		2		0
295.088		327.225		2057		2		0
294.136		369.463		1886		1		0
295.759		367.494		1893		1		0
241.516		271.756		2274		2		0
211.649		378.229		1992		2		0
211.392		348.305		2322		2		0
255.662		332.999		1438		2		0
266.588		331.267		0		2		0
Frame 75
230.001		342.59		2075		2		0
238.027		302.241		2373		2		0
245.33		262.015		2227		2		0
239.662		244.786		2154		2		0
219.869		269.328		2368		2		0
218.439		308.617		2193		2		0
223.443		347.701		2026		2		0
221.861		359.444		1979		1		0
271.005		248.356		2264		2		0
286.651		270.141		3561		1		0
273.65		294.29		1650		2		0
270.731		301.599		1612		2		0
220.126		343.043		2054		2		0
218.849		402.924		1780		2		0
9999		9999		9999		1		0
9999		9999		9999		1		0
240.268		342.184		2371		2		0
293.867		328.034		2096		1		0
293.047		369.578		1883		1		0
294.592		367.644		1888		1		0
243.547		272.019		2332		2		0
208.375		379.244		1993		2		0
214.247		363.623		2161		2		0
267.978		315.704		1567		2		0
280.89		307.315		1600		2		0
Frame 76
234.561		346.289		0		2		0
241.873		306.287		2442		2		0
248.917		267.746		2370		2		0
244.287		247.919		2234		2		0
221.474		267.297		2424		2		0
219.925		312.151		2209		2		0
226.358		347.95		2056		2		0
221.196		358.799		1978		1		0
296.361		297.261		2281		2		0
296.881		333.524		2102		2		0
286.364		315.854		2287		2		0
274.51		291.361		1655		1		0
221.134		343.573		2069		2		0
212.866		400.986		1801		2		0
9999		9999		9999		1		0
9999		9999		9999		1		0
246.728		348.369		2317		2		0
308.883		322.199		2200		1		0
306.673		363.241		1980		1		0
308.827		361.053		2045		1		0
247.182		277.236		2397		2		0
210.143		379.413		1979		2		0
238.998		367.496		2131		2		0
271		304		1599		2		0
282.885		291.266		1671		2		0
Frame 77
235.704		345.52		2360		2		0
243.398		305.068		2519		2		0
251.058		266.748		2431		2		0
248.476		247.355		2311		2		0
224.716		268.136		2484		2		0
219.616		308.715		2253		2		0
225.233		342.68		2087		2		0
220.34		351.633		2020		1		0
297.289		295.417		0		1		0
295.933		310.338		2257		2		0
286.606		301.164		2430		1		0
277.69		281.368		1730		2		0
222.42		343.435		2070		2		0
212.94		400.993		1822		2		0
9999		9999		9999		1		0
9999		9999		9999		1		0
248.312		347.114		2356		2		0
310.787		314.88		2701		1		0
308.459		355.96		2138		1		0
310.658		353.464		2195		1		0
249.41		275.905		2465		2		0
208.456		373.365		2059		2		0
232.009		350.122		2108		2		0
272.839		284.344		1723		2		0
288.2		286.296		1725		2		0
Frame 78
236.669		342.569		2410		2		0
245.917		300.776		2579		2		0
253.913		264.145		2513		2		0
251.011		246.045		2371		2		0
226.655		266.031		2542		2		0
219.022		302.183		2286		2		0
222.608		335.925		2120		2		0
219.655		342.913		2064		1		0
299.955		302.593		2299		2		0
299.1		343.816		2071		2		0
288.32		303.827		2368		2		0
280.967		275.685		1793		2		0
224.498		340.036		2095		2		0
217.172		389.548		1804		2		0
9999		9999		9999		1		0
9999		9999		9999		1		0
248.686		345.001		2399		2		0
310.903		311.751		2775		1		0
308.593		352.796		2184		1		0
310.778		350.173		2231		1		0
251.995		272.959		2533		2		0
209.867		365.518		2140		2		0
210.692		349.821		2295		2		0
275.648		276.154		1802		2		0
275.193		284.065		1762		2		0
Frame 79
242.574		337.693		2499		2		0
250.849		296.98		2618		2		0
258.574		258.946		2546		2		0
253.788		242.093		2419		2		0
229.054		262.128		2600		2		0
220.299		296.143		2322		2		0
221.626		331.495		2125		2		0
219.015		335.598		2094		1		0
303.973		296.012		0		1		0
297.022		334.644		2107		2		0
293.316		373.259		1762		2		0
291.723		397.663		1802		2		0
231.364		337.308		2449		2		0
214.779		378.065		1779		2		0
9999		9999		9999		1		0
9999		9999		9999		1		0
253.54		338.074		2513		2		0
296.687		327.754		2147		2		0
295.628		368.06		1848		1		0
295.573		373.886		1776		2		0
256.692		268.21		2576		2		0
219.739		346.112		2018		2		0
211.468		329.847		2149		2		0
280.23		411.644		1706		2		0
308.001		406.013		1738		2		0
Frame 80
237.152		329.052		2579		2		0
248.37		289.614		2661		2		0
258.757		253.093		2557		2		0
254.655		236.705		2472		2		0
232.173		255.842		2631		2		0
223.5		288.841		2366		2		0
220.226		324.484		2132		2		0
214.393		362.729		1781		2		0
275.69		262.402		2602		2		0
288.638		295.475		2348		2		0
292.062		333.899		2089		2		0
288.388		281.693		1955		2		0
225.306		328.425		2131		2		0
199.451		381.309		1995		2		0
9999		9999		9999		1		0
9999		9999		9999		1		0
248.832		329.676		2624		2		0
283.093		315.226		2317		1		0
283.333		356.544		1995		1		0
285.499		363.503		1827		2		0
256.233		261.963		2648		2		0
209.575		361.729		1765		2		0
206.183		371.239		1851		2		0
278.503		284.492		0		2		0
277.831		288.834		1914		2		0
Frame 81
235.827		321.843		2705		2		0
247.209		283.939		2715		2		0
257.911		249.029		2602		2		0
254.972		231.604		2516		2		0
233.113		254.684		2658		2		0
225.829		283.914		0		2		0
221.302		318.009		2152		2		0
211.53		352.078		1814		2		0
277.278		249.299		2602		2		0
294.643		251.797		2358		2		0
294.108		276.386		2008		2		0
294.521		281.131		1986		2		0
225.382		321.507		2153		2		0
218.275		390.821		1865		2		0
9999		9999		9999		1		0
9999		9999		9999		1		0
246.179		322.182		2624		2		0
278.147		310.809		2391		1		0
278.838		351.946		2293		1		0
281.629		359.044		0		2		0
255.295		257.485		2681		2		0
206.806		346.044		1794		2		0
202.761		357.932		1850		2		0
296.994		286.402		1999		2		0
286.849		290.281		2020		2		0
Frame 82
236.337		320.523		2710		2		0
247.692		282.42		2733		2		0
258.276		246.874		2628		2		0
255.825		230.064		2562		2		0
235.016		253.112		2689		2		0
223.415		275.587		2637		2		0
221.66		298.963		2301		2		0
211.903		340.783		1834		2		0
278.133		248.913		2633		2		0
291.393		257.842		2433		2		0
296.021		274.114		2042		2		0
300.669		275.594		2002		2		0
225.923		320.121		2112		2		0
217.943		392.13		1849		2		0
9999		9999		9999		1		0
9999		9999		9999		1		0
246.655		320.928		2628		2		0
278.432		310.326		2325		1		0
279.096		351.392		1968		1		0
281.953		358.425		1881		2		0
255.703		255.547		2719		2		0
207.381		332.807		1814		2		0
210.593		354.627		1928		2		0
302.669		280.442		1968		2		0
291.5		283.497		2043		2		0
Frame 83
237.688		319.467		2716		2		0
249.038		281.472		2757		2		0
259.464		246.279		2666		2		0
256.658		229.779		2604		2		0
235.602		253.614		2699		2		0
223.926		272.978		2605		2		0
221.967		292.51		0		2		0
212.47		326.878		1844		2		0
278.459		250.099		2677		2		0
291.095		257.117		2441		2		0
303.561		266.106		2082		2		0
305.331		267.718		2067		2		0
227.079		318.944		2098		2		0
219.074		391.449		1870		1		0
9999		9999		9999		1		0
9999		9999		9999		1		0
248.209		319.989		2627		2		0
280.011		307.843		2282		1		0
280.529		348.737		1867		1		0
282.931		355.832		1899		2		0
256.945		254.831		2743		2		0
210.537		316.242		1832		2		0
207.851		337.806		1881		2		0
307.527		274.57		1999		2		0
295.499		273.495		2086		2		0
Frame 84
237.661		319.252		2723		2		0
249.094		281.622		2769		2		0
259.675		246.843		2697		2		0
257.481		230.224		2632		2		0
236.831		253.166		2720		2		0
218.823		274.391		2563		2		0
196.482		308.443		2323		2		0
192.355		317.286		2271		2		0
278.687		252.817		2708		2		0
292.033		256.794		2463		2		0
303.419		262.158		2142		2		0
307.325		264.943		2094		2		0
227.086		318.451		1967		2		0
209.042		319.199		1877		2		0
228.631		388.104		1882		1		0
226.286		366.827		2118		1		0
248.107		320.177		2638		2		0
279.75		308.257		1822		1		0
280.29		349.029		1904		1		0
280.557		344.724		1893		2		0
257.103		255.281		2779		2		0
187.378		327.776		2251		2		0
184.599		327.398		2285		2		0
310.748		271.419		2035		2		0
297.427		268.92		2120		2		0
Frame 85
237.191		320.161		2709		2		0
249.092		281.621		2784		2		0
259.791		246.562		2729		2		0
258.028		229.762		2663		2		0
237.616		252.994		2730		2		0
219.445		269.714		2561		2		0
203.778		291.658		2361		2		0
192.704		306.069		2255		2		0
278.638		252.048		2734		2		0
292.442		256.088		2487		2		0
303.15		261.325		2152		2		0
307.244		263.631		2117		2		0
226.505		319.545		1927		2		0
201.028		375.303		2052		2		0
9999		9999		9999		1		0
9999		9999		9999		1		0
247.834		320.706		2648		2		0
278.835		308.122		1841		1		0
279.455		348.771		2304		1		0
279.33		343.731		1914		2		0
257.174		255.07		2787		2		0
187.67		315.419		2225		2		0
184.746		313.61		2269		2		0
309.571		269.742		2063		2		0
297.181		267.903		2142		2		0
Frame 86
236.75		319.264		2732		2		0
248.624		280.539		2793		2		0
259.304		245.528		2747		2		0
258.411		229.037		2684		2		0
238.416		251.725		2767		2		0
221.587		267.417		2541		2		0
206.757		283.683		2352		2		0
196.676		294.14		2299		2		0
279.02		250.095		2753		2		0
292.623		256.072		2508		2		0
300.864		256.084		2291		2		0
306.411		263.369		2142		2		0
226.29		318.768		1925		2		0
243.201		282.623		2494		2		0
281.579		320.924		1877		1		0
281.047		319.011		1874		2		0
247.052		319.64		2646		2		0
276.592		308.044		1867		1		0
277.411		348.647		2304		1		0
277.126		342.716		2401		1		0
256.657		253.805		2807		2		0
191.868		299.455		2213		2		0
189.372		303.87		2270		2		0
308.533		269.844		2080		2		0
296.667		268.496		2142		2		0
Frame 87
237.162		318.475		2726		2		0
248.986		279.831		2805		2		0
259.491		245.263		2773		2		0
259.215		228.239		2713		2		0
239.36		250.381		2785		2		0
220.701		264.717		2538		2		0
206.117		277.404		2230		1		0
202.212		282.193		2256		2		0
279.215		249.939		2772		2		0
293.221		252.566		2549		2		0
300.962		256.064		2289		2		0
306.228		263.564		2154		2		0
226.94		317.871		1919		2		0
244.811		281.176		2501		2		0
283.231		320.693		1891		1		0
282.569		318.763		1891		1		0
247.298		318.948		2647		2		0
277.008		312.541		1887		1		0
277.79		352.919		2238		1		0
277.703		347.102		2318		1		0
256.921		253.512		2825		2		0
198.059		285.88		2205		2		0
202.398		285.968		2265		2		0
306.656		270.206		2118		2		0
296.111		269.332		2171		2		0
Frame 88
237.86		317.251		2715		2		0
249.676		278.482		2792		2		0
260.167		243.871		2772		2		0
260.038		227.889		2736		2		0
240.202		249.883		2807		2		0
218.732		260.945		2507		2		0
207.762		270.812		2219		1		0
206.475		273.943		2201		2		0
279.392		249.542		2784		2		0
293.424		251.89		2547		2		0
299.965		257.09		0		2		0
306.409		263.417		2171		2		0
227.776		316.648		1923		2		0
245.667		280.196		2536		2		0
278.595		327.762		2622		1		0
278.523		325.023		2640		1		0
247.86		317.78		2653		2		0
277.303		312.938		1910		1		0
278.058		353.296		2220		1		0
277.717		344.776		2376		1		0
257.635		252.158		2832		2		0
206.2		276.121		2204		2		0
201.895		279.497		2243		2		0
307.81		270.194		2129		2		0
296.634		269		2209		2		0
Frame 89
238.093		316.832		2675		2		0
249.688		278.43		2797		2		0
259.935		244.277		2812		2		0
260.434		227.64		2754		2		0
240.347		249.851		2807		2		0
220.498		260.44		0		1		0
222.606		276.265		1918		2		0
224.644		282.736		1915		2		0
279.489		249.05		2795		2		0
294.854		250.949		2551		1		0
298.093		258.113		0		1		0
306.872		262.776		2190		2		0
228.105		316.296		1930		2		0
245.246		277.659		0		2		0
278.577		322.958		2679		1		0
278.503		320.005		2657		1		0
248.016		317.326		2646		2		0
277.558		312.99		1915		1		0
278.291		353.352		2215		1		0
277.932		344.811		2374		1		0
257.475		252.447		2848		2		0
228.146		276.63		1911		2		0
218.38		297.231		1920		2		0
309.152		269.184		2139		2		0
297.222		267.888		2211		2		0
Frame 90
238.987		316.687		2686		2		0
250.32		278.557		2802		2		0
260.362		244.589		2817		2		0
261.059		227.68		2766		2		0
240.545		249.896		2815		2		0
236.82		256.554		2797		1		0
231.412		270.252		1928		2		0
225.467		279.723		1923		2		0
279.713		248.506		2799		2		0
298.295		253.462		2471		1		0
306.183		262.029		2189		1		0
307.173		263.873		2177		2		0
229.109		316.297		0		2		0
245.439		277.749		0		1		0
278.907		322.646		2676		1		0
278.849		319.683		2657		1		0
248.803		317.064		2649		2		0
278.957		314.548		2594		1		0
279.563		354.783		2204		1		0
279.162		346.206		2338		1		0
257.954		252.725		2860		2		0
220.578		280.07		1923		2		0
230.846		297.884		1935		2		0
308.503		268.041		2146		2		0
297.273		266.269		2214		2		0
Frame 91
239.17		316.234		2679		2		0
250.576		278.407		2804		2		0
260.723		245.027		2849		2		0
261.481		227.886		2779		2		0
241.579		250.605		2829		2		0
239.15		253.814		2820		1		0
233.749		266.357		1936		2		0
225.783		271.349		1928		2		0
282.084		247.085		2808		2		0
299.657		255.077		2456		1		0
305.3		260.735		2211		1		0
307.335		262.506		2188		2		0
229.366		315.934		2766		2		0
246.602		276.632		2803		1		0
279.347		322.092		2686		1		0
279.308		319.123		2667		1		0
248.92		316.524		2641		2		0
279.465		308.363		1922		1		0
288.486		314.071		2749		2		0
287.317		309.662		2676		2		0
258.289		252.988		2862		2		0
224.765		270.823		1931		2		0
233.43		286.165		1962		2		0
307.777		267.332		2167		2		0
297.729		264.447		2229		2		0
Frame 92
239.623		315.569		2673		2		0
250.952		278.253		2805		2		0
261.017		245.173		2855		2		0
261.599		228.158		2789		2		0
241.806		250.634		2830		2		0
239.295		253.501		2820		1		0
233.979		265.759		1946		2		0
226.415		269.034		1939		2		0
280.184		244.17		2839		2		0
296.567		253.229		2572		1		0
300.224		266.637		0		2		0
282.156		265.805		1919		2		0
229.643		315.554		2760		2		0
247.115		276.719		2819		1		0
279.73		321.969		2681		1		0
279.708		319.001		2669		1		0
249.609		315.489		2644		2		0
281.118		301.461		1915		1		0
289.623		309.47		2754		1		0
288.275		306.176		2680		2		0
258.606		253.082		2869		2		0
224.958		268.91		1944		2		0
232.576		284.622		1939		2		0
279.101		263.547		1926		2		0
278.915		281.571		1932		2		0
Frame 93
241.258		314.782		2658		2		0
251.676		278.092		2811		2		0
261.431		245.372		2867		2		0
261.845		228.231		2802		2		0
242.257		250.722		2848		2		0
239.607		253.094		2836		1		0
234.41		265.003		1942		2		0
226.85		266.726		1944		2		0
279.859		243.534		2887		2		0
293.493		252.143		2602		2		0
288.543		269.297		1917		2		0
282.509		265.129		1923		2		0
231.093		315.175		2768		2		0
247.948		275.757		2827		1		0
280.2		321.963		2687		1		0
280.199		319		2677		1		0
251.453		314.241		2639		2		0
285.413		308.509		2652		1		0
293.584		315.097		2730		1		0
291.672		310.867		2847		2		0
259.074		253.184		2869		2		0
223.951		265.96		1942		2		0
231.9		282.492		1946		2		0
282.206		262.74		1920		2		0
278.991		282.216		1926		2		0
Frame 94
241.413		314.762		2660		2		0
251.838		278.047		2813		2		0
261.489		245.392		2878		2		0
262.031		228.297		2808		2		0
242.266		250.648		2850		2		0
239.584		252.633		2837		1		0
235.778		262.299		1947		2		0
227.14		264.275		1948		2		0
279.785		243.522		0		2		0
293.108		251.185		0		2		0
288.795		264.171		1925		2		0
282.999		262.81		1930		2		0
231.191		315.182		2765		2		0
248.257		275.204		2839		1		0
280.246		321.768		2687		1		0
280.247		318.803		2660		1		0
251.676		314.209		2636		2		0
285.463		308.347		2658		1		0
293.625		314.96		2743		1		0
291.798		310.781		2848		2		0
259.182		253.18		2884		2		0
224.888		265.757		1948		2		0
234.188		281.051		1951		2		0
287.396		261.664		1923		2		0
279.741		278.975		1936		2		0
Frame 95
243.885		316.251		2661		2		0
252.977		278.488		2818		2		0
261.694		245.334		2884		2		0
262.151		228.183		2808		2		0
243.4		250.397		2843		2		0
240.422		252.072		2850		1		0
236.218		262.397		1953		2		0
227.544		263.205		1954		2		0
279.792		243.484		0		1		0
294.238		251.095		0		2		0
289.526		264.038		1929		2		0
283.743		262.673		1939		2		0
234.202		316.708		2762		2		0
246.924		276.934		0		1		0
280.462		321.564		2686		1		0
280.473		318.595		2669		1		0
253.606		315.814		2644		2		0
287.657		325.089		2623		1		0
295.405		329.007		2524		1		0
293.809		325.657		2597		1		0
259.549		253.204		2882		2		0
225.417		265.148		1953		2		0
235.28		279.469		1966		2		0
287.619		261.786		1931		2		0
279.692		278.995		1943		2		0
Frame 96
247.397		317.759		2656		2		0
254.102		278.891		2815		2		0
261.753		245.307		2896		2		0
262.28		228.184		2815		2		0
243.87		250.777		2854		2		0
240.803		252.196		2848		1		0
236.557		262.575		1962		2		0
228.097		262.836		1954		2		0
278.309		243.952		2906		2		0
292.24		253.692		1931		2		0
289.184		269.217		1925		2		0
284.262		279.869		1931		2		0
237.376		319.567		2724		2		0
243.468		288.731		2405		1		0
281.98		327.985		2613		1		0
282.063		325.108		2647		1		0
257.913		316.441		2661		2		0
298.677		326.907		2555		1		0
290.727		315.869		2753		2		0
288.654		311.673		2710		1		0
259.813		253.271		2885		2		0
225.268		264.914		1954		2		0
235.275		278.49		1964		2		0
284.157		287.401		1926		2		0
280.186		300.523		1943		2		0
Frame 97
247.708		317.974		2659		2		0
254.697		279.113		2804		2		0
261.934		245.263		2898		2		0
262.346		228.196		2819		2		0
244.138		250.899		2861		2		0
241.105		252.285		2858		1		0
236.936		262.888		1960		2		0
228.763		263.484		1955		2		0
278.379		244.42		2900		2		0
292.434		254.228		1936		2		0
289.275		269.702		1928		2		0
285.255		279.162		1929		2		0
237.426		319.628		2723		2		0
243.535		288.71		0		1		0
282.035		327.96		2614		1		0
282.121		325.082		2643		1		0
258.332		316.672		2661		2		0
298.694		326.983		2555		1		0
290.742		315.934		2751		1		0
288.671		311.741		2721		1		0
260.127		253.305		2877		2		0
226.413		265.04		1951		2		0
235.521		278.465		1956		2		0
285.853		284.083		1929		2		0
279.71		299.5		1940		2		0
Frame 98
247.968		318.106		2662		2		0
255.097		279.252		2793		2		0
262.101		245.289		2895		2		0
262.403		228.209		2819		2		0
243.909		250.857		2866		2		0
240.993		252.359		2848		1		0
236.966		263.086		1957		2		0
229.768		264.72		1959		2		0
281.377		244.775		2873		2		0
291.548		253.597		1940		2		0
285.803		265.794		1927		2		0
286.028		265.388		1929		2		0
237.535		319.686		2725		2		0
243.675		288.729		0		1		0
282.161		327.975		2615		1		0
282.253		325.097		2654		1		0
258.592		316.795		2661		2		0
298.67		327.05		2550		1		0
290.723		315.989		2752		1		0
288.651		311.799		2718		1		0
260.366		253.363		2893		2		0
223.192		267.549		1950		2		0
235.762		279.311		1956		2		0
292.669		262.228		1926		2		0
283.026		281.056		1937		2		0
Frame 99
248.252		318.337		2658		2		0
255.339		279.348		2806		2		0
262.164		245.233		2915		2		0
262.479		228.178		2819		2		0
243.938		250.657		2858		2		0
241.198		252.459		2859		1		0
237.364		263.469		1961		2		0
230.718		266.565		1960		2		0
282.67		246.04		2851		2		0
292.389		254.219		1943		2		0
286.551		266.526		1929		2		0
286.629		267.191		1931		2		0
237.62		319.722		2733		2		0
243.734		288.686		2075		1		0
282.21		327.929		2615		1		0
282.304		325.05		2647		1		0
259.007		317.272		2664		2		0
298.625		329.105		2519		1		0
290.717		317.742		2716		1		0
288.653		313.64		2745		1		0
260.478		253.345		2887		2		0
222.529		273.172		1948		2		0
222.998		281.248		0		2		0
286.962		264.416		1931		2		0
290.89		281.341		1922		2		0
Frame 100
248.4		318.739		2653		2		0
255.398		279.442		2795		2		0
262.149		245.206		2905		2		0
262.566		228.088		2819		2		0
243.9		250.635		2856		2		0
241.393		253.066		2854		1		0
237.867		264.455		1965		2		0
231.704		269.869		1956		2		0
282.584		247.642		2854		2		0
292.514		258.929		1931		2		0
286.69		269.49		1926		2		0
287.629		272.361		1928		2		0
237.64		319.86		2728		2		0
243.718		288.646		2062		1		0
282.199		327.897		2610		1		0
282.293		325.016		2643		1		0
259.223		317.891		2658		2		0
298.872		330.54		2501		1		0
294.383		387.431		1887		2		0
292.01		386.436		1899		1		0
260.478		253.342		2892		2		0
226.816		273.367		1947		2		0
227.066		283.47		1945		2		0
279.499		259.501		1872		2		0
290.498		286.113		1924		2		0
Frame 101
249.006		319.479		2656		2		0
255.821		279.756		2799		2		0
262.28		245.183		2903		2		0
262.613		228.054		2820		2		0
243.645		250.648		2856		2		0
241.221		255.06		2861		1		0
238.937		269.841		1959		2		0
232.535		277.282		1945		2		0
282.202		250.073		2847		2		0
296.534		259.588		2632		2		0
291.925		283.02		1911		1		0
286.974		300.04		1922		2		0
238.192		320.509		2707		2		0
214.321		364.374		2118		2		0
257.808		399.321		1797		1		0
250.319		399.483		1797		2		0
259.794		318.704		2656		2		0
299.421		331.174		2478		1		0
294.645		387.411		1888		1		0
292.289		386.416		1896		1		0
260.674		253.382		2883		2		0
226.421		279.836		1942		2		0
235.712		261.629		1968		2		0
286.343		309.091		1919		2		0
280.634		315.636		1943		2		0
Frame 102
242.239		319.127		1948		2		0
254.822		279.645		2797		2		0
262.421		245.085		2907		2		0
262.687		227.961		2820		2		0
243.242		251.293		2858		2		0
234.68		257.774		2747		2		0
236.67		274.148		1958		2		0
233.025		284.532		1940		2		0
282.088		252.182		2842		2		0
288.091		262.067		2807		2		0
285.453		279.632		1918		2		0
288.647		295.863		1918		2		0
234.084		319.628		1944		2		0
214.339		364.331		2123		1		0
257.825		399.282		1796		1		0
250.333		399.452		1797		2		0
251.021		318.866		2653		2		0
280.201		325.604		0		1		0
271.74		380.277		1948		1		0
267.959		378.821		1961		1		0
260.678		253.34		2877		2		0
231.556		285.341		1936		2		0
240.968		298.649		1959		2		0
291.853		292.08		1900		2		0
282.464		315.11		1933		2		0
Frame 103
242.465		319.186		1954		2		0
254.698		279.649		2813		2		0
262.742		244.99		2870		2		0
262.739		227.868		2814		2		0
243.195		251.377		2839		2		0
234.597		259.058		2730		2		0
236.361		275.964		1968		2		0
233.196		292.952		1943		2		0
282.121		252.343		2844		2		0
295.679		264.268		2632		2		0
293.747		278.479		1916		2		0
290.695		292.184		1906		2		0
234.092		319.66		1948		2		0
214.576		364.348		2120		1		0
258.087		399.333		1789		1		0
250.494		399.476		1797		2		0
251.299		318.91		2642		2		0
280.879		325.964		1940		1		0
272.546		380.733		1944		1		0
268.811		379.305		1959		1		0
260.818		253.285		2875		2		0
230.151		295.444		1939		2		0
243.434		306.845		2007		2		0
296.198		292.136		1902		2		0
282.449		302.425		1923		2		0
Frame 104
242.283		319.214		1979		2		0
254.038		279.649		2797		2		0
262.733		244.962		2886		2		0
262.826		227.665		2819		2		0
243.065		251.571		2838		2		0
234.151		259.752		2728		2		0
236.098		280.71		2272		2		0
232.796		299.857		1937		2		0
282.318		252.54		2837		2		0
296.295		264.877		2626		2		0
293.587		275.234		2429		2		0
291.374		302.478		1906		2		0
233.662		319.634		1953		2		0
208.707		363.091		2183		2		0
252.165		397.778		1808		1		0
245.755		398.134		1803		2		0
251.077		318.958		2640		2		0
284.216		283.368		2380		2		0
277.252		326.138		0		1		0
274.102		321.737		2645		1		0
260.744		253.252		2865		2		0
230.902		301.09		1934		2		0
243.754		312.493		2016		2		0
297.291		302.695		1901		2		0
283.823		313.656		1920		2		0
Frame 105
9999		9999		9999		1		0
263.889		398.933		1804		2		0
281.721		355.15		2181		2		0
283.038		334.797		1950		1		0
209.699		328.616		2584		2		0
209.967		341.539		2401		2		0
222.523		319.43		0		2		0
232.257		308.585		1943		2		0
309.523		369.081		2064		1		0
304.586		396.772		1807		2		0
293.492		330.784		1928		2		0
291.27		316.418		1911		2		0
9999		9999		9999		1		0
9999		9999		9999		1		0
9999		9999		9999		1		0
9999		9999		9999		1		0
9999		9999		9999		1		0
9999		9999		9999		1		0
9999		9999		9999		1		0
9999		9999		9999		1		0
277.449		365.741		2131		2		0
233.958		293.953		1948		2		0
223.469		312.562		1937		2		0
292.705		299.919		1901		2		0
300.478		318.621		1897		2		0
Frame 106
9999		9999		9999		1		0
265.269		407.016		1754		2		0
284.109		361.846		2050		2		0
288.156		348.898		1950		2		0
208.391		331.416		2543		2		0
204.042		356.606		2257		1		0
221.488		338.657		2397		1		0
231.452		316.558		1938		2		0
313.381		376.578		1980		1		0
303.814		403.21		1767		2		0
289.313		335.377		1922		2		0
292.153		327.275		1910		2		0
9999		9999		9999		1		0
9999		9999		9999		1		0
9999		9999		9999		1		0
9999		9999		9999		1		0
9999		9999		9999		1		0
9999		9999		9999		1		0
9999		9999		9999		1		0
9999		9999		9999		1		0
279.591		372.805		2042		2		0
233.434		302.332		1937		2		0
225.727		304.218		1933		2		0
294.365		312.657		1886		2		0
301.116		330.613		1909		2		0
Frame 107
9999		9999		9999		1		0
260.494		408.104		1744		2		0
279.135		364.029		2013		2		0
287.7		349.164		1952		2		0
204.324		333.751		2565		1		0
202.518		355.578		2282		2		0
215.129		346.899		2335		2		0
230.954		327.694		1939		2		0
308.178		378.748		1970		1		0
307.792		403.485		1778		2		0
294.696		339.519		1915		2		0
292.987		336.628		1910		1		0
9999		9999		9999		1		0
9999		9999		9999		1		0
9999		9999		9999		1		0
9999		9999		9999		1		0
9999		9999		9999		1		0
9999		9999		9999		1		0
9999		9999		9999		1		0
9999		9999		9999		1		0
274.666		374.731		2019		2		0
232.727		312.423		1937		2		0
221.288		327.929		1941		2		0
294.809		325.951		1905		2		0
297.802		327.602		1895		2		0
Frame 108
9999		9999		9999		1		0
218.336		408.665		1754		2		0
234.63		358.658		1978		2		0
239.34		347.426		1996		2		0
204.152		357.649		2241		2		0
201.467		387.107		1884		2		0
228.422		331.482		1937		2		0
230.331		328.768		1937		2		0
263.678		373.893		2040		1		0
273.658		406.074		1757		2		0
293.257		345.975		1924		2		0
294.817		345.384		1924		1		0
9999		9999		9999		1		0
9999		9999		9999		1		0
9999		9999		9999		1		0
9999		9999		9999		1		0
9999		9999		9999		1		0
9999		9999		9999		1		0
9999		9999		9999		1		0
9999		9999		9999		1		0
230.713		370.747		2031		2		0
232.288		321.857		1936		2		0
223.303		326.595		1939		2		0
299.007		338.405		1917		2		0
300.602		342.602		1913		2		0
Frame 109
227.549		363.6		1988		2		0
238.361		314.204		2246		2		0
246.537		276.832		2815		2		0
247.312		278.009		2798		2		0
215.595		305.741		2976		2		0
223.465		301.812		2991		2		0
226.596		318.564		2257		2		0
229.754		349.119		1957		2		0
267.447		286.335		2746		1		0
272.756		308.233		2563		2		0
286.564		316.393		2287		1		0
295.274		356.765		1947		2		0
218.306		370.255		2040		2		0
207.854		388.79		1847		2		0
9999		9999		9999		1		0
245.693		419.326		1694		1		0
236.902		356.839		1976		2		0
263.6		348.989		2268		1		0
9999		9999		9999		1		0
9999		9999		9999		1		0
244.69		285.277		2392		2		0
231.678		339.439		1939		2		0
221.911		354.898		1968		2		0
300.377		355.915		1936		2		0
287.536		366.569		1987		2		0
Frame 110
235.979		339.353		0		2		0
242.841		304.8		2299		2		0
247.209		276.9		2808		2		0
247.982		278.179		2796		2		0
216.189		305.846		2966		1		0
225.147		283.273		2407		2		0
227.713		304.707		2324		2		0
227.953		352.481		1953		2		0
281.613		278.792		2796		2		0
278.035		304.266		0		2		0
290.364		313.836		2263		1		0
292.613		331.893		2184		2		0
228.708		345.713		1949		2		0
204.507		396.962		1808		2		0
9999		9999		9999		1		0
9999		9999		9999		1		0
243.315		332.926		2238		2		0
299.436		401.644		1754		2		0
9999		9999		9999		1		0
9999		9999		9999		1		0
245.753		284.458		2419		2		0
229.156		350.672		1954		2		0
236.721		361.612		1987		2		0
292.135		343.332		2122		2		0
286.919		342.69		2143		2		0
Frame 111
243.899		319.113		2277		2		0
254.47		277.093		2757		2		0
263.038		243.055		2834		2		0
264.936		224.077		2757		2		0
244.644		251.074		2780		2		0
231.428		269.338		2593		2		0
230.82		299.684		2285		2		0
235.055		310.42		2262		2		0
284.6		250.883		2788		2		0
300.407		266.562		2595		2		0
298.499		287.755		2312		2		0
291.689		304.976		2278		2		0
237.82		319.251		2243		2		0
205.243		397.318		1806		2		0
9999		9999		9999		1		0
9999		9999		9999		1		0
249.87		318.98		2561		2		0
292.576		410.682		1704		1		0
9999		9999		9999		1		0
9999		9999		9999		1		0
261.051		250.943		2830		2		0
232.74		328.11		2191		2		0
225.334		313.306		2306		2		0
292.804		316.97		2241		2		0
281.5		300.152		2344		2		0
Frame 112
243.902		319.19		2267		2		0
254.469		277.23		2766		2		0
263.033		243.258		2838		2		0
265.028		224.176		2741		2		0
244.553		251.138		2770		2		0
231.512		269.406		2586		2		0
235.237		297.273		2280		2		0
234.597		311.295		2249		2		0
284.509		250.843		2778		2		0
300.081		266.94		2597		2		0
298.824		289.56		2316		2		0
292.668		306.501		2269		2		0
237.828		319.321		2232		2		0
205.981		397.932		1806		2		0
9999		9999		9999		1		0
9999		9999		9999		1		0
249.869		319.063		2552		2		0
292.614		411.278		1707		1		0
9999		9999		9999		1		0
9999		9999		9999		1		0
261.047		251.129		2817		2		0
232.999		325.713		2192		2		0
224.529		314.809		2308		2		0
293.719		318.839		2229		2		0
282.621		302.076		2359		2		0
Frame 113
245.543		318.679		0		2		0
255.203		277.057		2747		2		0
263.244		243.328		2832		2		0
265.129		224.181		2732		2		0
243.637		251.208		2754		2		0
231.151		270.308		2578		2		0
225.242		286.834		2374		2		0
232.312		300.288		2266		2		0
285.48		251.614		2778		2		0
301.62		268.463		2575		2		0
298.86		289.306		2314		2		0
293.035		305.965		2265		2		0
240.314		320.13		2237		2		0
214.29		412.848		1718		1		0
9999		9999		9999		1		0
9999		9999		9999		1		0
250.904		317.889		2550		2		0
289.95		398.51		1789		1		0
9999		9999		9999		1		0
9999		9999		9999		1		0
261.359		251.149		2803		2		0
229		312.999		2247		2		0
224.146		313.372		2300		2		0
294.206		318.282		2226		2		0
282.761		301.43		2333		2		0
Frame 114
245.869		318.64		2512		2		0
256.099		276.985		2747		2		0
264.596		243.326		2820		2		0
265.229		224.319		2719		2		0
243.664		251.212		2754		2		0
231.507		270.001		2567		2		0
230.629		287.206		2369		2		0
233.611		301.534		2256		2		0
285.481		251.62		2760		2		0
302.087		267.894		2579		2		0
304.178		285.612		2313		2		0
296.194		297.007		2279		2		0
240.375		320.157		2240		2		0
214.226		413.222		1724		1		0
9999		9999		9999		1		0
9999		9999		9999		1		0
251.381		317.506		2569		2		0
290.256		398.62		1799		1		0
9999		9999		9999		1		0
9999		9999		9999		1		0
262.616		251.119		2797		2		0
230.833		315.332		2228		2		0
225.3		293.844		2303		2		0
299.2		313.398		2245		2		0
286.406		300.702		2328		2		0
Frame 115
246.264		318.951		2553		2		0
256.816		277.012		2741		2		0
265.46		243.167		2822		2		0
265.253		224.266		2718		2		0
243.214		251.234		2747		2		0
230.692		270.298		2560		2		0
226.676		287.83		2338		2		0
232.9		301.673		2253		2		0
286.283		252.07		2749		2		0
303.439		268.486		2568		2		0
302.133		289.24		2303		2		0
294.908		304.111		2260		2		0
240.549		320.464		2239		2		0
221.149		396.411		1810		2		0
9999		9999		9999		1		0
9999		9999		9999		1		0
251.844		317.59		2569		2		0
290.814		398.699		1796		1		0
9999		9999		9999		1		0
9999		9999		9999		1		0
263.453		250.998		2800		2		0
231.009		312.717		2234		2		0
224.348		293.657		2299		2		0
294.68		316.583		2225		2		0
284.583		301.169		2330		2		0
Frame 116
246.276		318.957		2545		2		0
256.812		277.008		2734		2		0
265.374		243.156		2795		2		0
265.357		224.242		2711		2		0
243.317		251.234		2728		2		0
230.547		269.767		2573		2		0
228.125		287.564		2336		2		0
233.348		301.741		2253		2		0
286.225		252.036		2748		2		0
303.58		268.123		2564		2		0
301.522		292.531		2298		2		0
294.964		308.609		2254		2		0
240.544		320.518		2241		2		0
221.15		396.415		1811		2		0
9999		9999		9999		1		0
9999		9999		9999		1		0
251.867		317.529		2554		2		0
290.543		398.491		1794		1		0
9999		9999		9999		1		0
9999		9999		9999		1		0
263.399		250.986		2785		2		0
230.533		314.399		2221		2		0
225.066		292.948		2301		2		0
295.554		321.366		2209		2		0
285.761		303.144		2332		2		0
Frame 117
246.489		319.107		2535		2		0
256.828		276.989		2719		2		0
265.336		243.136		2794		2		0
265.505		224.588		2709		2		0
243.33		251.265		2728		2		0
230.116		269.624		2562		2		0
228.829		287.914		2334		2		0
233.661		302.244		2246		2		0
286.273		252.048		2744		2		0
303.288		268.049		2562		2		0
310.298		284.386		2393		2		0
299.832		294.06		2291		2		0
240.693		320.736		2233		2		0
221.14		396.42		1807		2		0
9999		9999		9999		1		0
9999		9999		9999		1		0
252.116		317.569		2545		2		0
291.187		398.775		1790		1		0
9999		9999		9999		1		0
9999		9999		9999		1		0
263.38		250.972		2785		2		0
230.058		316.763		2212		2		0
225.584		293.571		2296		2		0
298.654		303.409		2265		2		0
292.868		289.457		2370		2		0
Frame 118
246.502		319.081		2532		2		0
257.182		276.905		2719		2		0
266.062		242.931		2791		2		0
265.622		224.007		2703		2		0
243.35		251.285		2731		2		0
230.086		269.623		2573		2		0
224.933		288.184		2350		2		0
232.243		301.388		2250		2		0
286.229		251.965		2747		2		0
303.451		267.591		2575		2		0
309.764		284.002		2386		2		0
301.826		291.926		2303		2		0
240.689		320.745		2230		2		0
221.092		396.309		1803		1		0
9999		9999		9999		1		0
9999		9999		9999		1		0
252.146		317.488		2548		2		0
291.251		398.87		1800		1		0
9999		9999		9999		1		0
9999		9999		9999		1		0
263.997		250.798		2772		2		0
230		313.665		2221		2		0
225.121		293.802		2305		2		0
300.89		304.443		2262		2		0
293.001		290.79		2362		2		0
Frame 119
246.655		319.078		2517		2		0
257.085		276.745		2729		2		0
265.638		242.657		2778		2		0
265.829		223.923		2691		2		0
243.364		251.257		2718		2		0
230.02		269.593		2561		2		0
224.286		288.418		2357		2		0
231.779		301.388		2244		2		0
286.28		251.948		2735		2		0
303.301		268.046		2568		2		0
310.013		284.601		2396		2		0
302.075		292.746		2295		2		0
240.794		320.783		2225		2		0
221.082		396.397		1797		2		0
9999		9999		9999		1		0
9999		9999		9999		1		0
252.343		317.436		2548		2		0
292.388		399.614		1785		1		0
9999		9999		9999		1		0
9999		9999		9999		1		0
263.655		250.548		2775		2		0
230.066		315.666		2213		2		0
223.43		314.136		0		2		0
301.151		305.399		2262		2		0
292.86		291.156		2361		2		0
Frame 120
246.722		319.196		2512		2		0
257.049		276.704		2727		2		0
265.5		242.545		2774		2		0
265.875		223.807		2690		2		0
243.415		251.266		2722		2		0
229.429		270.483		2562		2		0
223.909		289.378		2376		2		0
232.068		302.864		2250		2		0
286.577		252.439		2743		2		0
303.908		269.298		2559		2		0
310.135		286.897		2393		2		0
301.675		293.412		2305		2		0
240.816		320.88		2232		2		0
221.095		396.386		1803		2		0
9999		9999		9999		1		0
9999		9999		9999		1		0
252.453		317.57		2550		2		0
293.174		399.655		1772		1		0
9999		9999		9999		1		0
9999		9999		9999		1		0
263.54		250.446		2778		2		0
231.266		312.858		2230		2		0
224.198		315.685		2276		2		0
300.778		304.777		2270		2		0
291.872		292.282		2372		2		0
Frame 121
246.794		319.283		2454		2		0
257.065		276.684		2733		2		0
265.434		242.445		2772		2		0
265.966		223.708		2686		2		0
243.416		251.086		2726		2		0
229.471		270.993		2557		2		0
223.708		289.725		2393		2		0
232.397		303.26		2251		2		0
286.868		252.392		2739		2		0
304.07		269.863		2553		2		0
310.009		287.961		2401		2		0
301.661		294.145		2295		2		0
240.861		320.94		2228		2		0
221.126		396.457		1791		1		0
9999		9999		9999		1		0
9999		9999		9999		1		0
252.553		317.683		2545		2		0
293.828		399.713		1780		1		0
9999		9999		9999		1		0
9999		9999		9999		1		0
263.493		250.362		2777		2		0
230.002		317.498		2211		2		0
224.264		315.543		2281		2		0
300.817		306.036		2260		2		0
291.957		292.89		2371		2		0
Frame 122
246.801		319.26		0		2		0
257.029		276.622		2723		2		0
265.31		242.314		2772		2		0
266.021		223.696		2678		2		0
243.447		251.065		2718		2		0
229.943		271.188		2560		2		0
223.438		290.44		2387		2		0
232.565		303.843		2254		2		0
286.867		252.378		2739		2		0
303.676		270.147		2562		2		0
310.597		288.844		2407		2		0
301.789		294.259		2299		2		0
240.868		320.909		2225		2		0
221.206		396.568		1800		1		0
9999		9999		9999		1		0
9999		9999		9999		1		0
252.56		317.671		2537		2		0
293.619		399.555		1772		1		0
9999		9999		9999		1		0
9999		9999		9999		1		0
263.394		250.25		2768		2		0
232.802		313.347		2227		2		0
225.497		317.166		2265		2		0
301.038		306.221		2266		2		0
293.003		293.104		2365		2		0
Frame 123
246.916		319.435		2322		2		0
257.067		276.652		2735		2		0
265.291		242.275		2768		2		0
266.088		223.761		2669		2		0
243.53		251.071		2719		2		0
229.976		271.766		2557		2		0
223.605		290.976		2401		2		0
232.869		304.465		2250		2		0
287.046		252.49		2727		2		0
303.681		270.836		2554		2		0
302.867		293.82		2292		2		0
296.14		305.564		2264		1		0
240.952		321.053		2224		2		0
221.22		396.694		1801		1		0
9999		9999		9999		1		0
9999		9999		9999		1		0
252.705		317.874		2526		2		0
294.614		399.576		1775		1		0
9999		9999		9999		1		0
9999		9999		9999		1		0
263.386		250.222		2765		2		0
233.305		313.864		2231		2		0
225.328		316.301		2280		2		0
294.156		317.347		2234		2		0
285.113		304.263		2342		2		0
Frame 124
248.186		319.431		2482		2		0
257.422		276.661		2712		2		0
265.27		242.302		2761		2		0
266.133		223.897		2672		2		0
243.549		251.086		2706		2		0
230.357		271.801		2564		2		0
223.693		291.161		0		2		0
233.084		304.391		2249		2		0
286.72		252.122		2733		2		0
303.004		270.307		2567		2		0
307.281		290.671		2314		2		0
300.479		295.912		2292		2		0
242.526		321.572		2225		2		0
226.951		407.197		1742		1		0
9999		9999		9999		1		0
9999		9999		9999		1		0
253.758		317.495		2535		2		0
295.094		399.752		1762		1		0
9999		9999		9999		1		0
9999		9999		9999		1		0
263.422		250.244		2766		2		0
232.187		314.232		2224		2		0
225.57		319.142		2266		2		0
299.443		308.479		2257		2		0
290.872		294.282		2365		2		0
Frame 125
248.05		319.572		2466		2		0
257.337		276.718		2729		2		0
265.13		242.28		2772		2		0
266.141		223.871		2666		2		0
243.586		251.086		2711		2		0
230.452		272.281		2559		2		0
223.833		291.412		0		2		0
233.215		304.547		2248		2		0
287.132		252.644		2732		2		0
303.729		271.208		2549		2		0
303.797		291.02		2284		2		0
296.564		303.53		2267		1		0
242.324		321.603		2229		2		0
222.237		397.727		1785		1		0
9999		9999		9999		1		0
9999		9999		9999		1		0
253.635		317.797		2533		2		0
295.212		399.818		1776		1		0
9999		9999		9999		1		0
9999		9999		9999		1		0
263.303		250.245		2762		2		0
233.134		314.115		2220		2		0
225.818		316.803		2305		2		0
293.936		314.446		2235		2		0
287.255		300.852		2339		2		0
Frame 126
248.159		319.653		2459		2		0
257.397		276.739		2718		2		0
265.086		242.3		2756		2		0
266.161		223.968		2676		2		0
243.486		251.103		2710		2		0
230.434		272.582		2554		2		0
223.971		291.736		0		2		0
234.424		302.12		2247		2		0
287.379		252.756		2736		2		0
303.838		271.657		2558		2		0
304.562		291.254		2298		2		0
297.76		298.891		2286		2		0
242.375		321.765		2223		2		0
236.8		405.884		1767		2		0
9999		9999		9999		1		0
9999		9999		9999		1		0
253.765		317.758		2536		2		0
295.631		399.67		1770		1		0
9999		9999		9999		1		0
9999		9999		9999		1		0
263.282		250.262		2764		2		0
234.078		316.46		2209		2		0
226.873		313.988		2303		2		0
296.792		311.582		2245		2		0
287.75		297.775		2365		2		0
Frame 127
249.18		319.528		2510		2		0
257.62		276.655		2720		2		0
264.944		242.262		2772		2		0
266.179		223.911		2675		2		0
243.535		251.105		2707		2		0
230.59		272.348		2551		2		0
224.786		292.209		2434		2		0
234.374		302.542		2253		1		0
287.463		252.798		2730		2		0
303.678		271.905		2556		2		0
304.568		291.43		2299		2		0
298.396		297.873		2289		2		0
243.346		321.703		2227		2		0
243.581		404.658		1766		1		0
9999		9999		9999		1		0
9999		9999		9999		1		0
254.812		317.514		2543		2		0
295.751		400.087		1762		1		0
9999		9999		9999		1		0
9999		9999		9999		1		0
263.22		250.216		2769		2		0
234.138		317.044		2203		2		0
226.639		314.479		2289		2		0
298.039		310.629		2246		2		0
287.857		295.917		2386		2		0
Frame 128
248.727		319.67		2451		2		0
257.592		276.671		2711		2		0
264.95		242.245		2769		2		0
266.182		223.88		2670		2		0
243.561		251.11		2709		2		0
230.758		272.275		2559		2		0
224.715		292.014		2413		2		0
232.287		298.917		2271		1		0
287.597		252.825		2721		2		0
303.747		272.163		2546		2		0
304.554		291.643		2291		2		0
298.505		298.135		2291		2		0
242.713		321.643		2219		2		0
238.228		405.819		1759		2		0
9999		9999		9999		1		0
9999		9999		9999		1		0
254.468		317.77		2540		2		0
295.914		400.219		1754		1		0
9999		9999		9999		1		0
9999		9999		9999		1		0
263.214		250.213		2761		2		0
230.622		312.376		2237		2		0
227.247		312.752		2277		2		0
297.37		310.369		2249		2		0
288.14		296.314		2372		2		0
Frame 129
246.67		319.963		2286		2		0
257.062		276.791		2716		2		0
264.877		242.24		2777		2		0
266.202		223.909		2673		2		0
243.557		251.136		2715		2		0
230.737		272.247		2554		2		0
225.573		292.688		2385		2		0
232.7		300.772		2269		1		0
287.622		252.898		2724		2		0
303.753		272.355		2545		2		0
305.773		292.098		2307		2		0
299.072		298.302		2292		2		0
239.807		320.787		2216		2		0
238.097		405.861		1767		2		0
9999		9999		9999		1		0
9999		9999		9999		1		0
253.05		318.707		2531		2		0
295.632		400.17		1761		1		0
9999		9999		9999		1		0
9999		9999		9999		1		0
263.103		250.221		2763		2		0
231.146		315.301		2217		2		0
227.57		313.77		2269		2		0
297.711		309.966		2249		2		0
289.003		296.027		2367		2		0
Frame 130
246.832		319.988		2290		2		0
257.067		276.794		2718		2		0
264.878		242.212		2772		2		0
266.226		223.852		2675		2		0
243.551		251.142		2708		2		0
230.749		272.262		2549		2		0
226.265		293.414		2352		2		0
232.843		301.897		2258		1		0
287.659		252.972		2725		2		0
303.531		272.769		2550		2		0
301.227		296.007		2292		2		0
295.008		306.445		2258		1		0
240.545		321.093		2217		2		0
240.646		418.765		1690		1		0
9999		9999		9999		1		0
9999		9999		9999		1		0
253.069		318.71		2538		2		0
295.942		400.363		1761		1		0
9999		9999		9999		1		0
9999		9999		9999		1		0
263.101		250.203		2766		2		0
231.425		316.761		2211		2		0
225.999		312.144		2814		2		0
292.816		317.414		2224		2		0
283.734		305.119		2361		2		0
Frame 131
246.955		320.05		2299		2		0
257.074		276.797		2722		2		0
264.871		242.137		2768		2		0
266.305		223.759		2682		2		0
243.563		251.144		2712		2		0
230.697		272.368		2555		2		0
226.078		293.566		2351		2		0
232.176		302.598		2258		2		0
287.713		253.072		2720		2		0
303.187		273.261		2536		2		0
302.581		294.572		2288		2		0
294.643		304.27		2270		1		0
240.824		321.291		2216		2		0
240.649		418.858		1691		1		0
9999		9999		9999		1		0
9999		9999		9999		1		0
253.089		318.724		2528		2		0
296.002		400.448		1756		1		0
9999		9999		9999		1		0
9999		9999		9999		1		0
263.094		250.153		2765		2		0
231.497		317.888		2209		2		0
226.252		315.485		2264		2		0
294.54		317.707		2230		2		0
283.187		309.627		2321		2		0
Frame 132
248.847		319.98		2469		2		0
257.463		276.643		2719		2		0
264.828		241.969		2770		2		0
266.405		223.621		2677		2		0
243.556		251.165		2718		2		0
230.718		272.592		2564		2		0
225.033		292.832		2358		2		0
231.728		301.181		2265		1		0
287.869		253.298		2728		2		0
303.297		273.548		2535		2		0
303.422		292.918		2305		2		0
294.674		302.475		2272		1		0
243.363		321.933		2242		2		0
9999		9999		9999		1		0
9999		9999		9999		1		0
9999		9999		9999		1		0
254.317		318.298		2544		2		0
296.195		400.705		1764		1		0
9999		9999		9999		1		0
9999		9999		9999		1		0
263.12		249.985		2771		2		0
230.448		315.099		2220		2		0
226.324		304.346		0		2		0
295.136		310.409		2250		2		0
284.396		301.456		2375		2		0
Frame 133
251.029		319.716		2519		2		0
258.127		276.352		2716		2		0
264.772		241.782		2768		2		0
266.438		223.601		2684		2		0
243.537		251.195		2713		2		0
230.644		272.626		2564		2		0
224.679		292.812		2378		2		0
231.099		301.023		2265		1		0
287.952		253.434		2713		2		0
300.782		274.177		2534		2		0
300.505		296.092		2280		2		0
294.307		306.941		2258		1		0
245.104		321.942		2280		2		0
9999		9999		9999		1		0
9999		9999		9999		1		0
9999		9999		9999		1		0
256.723		317.632		2568		2		0
296.327		400.655		1756		1		0
9999		9999		9999		1		0
9999		9999		9999		1		0
263.164		249.783		2763		2		0
230.089		315.909		2219		2		0
226.498		312.969		2291		2		0
292.386		318.275		2220		2		0
283.286		306.648		2336		2		0
Frame 134
250.821		319.759		2510		2		0
258.16		276.29		2721		2		0
264.909		241.465		2771		2		0
266.518		223.544		2680		2		0
243.533		251.229		2718		2		0
230.329		272.727		2569		2		0
224.468		292.847		2378		2		0
230.762		301.268		2263		1		0
288.035		253.576		2715		2		0
301.015		274.656		2527		2		0
300.513		296.053		2286		2		0
294.11		306.554		2253		1		0
244.903		321.984		2256		2		0
9999		9999		9999		1		0
9999		9999		9999		1		0
9999		9999		9999		1		0
256.516		317.666		2567		2		0
296.3		400.738		1762		1		0
9999		9999		9999		1		0
9999		9999		9999		1		0
263.293		249.526		2763		2		0
229.645		315.47		2221		2		0
226.385		312.704		2274		2		0
292.475		318		2221		2		0
282.825		306.043		2348		2		0
