back
Frame 0
272.893		216.802		1598		2		0
273.187		148.614		1555		2		0
273.567		79.1829		1608		2		0
275.511		40.254		1469		2		0
233.239		104.208		1628		2		0
220.02		165.425		1689		2		0
213.517		218.212		1653		2		0
214.572		233.891		1647		2		0
312.129		106.622		1634		2		0
325.285		168.48		1705		2		0
332.666		220.266		1675		2		0
330.476		238.006		1667		2		0
254.901		216.774		1619		2		0
248.724		313.198		1708		2		0
253.49		380.658		1824		2		0
254.873		404.628		1812		1		0
290.892		216.831		1612		2		0
298.083		306.826		1702		2		0
297.19		378.263		1846		2		0
300.205		403.142		1746		2		0
273.47		96.6549		1602		2		0
217.253		252.043		1664		2		0
204.673		236.255		1690		2		0
327.444		257.103		1693		2		0
317.475		233.7		1688		2		0
Frame 1
272.922		216.798		1598		2		0
273.246		148.609		1550		2		0
273.661		79.1783		1605		2		0
275.628		40.2427		1469		2		0
233.31		104.178		1627		2		0
220.018		165.407		1691		2		0
213.488		218.222		1653		2		0
214.46		233.601		1646		2		0
312.199		106.603		1625		2		0
325.346		168.472		1704		2		0
332.689		220.313		1676		2		0
330.354		237.936		1674		2		0
254.939		216.757		1618		2		0
248.73		313.166		1708		2		0
253.051		379.726		1817		2		0
255.561		403.177		1809		1		0
290.911		216.835		1615		2		0
298.089		306.838		1699		2		0
297.284		378.213		1839		2		0
300.315		403.093		0		2		0
273.555		96.6503		1596		2		0
216.6		251.074		1654		2		0
204.388		236.174		1676		2		0
327.467		257.193		1694		2		0
317.44		235.802		1679		2		0
Frame 2
272.998		216.833		1596		2		0
273.324		148.628		1550		2		0
273.735		79.1846		1604		2		0
275.71		40.2661		1465		2		0
233.432		104.133		1622		2		0
220.065		165.374		1685		2		0
213.432		218.184		1651		2		0
214.395		233.611		1640		2		0
312.307		106.577		1627		2		0
325.425		168.478		1706		2		0
332.725		220.302		1679		2		0
330.264		238.007		1669		2		0
255.01		216.79		1620		2		0
248.749		313.2		1713		2		0
253.317		380.3		1846		2		0
255.006		404.208		1892		2		0
290.989		216.872		1619		2		0
298.106		306.844		1702		2		0
296.319		377.915		1838		2		0
295.137		401.263		1808		2		0
273.63		96.6594		1595		2		0
217.097		252		1661		2		0
204.177		233.332		1686		2		0
327.661		257.049		1687		2		0
317.683		242.092		1683		2		0
Frame 3
273.064		216.829		1598		2		0
273.408		148.62		1553		2		0
273.831		79.1692		1608		2		0
275.777		40.2217		1469		2		0
233.531		104.11		1627		2		0
220.062		165.35		1684		2		0
213.406		218.139		1651		2		0
214.282		233.595		1644		2		0
312.376		106.575		1631		2		0
325.454		168.468		1708		2		0
332.738		220.309		1676		2		0
330.316		237.998		1671		2		0
255.076		216.784		1618		2		0
248.765		313.165		1719		2		0
253.115		380.203		1841		2		0
255.379		403.895		1847		1		0
291.053		216.872		1621		2		0
298.162		306.709		1703		2		0
296.598		378.022		1839		2		0
294.461		400.722		1813		2		0
273.723		96.6457		1599		2		0
217.091		252		1661		2		0
204.525		236.127		1679		2		0
327.469		257.194		1693		2		0
317.486		235.579		1684		2		0
Frame 4
273.135		216.836		1594		2		0
273.476		148.617		1550		2		0
273.895		79.1638		1607		2		0
275.829		40.2389		1469		2		0
233.59		104.072		1629		2		0
220.062		165.34		1684		2		0
213.337		218.15		1651		2		0
213.999		233.694		1642		2		0
312.466		106.595		1630		2		0
325.515		168.483		1703		2		0
332.786		220.307		1674		2		0
330.448		237.987		1667		2		0
255.138		216.79		1620		2		0
248.77		313.17		1709		2		0
253.164		380.425		1841		2		0
256.99		403.678		1866		1		0
291.13		216.88		1615		2		0
298.188		306.53		1702		2		0
294.911		377.52		1852		2		0
296.081		401.331		1808		2		0
273.789		96.6405		1591		2		0
216.626		251.959		1654		2		0
204.354		235.653		1676		2		0
327.806		257.192		1692		2		0
317.5		234.083		1683		2		0
Frame 5
273.209		216.87		1590		2		0
273.547		148.627		1550		2		0
273.958		79.1368		1603		2		0
275.93		40.1953		1467		2		0
233.674		104.056		1623		2		0
220.072		165.204		1681		2		0
213.353		218.144		1650		2		0
214.131		233.701		1639		2		0
312.551		106.584		1627		2		0
325.594		168.475		1702		2		0
332.817		220.327		1674		2		0
330.448		238.04		1667		2		0
255.204		216.82		1618		2		0
248.775		313.251		1703		2		0
253.296		380.701		1829		2		0
252.285		404.899		0		2		0
291.21		216.918		1611		2		0
298.227		306.971		1698		2		0
295.822		378.106		1828		2		0
294.114		401.082		1798		2		0
273.854		96.6238		1593		2		0
217.241		252.001		1655		2		0
204.598		237.977		1681		2		0
327.785		257.169		1689		2		0
317.675		234.213		1681		2		0
Frame 6
273.257		216.878		1598		2		0
273.591		148.625		1548		2		0
273.996		79.1254		1605		2		0
276.002		40.1983		1471		2		0
233.722		104.046		1626		2		0
220.103		165.176		1680		2		0
213.311		218.092		1651		2		0
213.905		233.608		1641		2		0
312.628		106.59		1626		2		0
325.657		168.493		1698		2		0
332.864		220.356		1674		2		0
330.5		238.023		1670		2		0
255.258		216.825		1611		2		0
248.796		313.288		1705		2		0
253.298		380.697		1820		2		0
252.787		404.873		1865		2		0
291.251		216.929		1615		2		0
298.236		306.928		1698		2		0
296.324		378.193		1824		2		0
299.339		403		0		2		0
273.894		96.6147		1588		2		0
216.863		251.953		1653		2		0
205.529		238.437		1676		2		0
327.469		257.191		1688		2		0
317.545		233.413		1679		2		0
Frame 7
273.322		216.893		1594		2		0
273.658		148.612		1551		2		0
274.064		79.0826		1606		2		0
276.061		40.1686		1467		2		0
233.762		104.019		1627		2		0
220.112		165.148		1684		2		0
213.293		218.045		1648		2		0
214.228		233.53		1640		2		0
312.695		106.592		1630		2		0
325.681		168.478		1704		2		0
332.911		220.413		1676		2		0
330.624		237.963		1667		2		0
255.31		216.833		1615		2		0
248.796		313.286		1711		2		0
253.285		380.848		1829		2		0
252.887		405.016		1791		2		0
291.328		216.952		1613		2		0
298.266		306.747		1701		2		0
295.64		377.639		1839		2		0
294.107		400.892		1807		2		0
273.962		96.5793		1593		2		0
217.091		251.999		1660		2		0
204.38		236.072		1677		2		0
328.04		257.139		1685		2		0
317.638		235.973		1690		2		0
Frame 8
273.354		216.884		1596		2		0
273.673		148.588		1544		2		0
274.064		79.0493		1605		2		0
276.12		40.1592		1469		2		0
233.784		104.018		1625		2		0
220.131		165.178		1684		2		0
213.321		218.118		1649		2		0
214.228		233.794		1642		2		0
312.737		106.601		1623		2		0
325.72		168.482		1701		2		0
332.929		220.458		1675		2		0
330.75		238.184		1668		2		0
255.335		216.84		1612		2		0
248.8		313.29		1708		2		0
253.204		380.777		1826		2		0
253.727		404.911		0		2		0
291.37		216.922		1615		2		0
298.251		306.674		1700		2		0
296.511		378.038		1842		2		0
299.544		402.813		1743		2		0
273.965		96.5479		1590		2		0
217.337		252.048		1661		2		0
204.779		237.236		1682		2		0
327.912		257.168		1686		2		0
317.516		233.018		1676		2		0
Frame 9
273.424		216.894		1599		2		0
273.719		148.581		1550		2		0
274.09		79.0381		1603		2		0
276.2		40.1153		1469		2		0
233.805		103.998		1623		2		0
220.141		165.18		1680		2		0
213.309		218.106		1648		2		0
214.209		233.672		1639		2		0
312.782		106.596		1626		2		0
325.784		168.468		1699		2		0
332.959		220.465		1673		2		0
330.737		238.015		1667		2		0
255.396		216.855		1620		2		0
248.825		313.346		1708		2		0
253.393		381.117		1823		2		0
253.131		405.3		1781		2		0
291.447		216.927		1613		2		0
298.281		306.444		1701		2		0
296.544		378.188		1834		2		0
299.572		402.975		1796		1		0
273.996		96.5368		1591		2		0
217.753		252.812		1655		2		0
204.764		236.927		1678		2		0
328.076		257.294		1686		2		0
317.669		233.962		1686		2		0
Frame 10
273.447		216.908		1595		2		0
273.747		148.58		1547		2		0
274.118		79.028		1608		2		0
276.254		40.1021		1468		2		0
233.852		104.008		1621		2		0
220.181		165.262		1678		2		0
213.309		218.093		1648		2		0
214.208		233.685		1640		2		0
312.833		106.601		1626		2		0
325.845		168.518		1705		2		0
333.012		220.467		1670		2		0
330.932		238.022		1666		2		0
255.42		216.87		1617		2		0
248.84		313.346		1709		2		0
253.392		380.981		1818		2		0
253.41		405.168		0		2		0
291.469		216.94		1612		2		0
298.282		306.442		1698		2		0
296.664		378.047		1825		2		0
299.708		402.874		1809		1		0
274.024		96.5286		1593		2		0
217.591		252.167		1656		2		0
206.284		239.359		1672		2		0
328.036		257.221		1687		2		0
317.555		234.382		1682		2		0
Frame 11
273.479		216.929		1595		2		0
273.788		148.593		1545		2		0
274.169		79.0334		1604		2		0
276.303		40.0946		1464		2		0
233.903		103.961		1620		2		0
220.191		165.382		1679		2		0
213.344		218.124		1647		2		0
214.376		233.597		1638		2		0
312.886		106.606		1626		2		0
325.9		168.56		1703		2		0
333.058		220.553		1670		2		0
331.078		237.875		1664		2		0
255.446		216.879		1615		2		0
248.845		313.302		1705		2		0
253.269		380.765		1828		2		0
253.858		404.885		1768		2		0
291.506		216.977		1614		2		0
298.282		306.441		1699		2		0
296.622		378.036		1837		2		0
299.67		402.865		1787		2		0
274.072		96.5356		1588		2		0
217.085		252.162		1658		2		0
204.901		236.49		1674		2		0
328.358		257.275		1683		2		0
317.673		233.525		1680		2		0
Frame 12
273.487		216.931		1593		2		0
273.799		148.588		1548		2		0
274.181		79.0185		1606		2		0
276.34		40.0843		1465		2		0
233.91		103.934		1629		2		0
220.204		165.384		1680		2		0
213.367		218.104		1648		2		0
214.549		233.734		1638		2		0
312.93		106.592		1626		2		0
325.93		168.543		1700		2		0
333.14		220.627		1673		2		0
330.912		238.106		1667		2		0
255.464		216.876		1615		2		0
248.848		313.303		1705		2		0
253.254		380.679		1838		2		0
255.289		404.686		1868		1		0
291.507		216.984		1608		2		0
298.279		306.423		1698		2		0
296.531		378.096		1835		2		0
299.563		402.928		1798		2		0
274.085		96.5232		1590		2		0
217.582		252.232		1652		2		0
205.168		237.521		1675		2		0
328.077		257.295		1683		2		0
317.79		233.06		1674		2		0
Frame 13
273.489		216.94		1597		2		0
273.814		148.577		1544		2		0
274.21		78.9875		1601		2		0
276.362		40.0742		1468		2		0
233.964		103.914		1620		2		0
220.198		165.404		1682		2		0
213.383		218.115		1648		2		0
214.507		233.723		1638		2		0
313.001		106.592		1629		2		0
325.955		168.546		1704		2		0
333.171		220.66		1672		2		0
331.019		237.938		1664		2		0
255.467		216.883		1613		2		0
248.859		313.32		1706		2		0
253.439		380.562		1847		2		0
253.919		404.711		1821		2		0
291.507		216.995		1610		2		0
298.311		306.03		1698		2		0
296.679		377.938		1814		2		0
299.735		402.789		0		1		0
274.11		96.4975		1591		2		0
217.963		252.084		1656		2		0
206.542		238.832		1668		2		0
328.676		257.275		1683		2		0
317.699		233.826		1685		2		0
Frame 14
273.51		216.947		1593		2		0
273.828		148.579		1547		2		0
274.217		78.9896		1600		2		0
276.383		40.0636		1465		2		0
233.973		103.91		1628		2		0
220.222		165.405		1677		2		0
213.438		218.158		1647		2		0
214.626		233.889		1638		2		0
313.035		106.586		1633		2		0
325.989		168.568		1697		2		0
333.193		220.684		1669		2		0
331.008		238.025		1664		2		0
255.478		216.894		1610		2		0
248.877		313.222		1708		2		0
253.48		380.598		1839		2		0
253.735		404.742		1830		2		0
291.539		216.997		1612		2		0
298.306		305.928		1698		2		0
296.87		377.703		1821		2		0
299.941		402.558		1818		1		0
274.119		96.4991		1594		2		0
218.102		253		1659		2		0
204.861		237.314		1678		2		0
328.47		257.335		1685		2		0
317.845		232.613		1675		2		0
Frame 15
273.508		216.958		1593		2		0
273.856		148.567		1543		2		0
274.282		78.9386		1597		2		0
276.434		40.0034		1464		2		0
234.001		103.871		1626		2		0
220.257		165.312		1676		2		0
213.478		218.202		1644		2		0
214.616		233.69		1637		2		0
313.098		106.576		1630		2		0
326.007		168.567		1701		2		0
333.235		220.713		1668		2		0
331.318		238.223		1663		2		0
255.468		216.9		1613		2		0
248.891		313.248		1699		2		0
253.396		380.737		1819		2		0
254.572		404.533		1843		1		0
291.546		217.013		1610		2		0
298.306		305.938		1699		2		0
296.882		378.037		1841		2		0
299.95		402.9		0		2		0
274.174		96.4595		1589		2		0
217.389		252.115		1650		2		0
204.354		236.154		1674		2		0
328.758		257.16		1680		2		0
317.682		233.049		1677		2		0
Frame 16
273.506		216.965		1596		2		0
273.883		148.578		1545		2		0
274.356		78.9481		1600		2		0
276.464		39.9921		1463		2		0
234.019		103.866		1620		2		0
220.264		165.348		1682		2		0
213.495		218.207		1646		2		0
214.625		233.684		1638		2		0
313.128		106.583		1631		2		0
326.027		168.57		1701		2		0
333.299		220.734		1668		2		0
331.396		238.013		1661		2		0
255.46		216.903		1617		2		0
248.894		313.273		1707		2		0
253.362		380.582		1816		2		0
254.881		404.397		1865		1		0
291.548		217.024		1611		2		0
298.289		306.133		1698		2		0
296.942		378.179		1826		2		0
299.999		403.064		0		2		0
274.234		96.4702		1589		2		0
217.402		252.107		1655		2		0
205.351		237.559		1680		2		0
328.076		257.294		1685		2		0
317.713		231.065		1678		2		0
Frame 17
273.525		216.958		1595		2		0
273.903		148.567		1551		2		0
274.372		78.9263		1599		2		0
276.507		39.9495		1464		2		0
234.039		103.824		1618		2		0
220.275		165.312		1682		2		0
213.51		218.189		1646		2		0
214.5		233.705		1637		2		0
313.16		106.549		1626		2		0
326.047		168.567		1698		2		0
333.371		220.843		1666		2		0
331.214		238.061		1662		2		0
255.473		216.898		1617		2		0
248.905		313.356		1710		2		0
253.33		380.824		1844		2		0
254.719		404.774		1839		1		0
291.574		217.017		1605		2		0
298.298		306.06		1699		2		0
295.771		377.732		1840		2		0
298.771		402.468		1799		2		0
274.252		96.4517		1588		2		0
217.396		252.117		1653		2		0
204.674		236.066		1673		2		0
328.358		257.274		1687		2		0
317.706		233.179		1678		2		0
Frame 18
273.529		216.962		1593		2		0
273.921		148.572		1551		2		0
274.412		78.9059		1597		2		0
276.538		39.9373		1463		2		0
234.06		103.796		1621		2		0
220.316		165.418		1681		2		0
213.522		218.188		1643		2		0
214.659		233.906		1636		2		0
313.18		106.544		1626		2		0
326.058		168.557		1702		2		0
333.398		220.841		1667		2		0
331.084		237.958		1662		2		0
255.485		216.9		1610		2		0
248.932		313.465		1702		2		0
253.392		380.904		1829		2		0
254.575		404.913		1827		1		0
291.573		217.025		1615		2		0
298.226		307.432		1700		2		0
297.069		379.178		1833		2		0
298.227		403.372		1844		2		0
274.286		96.4415		1589		2		0
218.64		253.055		1655		2		0
205.113		237.77		1671		2		0
328.356		257.275		1683		2		0
317.781		230.527		1686		2		0
Frame 19
273.544		216.96		1597		2		0
273.937		148.563		1543		2		0
274.417		78.8672		1598		2		0
276.568		39.8725		1461		2		0
234.058		103.769		1614		2		0
220.312		165.405		1684		2		0
213.539		218.179		1646		2		0
214.693		233.824		1636		2		0
313.215		106.52		1627		2		0
326.082		168.54		1695		2		0
333.385		220.833		1667		2		0
331.052		237.964		1663		2		0
255.507		216.9		1609		2		0
248.948		313.634		1704		2		0
253.41		381.152		1830		2		0
254.612		405.2		0		2		0
291.583		217.023		1610		2		0
298.22		307.255		1697		2		0
297.195		378.989		1826		2		0
295.655		402.633		1796		2		0
274.296		96.413		1588		2		0
217.154		252.075		1654		2		0
204.991		237.056		1681		2		0
328.673		257.276		1683		2		0
317.671		230.928		1680		2		0
Frame 20
273.547		216.954		1590		2		0
273.946		148.555		1545		2		0
274.432		78.8463		1598		2		0
276.591		39.8547		1460		2		0
234.061		103.758		1621		2		0
220.314		165.402		1678		2		0
213.542		218.184		1649		2		0
214.55		233.743		1641		2		0
313.23		106.509		1625		2		0
326.089		168.524		1704		2		0
333.404		220.855		1668		2		0
330.962		237.969		1665		2		0
255.509		216.9		1613		2		0
248.949		313.635		1708		2		0
253.389		381.204		1829		2		0
254.747		405.185		0		1		0
291.586		217.001		1613		2		0
298.228		307.118		1706		2		0
297.047		378.631		1818		2		0
300.12		403.539		1813		1		0
274.309		96.3971		1588		2		0
217.216		252.251		1657		2		0
204.961		237.625		1684		2		0
327.953		257.411		1685		2		0
317.592		230.916		1688		2		0
Frame 21
273.556		216.947		1596		2		0
273.958		148.558		1551		2		0
274.458		78.8541		1596		2		0
276.632		39.8533		1460		2		0
234.055		103.723		1621		2		0
220.317		165.416		1680		2		0
213.558		218.194		1648		2		0
214.421		233.673		1643		2		0
313.243		106.508		1626		2		0
326.089		168.505		1696		2		0
333.398		220.847		1672		2		0
331.004		237.782		1664		2		0
255.518		216.892		1622		2		0
248.95		313.635		1711		2		0
253.404		381.176		1837		2		0
254.673		405.148		0		2		0
291.595		216.996		1609		2		0
298.286		306.626		1704		2		0
297.064		378.57		1835		2		0
300.154		403.48		0		1		0
274.332		96.4041		1589		2		0
218.047		252.241		1657		2		0
204.423		236.971		1675		2		0
328.344		257.266		1687		2		0
317.647		232.063		1682		2		0
Frame 22
273.561		216.942		1601		2		0
273.964		148.565		1555		2		0
274.474		78.8726		1593		2		0
276.715		39.8633		1455		2		0
234.07		103.706		1619		2		0
220.314		165.41		1680		2		0
213.617		218.279		1648		2		0
214.456		233.831		1642		2		0
313.262		106.469		1629		2		0
326.089		168.478		1702		2		0
333.378		220.819		1670		2		0
330.861		237.867		1669		2		0
255.521		216.881		1619		2		0
248.963		313.675		1710		2		0
253.56		381.258		1832		2		0
254.851		405.296		1825		2		0
291.602		216.996		1614		2		0
298.293		306.481		1699		2		0
297.094		378.309		1827		2		0
300.184		403.225		1786		1		0
274.345		96.4224		1590		2		0
218.533		253.002		1661		2		0
205.162		237.372		1679		2		0
327.805		257.193		1686		2		0
317.583		231.472		1687		2		0
Frame 23
273.556		216.92		1600		2		0
273.958		148.578		1555		2		0
274.438		78.917		1592		2		0
276.8		39.9432		1455		2		0
234.073		103.693		1611		2		0
220.314		165.392		1683		2		0
213.617		218.278		1650		2		0
214.283		233.866		1644		2		0
313.278		106.458		1626		2		0
326.092		168.486		1704		2		0
333.364		220.797		1675		2		0
330.769		237.817		1672		2		0
255.515		216.859		1619		2		0
248.969		313.587		1712		2		0
253.582		380.686		1840		2		0
254.99		404.713		1821		1		0
291.594		216.975		1618		2		0
298.298		306.024		1704		2		0
296.772		377.911		1830		2		0
299.834		402.767		0		1		0
274.32		96.4589		1586		2		0
217.373		252.185		1662		2		0
204.835		237.105		1688		2		0
327.662		257.058		1691		2		0
317.57		231.425		1691		2		0
Frame 24
273.566		216.897		1603		2		0
273.956		148.6		1553		2		0
274.416		78.9781		1589		2		0
276.967		40.0963		1451		2		0
234.105		103.668		1621		2		0
220.289		165.429		1688		2		0
213.613		218.283		1652		2		0
214.099		234.073		1645		2		0
313.302		106.459		1627		2		0
326.096		168.472		1703		2		0
333.371		220.782		1674		2		0
330.543		237.48		1674		2		0
255.55		216.818		1625		2		0
248.974		313.49		1715		2		0
253.484		380.546		1824		2		0
254.743		404.164		1824		1		0
291.573		216.975		1623		2		0
298.249		306.878		1707		2		0
296.934		378.237		1826		2		0
300.024		403.136		1771		2		0
274.306		96.5127		1588		2		0
217.254		252.27		1662		2		0
205.373		237.308		1681		2		0
328.345		256.353		1689		2		0
317.6		233.32		1689		2		0
Frame 25
273.557		216.851		1605		2		0
273.932		148.64		1561		2		0
274.307		79.0598		1590		2		0
277.179		40.2533		1445		2		0
234.122		103.653		1618		2		0
220.225		165.588		1686		2		0
213.59		218.308		1657		2		0
214.132		233.942		1648		2		0
313.304		106.464		1628		2		0
326.102		168.509		1707		2		0
333.343		220.757		1673		2		0
330.705		237.406		1678		2		0
255.546		216.746		1630		2		0
248.956		313.374		1714		2		0
253.45		380.5		1839		2		0
255.169		404.003		1794		1		0
291.554		216.96		1628		2		0
298.267		306.599		1706		2		0
296.936		378.25		1845		2		0
300.026		403.176		0		1		0
274.23		96.5899		1593		2		0
217.098		252.165		1662		2		0
204.611		237.608		1693		2		0
328.192		256.783		1695		2		0
317.5		231.248		1704		2		0
Frame 26
273.537		216.794		1610		2		0
273.915		148.714		1562		2		0
274.266		79.2179		1586		2		0
277.449		40.5835		1439		2		0
234.14		103.636		1615		2		0
220.18		165.586		1691		2		0
213.53		218.31		1657		2		0
213.433		234.086		1651		2		0
313.311		106.465		1625		2		0
326.069		168.493		1705		2		0
333.258		220.611		1683		2		0
330.584		237.202		1680		2		0
255.534		216.673		1633		2		0
248.982		313.289		1718		2		0
253.399		380.296		1845		2		0
255.03		403.949		1803		2		0
291.516		216.924		1631		2		0
298.202		306.518		1707		2		0
297.032		377.889		1811		2		0
300.137		402.848		1785		2		0
274.196		96.7276		1589		2		0
216.924		252.309		1673		2		0
204.828		237.507		1701		2		0
328.069		256.587		1700		2		0
317.461		231.112		1704		2		0
Frame 27
273.55		216.671		1616		2		0
273.9		148.795		1562		2		0
274.213		79.3687		1582		2		0
277.818		40.7154		1434		2		0
234.185		103.585		1615		2		0
220.116		165.674		1690		2		0
213.247		218.202		1661		2		0
212.809		233.937		1657		2		0
313.316		106.481		1628		2		0
326.047		168.615		1712		2		0
333.136		220.431		1687		2		0
330.612		237.515		1683		2		0
255.574		216.563		1640		2		0
248.975		313.057		1723		2		0
253.4		380.176		1834		2		0
254.874		403.826		1836		1		0
291.502		216.787		1640		2		0
298.21		306.337		1712		2		0
297.005		377.725		1825		2		0
300.146		402.728		1811		1		0
274.157		96.8671		1588		2		0
217.356		252.309		1674		2		0
204.24		236.905		1695		2		0
327.832		256.51		1705		2		0
317.263		231.151		1704		2		0
Frame 28
273.449		216.512		1622		2		0
273.828		148.942		1568		2		0
274.101		79.5409		1579		2		0
278.139		40.9241		1428		2		0
234.249		103.558		1610		2		0
220.017		165.738		1688		2		0
212.897		217.914		1665		2		0
212.418		233.723		1663		2		0
313.322		106.506		1631		2		0
325.991		168.616		1713		2		0
333.088		220.165		1696		2		0
330.71		237.312		1692		2		0
255.523		216.366		1647		2		0
248.925		312.75		1718		2		0
253.477		380.059		1823		2		0
255.581		403.816		1814		2		0
291.342		216.667		1645		2		0
298.203		305.736		1712		2		0
297.092		377.555		1818		2		0
300.289		402.617		1801		1		0
274.069		97.0297		1589		2		0
216.86		252.185		1681		2		0
203.863		237.368		1695		2		0
328.284		255.989		1709		2		0
317.467		234.874		1713		2		0
Frame 29
273.453		216.31		1631		2		0
273.789		149.129		1571		2		0
274.018		79.8476		1570		2		0
278.453		41.303		1427		2		0
234.306		103.543		1612		2		0
219.852		165.974		1688		2		0
212.385		217.77		1668		2		0
211.839		233.459		1667		2		0
313.359		106.568		1628		2		0
325.923		168.675		1721		2		0
333.04		220.22		1693		2		0
330.967		237.247		1696		2		0
255.589		216.206		1648		2		0
248.899		312.62		1725		2		0
253.069		380.05		1826		2		0
256.133		403.599		1787		1		0
291.274		216.42		1656		2		0
298.121		305.281		1716		2		0
297.117		377.561		1827		2		0
300.348		402.697		1779		2		0
274		97.3094		1586		2		0
216.848		252.182		1681		2		0
203.073		234.416		1703		2		0
328.245		255.879		1714		2		0
317.332		236.205		1733		2		0
Frame 30
273.621		216.344		1637		2		0
273.792		149.463		1570		2		0
273.905		80.4841		1568		2		0
278.822		41.9972		1415		2		0
234.396		103.613		1606		2		0
219.699		166.144		1687		2		0
211.922		217.582		1670		2		0
211.228		233.465		1670		2		0
313.399		106.647		1627		2		0
325.878		168.813		1718		2		0
333.018		220.3		1698		2		0
330.748		237.265		1699		2		0
255.808		216.177		1663		2		0
248.831		312.086		1726		2		0
252.929		379.859		1822		2		0
257.693		402.842		1888		1		0
291.385		216.52		1656		2		0
298.057		305.681		1717		2		0
296.946		377.756		1811		2		0
300.272		402.984		1789		2		0
273.918		97.9316		1582		2		0
215.915		252.062		1690		2		0
202.59		233.287		1709		2		0
328.283		255.562		1716		2		0
317.667		236.895		1730		2		0
Frame 31
273.627		216.189		1651		2		0
273.795		149.898		1576		2		0
273.951		81.219		1562		2		0
279.314		42.7523		1407		2		0
234.518		103.729		1605		2		0
219.423		166.537		1690		2		0
211.36		217.588		1677		2		0
210.581		233.596		1675		2		0
313.478		106.748		1619		2		0
325.897		168.999		1721		2		0
332.695		220.346		1705		2		0
330.754		236.305		1709		2		0
255.852		216.075		1669		2		0
248.791		311.823		1729		2		0
252.872		379.886		1811		2		0
255.848		403.654		1824		1		0
291.354		216.312		1664		2		0
298.047		305.427		1726		2		0
296.192		377.608		1835		2		0
294.075		400.417		1798		2		0
273.936		98.6307		1578		2		0
214.93		251.965		1691		2		0
202.315		232.83		1722		2		0
328.19		255.373		1728		2		0
320.092		235.269		0		2		0
Frame 32
273.737		216.198		1661		2		0
273.763		150.664		1586		2		0
273.824		82.0547		1557		2		0
279.78		43.6561		1401		2		0
234.637		103.985		1607		2		0
219.156		166.896		1692		2		0
210.717		217.834		1684		2		0
209.974		233.941		1685		2		0
313.601		106.965		1620		2		0
325.848		169.262		1723		2		0
332.451		220.248		1720		2		0
330.509		236.933		1718		2		0
256.036		215.986		1685		2		0
248.696		310.98		1727		2		0
252.852		379.844		1835		2		0
257.014		403.246		1821		1		0
291.387		216.418		1675		2		0
298.012		305.293		1725		2		0
296.59		377.766		1850		2		0
300.045		403.152		0		2		0
273.836		99.4505		1579		2		0
213.525		251.957		1701		2		0
201.251		234.429		1722		2		0
327.245		255.564		1741		2		0
320.949		237.394		0		2		0
Frame 33
273.737		216.217		1674		2		0
273.827		151.674		1583		2		0
274.036		83.9069		1506		2		0
280.443		45.4544		1390		2		0
234.851		104.601		1600		2		0
218.888		167.265		1693		2		0
210.196		218.116		1684		2		0
209.481		234.07		1686		2		0
313.785		107.425		1618		2		0
325.845		169.894		1730		2		0
332.143		220.671		1725		2		0
330.369		237.389		1723		2		0
256.126		216.046		1691		2		0
248.681		310.829		1734		2		0
252.581		380.257		1838		2		0
256.714		403.845		1859		1		0
291.3		216.394		1687		2		0
297.884		304.618		1737		2		0
296.871		377.583		1837		2		0
300.458		403.18		0		2		0
273.984		101.144		1573		2		0
212.851		252.292		1707		2		0
200.928		233.662		1724		2		0
327.168		255.74		1745		2		0
321.385		238.119		1748		2		0
Frame 34
273.672		216.515		1688		2		0
273.75		153.104		1592		2		0
273.851		86.0816		1516		2		0
281.125		47.895		1377		2		0
235.121		105.532		1594		2		0
218.614		167.756		1697		2		0
209.745		218.531		1688		2		0
208.866		235.064		1689		2		0
314.172		108.627		1613		2		0
325.876		170.918		1733		2		0
331.919		221.415		1730		2		0
330.072		238.011		1733		2		0
256.207		216.394		1707		2		0
248.672		310.622		1736		2		0
252.448		380.52		1840		2		0
253.545		404.509		0		2		0
291.094		216.644		1698		2		0
297.878		303.88		1735		2		0
296.939		377.391		1847		2		0
300.51		403.202		1828		1		0
273.832		103.26		1572		2		0
212.523		253.272		1712		2		0
200.292		235.41		1730		2		0
327.145		256.06		1746		2		0
318.124		238		1774		2		0
Frame 35
273.613		217.03		1710		2		0
273.82		153.804		1601		2		0
274.395		86.2261		1464		2		0
281.746		50.7236		1367		2		0
235.339		106.768		1590		2		0
217.951		169.065		1694		2		0
209.065		219.746		1694		2		0
208.237		235.986		1696		2		0
314.567		110.454		1608		2		0
326.034		172.278		1734		2		0
331.697		222.522		1737		2		0
330.202		238.486		1739		2		0
256.266		216.836		1724		2		0
248.628		310.558		1746		2		0
252.473		380.465		1820		2		0
253.457		404.549		0		2		0
290.927		217.228		1710		2		0
297.855		302.953		1742		2		0
297.132		377.219		1833		2		0
300.532		403.48		1809		2		0
274.209		104.028		1567		2		0
211.234		254.411		1713		2		0
199.729		233.718		1734		2		0
327.95		256.502		1762		2		0
320.951		239.959		1767		2		0
Frame 36
273.391		218.1		1713		2		0
273.954		155.88		1602		2		0
274.847		88.0656		1454		2		0
282.873		54.9759		1355		2		0
235.859		109.315		1590		2		0
217.257		170.9		1696		2		0
208.294		221.489		1694		2		0
207.68		237.368		1697		2		0
314.875		113.754		1612		2		0
326.226		174.701		1738		2		0
331.776		224.785		1744		2		0
330.073		239.552		1745		2		0
256.23		217.899		1733		2		0
248.592		310.6		1751		2		0
252.071		380.689		1840		2		0
255.165		404.433		0		1		0
290.525		218.306		1723		2		0
297.882		302.854		1745		2		0
297.255		377.081		1826		2		0
300.501		403.644		1822		2		0
274.596		106.044		1561		2		0
211.156		257.078		1723		2		0
199.368		234.714		1741		2		0
326.373		258.626		1773		2		0
320.892		239.662		1773		2		0
Frame 37
273.382		219.445		1738		2		0
274.156		159.011		1614		2		0
275.246		91.6154		1439		2		0
283.761		59.8442		1349		2		0
236.414		112.033		1587		2		0
216.47		173.372		1694		2		0
207.592		223.832		1701		2		0
207.054		238.965		1705		2		0
315.029		117.108		1607		2		0
326.572		177.925		1741		2		0
331.517		227.748		1756		2		0
330.053		241.417		1759		2		0
256.369		219.264		1752		2		0
248.486		310.176		1760		2		0
252.415		380.434		1822		2		0
254.666		404.423		0		2		0
290.393		219.632		1748		2		0
297.943		302.379		1749		2		0
297.369		377.087		1838		2		0
300.396		403.985		0		1		0
274.933		109.355		1559		2		0
210		259.359		1725		2		0
198.685		236.578		1747		2		0
327.726		259.455		1772		2		0
320.76		241.777		1789		2		0
Frame 38
273.639		221.476		1748		2		0
274.537		163.672		1626		2		0
275.772		97.7954		1435		2		0
284.763		66.8089		1345		2		0
237.221		116.19		1579		2		0
215.489		176.412		1698		2		0
206.763		226.726		1708		2		0
206.154		241.433		1712		2		0
315.546		121.541		1607		2		0
327.184		181.752		1758		2		0
331.327		231.352		1763		2		0
330.221		243.329		1772		2		0
256.773		221.218		1759		2		0
248.441		310.038		1766		2		0
252.122		380.237		1851		2		0
254.039		404.282		0		2		0
290.519		221.739		1784		2		0
297.924		302.052		1754		2		0
297.44		377.055		1834		2		0
300.394		404.277		0		1		0
275.429		115.241		1562		2		0
208.571		262.286		1739		2		0
197.846		238.831		1763		2		0
327.186		261.477		1787		2		0
320.535		244.606		1795		2		0
Frame 39
272.74		214.717		1793		2		0
274.62		166.432		1636		2		0
276.703		103.876		1432		2		0
285.631		73.2422		1337		2		0
238.13		120.932		1577		2		0
214.723		179.946		1705		2		0
205.894		230.01		1712		2		0
205.629		245.362		1718		2		0
315.814		125.955		1607		2		0
327.504		185.45		1762		2		0
331.701		234.79		1772		2		0
327.875		246.476		1782		2		0
256.221		214.066		1790		2		0
248.374		309.748		1766		2		0
251.904		380.315		1847		2		0
254.837		404.193		1851		1		0
289.286		215.373		1783		2		0
297.91		302.292		1759		2		0
297.299		377.12		1832		2		0
299.598		405.409		1789		2		0
275.99		119.593		1550		2		0
207.425		265.715		1743		2		0
197.367		243.512		1753		2		0
324.876		264.331		1824		2		0
312.841		238.707		1818		2		0
Frame 40
272.515		215.388		1792		2		0
274.59		168.105		1636		2		0
277.26		110.366		1424		2		0
286.844		80.3655		1329		2		0
238.956		126.793		1580		2		0
213.804		182.637		1709		2		0
205.383		232.533		1721		2		0
204.968		248.799		1728		2		0
316.04		130.61		1606		2		0
327.728		189.181		1769		2		0
331.878		238.08		1789		2		0
328.045		249.873		1800		2		0
256.019		214.762		1796		2		0
248.333		309.99		1768		2		0
252.088		380.219		1848		2		0
254.477		404.146		0		2		0
289.024		216.017		1805		2		0
298.077		302.293		1759		2		0
297.291		377.11		1842		2		0
299.736		405.529		1873		1		0
276.481		126.209		1554		2		0
206.638		269.5		1746		2		0
196.611		244.947		1764		2		0
324.991		267.349		1848		2		0
312.888		242.166		1850		2		0
Frame 41
272.525		216.754		1794		2		0
274.394		173.589		1647		2		0
276.734		120.806		1435		2		0
287.883		91.84		1332		2		0
239.393		132.241		1581		2		0
212.971		186.027		1714		2		0
204.923		235.957		1730		2		0
204.253		253.391		1741		2		0
316.167		138.974		1609		2		0
328.028		194.292		1780		2		0
331.505		242.623		1808		2		0
328.32		253.665		1816		2		0
256.099		216.124		1811		2		0
248.328		310.246		1782		2		0
252.213		380.473		1836		2		0
251.657		404.284		0		2		0
288.969		217.387		1822		2		0
298.135		302.958		1761		2		0
297.306		377.097		1835		2		0
299.059		405.709		0		1		0
276.101		135.005		1566		2		0
206.428		274.575		1764		2		0
195.292		250.454		1783		2		0
323.815		272.729		1863		2		0
312.644		243.321		1864		2		0
Frame 42
271.611		217.989		1808		2		0
274.07		178.215		1657		2		0
277.274		128.148		1433		2		0
288.501		100.163		1321		2		0
240.467		141.444		1593		2		0
212.219		191.463		1720		2		0
204.161		242.97		1743		2		0
203.849		257.703		1755		2		0
316.128		145.379		1618		2		0
328.672		200.491		1783		2		0
331.642		248.221		1819		2		0
328.488		258.76		1831		2		0
255.271		217.237		1834		2		0
248.136		310.612		1775		2		0
252.146		380.327		1836		2		0
253.128		404.381		0		2		0
287.933		218.754		1834		2		0
298.227		303.216		1758		2		0
297.306		377.141		1846		2		0
299.404		405.801		1783		1		0
276.374		142.001		1564		2		0
205.304		278.616		1768		2		0
195.492		252.612		1796		2		0
324.047		276.396		1878		2		0
312.382		249.192		1887		2		0
Frame 43
271.696		219.584		1814		2		0
273.828		183.294		1664		2		0
276.556		137.312		1449		2		0
289.002		112.068		1327		2		0
241.09		148.362		1595		2		0
211.472		196.643		1732		2		0
203.843		246.929		1751		2		0
203.446		263.882		1765		2		0
316.424		153.878		1625		2		0
328.996		205.522		1800		2		0
331.922		252.475		1842		2		0
328.497		263.176		1851		2		0
255.35		218.937		1846		2		0
248.014		311.156		1762		2		0
251.833		380.473		1847		2		0
253.723		404.502		0		2		0
288.003		220.226		1840		2		0
298.497		304.18		1751		2		0
297.373		377.276		1829		2		0
299.027		405.967		0		2		0
275.812		149.906		1574		2		0
204.833		284.836		1793		2		0
195.258		258.751		1796		2		0
325.318		279.657		1890		2		0
312.314		251.99		1892		2		0
Frame 44
270.812		219.615		1799		2		0
273.094		186.864		1664		2		0
275.937		144.96		1457		2		0
288.75		122.654		1340		2		0
241.652		157.404		1605		2		0
211.233		205.126		1739		2		0
203.942		253.183		1768		2		0
203.06		268.807		1781		2		0
316.441		161.284		1636		2		0
329.34		214.77		1823		2		0
332.435		261.151		1848		2		0
327.457		273.298		1868		2		0
254.411		218.813		1840		2		0
247.766		312.71		1756		2		0
251.765		380.434		1830		2		0
254.643		404.337		1859		1		0
287.158		220.421		1838		2		0
298.576		305.687		1746		2		0
297.538		377.77		1826		2		0
299.292		406.428		1785		2		0
275.142		156.518		1567		2		0
203.731		288.931		1803		2		0
194.939		266.311		1810		2		0
323.538		284.172		1932		2		0
320.662		270.42		1896		2		0
Frame 45
270.827		219.07		1793		2		0
272.651		190.81		1662		2		0
274.861		155.469		1494		2		0
289.054		135.349		1353		2		0
242.169		167.442		1621		2		0
211.666		209.537		1748		2		0
203.915		257.883		1778		2		0
202.653		275.031		1803		2		0
317.199		171.004		1656		2		0
329.396		218.629		1837		2		0
332.017		263.879		1881		2		0
327.943		273.322		1894		2		0
254.401		218.436		1854		2		0
247.148		315.489		1755		2		0
251.537		380.778		1829		2		0
252.01		404.875		1823		2		0
287.193		219.705		1824		2		0
298.801		309.936		1740		2		0
297.57		378.012		1841		2		0
298.994		406.547		1761		1		0
274.267		165.07		1580		2		0
202.758		293.7		1826		2		0
194.718		272.401		1835		2		0
323.043		288.89		1966		2		0
312.078		274.678		1846		2		0
Frame 46
271.86		222.702		1793		2		0
273.662		197.867		1682		2		0
275.874		164.242		1499		2		0
289.593		143.455		1369		2		0
242.271		172.525		1631		2		0
212.307		219.256		1770		2		0
203.77		265.82		1798		2		0
202.416		281.003		1818		2		0
317.576		178.832		1676		2		0
329.388		225.121		1857		2		0
331.257		269.345		1903		2		0
327.714		278.503		1915		2		0
256.141		221.922		1827		2		0
247.036		315.887		1754		2		0
251.283		381.462		1845		2		0
252.508		405.571		1726		2		0
287.629		223.497		1828		2		0
299.269		312.673		1738		2		0
297.684		378.712		1832		2		0
298.508		407.176		1787		2		0
275.271		173.756		1591		2		0
203.336		299.332		1836		2		0
194.72		278.46		1842		2		0
322.62		293.246		1992		2		0
313		280.002		1846		2		0
Frame 47
271.286		225.778		1802		2		0
273.497		202.555		1691		2		0
276.48		172.846		1502		2		0
290.341		153.858		1395		2		0
243.721		184.116		1653		2		0
212.979		223.196		1779		2		0
204.453		269.998		1820		2		0
202.905		286.453		1842		2		0
317.374		186.61		1692		2		0
328.938		229.812		1868		2		0
330.82		273.376		1914		2		0
327.913		284.744		1942		2		0
255.569		224.878		1843		2		0
246.382		312.228		1753		2		0
249.996		381.382		1836		2		0
258.4		403.582		1938		1		0
286.973		226.658		1836		2		0
300.01		307.205		1730		2		0
297.638		378.895		1829		2		0
298.939		407.267		1782		2		0
275.62		180.989		1580		2		0
201.986		303.25		1872		2		0
196.434		278.784		1872		2		0
322.141		298.281		2019		2		0
320.423		283.726		1972		2		0
Frame 48
272.124		231.012		1822		2		0
274.35		210.305		1710		2		0
277.201		182.345		1517		2		0
290.909		162.721		1412		2		0
244.664		191.001		1673		2		0
213.98		230.514		1802		2		0
205.287		277.363		1837		2		0
203.878		291.983		1859		2		0
316.951		196.568		1715		2		0
329.183		240.096		1900		2		0
330.614		282.783		1956		2		0
327.88		289.893		1965		2		0
256.381		230.325		1855		2		0
246.294		312.876		1742		2		0
250.115		381.633		1828		2		0
257.861		403.895		1864		1		0
287.835		231.695		1851		2		0
300.148		307.813		1720		2		0
297.695		379.054		1846		2		0
298.249		407.396		1792		2		0
276.413		190.261		1616		2		0
203.407		308.493		1882		2		0
196.576		288.355		1884		2		0
322.197		304.263		2039		2		0
319.883		293.201		1985		2		0
Frame 49
273.333		234.621		1823		2		0
275.675		215.857		1731		2		0
278.837		192.034		1549		2		0
291.434		173.659		1435		2		0
245.705		197.627		1699		2		0
214.113		238.07		1838		2		0
206.313		282.694		1869		2		0
204.833		297.363		1890		2		0
316.147		205.65		1746		2		0
328.61		247.674		1927		2		0
330.142		289.055		1984		2		0
326.752		297.052		1997		2		0
257.505		233.253		1848		2		0
246.088		314.284		1746		2		0
249.993		381.983		1855		2		0
258.809		403.512		1907		1		0
289.171		236.079		1864		2		0
300.398		308.417		1729		2		0
297.827		379.032		1837		2		0
297.771		407.284		1836		2		0
277.955		198.592		1621		2		0
203.564		312.043		1926		2		0
198.923		291.861		1892		2		0
321.382		310.15		2074		2		0
320.39		296.594		2012		2		0
Frame 50
270.577		238.239		1818		2		0
274.587		221.797		1747		2		0
279.956		200.537		1562		2		0
291.727		181.971		1473		2		0
246.338		206.779		1726		2		0
215.035		243.93		1861		2		0
207.809		287.65		1900		2		0
206.155		302.087		1922		2		0
316.279		212.832		1770		2		0
327.812		251.558		1960		2		0
330.046		292.093		2015		2		0
327.29		298.494		2029		2		0
254.775		236.631		1838		2		0
245.676		317.247		1749		2		0
250.004		382.263		1830		2		0
259.009		403.875		0		1		0
286.347		239.855		1831		2		0
300.882		311.972		1730		2		0
297.518		378.821		1838		2		0
299.883		402.814		1819		2		0
278.449		206.424		1633		2		0
205.827		316.829		1948		2		0
198.707		301.485		1945		2		0
323.999		316		2076		2		0
319.072		302.281		2052		2		0
Frame 51
267.884		249.165		1893		2		0
273.201		231.553		1782		2		0
280.092		208.558		1591		2		0
291.468		190.231		1494		2		0
246.228		211.286		1747		2		0
216.251		252.305		1886		2		0
209.116		294.774		1932		2		0
208.264		307.404		1955		2		0
316.474		219.375		1794		2		0
327.451		259.726		1994		2		0
328.605		299.225		2044		2		0
326.397		303.011		2062		2		0
252.435		247.695		1934		2		0
245.191		320.481		1757		2		0
250.54		385.187		1828		2		0
258.21		407.1		1807		1		0
283.319		250.647		1897		2		0
301.012		312.985		1731		2		0
297.505		378.868		1845		2		0
300.74		402.814		0		2		0
278.186		215.07		1695		2		0
210.402		323.001		1976		2		0
201.126		308.676		1974		2		0
324.506		319.998		2097		2		0
319.168		306.333		2050		2		0
Frame 52
266.496		254.373		1907		2		0
272.718		236.515		1809		2		0
280.593		213.808		1623		2		0
291.784		195.578		1534		2		0
247.098		219.925		1781		2		0
218.337		257.628		1915		2		0
210.907		299.337		1963		2		0
210.771		311.431		1990		2		0
315.133		227.579		1837		2		0
325.842		264.549		2032		2		0
326.981		303.6		2088		2		0
324.417		312.903		2112		2		0
250.769		253.002		1969		2		0
244.9		321.193		1758		2		0
250.651		386.183		1849		2		0
258.416		406.334		1824		1		0
282.149		255.802		1910		2		0
301.221		316.693		1749		2		0
297.517		382.855		1823		2		0
303.033		406.657		0		2		0
278.417		219.981		1697		2		0
211.267		324.906		2007		2		0
204.098		311.977		2006		2		0
323.754		328.126		2174		2		0
319.701		312.709		2089		2		0
Frame 53
271.468		266.322		1979		2		0
275.481		246.475		1862		2		0
280.556		221.448		1671		2		0
290.69		203.059		1584		2		0
246.312		225.791		1817		2		0
220.564		262.382		1951		2		0
214.066		303.653		2005		2		0
213.678		315.768		2028		2		0
314.773		232.218		1873		2		0
324.891		272.772		2067		2		0
326.862		312.093		2132		2		0
322.932		323.878		2164		2		0
256.18		264.431		1987		2		0
238.568		305.026		1756		2		0
250.665		382.857		1822		2		0
254.398		406.763		1809		1		0
286.788		268.233		1985		2		0
301.426		317.522		1761		2		0
297.735		384.106		1819		2		0
303.492		407.729		1783		2		0
279.164		228.3		1769		2		0
215.444		329.667		2047		2		0
206.524		317.725		2046		2		0
322.751		334.624		2202		2		0
320.672		327.636		2172		2		0
Frame 54
272.513		275.711		2014		2		0
275.771		253.301		1902		2		0
279.849		225.426		1733		2		0
291.019		207.837		1638		2		0
246.751		230.178		1852		2		0
222.795		266.024		1997		2		0
215.355		306.706		2034		2		0
216.424		318.589		2061		2		0
313.574		237.821		1916		2		0
324.275		275.785		2099		2		0
326.308		313.019		2149		2		0
322.152		326.223		2194		2		0
257.561		273.683		2043		2		0
239.654		307.039		1774		2		0
250.672		382.858		1825		2		0
253.88		406.87		1832		1		0
287.552		277.766		2052		2		0
301.202		318.461		1778		2		0
297.799		386.161		1818		2		0
305.18		408.654		1775		1		0
278.741		232.877		1824		2		0
216.447		332.451		2090		2		0
209.966		320.973		2078		2		0
323.672		334.498		2197		2		0
319.001		330.355		2186		2		0
Frame 55
272.905		297.376		2129		2		0
275.878		266.054		1969		2		0
279.431		228.831		1783		2		0
290.446		211.131		1696		2		0
247.323		236.435		1907		2		0
224.304		272.526		2030		2		0
215.052		313.186		2076		2		0
219.157		324.897		2091		2		0
312.307		242.126		1968		2		0
323.02		276.796		2121		2		0
325.976		314.162		2189		2		0
321.501		323.836		2217		1		0
258.918		296.073		2036		2		0
239.354		310.326		1804		1		0
250.759		382.871		1839		2		0
253.748		406.922		1791		1		0
286.871		298.691		2010		2		0
299.462		337.567		1810		2		0
298.277		379.284		1841		2		0
303.152		403.2		0		2		0
278.478		238.783		1902		2		0
220.993		336.497		2124		2		0
212.736		326.151		2117		2		0
323.336		330.332		2233		2		0
318.144		328.86		2197		2		0
Frame 56
272.93		310.065		2214		2		0
275.747		272.714		2039		2		0
278.94		231.313		1862		2		0
289.707		214.715		1760		2		0
246.487		239.154		1954		2		0
223.719		277.1		2072		2		0
217.982		317.097		2113		2		0
221.373		327.12		2133		2		0
311.693		243.753		2018		2		0
321.944		279.434		2169		2		0
325.609		315.664		2268		1		0
320.788		325.239		2240		1		0
257.82		308.911		2066		2		0
239.929		308.511		1828		2		0
251.552		382.634		1827		2		0
252.213		406.683		1818		2		0
288.161		311.244		2083		2		0
305.476		302.46		1824		2		0
298.157		380.288		1815		2		0
305.718		403.462		1864		2		0
278.096		242.294		1960		2		0
224.544		338.454		2153		2		0
215.399		327.803		2162		2		0
323		330.498		2310		2		0
319.002		329.876		2239		2		0
Frame 57
272.439		315.255		2224		2		0
275.309		276.81		2082		2		0
278.564		233.595		1924		2		0
288.644		216.044		1832		2		0
246.596		241.99		2022		2		0
225.885		277.357		2107		2		0
219.149		316.423		2151		1		0
222.862		327.476		2149		1		0
311.426		247.555		2088		2		0
320.987		280.476		2210		2		0
324.61		316.055		0		1		0
320.481		322.902		2248		1		0
257.471		314.008		2118		2		0
239.555		304.259		1870		2		0
251.887		382.127		1836		2		0
253.782		409.118		1800		1		0
287.468		316.537		2125		2		0
304.938		302.713		1860		2		0
298.19		380.966		1835		2		0
305.77		403.902		0		2		0
277.715		244.817		2029		2		0
222.494		338.749		2193		2		0
218.835		328.339		0		2		0
319.5		326.5		2253		2		0
319.501		323.5		2235		2		0
Frame 58
264.771		320.131		2196		2		0
270.93		279.833		2138		2		0
277.594		236.328		2014		2		0
287.211		217.818		1916		2		0
246.656		244.274		2089		2		0
227.79		279.05		2155		2		0
240.841		321.352		1876		2		0
243.249		334.538		1867		2		0
308.889		248.392		2153		2		0
318.446		280.598		2261		2		0
322.041		315.315		0		1		0
321.488		324.538		2327		2		0
250.984		318.528		1935		2		0
240.289		308.926		1906		2		0
252.013		382.004		1844		2		0
254.24		408.504		1794		1		0
278.585		321.748		2206		2		0
304.533		303.922		1899		2		0
299.163		383.111		1838		2		0
306.005		405.383		1751		2		0
275.875		247.525		2089		2		0
247.021		352.403		1857		2		0
237.603		344.31		1864		2		0
322.801		325.797		2401		2		0
322.334		326.667		2401		2		0
Frame 59
266.038		326.712		2217		2		0
270.99		284.84		2188		2		0
276.09		241.334		2139		2		0
285.283		218.92		2020		2		0
247.515		246.815		2164		2		0
229.557		280.499		2213		2		0
241.028		313.146		1931		2		0
241.387		321.031		1912		1		0
307.574		249.217		2223		2		0
316.758		282.539		2325		2		0
324.106		316.559		2544		1		0
321.39		321.627		2429		1		0
252.843		325.32		1967		2		0
241.836		316.096		1921		2		0
252.823		388.567		1826		2		0
243.116		408.022		1756		2		0
279.303		327.84		2223		2		0
303.14		314.261		1917		2		0
300.771		388.105		1814		2		0
307.88		407.388		1717		2		0
274.796		252.35		2163		2		0
244		338		1886		2		0
235.52		311.352		1924		2		0
322.667		321.493		2440		2		0
322.501		322.5		2429		2		0
Frame 60
266.003		327.467		2234		2		0
270.867		285.365		2253		2		0
275.787		242.754		2212		2		0
283.009		220.286		2133		2		0
247.578		249.931		2254		2		0
230.683		283.717		2287		2		0
239.13		323.166		1941		2		0
244.149		335.441		1923		2		0
304.728		251.525		2301		2		0
315.762		283.731		2383		2		0
322.916		316.895		2528		1		0
325.231		327.67		2405		1		0
252.713		326.031		1976		2		0
242.394		316.98		1961		2		0
252.929		389.938		1822		2		0
242.568		408.942		1761		2		0
279.285		328.627		2241		2		0
302.782		315.431		1954		2		0
300.096		389.775		1792		2		0
308.938		406.916		1680		2		0
274.55		253.441		2256		2		0
248.067		351.316		1891		2		0
237.723		349.581		1903		2		0
326.436		327.458		2402		1		0
326.292		328.48		2395		1		0
Frame 61
265.95		330.472		2255		2		0
270.189		287.372		2321		2		0
274.331		244.68		2296		2		0
280.125		223.239		2245		2		0
246.639		253.338		2352		2		0
239.122		289.518		2077		2		0
244.398		332.305		1953		2		0
246.12		354.358		1890		2		0
302.185		254.956		2395		2		0
315.256		286.675		2442		2		0
322.108		319.018		2469		1		0
318.668		325.831		2397		1		0
252.522		330.035		1996		2		0
243.56		318.795		1987		2		0
251.296		392.191		1805		2		0
245.285		408.977		1711		2		0
279.303		331.052		2256		2		0
302.591		320.44		1965		2		0
299.573		395.18		1753		2		0
308.672		402.01		1656		2		0
273.305		255.241		2345		2		0
251.356		373.4		1857		2		0
238.874		370.001		1944		2		0
319		327		2410		2		0
318.601		326.198		2402		1		0
Frame 62
269.839		331.783		2288		2		0
272.418		288.145		2380		2		0
273.381		247.024		2408		2		0
277.08		225.609		2356		2		0
245.829		255.71		2452		2		0
231.626		289.633		2093		2		0
238.291		319.425		2003		2		0
240.615		320.21		1999		1		0
299.859		257.194		2484		2		0
313.86		288.966		2479		2		0
319.037		320.258		2465		1		0
320.706		330.398		2397		1		0
255.852		331.126		2220		2		0
242.747		318.25		2009		2		0
250.415		391.464		1775		2		0
245.733		406.206		1690		2		0
283.856		332.504		2251		2		0
302.901		320.307		1986		2		0
302.166		394.805		1744		2		0
311.76		401.349		1643		2		0
273.145		257.031		2442		2		0
233		346.499		0		2		0
254		342.5		2004		2		0
321.017		331.491		2383		1		0
320.645		330.743		2397		1		0
Frame 63
272.162		328.165		2330		2		0
271.905		284.277		2422		2		0
271.077		246.231		2518		2		0
274.406		226.56		2469		2		0
244.771		255.534		2559		2		0
230.989		288		0		2		0
235.901		309.427		2037		2		0
240.347		335.762		1950		1		0
297.445		256.836		2569		2		0
311.361		288.683		0		2		0
315.796		318.3		1983		1		0
317.219		327.848		1960		2		0
258.546		327.052		2290		2		0
240.031		316.444		2032		2		0
248.896		389.297		1774		2		0
244.172		408.831		1771		2		0
285.843		329.197		2279		2		0
304.484		319.328		1990		2		0
305.043		391.566		1739		2		0
318.093		397.384		1582		2		0
271.274		255.335		2542		2		0
242.253		352.624		1891		2		0
252.384		346.834		1977		2		0
317.52		328.909		1956		1		0
317.158		328.182		1956		1		0
Frame 64
273.106		325.779		2349		2		0
271.588		281.662		2493		2		0
269.717		244.921		2633		2		0
272.077		226.802		2590		2		0
244.641		256.823		2637		2		0
234.381		288.931		2124		2		0
235.4		311.973		2028		2		0
253.383		316.572		2251		2		0
295.07		257.61		2664		2		0
305.756		290.118		2109		2		0
310.514		317.43		1968		1		0
312.03		326.16		1935		1		0
260.263		324.607		2326		2		0
236.337		299.822		2071		2		0
245.784		367.801		1813		1		0
239.044		392.888		1696		2		0
286.051		326.857		2288		2		0
307.504		301.892		2040		2		0
306.564		368.876		1784		1		0
319.873		383.857		1624		2		0
270.16		253.631		2637		2		0
248		312		2109		2		0
251		318		2225		2		0
312.322		327.194		1929		1		0
311.969		326.485		1938		1		0
Frame 65
273.157		321.715		2385		2		0
271.034		279.561		2541		2		0
269.226		243.882		2729		2		0
270.299		225.939		2725		2		0
244.263		257.136		2739		2		0
235.551		286.754		0		2		0
237.195		310.259		2036		2		0
253.6		314.555		2249		2		0
293.551		259.417		2740		2		0
305.73		289.258		2127		2		0
309.857		315.679		1975		1		0
311.168		324.091		1938		2		0
261.685		320.019		2332		2		0
241.47		349.363		1864		2		0
251.321		419.283		0		1		0
236.07		397.017		1666		2		0
284.548		323.299		2293		2		0
304.534		302.888		2052		2		0
303.221		369.226		1799		1		0
318.624		379.506		1659		2		0
269.652		252.294		2707		2		0
252		309.001		2201		2		0
254.077		322.235		2287		2		0
311.457		325.116		1936		1		0
311.106		324.412		1938		1		0
Frame 66
273.06		321.023		2408		2		0
270.374		280.705		2573		2		0
268.134		246.996		2833		2		0
269.784		229.353		2842		2		0
244.235		260.323		2817		2		0
233.375		286.215		2607		2		0
237.459		306.216		2058		2		0
236.605		319.702		1999		2		0
292.24		262.154		2811		2		0
303.708		290.337		2127		2		0
308.009		316.185		1978		1		0
309.375		324.421		1930		2		0
261.801		319.071		2341		2		0
241.395		348.747		1871		2		0
251.247		418.705		0		1		0
234.782		397.192		0		2		0
284.347		322.939		2331		2		0
303.607		302.631		2055		2		0
302.181		368.793		2072		1		0
319.948		373.219		1681		2		0
268.659		254.897		2805		2		0
234.586		314.247		2019		1		0
237.366		327.329		1972		1		0
309.659		325.427		1925		1		0
309.315		324.737		1930		1		0
Frame 67
269.657		319.39		2431		2		0
268.882		282.111		2608		2		0
268.238		251.073		2914		2		0
268.331		234.336		2943		2		0
244.083		264.858		2889		2		0
232.402		286.968		2667		2		0
236.393		305.464		2071		1		0
227.601		311.748		2404		2		0
288.538		265.351		2851		2		0
303.659		289.829		0		2		0
306.656		315.429		1990		1		0
307.607		323.583		1957		2		0
259.178		318.499		2340		2		0
241.676		347.02		1840		2		0
251.588		417.134		1799		1		0
234.176		394.629		1960		2		0
280.166		320.29		2389		2		0
302.789		301.508		2055		1		0
301.284		366.765		2072		1		0
318.485		371.698		1670		2		0
268.388		258.333		2861		2		0
225.401		306.193		2484		1		0
228.497		319.391		2357		1		0
307.886		324.578		1949		1		0
307.546		323.895		1957		1		0
Frame 68
269.852		319.73		2454		2		0
268.53		284.776		2554		2		0
267.371		255.942		2991		2		0
267.542		240.06		3028		2		0
249.852		268.955		2908		2		0
231.24		288.684		0		1		0
232.538		303.793		2109		2		0
224.961		369.353		1637		2		0
286.264		270.064		2882		2		0
304.198		293.342		2151		1		0
303.696		316.31		1990		1		0
303.535		323.56		1953		2		0
259.756		318.541		2385		2		0
241.564		346.978		1826		1		0
251.46		417.057		1705		1		0
235.662		392.979		2016		2		0
279.909		320.976		2425		2		0
303.939		300.738		2074		1		0
302.625		364.125		2080		1		0
319.178		369.114		1695		1		0
267.64		262.654		2932		2		0
218.998		366.6		1633		2		0
234.671		380.324		1653		2		0
303.805		324.525		1951		1		0
303.474		323.862		1953		1		0
Frame 69
266.23		327.369		2472		2		0
265.804		290.13		2520		2		0
265.456		259.87		3074		2		0
266.571		245.173		3119		2		0
249.111		273.285		2925		2		0
230.813		292.888		2196		1		0
231.835		305.279		2119		2		0
225.327		364.151		1646		2		0
281.132		272.226		2887		2		0
298.581		295.338		2102		1		0
298.306		317.97		2027		1		0
298.216		325.117		1993		2		0
256.475		327.098		2460		2		0
238.936		349.284		1780		1		0
248.106		416.223		1831		1		0
237.056		396.402		1953		1		0
276.3		327.654		2482		2		0
299.927		304.651		2071		1		0
298.179		365.936		2087		1		0
313.71		370.835		1722		1		0
265.537		266.887		2986		2		0
222.037		361.464		1627		2		0
235.837		374.232		1683		2		0
298.481		326.072		1991		1		0
298.154		325.417		1993		1		0
Frame 70
271.755		327.488		2482		2		0
266.052		290.164		2520		2		0
263.203		261.484		3156		2		0
267.145		249.471		3223		2		0
247.156		274.648		3015		1		0
229.215		293.828		0		1		0
230.725		304.509		2121		2		0
231.002		363.608		1650		2		0
272.516		270.11		2956		2		0
280.388		281.275		2618		2		0
290.206		295.689		2137		2		0
281.701		298.154		2294		2		0
259.876		330.557		2401		2		0
243.163		352.802		1779		1		0
9999		9999		9999		1		0
241.786		403.844		1865		1		0
283.67		323.367		2527		2		0
314.858		291.313		2917		1		0
314.934		352.777		1757		1		0
331.375		363.376		1667		1		0
264.054		268.054		3052		2		0
222.047		358.005		1647		2		0
233.628		355.722		1685		2		0
287		307		2166		2		0
282.875		288.112		2282		2		0
Frame 71
265.379		321.594		2517		2		0
257.27		289.538		2406		2		0
251.482		266.659		3519		2		0
260.871		259.312		3242		2		0
236.457		278.821		2233		1		0
219.714		296.357		2626		1		0
223.394		303.772		2588		2		0
229.539		362.226		1679		2		0
259.346		274.727		2824		1		0
266.816		281.127		2592		2		0
274.605		293.79		2411		2		0
323.527		360.495		1689		2		0
255.189		322.01		2509		2		0
243.464		361.695		1837		1		0
9999		9999		9999		1		0
242.091		416.626		1802		1		0
275.467		321.188		2538		2		0
297.798		310.914		2065		1		0
295.569		378.513		2100		1		0
310.757		383.568		1800		1		0
252.768		271.74		3041		2		0
225.339		360.749		1666		2		0
237.661		367.507		1706		2		0
329.621		352.444		1646		2		0
318.866		350.512		1713		2		0
Frame 72
280.872		362.31		2103		2		0
269.687		326.905		2488		2		0
259.658		295.037		2381		2		0
260.732		285.096		2534		2		0
237.944		314.638		2049		1		0
239.168		330.368		1961		2		0
257.396		366.432		1876		2		0
241.867		369.865		1733		2		0
291.391		305.035		2132		2		0
310.985		339.782		1944		2		0
316.961		352.316		1831		2		0
320.866		365.473		1707		2		0
265.448		365.933		2102		2		0
250.795		382.391		2073		1		0
9999		9999		9999		1		0
9999		9999		9999		1		0
296.014		358.75		2047		2		0
306.841		314.63		2039		1		0
305.628		388.23		2015		1		0
294.12		414.968		1819		1		0
262.064		302.688		2440		2		0
242.25		371.25		1735		2		0
244.009		373.165		1769		2		0
326.757		361.455		1683		2		0
308.714		354.001		1776		2		0
Frame 73
283.907		357.933		2117		2		0
275.304		324.521		2524		2		0
267.549		295.433		2524		2		0
266.338		285.067		2538		2		0
247.184		314.223		2088		1		0
239.023		316.348		2057		2		0
240.831		355.679		1868		2		0
236.123		370.664		1760		2		0
298.87		305.051		2116		1		0
304.772		330.493		2018		2		0
312.026		371.148		0		1		0
320.389		372.549		1762		2		0
267.22		362.307		2108		2		0
262.906		377.947		1949		1		0
9999		9999		9999		1		0
9999		9999		9999		1		0
299.7		354.654		1948		2		0
308.149		315.095		2070		1		0
307.107		388.936		1949		1		0
324.136		371.826		1711		1		0
269.395		302.361		2526		2		0
225.568		373.506		1740		2		0
233.229		378.936		1785		2		0
327.136		370.625		1720		2		0
327.84		364.081		1735		2		0
Frame 74
284.119		359.802		2115		2		0
275.291		324.963		2508		2		0
267.48		295.455		2527		2		0
266.22		285.207		2557		2		0
247.166		314.196		2123		1		0
237.669		297.647		2175		2		0
242.124		351.88		1949		2		0
245.741		364.206		1905		2		0
298.702		305.049		2144		1		0
304.155		336.055		2033		2		0
308.669		375.725		1868		1		0
319.927		379.475		1817		2		0
268.062		363.634		2110		2		0
262.822		377.675		2026		1		0
9999		9999		9999		1		0
9999		9999		9999		1		0
300.028		359.412		1959		2		0
309.209		315.877		2116		1		0
308.299		390.151		1960		1		0
297.607		419.242		1798		1		0
269.346		302.495		2545		2		0
234.736		380.9		1801		2		0
255.73		373.346		1940		2		0
331.504		379.258		1763		2		0
318.425		375.098		1773		2		0
Frame 75
287.798		345.257		2176		2		0
278.645		303.486		2411		2		0
271.244		269.701		2886		2		0
268.914		263.448		3287		2		0
253.951		284.588		2501		1		0
245.458		291.343		2250		2		0
241.966		327.168		2084		2		0
243.408		353.373		1983		1		0
304.338		294.298		2231		2		0
309.498		349.084		2017		2		0
315.228		394.793		1920		1		0
323.07		385.375		1765		2		0
278.161		348.337		2164		2		0
267.101		323.124		2522		1		0
279.858		392.433		2014		1		0
251.316		386.604		1989		2		0
297.358		342.204		2075		2		0
308.146		318.272		2140		1		0
307.098		391.324		1851		1		0
286.004		411.062		1883		1		0
272.957		277.518		2689		2		0
240.571		370.145		1908		2		0
255.002		365.416		1993		2		0
328.012		389.8		1751		2		0
313.57		385.198		0		2		0
Frame 76
290.588		344.319		2185		2		0
279.456		303.23		2409		2		0
271.213		269.684		2925		2		0
268.806		263.441		0		2		0
253.949		284.543		2582		1		0
245.997		298.566		2258		2		0
243.513		336.362		2092		2		0
243.747		363.213		1978		2		0
304.223		294.221		2248		1		0
302.284		340.883		2062		2		0
313.259		381.344		1865		2		0
318.707		385.519		1806		1		0
280.748		348.089		2163		2		0
266.947		323.684		2507		1		0
279.609		392.628		2041		1		0
250.601		392.954		1927		1		0
300.365		340.403		2076		2		0
310.768		317.284		2166		1		0
310.094		389.315		0		1		0
289.034		408.307		1896		1		0
273.067		277.464		2805		2		0
239.265		379.424		1929		2		0
256.867		372.346		2013		2		0
329.085		390.405		1759		2		0
313.701		393.013		1838		2		0
Frame 77
292.707		343.378		2184		2		0
283.757		302.27		2379		2		0
275.811		269.397		2955		2		0
272.139		263.051		3159		2		0
259.088		283.954		2657		1		0
247.526		292.495		2406		2		0
243.098		327.207		2148		2		0
241.943		372.607		1937		2		0
309.406		293.286		0		1		0
305.894		331.948		2098		2		0
311.546		372.641		1925		2		0
312.973		379.793		1875		1		0
283.958		346.953		2172		2		0
272.752		319.036		2527		1		0
285.824		386.373		2061		1		0
257.774		389.838		0		2		0
301.499		339.786		2067		2		0
310.926		318.352		2165		1		0
310.268		390.096		1784		1		0
289.96		409.932		1879		1		0
277.649		276.998		2807		2		0
231.837		388		1863		2		0
254.077		379.716		1962		2		0
325.333		395.999		1776		2		0
318.184		393.358		0		2		0
Frame 78
288.852		336.441		2266		2		0
280.321		297.378		2447		2		0
273.373		265.564		3048		2		0
270.137		259.713		0		1		0
237.914		279.805		3112		2		0
236.309		287.003		2399		2		0
236.973		310.509		2218		2		0
249.177		312.629		2426		2		0
304.761		287.293		2923		1		0
306.562		328.642		2116		2		0
311.214		368.359		1922		2		0
312.958		378.951		1870		1		0
280.17		340.501		2229		2		0
271.967		317.394		2533		1		0
282.67		372.791		2159		1		0
263.372		380.756		2111		1		0
297.487		332.405		2142		2		0
308.463		320.204		2145		1		0
307.528		388.77		1887		1		0
329.826		390.231		1761		2		0
274.985		272.945		2885		2		0
249.501		325.25		2404		2		0
249		321		2520		2		0
325.726		396.214		1800		2		0
302.673		386.742		1904		2		0
Frame 79
293.317		349.297		2157		2		0
283.386		308.639		2401		2		0
275.276		275.424		2830		2		0
271.682		268.531		2922		1		0
237.024		290.642		2343		1		0
234.811		296.708		2273		2		0
235.938		327.081		2148		2		0
236.411		339.732		2092		2		0
282.415		294.304		2463		2		0
302.273		323.724		2147		2		0
306.609		373.966		1918		2		0
313.593		383.078		1857		1		0
282.216		354.434		2147		2		0
274.464		336.838		2265		1		0
286.612		400.16		1972		1		0
257.85		396.976		1945		1		0
304.252		344.236		2061		2		0
313.139		316.753		2204		1		0
312.771		389.88		1878		1		0
294.187		412.562		0		1		0
277.158		283.133		2654		2		0
236.478		353.244		2025		2		0
249.264		350.562		2155		2		0
316.799		397		1819		2		0
316.095		395.216		1863		2		0
Frame 80
293.3		349.187		2158		2		0
283.359		308.648		2409		2		0
275.243		275.531		2820		2		0
271.646		268.62		2945		1		0
236.926		290.774		2337		1		0
234.638		296.905		2269		2		0
235.686		327.43		2136		2		0
240.324		374.2		1908		1		0
282.788		291.375		2482		2		0
302.353		317.059		2156		2		0
310.261		359.392		1949		2		0
311.08		374.431		1875		1		0
282.1		354.547		2151		2		0
274.417		337.136		2259		1		0
286.591		400.639		1956		1		0
257.683		397.86		1886		1		0
304.488		343.657		2057		2		0
313.883		315.989		2221		1		0
313.618		389.496		0		1		0
295.513		412.912		1840		1		0
277.127		283.217		2652		2		0
232.902		389.107		1878		2		0
252.354		379.427		1946		2		0
320.156		389.632		1786		2		0
328.501		376.001		1925		2		0
Frame 81
293.272		349.052		2154		2		0
283.362		308.613		2398		2		0
275.255		275.527		2835		2		0
271.657		268.617		2920		1		0
236.937		290.771		2326		1		0
234.541		296.921		2257		2		0
235.682		327.418		2146		2		0
240.311		373.946		1937		1		0
282.379		291.237		2456		2		0
302.037		316.754		2159		2		0
310.213		359.387		1973		2		0
310.449		374.073		1897		1		0
282.237		354.28		2151		2		0
274.433		337.132		2251		1		0
286.609		400.637		1973		1		0
257.77		398.469		1948		1		0
304.238		343.309		2047		2		0
314.173		315.667		0		1		0
313.949		389.265		0		1		0
295.711		412.62		1868		1		0
277.136		283.209		2647		2		0
232.944		390.222		1846		2		0
253.003		379.556		1943		2		0
319.266		390.266		1793		2		0
326.286		374.428		1938		2		0
Frame 82
293.502		348.394		2162		2		0
283.986		308.108		2378		2		0
276.481		275.354		2839		2		0
272.823		268.483		2959		1		0
238.319		290.528		2307		1		0
235.409		296.696		2262		2		0
236.184		326.543		2138		2		0
236.748		339.148		2082		2		0
279.641		287.72		2536		2		0
298.22		312.173		2178		2		0
310.222		359.378		1960		2		0
309.844		362.292		1933		1		0
283.149		353.628		2151		2		0
276.147		336.502		2267		1		0
288.407		399.531		1935		1		0
259.915		398.002		1981		1		0
304.14		342.649		2041		2		0
314.22		315.789		2570		1		0
314.002		389.485		1895		1		0
295.42		412.55		1839		1		0
278.192		282.932		2659		2		0
236.898		351.324		2039		2		0
247.544		350.823		2072		2		0
317.727		374.054		1869		2		0
313.377		346.876		2023		2		0
Frame 83
291.911		348.333		2166		2		0
281.234		308.277		2386		2		0
271.825		275.707		2835		2		0
268.417		268.745		2940		1		0
233.311		291.055		2276		1		0
232.69		297.274		2238		2		0
234.767		328.467		2131		2		0
240.422		375.68		1933		1		0
273.282		288.478		2563		1		0
298.01		313.705		2171		2		0
310.248		359.394		1965		2		0
309.443		362.163		1936		1		0
279.976		354.303		2148		2		0
269.622		337.935		2252		1		0
281.446		402.117		1950		1		0
252.231		398.915		1947		1		0
303.175		342.518		2042		2		0
314.086		315.784		2573		1		0
313.848		389.553		0		1		0
293.936		411.142		1866		1		0
274.101		283.255		2640		2		0
231.598		391.272		1840		2		0
251.401		381.162		1932		2		0
317.619		374.23		1871		2		0
313.288		348.524		2025		2		0
Frame 84
292.504		348.304		2163		2		0
282.866		308.281		2358		2		0
276.127		275.795		2854		2		0
272.478		268.873		2943		1		0
237.831		291.019		2288		1		0
235.389		297.066		2241		2		0
236.039		327.215		2122		2		0
236.623		340.175		2070		1		0
279.357		288.538		2533		2		0
298.262		313.243		2158		2		0
310.04		362.802		1949		2		0
310.648		370.629		1893		1		0
281.925		354.381		2147		2		0
275.652		337.429		2257		1		0
287.927		400.861		1931		1		0
259.206		398.736		1942		1		0
303.407		342.438		2042		2		0
313.894		316.341		2561		1		0
313.624		390.273		0		1		0
294.93		413.334		1883		1		0
277.489		283.315		2645		2		0
237.627		352.754		2023		2		0
250.779		347.104		2162		2		0
320.344		381.809		1831		2		0
315.139		362.624		1954		2		0
Frame 85
293.039		348.393		2144		2		0
283.95		308.415		2294		2		0
276.837		275.897		2849		2		0
273.147		268.974		2957		1		0
238.561		291.106		2296		1		0
235.895		297.119		2244		2		0
236.304		327.132		2130		2		0
236.698		339.905		2083		2		0
279.071		288.253		2523		2		0
297.327		312.371		2171		2		0
309.082		360.872		1948		2		0
323.368		388.824		1761		2		0
282.925		354.578		2147		2		0
276.643		337.504		2248		1		0
288.998		400.862		1924		1		0
260.356		398.343		1923		1		0
303.6		342.442		2040		2		0
313.621		318.555		2520		1		0
313.288		393.038		0		1		0
294.506		416.192		1820		1		0
278.445		283.438		2654		2		0
236.832		351.899		2047		2		0
250.795		348.055		2156		2		0
334.997		394.574		1758		2		0
333.465		388.948		1756		2		0
Frame 86
293.035		348.342		2135		2		0
283.854		308.367		2302		2		0
276.417		275.819		2855		2		0
272.751		268.896		2944		1		0
238.117		291.042		2297		1		0
235.685		297.116		2244		2		0
236.097		327.189		2126		2		0
236.481		339.668		2083		1		0
277.422		287.884		2555		1		0
296.532		311.918		2169		2		0
308.676		360.271		1933		2		0
308.925		379.011		1873		2		0
282.819		354.571		2149		2		0
276.056		337.462		2254		1		0
288.37		400.893		1933		1		0
259.666		398.702		1925		1		0
303.611		342.299		2039		2		0
313.2		318.056		2525		1		0
312.816		392.464		0		1		0
293.553		415.134		1825		1		0
278.149		283.369		2658		2		0
236.885		351.998		2040		2		0
250.748		347.525		2160		2		0
315.165		393.168		1788		2		0
320.634		374.623		1899		2		0
Frame 87
292.091		348.525		2157		2		0
281.661		308.464		2368		2		0
272.446		275.794		2837		2		0
269.005		268.836		2933		1		0
233.985		291.114		2277		1		0
233.306		297.348		2250		2		0
239.155		327.042		2123		2		0
241.858		364.704		1964		1		0
272.275		287.753		2597		1		0
295.06		311.731		2186		2		0
308.374		360.047		1952		2		0
308.762		379.464		1873		2		0
281.479		355.004		2147		2		0
270.497		337.917		2249		1		0
282.377		401.941		1977		1		0
253.305		398.864		1920		1		0
302.731		342.231		2039		2		0
313.3		317.708		2550		1		0
312.93		392.29		1846		1		0
292.993		414.315		1818		1		0
274.655		283.375		2648		2		0
238.745		379.656		1869		2		0
255.713		375.428		2004		2		0
316.714		394.447		1771		2		0
315.254		373.64		1876		2		0
Frame 88
292.093		348.578		2156		2		0
281.85		308.514		2372		2		0
273.671		275.828		2824		2		0
270.159		268.877		2914		1		0
235.246		291.123		2278		1		0
234.044		297.32		2245		2		0
235.991		327.727		2132		2		0
241.127		373.329		1920		1		0
273.749		287.759		2577		1		0
295.351		311.716		2176		2		0
308.362		359.967		1954		2		0
309.951		380.541		1867		2		0
281.48		355.041		2147		2		0
272.214		337.843		2254		1		0
284.234		401.72		1948		1		0
255.264		398.992		1917		1		0
302.718		342.308		2048		2		0
313.053		318.442		2527		1		0
312.641		393.233		1826		1		0
292.904		415.599		1844		1		0
275.493		283.417		2647		2		0
236.546		389.001		1848		2		0
253.708		380.501		1946		2		0
319.177		394.909		1777		2		0
316.562		379.971		1837		2		0
Frame 89
293.444		347.889		2138		2		0
284.79		307.709		2266		2		0
278.129		275.253		2838		2		0
274.386		268.418		2980		1		0
240.122		290.352		2320		1		0
237.024		296.455		2246		2		0
238.917		324.065		2144		2		0
240.789		363.726		1959		1		0
278.736		286.928		2565		1		0
295.356		309.985		2184		2		0
307.383		356.966		1977		2		0
305.174		367.056		1940		2		0
283.764		354.034		2147		2		0
278.443		335.959		2273		1		0
290.836		398.502		1950		1		0
262.948		397.867		1990		1		0
303.43		341.801		2037		2		0
312.923		318.274		2524		1		0
312.495		392.958		0		1		0
293.696		416.191		0		1		0
279.749		282.736		2711		2		0
238.883		378.875		1906		2		0
253.927		369.371		1960		2		0
305.743		384.539		1888		2		0
316.429		369.664		1897		2		0
Frame 90
293.117		348.049		2144		2		0
283.94		307.878		2282		2		0
276.142		275.274		2825		2		0
272.502		268.403		2915		1		0
237.953		290.462		2297		1		0
235.677		296.703		2245		2		0
235.689		326.243		2131		2		0
240.284		374.02		1913		2		0
276.504		287.025		2558		1		0
295.092		310.63		2182		2		0
307.778		358.362		1958		2		0
310.142		379.759		1857		2		0
282.929		354.369		2145		2		0
275.674		336.46		2260		1		0
287.904		399.566		1967		1		0
259.462		398.344		1948		1		0
303.244		341.89		2036		2		0
312.769		318.711		2525		1		0
312.315		393.533		0		1		0
292.938		416.297		1755		1		0
277.98		282.831		2689		2		0
232.82		390.235		1847		2		0
251.809		381.075		1943		2		0
316.651		394.337		1824		2		0
321.46		372.184		1901		2		0
Frame 91
292.968		348.012		2164		2		0
283.656		307.885		2294		2		0
275.888		275.321		2834		2		0
272.26		268.442		2941		1		0
237.671		290.522		2307		1		0
235.504		296.767		2258		2		0
235.374		325.362		2133		2		0
239.711		366.92		1946		1		0
276.219		287.089		2559		1		0
295.079		310.753		2186		2		0
304.923		360.947		1975		2		0
305.465		369.924		1926		2		0
282.335		354.116		2151		2		0
275.319		336.598		2261		1		0
287.53		399.794		1955		1		0
259.028		398.392		1925		1		0
303.139		341.899		2038		2		0
312.782		318.927		2522		1		0
312.328		393.741		1890		1		0
292.922		416.457		1867		1		0
277.704		282.87		2688		2		0
238.171		381.919		1881		2		0
251.315		366.313		2008		2		0
307.771		388.923		1836		2		0
315.061		371.692		1882		2		0
Frame 92
292.088		348.057		2158		2		0
282.78		308.195		2314		2		0
275.144		275.835		2835		2		0
271.548		268.897		2902		1		0
236.778		291.094		2284		1		0
234.95		297.221		2248		2		0
235.616		327.349		2131		2		0
236.673		340.026		2074		1		0
278.45		288.025		2530		2		0
296.557		312.266		2173		2		0
309.818		360.858		1957		2		0
308.561		375.425		1890		2		0
280.226		354.009		2152		2		0
274.276		337.672		2251		1		0
286.458		401.331		1913		1		0
257.649		399.057		1923		1		0
302.966		341.991		2047		2		0
312.389		318.046		2525		1		0
311.892		392.622		1845		1		0
293.449		416.227		1844		1		0
276.916		283.335		2660		2		0
237.321		353.276		2021		2		0
250.801		349.4		2153		2		0
318.371		393.126		1779		2		0
314.85		365.141		1936		2		0
Frame 93
291.364		348.307		2161		2		0
281.796		308.292		2348		2		0
273.922		275.743		2838		2		0
270.402		268.812		2951		1		0
235.577		291.005		2290		1		0
234.29		297.207		2250		2		0
235.232		327.297		2128		2		0
236.788		340.032		2073		1		0
278.241		287.968		2552		1		0
296.42		312.179		2167		2		0
309.78		360.671		1942		2		0
308.566		376.941		1869		2		0
279.402		354.414		2148		2		0
272.568		337.534		2254		1		0
284.585		401.182		1960		1		0
255.819		398.912		1934		1		0
302.721		342.098		2041		2		0
312.089		317.665		2550		1		0
311.556		392.152		1810		1		0
293.452		416.059		1814		1		0
275.757		283.291		2657		2		0
236.537		353.318		2013		2		0
230.111		326.549		2133		2		0
315.519		393.567		1826		2		0
317.075		372.412		1889		2		0
Frame 94
291.353		348.344		2161		2		0
281.835		308.298		2359		2		0
274.164		275.698		2856		2		0
270.63		268.772		2955		1		0
235.829		290.955		2292		1		0
235.135		302.018		2234		2		0
235.676		330.415		2117		2		0
240.634		375.425		1931		1		0
278.951		287.837		2541		1		0
296.518		312.106		2161		2		0
309.805		360.46		1943		2		0
308.478		378.009		1869		2		0
279.466		354.483		2151		2		0
272.908		337.444		2256		1		0
284.952		401.055		2011		1		0
256.195		399.006		1914		1		0
302.685		342.175		2043		2		0
312.018		318.019		2527		1		0
311.471		392.603		1831		1		0
293.611		416.761		1817		1		0
275.93		283.264		2652		2		0
233.202		391.04		1850		2		0
252.001		384.355		1934		2		0
318.075		393		1785		2		0
316.704		371.249		1887		2		0
Frame 95
291.888		348.309		2164		2		0
283.148		308.367		2285		2		0
276.432		275.964		2856		2		0
272.77		269.043		2935		1		0
238.195		291.16		2304		1		0
236.618		301.959		2239		2		0
236.42		329.885		2116		2		0
236.996		341.752		2079		1		0
281.972		288.077		2496		1		0
296.969		311.823		2178		2		0
309.62		359.775		1951		2		0
308.526		377.163		1878		1		0
280.503		354.44		2150		2		0
276.077		337.518		2259		1		0
288.361		400.792		1955		1		0
259.916		399.069		1943		1		0
303.111		342.166		2032		2		0
311.837		318.007		0		1		0
311.267		392.488		1941		1		0
294.259		417.24		1859		1		0
277.957		283.469		2641		2		0
237.347		353.963		2027		2		0
231.082		327.913		2136		2		0
316.692		391.709		1801		2		0
316.521		372.229		1877		2		0
Frame 96
291.914		348.343		2161		2		0
283.114		308.358		2279		2		0
276.143		275.857		2868		2		0
272.498		268.942		2943		1		0
237.904		291.058		2294		1		0
236.438		301.903		2237		2		0
236.564		330.615		2116		2		0
237.634		342.456		2068		1		0
281.593		287.94		2513		1		0
296.854		311.757		2169		2		0
309.908		360.17		1956		2		0
306.924		372.148		1921		2		0
280.537		354.51		2147		2		0
275.675		337.386		2254		1		0
287.924		400.672		1936		1		0
259.456		399.079		1927		1		0
303.127		342.182		2044		2		0
311.92		318.264		0		1		0
311.358		392.804		0		1		0
294.214		417.475		0		1		0
277.766		283.397		2649		2		0
237.529		353.713		2020		2		0
229.668		329.468		2129		2		0
309.076		388.774		1825		2		0
317.381		374.031		1863		2		0
Frame 97
291.858		348.351		2165		2		0
283.031		308.319		2289		2		0
275.983		275.757		2858		2		0
272.35		268.852		2959		1		0
237.767		290.951		2318		1		0
236.364		301.812		2236		2		0
236.428		330.424		2120		2		0
235.019		335.88		2101		2		0
281.398		287.815		2508		1		0
296.717		311.606		2181		2		0
310.071		359.355		1962		2		0
307.13		372.413		1906		2		0
280.421		354.531		2148		2		0
275.452		337.199		2254		1		0
287.67		400.423		1967		1		0
259.249		398.487		1939		1		0
303.068		342.194		2038		2		0
311.916		318.25		0		1		0
311.353		392.802		1830		1		0
294.183		417.461		1786		1		0
277.624		283.311		2651		2		0
232.91		349.084		2053		2		0
229.634		325.916		2134		2		0
308.558		390.104		1922		2		0
317.228		374.177		1864		2		0
Frame 98
290.804		348.979		2164		2		0
281.222		308.73		2355		2		0
273.11		275.895		2835		2		0
269.636		268.945		2951		1		0
234.723		291.179		2279		1		0
234.48		302.244		2222		2		0
235.874		331.028		2113		2		0
235.354		338.75		2078		1		0
278.126		288.036		2528		1		0
296.392		312.269		2172		2		0
310.363		360.592		1942		2		0
308.768		376.35		1877		2		0
279.365		355.184		2147		2		0
271.431		337.868		2250		1		0
283.362		401.674		1940		1		0
254.508		399.027		1908		1		0
302.066		342.812		2036		2		0
312.1		318.154		2522		1		0
311.56		392.942		1897		1		0
293.666		417.183		1851		1		0
275.026		283.519		2659		2		0
235.593		350.157		2037		2		0
242.465		327.311		2152		2		0
318.211		391.502		1788		2		0
315.801		367.284		1919		2		0
Frame 99
290.851		348.955		2165		2		0
281.371		308.713		2372		2		0
273.57		275.912		2834		2		0
270.069		268.966		2930		1		0
235.201		291.185		2276		1		0
234.774		302.217		2225		2		0
236.242		330.777		2114		2		0
240.751		373.111		1904		2		0
278.391		288.094		2548		2		0
296.488		312.363		2169		2		0
310.342		360.736		1951		2		0
309.185		376.636		1882		2		0
279.43		355.149		2145		2		0
272.075		337.837		2249		1		0
284.056		401.578		1909		1		0
255.246		399.059		1921		1		0
302.106		342.799		2040		2		0
311.995		317.85		2535		1		0
311.444		392.54		1839		1		0
293.477		416.674		1859		1		0
275.377		283.521		2653		2		0
234.057		389.061		1839		2		0
252.975		378.768		1931		2		0
316.982		393.459		1811		2		0
317.03		371.405		1889		2		0
Frame 100
291.815		348.668		2162		2		0
283.011		308.51		2290		2		0
276.118		275.881		2855		2		0
272.477		268.969		2986		1		0
237.904		291.071		2293		1		0
236.464		301.883		2236		2		0
236.896		329.859		2125		2		0
237.001		341.697		2069		1		0
280.711		288.132		2504		1		0
296.845		312.184		2169		2		0
307.542		359.434		1960		2		0
307.839		375.146		1888		2		0
280.831		354.786		2149		2		0
275.64		337.361		2256		1		0
287.873		400.581		1937		1		0
259.473		398.612		1917		1		0
302.756		342.58		2050		2		0
311.902		317.702		2539		1		0
311.342		392.24		1892		1		0
293.446		416.317		1823		1		0
277.688		283.438		2663		2		0
236.946		353.549		2021		2		0
250.716		349.141		2149		2		0
314.865		393.145		1789		2		0
312.733		371.307		1883		2		0
Frame 101
291.646		348.669		2161		2		0
282.819		308.511		2315		2		0
275.783		275.856		2842		2		0
272.157		268.935		2960		1		0
237.515		291.071		2295		1		0
236.217		301.977		2249		2		0
236.804		330.11		2104		2		0
240.272		370.08		1935		2		0
280.458		288.147		2501		1		0
297.019		312.614		2158		2		0
309.352		361.285		1945		2		0
313.85		380.023		1839		2		0
280.608		354.779		2146		2		0
275.171		337.46		2256		1		0
287.388		400.837		1953		1		0
258.841		398.713		1918		1		0
302.586		342.591		2041		2		0
311.862		317.442		2537		1		0
311.298		391.994		0		1		0
293.309		416.027		1824		1		0
277.403		283.423		2655		2		0
236.157		385.849		1872		2		0
252.127		378.873		1955		2		0
330.055		391.287		1732		2		0
319.315		369.481		1926		2		0
Frame 102
292.887		346.926		2164		2		0
284.437		306.445		2269		2		0
277.538		273.825		2887		2		0
273.867		267.143		2983		1		0
239.923		288.792		2362		1		0
237.896		299.568		2255		2		0
237.713		326.027		2134		2		0
240.597		331.146		2114		1		0
282.558		285.655		2552		1		0
295.758		313.732		2168		2		0
311.129		355.053		1980		2		0
311.713		374.303		1875		2		0
282.338		352.952		2153		2		0
277.62		333.129		2303		1		0
289.764		394.561		2003		1		0
262.866		395.524		1921		1		0
303.423		340.94		2046		2		0
311.541		318.156		0		1		0
310.935		392.264		0		1		0
293.731		416.598		1814		1		0
279.18		281.313		2769		2		0
225		349.999		2181		2		0
241.202		322.523		2167		2		0
326.413		386.75		1763		2		0
313.082		358.745		1964		2		0
Frame 103
293.239		347.796		2135		2		0
284.832		307.973		2268		2		0
277.943		275.892		2848		2		0
274.202		268.999		2934		1		0
239.825		291.029		2311		1		0
237.703		301.695		2242		2		0
237.389		329.782		2120		2		0
236.39		333.956		2100		1		0
283.092		288.169		2459		1		0
296.887		316.53		2161		2		0
309.906		360.311		1943		2		0
315.404		379.171		1834		2		0
282.641		354.218		2149		2		0
278.185		337.104		2254		1		0
290.603		399.997		1973		1		0
262.425		398.344		1975		1		0
303.738		341.565		2042		2		0
311.642		318.759		0		1		0
311.041		393.041		1829		1		0
293.425		417.147		1813		1		0
279.561		283.354		2681		2		0
229.184		346.625		2080		2		0
240.146		325.844		2147		2		0
333.525		389.356		1734		2		0
320.381		370.753		1913		2		0
Frame 104
291.551		348.624		2159		2		0
280.754		308.745		2383		2		0
271.934		276.018		2799		2		0
268.528		269.053		2929		1		0
233.516		291.322		2281		1		0
233.756		302.396		2218		2		0
235.208		331.467		2109		2		0
233.591		337.811		2089		1		0
276.355		288.449		2550		1		0
294.112		319.182		2155		2		0
308.217		358.096		1962		2		0
310.868		376.343		1861		2		0
279.463		355.353		2149		2		0
269.783		338.145		2247		1		0
281.575		402.09		1927		1		0
252.633		398.857		1921		1		0
303.133		342		2039		2		0
311.668		318.383		0		1		0
311.074		392.7		0		1		0
292.341		415.862		1868		1		0
273.857		283.628		2659		2		0
230.214		352.696		2050		2		0
243.282		329.366		2145		2		0
323.501		390.206		1758		2		0
330.002		385		1760		2		0
Frame 105
291.907		348.63		2163		2		0
283.192		308.569		2281		2		0
277.428		275.894		2858		2		0
273.718		269.002		2928		1		0
239.326		291.028		2308		1		0
237.393		301.673		2239		2		0
237.23		329.348		2116		2		0
235.134		332.998		2107		1		0
282.508		288.167		2456		1		0
296.589		316.431		2157		2		0
310.12		360.734		1940		2		0
314.785		379.736		1834		2		0
281.184		354.934		2147		2		0
277.467		337.084		2257		1		0
289.812		399.954		1982		1		0
261.681		398.641		1937		1		0
303.211		342.087		2043		2		0
311.686		318.439		0		1		0
311.093		392.79		0		1		0
293.834		417.191		0		1		0
278.964		283.443		2675		2		0
229.957		347.415		2079		2		0
239.624		325.121		2145		2		0
332.78		389.681		1722		2		0
315.398		367.296		1908		2		0
Frame 106
292.329		348.527		2164		2		0
283.499		308.544		2293		2		0
277.413		275.926		2865		2		0
273.703		269.03		2955		1		0
239.295		291.066		2302		1		0
237.37		301.72		2248		2		0
237.378		329.382		2126		2		0
235.848		335.503		2092		1		0
282.494		288.209		2445		1		0
296.82		317.308		2151		2		0
311.122		356.739		1983		2		0
313.062		376.852		1848		2		0
281.422		354.845		2150		2		0
277.446		337.165		2255		1		0
289.797		400.081		1956		1		0
261.621		398.639		1926		1		0
303.472		342.086		2041		2		0
311.667		318.279		0		1		0
311.074		392.556		1770		1		0
293.698		416.853		1839		1		0
278.972		283.463		2661		2		0
229.278		348.243		2070		2		0
234.064		325.185		2133		2		0
328.638		388.111		1745		2		0
320.183		368.222		2127		2		0
Frame 107
291.971		348.796		2160		2		0
283.123		308.608		2285		2		0
276.147		275.816		2860		2		0
272.504		268.908		2931		1		0
237.934		291.007		2288		1		0
236.493		301.837		2232		2		0
236.465		330.402		2118		2		0
244.26		341.348		2088		2		0
281.081		288.126		2485		1		0
296.307		316.873		2145		2		0
310.665		361.439		1945		2		0
315.947		380.34		1829		2		0
281.015		355.032		2144		2		0
275.68		337.268		2255		1		0
287.918		400.479		1974		1		0
259.499		398.62		1933		1		0
302.923		342.663		2046		2		0
311.716		318.363		0		1		0
311.125		392.911		1913		1		0
293.303		417.025		1819		1		0
277.822		283.417		2647		2		0
249.044		356.455		2061		2		0
229.576		333.347		2115		2		0
333.559		390.174		1727		2		0
322.641		375.511		1939		2		0
Frame 108
290.533		349.162		2157		2		0
280.206		309.031		2387		2		0
271.021		276.349		2826		2		0
267.666		269.352		2961		1		0
232.545		291.679		2272		1		0
233.162		302.693		2217		2		0
235.313		331.793		2114		2		0
234.121		338.9		2087		2		0
275.332		288.849		2568		1		0
294.03		318.748		2157		2		0
309.913		357.97		1963		1		0
314.066		378.683		1842		2		0
279.086		355.468		2146		2		0
268.499		338.769		2242		1		0
280.198		402.933		1889		1		0
251.199		399.252		1894		1		0
301.792		342.965		2049		2		0
311.83		318.034		2511		1		0
311.255		392.715		1840		1		0
292.44		416.028		1842		1		0
273.173		283.932		2658		2		0
232.83		352.084		2035		2		0
243.286		328.717		2156		2		0
330.357		389.984		1735		2		0
328.603		379.176		2096		2		0
Frame 109
291.847		348.771		2162		2		0
284.047		308.275		2277		2		0
277.648		275.579		2853		2		0
273.937		268.729		3001		1		0
239.672		290.666		2322		1		0
237.639		301.256		2244		2		0
237.663		328.661		2122		2		0
238.815		332.152		2109		1		0
282.737		287.765		2483		1		0
296.597		316.454		2154		2		0
309.971		355.533		1979		2		0
311.446		374.952		1868		2		0
281.567		354.652		2146		2		0
277.773		336.357		2267		1		0
290.089		398.863		1967		1		0
262.282		397.672		1982		1		0
302.371		342.814		2039		2		0
311.874		318.519		0		1		0
311.301		393.186		1881		1		0
294.157		417.802		0		1		0
279.247		283.124		2674		2		0
228.99		347.007		2073		2		0
229.794		324.857		2137		2		0
326.876		386.906		1762		2		0
313.144		361.713		1937		2		0
Frame 110
290.629		349.233		2156		2		0
280.331		308.892		2383		2		0
271.806		275.916		2860		2		0
268.413		268.966		2942		1		0
233.443		291.2		2274		1		0
233.699		302.226		2229		2		0
235.749		330.853		2121		2		0
234.02		336.507		2102		1		0
276.204		288.314		2525		1		0
294.716		317.313		2152		2		0
310.501		362.207		1925		2		0
316.362		380.841		1820		2		0
279.311		355.506		2146		2		0
269.608		337.883		2251		1		0
281.36		401.68		1937		1		0
252.569		398.577		1922		1		0
301.621		343.098		2041		2		0
311.945		318.395		2510		1		0
311.382		393.202		1860		1		0
292.688		416.693		0		1		0
273.61		283.582		2648		2		0
232.622		351.168		2034		2		0
241.318		327.51		2141		2		0
334.005		390.021		1726		2		0
316.47		367.118		1918		2		0
Frame 111
290.295		349.428		2159		2		0
280.156		308.949		2380		2		0
271.76		275.932		2822		2		0
268.369		268.981		2948		1		0
233.395		291.217		2272		1		0
233.671		302.237		2227		2		0
234.833		331.763		2111		2		0
236.016		342.738		2076		1		0
276.153		288.333		2566		1		0
294.032		318.018		2154		2		0
310.007		357.843		1979		2		0
313.848		377.903		1845		2		0
278.81		355.764		2148		2		0
269.544		337.911		2253		1		0
281.291		401.716		1940		1		0
252.518		398.88		1954		1		0
301.46		343.215		2048		2		0
311.99		318.562		0		1		0
311.431		393.419		1903		1		0
292.799		416.99		1827		1		0
273.575		283.596		2650		2		0
235.345		356.284		2003		2		0
241.323		330.701		2120		2		0
330.307		388.502		1739		2		0
335.128		385.873		1758		2		0
Frame 112
293.015		347.905		2138		2		0
285.501		307.429		2243		2		0
278.811		275.006		2887		2		0
275.051		268.23		2967		1		0
241.05		290.006		2352		1		0
238.589		300.512		2251		2		0
237.538		328.046		2127		2		0
241.418		334.908		2102		1		0
284.014		287.035		2442		1		0
296.721		315.17		2165		2		0
311.153		355.823		1978		1		0
312.14		375.499		1861		2		0
283.055		353.454		2148		2		0
279.387		335.048		2276		1		0
291.748		396.901		1970		1		0
264.619		396.923		1981		1		0
303.249		342.202		2039		2		0
311.67		319.493		0		1		0
311.065		393.895		1850		1		0
294.073		418.421		1772		1		0
280.359		282.509		2734		2		0
225		351.002		2172		2		0
242.514		325.11		2158		2		0
326.518		387.089		1751		2		0
319.81		368.781		0		2		0
Frame 113
292.259		348.209		2149		2		0
282.606		308.418		2310		2		0
274.893		275.88		2839		2		0
271.313		268.941		2954		1		0
236.541		291.136		2287		1		0
235.615		302.135		2232		2		0
235.535		330.953		2114		2		0
234.467		336.82		2099		2		0
279.686		288.256		2505		1		0
296.002		317.582		2151		2		0
311.033		362.229		1943		2		0
324.458		388.137		1752		2		0
281.03		354.35		2147		2		0
273.925		337.712		2254		1		0
286.068		401.35		1943		1		0
257.342		399.072		1947		1		0
303.037		342.267		2046		2		0
311.429		318.261		2512		1		0
310.803		392.531		1837		1		0
292.371		415.988		1863		1		0
276.594		283.457		2663		2		0
232.79		350.433		2039		2		0
242.09		327.676		2147		2		0
333.803		391.398		1741		2		0
332.664		394.499		1820		2		0
Frame 114
292.052		348.217		2159		2		0
282.581		308.371		2315		2		0
275.009		275.706		2842		2		0
271.427		268.787		2960		1		0
236.708		290.942		2304		1		0
235.72		301.939		2234		2		0
235.654		330.592		2112		2		0
235.371		337.125		2092		1		0
279.81		288.039		2531		1		0
295.564		317.824		2154		2		0
310.903		358.401		1970		2		0
325.117		387.711		1769		2		0
280.806		354.362		2148		2		0
274.09		337.35		2250		1		0
286.225		400.834		1932		1		0
257.587		398.818		1918		1		0
302.953		342.253		2039		2		0
311.165		318.01		0		1		0
310.506		392.242		1846		1		0
292.185		415.801		1816		1		0
276.686		283.299		2656		2		0
233.356		349.196		2049		2		0
229.864		326.798		2133		2		0
331.754		393.001		1690		2		0
339.098		389.999		1736		2		0
Frame 115
289.895		349.038		2158		2		0
280.231		308.941		2392		2		0
272.112		276.226		2805		2		0
268.69		269.239		2930		1		0
233.632		291.551		2276		1		0
233.829		302.611		2220		2		0
234.708		331.708		2114		2		0
234.654		339.051		2083		1		0
276.564		288.707		2543		1		0
294.38		318.741		2152		2		0
310.289		358.923		1958		2		0
314.186		379.238		1841		2		0
278.031		355.334		2149		2		0
270.027		338.571		2241		1		0
281.869		402.689		1969		1		0
252.854		399.357		1886		1		0
301.575		342.823		2045		2		0
311.242		317.307		2543		1		0
310.597		391.719		1893		1		0
292.035		415.193		1830		1		0
274.058		283.807		2654		2		0
234.681		351.186		2042		2		0
242.103		328.383		2142		2		0
331.628		389.207		1735		2		0
312.781		366.555		1906		2		0
Frame 116
290.651		349.056		2156		2		0
281.382		308.764		2368		2		0
273.969		275.808		2836		2		0
270.445		268.871		2951		1		0
235.613		291.073		2288		1		0
235.042		302.123		2228		2		0
235.958		330.757		2124		2		0
236.417		338.211		2086		1		0
278.068		289.153		2512		2		0
295.454		319.441		2143		2		0
309.105		357.33		1964		2		0
312.992		377.629		1850		2		0
279.296		355.243		2147		2		0
272.634		337.65		2249		1		0
284.662		401.331		1949		1		0
255.888		398.908		1888		1		0
301.984		342.901		2043		2		0
311.185		317.224		2532		1		0
310.535		391.524		0		1		0
291.677		414.642		1849		1		0
275.663		283.464		2655		2		0
236.631		349.622		2037		2		0
229.954		326.908		2138		2		0
328.392		388.768		1745		2		0
333.501		385		1751		2		0
Frame 117
290.852		349.055		2160		2		0
281.719		308.573		2368		2		0
274.373		275.484		2848		2		0
270.837		268.592		2921		1		0
236.157		290.695		2307		1		0
235.393		301.682		2236		2		0
236.762		331.534		2118		2		0
236.3		338.056		2090		2		0
278.548		288.789		2520		2		0
295.89		318.137		2153		2		0
310.505		363.866		1935		2		0
324.837		388.391		1761		2		0
279.768		355.168		2148		2		0
273.205		336.869		2268		1		0
285.221		400.137		1956		1		0
256.734		398.441		1967		2		0
302.017		342.931		2050		2		0
311.356		317.983		2541		1		0
310.721		392.428		0		1		0
291.961		415.672		1856		1		0
276.065		283.16		2670		2		0
228.334		354.33		2050		2		0
239.691		332.208		2109		2		0
334.001		391.601		1703		2		0
335.246		386.497		1738		2		0
Frame 118
289.867		349.221		2158		2		0
280.611		308.737		2397		2		0
272.993		275.769		2823		2		0
269.533		268.841		2953		1		0
234.688		291.023		2286		1		0
234.48		302.034		2223		2		0
236.202		332.123		2107		2		0
234.571		340.765		2075		2		0
278.674		288.692		2528		2		0
295.411		318.596		2149		2		0
310.155		357.581		1968		2		0
313.885		377.819		1847		2		0
278.181		355.336		2148		2		0
271.273		337.512		2251		1		0
283.152		401.097		1940		1		0
254.457		398.777		1936		1		0
301.368		343.13		2049		2		0
311.455		317.739		0		1		0
310.833		392.327		0		1		0
292.802		416.361		1808		1		0
274.768		283.407		2654		2		0
229.998		358.253		2021		2		0
242.029		333.327		2111		2		0
330.766		388.935		1746		2		0
331.149		381.813		2064		2		0
Frame 119
290.149		348.979		2160		2		0
280.986		308.591		2398		2		0
273.514		275.722		2847		2		0
270.024		268.801		2952		1		0
235.227		290.965		2292		1		0
234.806		301.961		2229		2		0
235.756		330.83		2107		2		0
234.073		340.628		2081		1		0
281.31		288.072		2493		1		0
296.338		317.675		2147		2		0
307.804		357.27		1982		2		0
311.429		376.093		1865		2		0
278.453		355.096		2146		2		0
272.002		337.389		2252		1		0
283.94		400.901		1999		1		0
255.285		398.645		0		1		0
301.689		342.884		2046		2		0
311.566		317.354		0		1		0
310.964		391.817		0		1		0
294.221		416.882		1823		1		0
275.245		283.336		2657		2		0
231.534		354.798		2022		2		0
243.119		330.993		2137		2		0
326.041		387.699		1758		2		0
308.879		360.248		1943		2		0
Frame 120
291.02		349.046		2153		2		0
281.648		308.551		2365		2		0
274.057		275.634		2826		2		0
270.536		268.723		2979		1		0
235.789		290.867		2280		1		0
235.156		301.866		2240		2		0
235.886		330.809		2114		2		0
234.433		341.005		2070		2		0
280.606		288.18		2511		2		0
296.116		317.098		2154		2		0
311.434		361.532		1944		2		0
324.903		387.598		1756		2		0
279.853		355.243		2149		2		0
272.762		337.207		2259		1		0
284.761		400.64		1888		1		0
256.167		398.427		1941		1		0
302.228		342.917		2050		2		0
311.86		318.226		0		1		0
311.289		392.825		0		1		0
293.996		417.463		1827		1		0
275.813		283.258		2652		2		0
232.583		353.221		2028		2		0
242.216		331.752		2124		2		0
336.835		389.834		1717		2		0
327.456		385.826		1763		2		0
Frame 121
290.722		349.363		2159		2		0
281.008		308.819		2360		2		0
272.97		275.84		2815		2		0
269.507		268.9		2940		1		0
234.619		291.111		2275		1		0
234.426		302.145		2215		2		0
235.51		330.996		2115		2		0
234.509		335.881		2097		2		0
275.805		289.1		2548		1		0
294.023		318.833		2159		2		0
306.131		358.518		1976		2		0
311.51		376.966		1859		2		0
279.499		355.584		2148		2		0
271.237		337.713		2259		1		0
283.133		401.423		1957		1		0
254.368		398.708		1940		1		0
301.928		343.216		2049		2		0
312.019		318.38		2529		1		0
311.467		393.098		1824		1		0
292.373		416.135		1789		1		0
274.847		283.483		2649		2		0
230.999		350.5		2047		2		0
241.637		327.676		2142		2		0
326.133		388.594		1748		2		0
310.002		359.914		1945		2		0
Frame 122
291.211		348.921		2164		2		0
281.709		308.462		2360		2		0
274.016		275.598		2813		2		0
270.499		268.693		2949		1		0
235.766		290.824		2290		1		0
235.144		301.807		2233		2		0
235.69		330.573		2118		2		0
237.645		337.767		2088		2		0
277.74		288.583		2533		1		0
295.092		317.132		2158		2		0
311.2		361.179		1951		2		0
324.714		387.687		1774		2		0
280.242		355.023		2144		2		0
272.705		337.116		2251		1		0
284.691		400.498		1973		1		0
256.154		398.243		1969		1		0
302.208		342.871		2046		2		0
312.042		318.029		2523		1		0
311.498		392.617		0		1		0
293.077		416.259		1851		1		0
275.791		283.209		2657		2		0
246.601		353.398		2057		2		0
229.818		333.172		2113		2		0
335.921		391.484		1720		2		0
338.364		386.814		1756		2		0
Frame 123
290.836		349.001		2156		2		0
280.851		308.617		2384		2		0
272.509		275.825		2838		2		0
269.078		268.893		2933		1		0
234.206		291.081		2274		1		0
234.205		302.055		2227		2		0
236.272		331.927		2114		2		0
237.675		343.706		2069		2		0
275.931		288.893		2555		1		0
293.823		318.211		2175		2		0
308.455		356.305		1978		2		0
311.925		376.042		1858		2		0
279.597		355.207		2144		2		0
270.596		337.597		2252		1		0
282.411		401.199		1960		1		0
253.766		398.373		1905		2		0
301.969		342.894		2046		2		0
311.961		317.775		0		1		0
311.409		392.316		0		1		0
292.682		415.66		1779		1		0
274.465		283.419		2663		2		0
238.432		353.607		2017		2		0
230.471		331.13		2117		2		0
327.117		387.569		1758		2		0
312.917		359.329		1945		2		0
Frame 124
292.51		348.904		2157		2		0
284.015		308.526		2291		2		0
277.695		275.768		2865		2		0
273.981		268.906		2971		1		0
239.718		290.852		2311		1		0
237.724		301.382		2240		2		0
236.83		328.075		2121		2		0
236.502		339.538		2078		1		0
277.433		288.701		2542		2		0
295.042		317.261		2163		2		0
310.535		362.397		1937		2		0
325.701		387.81		1767		2		0
282.989		354.816		2149		2		0
277.839		336.619		2268		1		0
290.159		399.141		1957		1		0
262.458		397.754		1953		1		0
302.55		342.922		2044		2		0
311.848		318.337		0		1		0
311.277		392.802		0		1		0
291.001		414.39		1835		1		0
279.189		283.351		2657		2		0
236.371		350.449		2045		2		0
230.167		326.015		2137		2		0
334.313		392.308		1657		2		0
338.835		387.165		1735		2		0
Frame 125
290.414		348.651		2166		2		0
279.346		308.616		2411		2		0
270.857		276.196		2828		2		0
267.515		269.216		2941		1		0
232.427		291.511		2276		1		0
233.141		302.524		2227		2		0
234.75		330.795		2125		2		0
234.06		338.704		2081		2		0
277.894		288.06		2531		2		0
294.014		316.446		2171		2		0
306.204		360.221		1969		2		0
311.62		376.868		1865		2		0
276.462		355.174		2150		2		0
268.274		338.455		2244		1		0
279.932		402.489		1903		1		0
251.084		398.684		1944		1		0
302.411		342.732		2038		2		0
311.918		317.904		2540		1		0
311.36		392.338		1819		1		0
295.217		417.881		1823		1		0
272.77		283.709		2656		2		0
234.13		350.605		2035		2		0
242.523		328.506		2141		2		0
325.406		389.107		1756		2		0
330.504		384		1767		2		0
Frame 126
290.46		348.588		2162		2		0
280.851		308.338		2388		2		0
274.522		275.725		2862		2		0
270.968		268.802		2953		1		0
236.21		290.969		2297		1		0
235.463		301.983		2234		2		0
236.795		331.578		2116		2		0
236.054		334.305		2103		1		0
282.811		287.117		2498		1		0
295.692		314.228		2171		2		0
303.869		361.277		1972		1		0
310.202		373.073		1893		2		0
277.807		354.625		2148		2		0
273.409		337.417		2253		1		0
285.487		400.952		1963		1		0
256.872		398.31		1918		1		0
302.471		342.59		2044		2		0
312.004		318.001		2521		1		0
311.456		392.522		1794		1		0
297.241		419.2		1809		1		0
275.91		283.279		2668		2		0
229.291		349.766		2066		2		0
240.074		328.104		2131		2		0
325		385.432		1778		2		0
313.301		355.998		1986		2		0
Frame 127
292.416		346.851		2169		2		0
285.043		307.002		2258		2		0
278.663		275.19		2857		2		0
274.894		268.369		2972		1		0
240.708		290.265		2334		1		0
238.37		300.958		2244		2		0
236.853		327.932		2128		2		0
237.895		331.361		2120		1		0
286.309		286.522		2440		1		0
296.548		312.626		2178		2		0
303.721		358.278		1980		1		0
308.753		368.974		1911		2		0
281.516		352.413		2150		2		0
279.185		335.739		2276		1		0
291.62		398.117		1970		1		0
263.938		397.114		1976		1		0
303.615		341.201		2048		2		0
311.878		318.058		0		1		0
311.314		392.379		1826		1		0
297.683		419.018		1811		1		0
280.182		282.546		2723		2		0
227		348.5		2086		2		0
240.282		324.629		2153		2		0
323.921		382.769		1811		2		0
313.552		355.923		1977		2		0
Frame 128
288.649		348.888		2165		2		0
278.777		308.72		2429		2		0
271.474		275.801		2841		2		0
268.103		268.863		2939		1		0
233.141		291.077		2283		1		0
233.584		302.115		2215		2		0
235.148		331.049		2112		2		0
233.582		335.234		2096		1		0
278.763		287.298		2541		1		0
294.041		314.334		2163		2		0
308.801		357.289		1965		2		0
312.115		375.92		1865		2		0
275.648		355.573		2149		2		0
269.146		337.663		2255		1		0
280.842		401.383		1918		1		0
252.17		398.315		1926		2		0
300.857		342.645		2051		2		0
312.102		318.379		2523		1		0
311.56		393.194		1863		1		0
296.574		419.609		1857		1		0
273.164		283.42		2648		2		0
229.292		349.472		2059		2		0
243.135		328.961		2142		2		0
327.527		386.852		1756		2		0
315.809		365.074		1931		2		0
Frame 129
288.682		349.11		2160		2		0
278.852		308.755		2436		2		0
271.46		275.787		2845		2		0
268.09		268.851		2932		1		0
233.132		291.062		2274		1		0
233.579		302.098		2223		2		0
235.121		331.076		2124		2		0
233.288		336.089		2101		1		0
279.92		289.576		2505		2		0
297.181		319.935		2132		2		0
312.192		367.083		1905		2		0
325.683		387.81		1759		2		0
275.994		355.592		2148		2		0
269.127		337.634		2248		1		0
280.82		401.341		1962		1		0
252.154		398.301		0		1		0
300.784		343.019		2053		2		0
311.878		317.552		2537		1		0
311.317		392.086		1819		1		0
293.683		416.453		1854		1		0
273.16		283.412		2658		2		0
229.498		351.857		2061		2		0
243.277		329.139		2138		2		0
336.365		390.547		1723		2		0
338.575		392.288		1756		2		0
Frame 130
290.72		348.986		2165		2		0
283.128		308.785		2289		2		0
277.218		276.105		2841		2		0
273.514		269.187		2922		1		0
239.039		291.269		2308		1		0
237.255		301.935		2245		2		0
237.132		329.912		2123		2		0
237.629		341.808		2072		2		0
286.614		290.04		2332		1		0
299.775		320.627		2127		2		0
309.414		359.654		1944		2		0
312.982		378.199		1847		2		0
279.703		354.685		2145		2		0
277.174		337.56		2254		1		0
289.529		400.66		1944		1		0
261.33		398.336		1978		1		0
302.023		343.222		2034		2		0
311.635		317.486		2536		1		0
311.044		391.822		0		1		0
294.448		416.797		1824		1		0
278.562		283.675		2674		2		0
237.439		352.581		2033		2		0
230.498		328.136		2123		2		0
328.647		390.092		1729		2		0
324.36		375.611		2116		2		0
Frame 131
290.573		349		2164		2		0
281.507		308.606		2386		2		0
272.478		275.477		2844		2		0
269.053		268.576		2971		1		0
234.229		290.716		2280		1		0
234.249		301.759		2222		2		0
235.489		330.21		2115		2		0
236.87		341.608		2076		1		0
279.476		288.398		2513		2		0
296.024		317.8		2151		2		0
305.59		366.48		1937		2		0
325.276		387.612		1752		2		0
278.801		355.04		2147		2		0
270.557		336.992		2259		1		0
282.346		400.425		1968		1		0
253.831		397.991		1910		1		0
301.996		343.174		2053		2		0
311.568		317.347		0		1		0
310.969		391.631		1864		1		0
293.149		415.725		1877		1		0
274.763		283.184		2658		2		0
237.396		353.733		2023		2		0
230.596		328.11		2121		2		0
334.436		391.287		1750		2		0
338		386.124		1747		2		0
Frame 132
291.478		348.648		2162		2		0
282.187		308.279		2324		2		0
274.316		275.162		2864		2		0
270.791		268.305		2958		1		0
236.189		290.342		2292		1		0
235.484		301.33		2228		2		0
235.786		329.913		2123		2		0
236.367		340.622		2080		1		0
279.437		288.406		2516		2		0
295.761		318.403		2142		2		0
308.425		350.609		2002		2		0
309.824		370.103		1900		2		0
280.319		354.728		2147		2		0
273.129		336.221		2264		1		0
285.099		399.231		1954		1		0
256.825		397.718		1950		1		0
302.724		342.597		2042		2		0
311.392		317.641		2536		1		0
310.769		391.734		1935		1		0
292.263		415.047		1849		1		0
276.098		282.852		2695		2		0
235.319		352.284		2036		2		0
230.656		328.133		2132		2		0
326.123		383.249		1796		2		0
313.184		355.636		1973		2		0
