sit
Frame 0
292.387		222.146		1852		2		0
291.373		161.35		1836		2		0
290.47		99.9926		1869		2		0
285.055		68.8873		1781		2		0
254.046		124.898		1903		2		0
243.981		179.245		1972		1		0
243.481		229.78		1910		1		0
247.359		248.262		1861		1		0
325.697		125.253		1866		2		0
339.03		177.514		1928		2		0
339.402		229.474		1876		2		0
335.351		247.64		1850		2		0
276.407		222.72		1894		2		0
275.945		294.597		1985		2		0
279.75		356.489		2070		2		0
278.892		377.801		2052		2		0
308.525		221.575		1864		2		0
313.226		297.729		2007		2		0
311.564		355.065		2089		2		0
317.477		375.469		2057		2		0
290.693		115.399		1876		2		0
250.474		263.274		1859		2		0
241.498		252.787		1875		2		0
332.924		265.58		1836		2		0
342.23		248.966		1877		2		0
Frame 1
292.386		222.139		1852		2		0
291.378		161.352		1834		2		0
290.479		100.002		1871		2		0
285.073		68.9059		1778		2		0
254.057		124.906		1900		2		0
243.965		179.263		1970		1		0
243.479		229.768		1908		1		0
247.254		248.138		1861		1		0
325.691		125.285		1866		2		0
339.005		177.537		1924		2		0
339.381		229.381		1874		2		0
334.94		247.443		1853		2		0
276.41		222.719		1891		2		0
275.967		294.832		1976		2		0
279.825		356.801		2063		2		0
278.985		378.112		2046		2		0
308.522		221.561		1862		2		0
313.229		297.734		2008		2		0
311.566		355.061		2088		2		0
317.158		375.644		2054		2		0
290.7		115.406		1875		2		0
250.568		263.146		1857		2		0
241.269		253.122		1872		2		0
332.915		265.487		1832		2		0
340.036		255.372		1831		2		0
Frame 2
292.363		222.118		1855		2		0
291.37		161.341		1835		2		0
290.484		99.9992		1870		2		0
285.095		68.9361		1777		2		0
254.073		124.905		1901		2		0
243.963		179.238		1973		1		0
243.476		229.768		1910		1		0
247.365		248.417		1858		1		0
325.691		125.315		1866		2		0
338.995		177.569		1933		2		0
339.358		229.348		1874		2		0
334.953		247.435		1849		2		0
276.393		222.701		1886		2		0
275.941		295.015		1990		2		0
279.895		356.734		2075		2		0
279.071		378.043		2060		2		0
308.491		221.537		1865		2		0
313.231		297.702		2008		2		0
311.619		354.952		2085		2		0
317.508		375.375		2054		2		0
290.703		115.402		1877		2		0
250.226		263.671		1854		2		0
241.324		253.631		1878		2		0
332.776		265.474		1831		2		0
341.801		254.413		1835		2		0
Frame 3
292.364		222.097		1856		2		0
291.38		161.34		1835		2		0
290.505		100.033		1875		2		0
285.13		68.9717		1782		2		0
254.085		124.864		1902		2		0
243.96		179.226		1970		1		0
243.473		229.767		1909		1		0
247.224		248.399		1860		1		0
325.659		125.327		1869		2		0
338.971		177.554		1935		2		0
339.352		229.321		1876		2		0
335.042		247.461		1848		2		0
276.4		222.676		1890		2		0
276.016		294.801		1987		2		0
279.855		356.856		2071		2		0
279.007		378.167		2050		2		0
308.489		221.52		1860		2		0
313.194		297.707		2003		2		0
311.619		354.952		2090		2		0
316.403		375.8		2060		2		0
290.72		115.425		1876		2		0
250.434		263.163		1861		2		0
241.621		256.415		1892		2		0
332.78		265.474		1833		2		0
340.488		254.998		1828		2		0
Frame 4
292.352		222.087		1854		2		0
291.378		161.34		1838		2		0
290.517		100.049		1875		2		0
285.144		69.005		1779		2		0
254.105		124.876		1901		2		0
243.954		179.227		1970		1		0
243.468		229.781		1904		1		0
247.281		248.296		1857		1		0
325.655		125.348		1866		2		0
338.978		177.564		1930		2		0
339.333		229.319		1866		2		0
335.05		247.522		1847		2		0
276.392		222.672		1888		2		0
275.969		294.977		1981		2		0
279.762		356.983		2067		2		0
278.942		378.306		2047		2		0
308.472		221.505		1866		2		0
313.188		297.699		2009		2		0
311.649		355.032		2079		2		0
316.123		376.007		2051		2		0
290.729		115.437		1877		2		0
250.233		263.324		1858		2		0
241.11		251.943		1878		2		0
332.779		265.475		1828		2		0
340.597		254.989		1830		2		0
Frame 5
292.351		222.076		1859		2		0
291.383		161.331		1837		2		0
290.53		100.052		1876		2		0
285.188		69.0467		1784		2		0
254.115		124.898		1903		2		0
243.965		179.222		1968		1		0
243.469		229.838		1903		1		0
247.293		248.354		1860		1		0
325.665		125.379		1869		2		0
338.976		177.556		1934		2		0
339.314		229.295		1881		2		0
334.98		247.452		1848		2		0
276.393		222.665		1886		2		0
275.936		294.754		1981		2		0
279.699		356.978		2066		2		0
278.91		378.3		2056		2		0
308.467		221.488		1865		2		0
313.172		297.649		2004		2		0
311.653		355.031		2081		2		0
316.091		376.041		2052		2		0
290.74		115.436		1876		2		0
250.875		263.784		1855		2		0
241.269		252.9		1875		2		0
332.649		265.434		1829		2		0
340.724		254.437		1830		2		0
Frame 6
292.351		222.07		1853		2		0
291.378		161.331		1836		2		0
290.511		100.082		1877		2		0
285.224		69.0842		1783		2		0
254.126		124.905		1901		2		0
243.964		179.203		1967		1		0
243.468		229.853		1902		1		0
247.341		248.297		1858		1		0
325.679		125.408		1867		2		0
338.94		177.536		1932		2		0
339.298		229.241		1870		2		0
335.022		247.084		1842		2		0
276.393		222.658		1886		2		0
275.898		294.512		1983		2		0
279.708		356.879		2067		2		0
278.936		378.196		2050		2		0
308.468		221.484		1857		2		0
313.178		297.644		2008		2		0
311.654		355.079		2083		2		0
316.007		376.16		2048		2		0
290.725		115.455		1878		2		0
250.476		263.191		1854		2		0
240.935		252.057		1877		2		0
333.132		264.595		1826		2		0
340.886		254.725		1827		2		0
Frame 7
292.349		222.064		1853		2		0
291.374		161.329		1836		2		0
290.507		100.104		1874		2		0
285.266		69.1052		1781		2		0
254.124		124.911		1904		2		0
243.971		179.213		1970		1		0
243.456		229.842		1901		1		0
247.286		248.215		1860		1		0
325.675		125.421		1866		2		0
338.911		177.565		1932		2		0
339.287		229.162		1868		2		0
335.001		246.934		1852		2		0
276.392		222.653		1884		2		0
275.868		294.798		1983		2		0
279.734		356.734		2068		2		0
278.973		378.042		2052		2		0
308.464		221.477		1869		2		0
313.163		297.655		2002		2		0
311.636		355.106		2082		2		0
316.064		376.181		2049		2		0
290.721		115.469		1877		2		0
250.432		263.233		1850		2		0
241.132		253.411		1867		2		0
333.023		264.552		1825		2		0
340.137		254.929		1828		2		0
Frame 8
292.353		222.064		1855		2		0
291.38		161.332		1835		2		0
290.512		100.114		1874		2		0
285.292		69.11		1783		2		0
254.139		124.918		1901		2		0
243.971		179.212		1969		1		0
243.454		229.778		1902		1		0
247.247		248.212		1856		1		0
325.672		125.425		1868		2		0
338.904		177.57		1928		2		0
339.286		229.128		1875		2		0
334.822		246.709		1849		2		0
276.396		222.653		1887		2		0
275.904		294.74		1980		2		0
279.734		356.794		2065		2		0
278.97		378.106		2060		2		0
308.468		221.476		1860		2		0
313.173		297.675		2006		2		0
311.626		355.128		2082		2		0
316.142		376.211		2050		2		0
290.727		115.477		1878		2		0
250.381		263.571		1858		2		0
241.213		253.454		1870		2		0
332.892		264.538		1825		2		0
341.385		254.596		1833		2		0
Frame 9
292.355		222.057		1852		2		0
291.373		161.329		1838		2		0
290.488		100.131		1876		2		0
285.342		69.1002		1785		2		0
254.143		124.934		1902		2		0
243.966		179.21		1965		1		0
243.449		229.752		1904		1		0
247.362		248.21		1856		1		0
325.682		125.448		1867		2		0
338.858		177.571		1929		2		0
339.275		229.039		1873		2		0
334.907		246.682		1849		2		0
276.398		222.65		1886		2		0
275.89		294.781		1988		2		0
279.727		356.789		2063		2		0
278.979		378.101		2050		2		0
308.469		221.463		1861		2		0
313.153		297.735		2009		2		0
311.636		355.128		2085		2		0
316.135		376.222		2050		2		0
290.707		115.487		1878		2		0
250.705		263.15		1852		2		0
241.209		253.2		1873		2		0
333.137		264.595		1823		2		0
340.348		254.477		1828		2		0
Frame 10
292.359		222.052		1854		2		0
291.376		161.326		1836		2		0
290.487		100.144		1877		2		0
285.379		69.1022		1784		2		0
254.149		124.933		1902		2		0
243.967		179.22		1969		1		0
243.423		229.71		1901		1		0
247.455		248.323		1856		1		0
325.698		125.467		1868		2		0
338.85		177.579		1930		2		0
339.275		228.986		1877		2		0
334.677		246.54		1852		2		0
276.401		222.644		1890		2		0
275.91		294.872		1982		2		0
279.742		356.778		2072		2		0
279.002		378.089		2052		2		0
308.473		221.46		1863		2		0
313.163		297.704		2009		2		0
311.627		355.131		2079		2		0
315.855		376.269		2051		2		0
290.708		115.494		1877		2		0
250.508		263.407		1852		2		0
241.82		252.997		1876		2		0
332.757		264.526		1828		2		0
340.237		254.561		1829		2		0
Frame 11
292.36		222.052		1853		2		0
291.376		161.328		1834		2		0
290.48		100.154		1873		2		0
285.414		69.1162		1785		2		0
254.156		124.935		1899		2		0
243.974		179.208		1967		1		0
243.424		229.741		1903		1		0
247.403		248.226		1855		1		0
325.697		125.472		1867		2		0
338.829		177.587		1933		2		0
339.274		228.985		1873		2		0
334.836		246.733		1853		2		0
276.401		222.645		1882		2		0
275.95		294.632		1982		2		0
279.699		356.747		2064		2		0
278.969		378.059		2054		2		0
308.476		221.459		1857		2		0
313.184		297.635		2003		2		0
311.613		355.193		2080		2		0
315.878		376.328		2053		2		0
290.703		115.502		1877		2		0
250.163		263.43		1851		2		0
241.503		252.9		1874		2		0
333.132		264.595		1824		2		0
340.555		254.295		1826		2		0
Frame 12
292.358		222.045		1849		2		0
291.372		161.32		1835		2		0
290.476		100.157		1877		2		0
285.449		69.1123		1786		2		0
254.154		124.93		1900		2		0
243.96		179.292		1966		1		0
243.411		229.824		1900		1		0
247.351		248.325		1853		1		0
325.69		125.48		1867		2		0
338.821		177.592		1931		2		0
339.269		228.991		1881		2		0
335.025		247.082		1850		2		0
276.398		222.635		1885		2		0
275.948		294.359		1983		2		0
279.634		356.657		2065		2		0
278.916		377.965		2061		2		0
308.475		221.454		1863		2		0
313.182		297.638		2006		2		0
311.597		355.173		2081		2		0
315.936		376.357		2056		2		0
290.699		115.501		1876		2		0
250.124		263.6		1851		2		0
241.144		252.874		1876		2		0
333.289		264.579		1824		2		0
339.82		254.365		1829		2		0
Frame 13
292.356		222.042		1853		2		0
291.364		161.322		1836		2		0
290.462		100.172		1875		2		0
285.484		69.1064		1785		2		0
254.151		124.936		1903		2		0
243.961		179.291		1967		1		0
243.922		231.516		1899		1		0
247.821		249.15		1853		1		0
325.716		125.493		1869		2		0
338.801		177.611		1933		2		0
339.264		228.967		1869		2		0
334.796		246.877		1851		2		0
276.397		222.633		1884		2		0
275.931		294.277		1982		2		0
279.629		356.633		2069		2		0
278.931		377.941		2056		2		0
308.471		221.451		1865		2		0
313.181		297.611		2006		2		0
311.578		355.175		2084		2		0
316.004		376.36		2050		2		0
290.686		115.512		1875		2		0
251		263.864		1852		2		0
241.596		253.797		1868		2		0
333.38		264.539		1825		2		0
340.423		254.238		1831		2		0
Frame 14
292.36		222.044		1850		2		0
291.362		161.321		1835		2		0
290.442		100.17		1876		2		0
285.496		69.116		1783		2		0
254.145		124.971		1897		2		0
243.957		179.289		1968		1		0
243.789		231.012		1901		1		0
247.855		249.022		1849		1		0
325.714		125.495		1867		2		0
338.781		177.612		1932		2		0
339.264		228.928		1870		2		0
334.884		246.686		1853		2		0
276.403		222.638		1885		2		0
275.913		294.208		1987		2		0
279.617		356.657		2065		2		0
278.927		377.967		2059		2		0
308.475		221.452		1859		2		0
313.171		297.602		2006		2		0
311.596		355.167		2087		2		0
316.062		376.352		2054		2		0
290.672		115.51		1874		2		0
250.812		263.725		1852		2		0
242.328		254.044		1863		2		0
333.175		264.537		1822		2		0
340.298		254.342		1824		2		0
Frame 15
292.357		222.042		1853		2		0
291.355		161.321		1834		2		0
290.429		100.178		1874		2		0
285.501		69.108		1784		2		0
254.144		124.973		1898		2		0
243.913		179.376		1965		1		0
243.695		230.742		1901		1		0
247.654		248.669		1854		1		0
325.718		125.5		1869		2		0
338.78		177.61		1932		2		0
339.259		228.904		1874		2		0
334.905		246.626		1853		2		0
276.401		222.637		1884		2		0
275.911		294.551		1977		2		0
279.578		356.496		2065		2		0
278.893		377.802		2055		2		0
308.471		221.447		1861		2		0
313.153		297.592		2005		2		0
311.604		355.165		2081		2		0
315.689		376.418		2051		2		0
290.661		115.516		1875		2		0
250.822		263.852		1850		2		0
241.628		253.759		1874		2		0
333.289		264.579		1826		2		0
340.65		254.734		1826		2		0
Frame 16
292.347		222.049		1854		2		0
291.351		161.324		1834		2		0
290.428		100.18		1874		2		0
285.509		69.1086		1782		2		0
254.143		124.978		1899		2		0
243.915		179.352		1967		1		0
243.669		230.636		1897		1		0
247.675		248.701		1851		1		0
325.712		125.504		1867		2		0
338.777		177.611		1933		2		0
339.256		228.94		1874		2		0
334.934		246.777		1854		2		0
276.386		222.649		1885		2		0
275.868		295.181		1983		2		0
279.696		356.627		2061		2		0
279.026		377.938		2056		2		0
308.463		221.45		1857		2		0
313.171		297.59		2007		2		0
311.598		355.175		2080		2		0
321.695		371.469		2085		2		0
290.659		115.518		1876		2		0
250.953		263.871		1851		2		0
242.41		256.221		1868		2		0
333.376		264.621		1823		2		0
340.141		254.019		1826		2		0
Frame 17
292.347		222.05		1852		2		0
291.348		161.326		1834		2		0
290.421		100.187		1870		2		0
285.51		69.1088		1785		2		0
254.138		124.982		1899		2		0
243.881		179.378		1963		1		0
243.653		230.715		1899		1		0
247.641		248.717		1851		1		0
325.707		125.5		1863		2		0
338.772		177.613		1931		2		0
339.258		228.93		1870		2		0
334.869		246.626		1852		2		0
276.387		222.653		1883		2		0
275.884		295.137		1984		2		0
279.693		356.649		2063		2		0
279.025		377.963		2059		2		0
308.464		221.45		1862		2		0
313.165		297.578		2004		2		0
311.609		355.182		2079		2		0
318.804		374.547		2056		2		0
290.653		115.523		1873		2		0
250.973		263.913		1851		2		0
243.401		261.802		1884		2		0
333.267		264.499		1824		2		0
340.256		253.917		1832		2		0
Frame 18
292.343		222.051		1850		2		0
291.342		161.326		1833		2		0
290.411		100.185		1876		2		0
285.516		69.11		1785		2		0
254.139		124.982		1897		2		0
243.849		179.412		1963		1		0
243.619		230.654		1899		1		0
247.751		248.934		1849		1		0
325.705		125.503		1868		2		0
338.77		177.619		1931		2		0
339.258		228.93		1878		2		0
335.036		246.992		1850		2		0
276.38		222.654		1885		2		0
275.882		295.101		1986		2		0
279.709		356.625		2071		2		0
279.044		377.935		2053		2		0
308.46		221.45		1859		2		0
313.168		297.578		2008		2		0
311.562		355.213		2092		2		0
317.757		375.495		2050		2		0
290.644		115.522		1873		2		0
250.553		263.88		1851		2		0
242.177		252.95		1865		2		0
333.375		264.621		1826		2		0
339.801		254.17		1825		2		0
Frame 19
292.343		222.049		1851		2		0
291.341		161.325		1836		2		0
290.409		100.184		1870		2		0
285.517		69.1086		1782		2		0
254.135		124.989		1898		2		0
243.786		179.523		1965		1		0
243.59		230.633		1897		1		0
247.61		248.899		1853		1		0
325.702		125.503		1867		2		0
338.77		177.634		1931		2		0
339.247		228.944		1875		2		0
334.913		246.667		1854		2		0
276.381		222.652		1880		2		0
275.862		295.164		1987		2		0
279.716		356.656		2067		2		0
279.053		377.97		2058		2		0
308.46		221.448		1862		2		0
313.155		297.564		2003		2		0
311.44		355.25		2083		2		0
317.264		375.823		2058		2		0
290.642		115.521		1870		2		0
250.841		263.892		1852		2		0
240.924		253.096		1876		2		0
333.378		264.622		1824		2		0
340.298		253.971		1828		2		0
Frame 20
292.344		222.049		1855		2		0
291.337		161.324		1832		2		0
290.397		100.183		1872		2		0
285.518		69.1075		1781		2		0
254.124		125		1900		2		0
243.782		179.518		1963		1		0
243.563		230.597		1899		1		0
247.647		248.978		1854		1		0
325.698		125.503		1864		2		0
338.766		177.64		1934		2		0
339.247		228.947		1877		2		0
334.955		246.706		1852		2		0
276.382		222.653		1881		2		0
275.882		295.256		1981		2		0
279.697		356.662		2066		2		0
279.039		377.976		2055		2		0
308.46		221.447		1858		2		0
313.151		297.565		2003		2		0
311.461		355.264		2081		2		0
324.122		364.876		2292		2		0
290.633		115.52		1874		2		0
250.601		263.786		1847		2		0
242.012		253.268		1866		2		0
333.373		264.621		1828		2		0
340.405		254.672		1828		2		0
Frame 21
292.342		222.05		1854		2		0
291.336		161.323		1832		2		0
290.397		100.178		1873		2		0
285.519		69.1069		1780		2		0
254.108		125.022		1894		2		0
243.738		179.518		1966		1		0
243.536		230.511		1898		1		0
247.504		248.733		1850		1		0
325.695		125.512		1864		2		0
338.765		177.645		1929		2		0
339.245		228.957		1873		2		0
335.012		246.72		1851		2		0
276.38		222.653		1885		2		0
275.876		295.269		1986		2		0
279.766		356.646		2070		2		0
279.124		377.96		2058		2		0
308.459		221.448		1859		2		0
313.157		297.579		2007		2		0
311.46		355.329		2091		2		0
324.146		365.121		0		2		0
290.633		115.516		1873		2		0
251		263.663		1847		2		0
241.832		253.534		1869		2		0
333.285		264.579		1825		2		0
340.168		254.75		1829		2		0
Frame 22
292.344		222.053		1846		2		0
291.334		161.321		1830		2		0
290.391		100.167		1870		2		0
285.522		69.0995		1779		2		0
254.09		125.042		1894		2		0
243.724		179.53		1964		1		0
243.704		231.596		1891		1		0
247.609		249.356		1850		1		0
325.688		125.514		1862		2		0
338.764		177.647		1931		2		0
339.243		228.955		1874		2		0
335.027		246.655		1848		2		0
276.379		222.658		1885		2		0
275.891		295.411		1983		2		0
279.759		356.621		2071		2		0
279.122		377.936		2055		2		0
308.461		221.45		1855		2		0
313.139		297.583		2005		2		0
311.447		355.328		2084		2		0
316.005		376.58		2053		2		0
290.628		115.508		1874		2		0
250.596		264.026		1852		2		0
241.543		253.507		1862		2		0
333.285		264.578		1822		2		0
339.862		255.09		1820		2		0
Frame 23
292.339		222.067		1851		2		0
291.329		161.328		1830		2		0
290.386		100.166		1869		2		0
285.524		69.0978		1779		2		0
254.078		125.059		1892		2		0
243.68		179.578		1962		1		0
243.611		231.093		1894		1		0
247.545		249.264		1847		1		0
325.689		125.513		1864		2		0
338.759		177.648		1926		2		0
339.246		228.965		1876		2		0
334.941		246.587		1847		2		0
276.374		222.664		1881		2		0
275.898		295.408		1979		2		0
279.762		356.547		2070		2		0
279.133		377.867		2056		2		0
308.455		221.474		1856		2		0
313.138		297.564		2004		2		0
311.439		355.341		2087		2		0
316.03		376.584		2054		2		0
290.623		115.51		1869		2		0
250.724		263.942		1845		2		0
241.747		254.637		1861		2		0
333.327		264.564		1824		2		0
340.213		254.581		1825		2		0
Frame 24
292.338		222.086		1845		2		0
291.317		161.339		1829		2		0
290.365		100.169		1869		2		0
285.523		69.0852		1778		2		0
254.068		125.052		1892		2		0
243.652		179.555		1963		1		0
243.572		231.033		1893		1		0
247.549		249.224		1847		1		0
325.664		125.526		1861		2		0
338.742		177.652		1927		2		0
339.242		228.986		1872		2		0
334.722		246.492		1849		2		0
276.37		222.694		1880		2		0
275.859		295.442		1986		2		0
279.691		356.686		2074		2		0
279.075		378.013		2053		2		0
308.455		221.485		1861		2		0
313.132		297.516		2002		2		0
311.428		355.332		2087		2		0
324.275		365.286		2292		2		0
290.604		115.515		1869		2		0
250.694		263.979		1847		2		0
241.814		254.063		1863		2		0
333.258		264.578		1817		2		0
340.059		254.027		1825		2		0
Frame 25
292.332		222.103		1846		2		0
291.31		161.345		1830		2		0
290.359		100.164		1869		2		0
285.519		69.0796		1779		2		0
254.058		125.051		1894		2		0
243.603		179.591		1964		1		0
243.526		230.873		1895		1		0
247.34		249.231		1848		1		0
325.66		125.537		1861		2		0
338.734		177.69		1926		2		0
339.242		228.957		1866		2		0
334.869		246.716		1846		2		0
276.361		222.715		1878		2		0
275.729		294.894		1974		2		0
279.671		356.707		2068		2		0
279.064		378.039		2050		2		0
308.451		221.497		1857		2		0
313.097		297.542		2002		2		0
311.426		355.299		2076		2		0
315.685		376.519		2053		2		0
290.598		115.513		1867		2		0
250.677		264.105		1847		2		0
241.715		255.63		1862		2		0
333.38		264.538		1821		2		0
340.007		254.254		1826		2		0
Frame 26
292.332		222.116		1845		2		0
291.295		161.342		1831		2		0
290.329		100.145		1869		2		0
285.538		69.0625		1775		2		0
254.044		125.05		1890		2		0
243.608		179.563		1963		1		0
243.485		230.818		1899		1		0
247.489		249.277		1852		1		0
325.663		125.534		1861		2		0
338.699		177.678		1927		2		0
339.232		228.936		1868		2		0
334.616		246.613		1851		2		0
276.357		222.716		1876		2		0
275.728		294.722		1974		2		0
279.667		356.717		2071		2		0
279.062		378.051		2056		2		0
308.452		221.517		1861		2		0
313.096		297.553		2009		2		0
311.433		355.291		2077		2		0
315.631		376.575		2051		2		0
290.571		115.498		1869		2		0
250.733		264.004		1851		2		0
241.075		252.551		1874		2		0
333.379		264.621		1820		2		0
340.207		254.611		1823		2		0
Frame 27
292.323		222.116		1851		2		0
291.279		161.34		1828		2		0
290.306		100.137		1866		2		0
285.528		69.0376		1778		2		0
254.01		125.059		1893		2		0
243.571		179.583		1960		1		0
243.469		230.812		1898		1		0
247.481		249.281		1849		1		0
325.661		125.538		1863		2		0
338.683		177.698		1925		2		0
339.22		228.919		1872		2		0
334.677		246.404		1847		2		0
276.345		222.715		1881		2		0
275.679		294.802		1974		2		0
279.657		356.716		2066		2		0
279.047		378.053		2051		2		0
308.447		221.518		1857		2		0
313.105		297.541		2005		2		0
311.437		355.301		2083		2		0
321.285		372.534		2073		2		0
290.55		115.493		1870		2		0
250.701		263.901		1847		2		0
241.381		253.459		1863		2		0
333.287		264.578		1822		2		0
339.852		254.346		1819		2		0
Frame 28
292.312		222.127		1850		2		0
291.266		161.348		1827		2		0
290.293		100.138		1866		2		0
285.529		69.0218		1775		2		0
253.995		125.061		1894		2		0
243.561		179.575		1959		1		0
243.445		230.771		1896		1		0
247.37		248.984		1851		1		0
325.653		125.553		1861		2		0
338.677		177.72		1923		2		0
339.226		228.872		1867		2		0
334.527		246.186		1841		2		0
276.332		222.727		1880		2		0
275.639		294.672		1976		2		0
279.644		356.711		2064		2		0
279.024		378.05		2057		2		0
308.44		221.529		1852		2		0
313.116		297.493		1999		2		0
311.449		355.272		2079		2		0
319.411		374.521		2056		2		0
290.537		115.495		1868		2		0
250.506		264.005		1846		2		0
241.54		253.632		1863		2		0
332.994		264.579		1819		2		0
340.161		254.346		1824		2		0
Frame 29
292.311		222.127		1853		2		0
291.261		161.35		1827		2		0
290.281		100.138		1869		2		0
285.528		68.986		1775		2		0
253.995		125.036		1895		2		0
243.565		179.534		1964		1		0
243.426		230.708		1895		1		0
247.458		248.997		1846		1		0
325.652		125.553		1862		2		0
338.663		177.734		1923		2		0
339.212		228.86		1865		2		0
334.722		246.382		1845		2		0
276.33		222.727		1885		2		0
275.674		295.157		1982		2		0
279.622		356.795		2066		2		0
279.012		378.139		2055		2		0
308.439		221.529		1857		2		0
313.137		297.553		2007		2		0
311.447		355.277		2088		2		0
318.6		375.154		2053		2		0
290.527		115.497		1869		2		0
250.607		263.938		1845		2		0
241.529		253.707		1868		2		0
333.024		264.551		1817		2		0
340.331		255.537		1823		2		0
Frame 30
292.31		222.132		1851		2		0
291.254		161.357		1827		2		0
290.268		100.138		1866		2		0
285.564		68.9792		1773		2		0
253.993		125.023		1894		2		0
243.578		179.468		1960		1		0
243.414		230.537		1893		1		0
247.562		248.73		1847		1		0
325.639		125.549		1860		2		0
338.631		177.752		1924		2		0
339.208		228.834		1871		2		0
334.512		246.199		1843		2		0
276.324		222.736		1881		2		0
275.626		295.542		1978		2		0
279.664		357.11		2065		2		0
279.067		378.472		2050		2		0
308.441		221.53		1857		2		0
313.15		297.547		1998		2		0
311.456		355.298		2080		2		0
318.083		375.658		2063		2		0
290.515		115.499		1866		2		0
250.824		263.851		1843		2		0
241.506		253.835		1869		2		0
332.919		264.512		1820		2		0
340.094		255.586		1820		2		0
Frame 31
292.301		222.124		1855		2		0
291.253		161.352		1828		2		0
290.286		100.129		1868		2		0
285.595		68.9545		1775		2		0
253.996		125.01		1897		2		0
243.59		179.447		1961		1		0
243.406		230.491		1899		1		0
247.518		248.625		1846		1		0
325.637		125.554		1861		2		0
338.625		177.754		1926		2		0
339.199		228.759		1866		2		0
334.555		246.047		1843		2		0
276.308		222.718		1877		2		0
275.637		295.478		1980		2		0
279.632		357.075		2067		2		0
279.015		378.441		2053		2		0
308.436		221.529		1860		2		0
313.155		297.556		2002		2		0
311.487		355.316		2087		2		0
317.823		375.847		2055		2		0
290.527		115.492		1867		2		0
250.641		263.797		1848		2		0
242.065		254.604		1857		2		0
332.759		264.526		1821		2		0
340.075		254.756		1823		2		0
Frame 32
292.298		222.117		1849		2		0
291.251		161.351		1832		2		0
290.282		100.13		1872		2		0
285.656		68.9482		1774		2		0
254.012		124.99		1895		2		0
243.604		179.393		1965		1		0
243.395		230.394		1897		1		0
247.536		248.381		1848		1		0
325.637		125.55		1860		2		0
338.622		177.728		1925		2		0
339.197		228.682		1868		2		0
334.618		246.279		1843		2		0
276.305		222.712		1886		2		0
275.557		295.556		1978		2		0
279.618		356.911		2061		2		0
279.008		378.278		2055		2		0
308.434		221.519		1858		2		0
313.158		297.571		2000		2		0
311.488		355.321		2076		2		0
317.615		375.985		2053		2		0
290.524		115.493		1872		2		0
250.93		263.571		1847		2		0
241.665		252.724		1868		2		0
332.759		264.525		1821		2		0
340.2		254.459		1823		2		0
Frame 33
292.287		222.099		1862		2		0
291.251		161.353		1832		2		0
290.286		100.135		1870		2		0
285.739		68.9581		1773		2		0
254.032		124.921		1896		2		0
243.615		179.37		1963		1		0
243.395		230.393		1899		1		0
247.576		248.3		1849		1		0
325.632		125.549		1861		2		0
338.624		177.651		1927		2		0
339.191		228.65		1865		2		0
334.735		246.532		1846		2		0
276.298		222.696		1890		2		0
275.426		295.562		1985		2		0
280.038		358.73		2068		2		0
279.443		380.16		2046		1		0
308.417		221.498		1863		2		0
313.165		297.579		2003		2		0
311.407		355.399		2077		2		0
316.965		376.256		2052		2		0
290.526		115.496		1869		2		0
250.902		263.718		1852		2		0
241.383		253.464		1864		2		0
332.761		264.527		1821		2		0
339.935		254.611		1823		2		0
Frame 34
292.273		222.016		1859		2		0
291.259		161.362		1836		2		0
290.301		100.159		1874		2		0
285.833		68.9783		1776		2		0
254.05		124.884		1898		2		0
243.649		179.282		1966		1		0
243.387		230.291		1902		1		0
247.581		248.351		1853		1		0
325.63		125.54		1865		2		0
338.628		177.633		1932		2		0
339.184		228.651		1874		2		0
335.233		246.97		1846		2		0
276.316		222.604		1889		2		0
275.363		295.589		1983		2		0
280.101		358.32		2072		2		0
279.498		379.746		2052		1		0
308.372		221.425		1867		2		0
313.179		297.578		2000		2		0
311.571		355.472		2084		2		0
316.805		376.457		2050		2		0
290.539		115.519		1874		2		0
250.954		263.085		1851		2		0
241.118		253.147		1870		2		0
332.645		264.486		1826		2		0
340.152		254.737		1823		2		0
Frame 35
292.214		221.9		1865		2		0
291.244		161.367		1840		2		0
290.306		100.186		1873		2		0
285.956		69.031		1772		2		0
254.084		124.837		1897		2		0
243.69		179.258		1965		1		0
243.419		230.194		1901		1		0
247.788		248.323		1854		1		0
325.633		125.528		1868		2		0
338.653		177.61		1931		2		0
339.18		228.642		1872		2		0
335.108		246.892		1846		2		0
276.276		222.483		1894		2		0
275.368		295.594		1988		2		0
279.987		358.145		2066		2		0
279.364		379.581		2059		1		0
308.289		221.315		1872		2		0
313.198		297.61		2005		2		0
311.592		355.471		2083		2		0
316.336		376.583		2043		2		0
290.542		115.545		1874		2		0
251.016		263.106		1862		2		0
242.014		254.375		1867		2		0
332.758		264.448		1824		2		0
340.011		253.9		1828		2		0
Frame 36
292.224		221.74		1870		2		0
291.253		161.398		1841		2		0
290.319		100.273		1876		2		0
286.071		69.1864		1772		2		0
254.107		124.783		1900		2		0
243.741		179.153		1969		1		0
243.477		230.064		1904		1		0
247.867		248.077		1859		1		0
325.588		125.504		1866		2		0
338.698		177.554		1935		2		0
339.166		228.656		1876		2		0
335.321		247.047		1843		2		0
276.317		222.334		1903		2		0
275.334		295.635		1984		2		0
279.949		358.105		2061		2		0
279.309		379.561		2051		1		0
308.266		221.143		1873		2		0
313.226		297.662		2003		2		0
311.613		355.516		2085		2		0
316.228		376.674		2051		2		0
290.554		115.625		1880		2		0
250.976		262.912		1857		2		0
241.679		252.332		1876		2		0
332.814		264.523		1832		2		0
340.371		254.739		1829		2		0
Frame 37
292.261		221.565		1880		2		0
291.283		161.508		1848		2		0
290.348		100.463		1874		2		0
286.234		69.4725		1767		2		0
254.156		124.712		1903		2		0
243.741		179.057		1976		1		0
243.522		229.836		1911		1		0
247.918		247.781		1867		1		0
325.573		125.481		1871		2		0
338.73		177.477		1938		2		0
339.203		228.655		1878		2		0
335.592		247.555		1842		2		0
276.426		222.119		1906		2		0
275.319		295.698		1992		2		0
279.561		357.528		2066		2		0
278.915		379.016		2048		1		0
308.241		221.007		1879		2		0
313.259		297.651		2000		2		0
311.645		355.512		2081		2		0
317.101		376.341		2048		2		0
290.583		115.811		1881		2		0
250.874		263.154		1865		2		0
242.131		253.218		1874		2		0
332.784		264.543		1834		2		0
340.316		254.36		1830		2		0
Frame 38
292.28		221.307		1884		2		0
291.329		161.615		1854		2		0
290.402		100.669		1871		2		0
286.428		69.7547		1759		2		0
254.221		124.643		1905		2		0
243.829		178.941		1980		1		0
243.582		229.484		1917		1		0
247.895		247.449		1868		1		0
325.548		125.472		1875		2		0
338.629		177.285		1942		2		0
339.236		228.736		1882		2		0
335.736		247.669		1849		2		0
276.534		221.845		1916		2		0
275.261		295.718		1991		2		0
279.31		357.243		2072		2		0
278.64		378.777		2050		1		0
308.165		220.768		1889		2		0
313.485		297.555		2001		2		0
311.661		355.56		2087		2		0
317.163		376.394		2056		2		0
290.636		116.014		1879		2		0
251.023		263.123		1871		2		0
241.599		252.298		1887		2		0
332.991		264.522		1839		2		0
341.005		254.221		1842		2		0
Frame 39
292.291		221.045		1889		2		0
291.343		161.855		1859		2		0
290.429		101.118		1877		2		0
286.605		70.2001		1762		2		0
254.302		124.533		1907		2		0
243.866		178.745		1980		1		0
243.661		229.008		1923		1		0
248.018		247.598		1877		1		0
325.45		125.416		1880		2		0
338.631		177.17		1945		2		0
339.23		228.861		1892		2		0
335.722		247.927		1855		2		0
276.598		221.57		1926		2		0
275.158		295.613		2000		2		0
279.308		357.238		2065		2		0
278.648		378.831		2045		1		0
308.108		220.523		1904		2		0
313.711		297.572		2001		2		0
311.652		355.58		2086		2		0
316.966		376.467		2048		2		0
290.66		116.428		1884		2		0
250.897		262.974		1873		2		0
242.215		251.769		1897		2		0
332.988		264.571		1844		2		0
340.568		253.481		1841		2		0
Frame 40
292.419		220.744		1917		2		0
291.363		162.131		1868		2		0
290.4		101.626		1876		2		0
286.778		70.6991		1752		2		0
254.389		124.516		1914		2		0
244.056		178.638		1986		1		0
243.832		229.068		1931		1		0
248.108		247.662		1885		1		0
325.363		125.431		1884		2		0
338.601		176.991		1950		2		0
339.283		228.937		1899		2		0
335.911		247.824		1863		2		0
276.767		221.248		1940		2		0
274.684		295.293		1989		2		0
279.246		357.097		2066		2		0
278.592		378.771		2050		1		0
308.19		220.243		1909		2		0
313.918		297.544		2003		2		0
311.655		355.578		2083		2		0
316.919		376.581		2053		2		0
290.639		116.908		1888		2		0
251.067		262.886		1885		2		0
242.606		253.44		1899		2		0
333.041		264.497		1854		2		0
341.395		252.954		1852		2		0
Frame 41
292.475		220.377		1924		2		0
291.331		162.574		1876		2		0
290.315		102.426		1880		2		0
287.06		71.633		1740		2		0
254.433		124.581		1916		2		0
244.124		178.661		1991		1		0
243.989		229.283		1937		1		0
248.272		247.725		1892		1		0
325.197		125.511		1887		2		0
338.545		176.847		1954		2		0
339.163		229.189		1896		2		0
335.965		247.853		1871		2		0
276.893		220.794		1950		2		0
274.674		295.294		1993		2		0
279.224		357.311		2064		2		0
278.563		379.111		2045		1		0
308.175		219.962		1926		2		0
314.062		297.504		2006		2		0
311.705		355.709		2084		2		0
316.921		376.747		2046		2		0
290.567		117.639		1889		2		0
251.048		262.954		1890		2		0
242.661		251.829		1922		2		0
333.478		264.327		1862		2		0
341.296		253.446		1859		2		0
Frame 42
292.583		220.286		1944		2		0
291.269		163.29		1888		2		0
290.132		103.525		1878		2		0
287.237		72.6686		1731		2		0
254.543		124.886		1919		2		0
244.067		179.013		2001		1		0
244.593		231.522		1944		1		0
248.829		248.785		1898		1		0
324.999		125.833		1891		2		0
338.523		177.098		1961		2		0
339.226		229.439		1903		2		0
335.894		248.12		1875		2		0
277.044		220.682		1963		2		0
274.384		295.3		1991		2		0
279.281		357.701		2062		2		0
278.714		379.667		2047		1		0
308.232		219.894		1939		2		0
314.238		297.369		1998		2		0
311.812		355.933		2089		2		0
316.717		377.075		2047		2		0
290.412		118.667		1895		2		0
251.975		263.452		1900		2		0
242.783		252.996		1923		2		0
333.286		264.283		1866		2		0
340.976		253.849		1866		2		0
Frame 43
292.769		220.361		1967		2		0
291.109		164.205		1900		2		0
289.645		105.108		1873		2		0
287.362		74.346		1722		2		0
254.516		125.663		1917		2		0
244.028		179.601		2005		1		0
244.86		232.389		1950		1		0
249.252		249.857		1909		1		0
324.719		126.422		1896		2		0
338.574		177.244		1967		2		0
339.071		230.477		1916		2		0
335.92		248.885		1887		2		0
277.322		220.818		1983		2		0
274.064		295.305		1994		2		0
279.251		358.042		2062		2		0
278.711		380.175		2043		1		0
308.319		219.905		1961		2		0
314.406		297.238		2000		2		0
311.901		356.044		2082		2		0
316.338		377.321		2041		2		0
290.024		120.063		1898		2		0
252.303		264.439		1911		2		0
243.449		254.898		1929		2		0
333.407		264.904		1874		2		0
341.643		253.834		1878		2		0
Frame 44
292.987		220.968		1997		2		0
291.014		165.952		1913		2		0
289.204		107.671		1858		2		0
287.521		77.3524		1722		2		0
254.653		126.945		1925		2		0
243.986		180.447		2008		1		0
245.118		233.8		1964		1		0
249.614		251.127		1917		1		0
324.253		127.691		1903		2		0
338.521		177.942		1973		2		0
339.287		230.647		1927		2		0
336.105		249.255		1896		2		0
277.653		221.529		2001		2		0
273.635		295.443		1987		2		0
279.186		358.111		2058		2		0
278.742		380.457		2043		1		0
308.407		220.405		1981		2		0
315.638		296.621		1995		2		0
312.25		356.407		2083		2		0
316.019		377.887		2046		2		0
289.668		122.459		1905		2		0
252.801		265.968		1919		2		0
243.451		253.942		1945		2		0
333.726		265.135		1885		2		0
340.522		255.686		1884		2		0
Frame 45
292.844		221.904		2011		2		0
290.819		168.174		1924		2		0
288.837		110.868		1827		2		0
287.608		80.6062		1719		2		0
254.609		129.447		1929		2		0
243.882		182.451		2013		1		0
245.367		235.375		1967		1		0
250.03		252.731		1926		1		0
323.77		129.916		1909		2		0
338.681		179.475		1986		2		0
339.137		232.892		1934		2		0
336.115		251.127		1903		2		0
277.626		222.559		2023		2		0
273.31		295.589		1988		2		0
278.973		358.822		2054		2		0
278.637		381.442		2037		1		0
308.14		221.249		2010		2		0
316.401		296.244		1994		2		0
312.447		356.499		2080		2		0
315.78		378.051		2040		2		0
289.346		125.464		1911		2		0
253.498		267.61		1931		2		0
244.415		256.839		1942		2		0
333.884		266.769		1893		2		0
341.474		256.028		1894		2		0
Frame 46
292.595		223.545		2029		2		0
290.406		171.301		1943		2		0
288.16		115.312		1834		2		0
287.598		86.3065		1721		2		0
254.373		133.178		1936		2		0
243.376		185.782		2023		1		0
245.656		237.192		1977		1		0
250.054		254.797		1935		1		0
323.176		133.101		1916		2		0
339.027		182.098		1993		2		0
339.048		235.069		1946		2		0
336.12		252.927		1914		2		0
277.389		224.249		2053		2		0
272.96		295.815		1977		2		0
278.704		359.659		2060		2		0
278.5		382.558		2041		1		0
307.897		222.843		2027		2		0
316.758		296.066		1994		2		0
312.559		356.498		2084		2		0
315.675		378.079		2043		2		0
288.741		129.631		1921		2		0
253.784		270.145		1934		2		0
244.628		258.858		1960		2		0
334.072		268.694		1902		2		0
341.423		258.622		1903		2		0
Frame 47
292.759		225.882		2039		2		0
290.419		172.711		1953		2		0
288.048		116.448		1809		2		0
287.689		91.1484		1723		2		0
254.589		137.887		1943		2		0
242.931		189.173		2031		1		0
246.087		241.763		1987		1		0
250.647		258.577		1941		1		0
322.702		137.511		1929		2		0
339.417		185.187		2006		2		0
338.819		240.837		1955		2		0
332.19		256.618		1930		2		0
277.532		226.511		2074		2		0
272.243		297.446		1987		2		0
278.652		359.672		2056		2		0
278.652		382.945		2036		1		0
308.07		225.251		2046		2		0
317.325		296.184		1986		2		0
312.676		356.636		2084		2		0
315.611		378.236		2045		2		0
288.675		130.781		1924		2		0
253.894		273.135		1938		2		0
245.784		263.55		1962		2		0
332.344		271.183		1915		2		0
337.71		258.273		1913		2		0
Frame 48
292.865		229.335		2064		2		0
290.515		178.736		1977		2		0
288.026		122.119		1810		2		0
287.509		98.8044		1725		2		0
255.021		144.082		1953		2		0
242.316		193.677		2043		1		0
246.002		245.383		1991		1		0
253.927		261.753		1956		1		0
322.239		142.879		1942		2		0
340.007		189.938		2018		2		0
339.209		243.224		1960		2		0
332.495		259.625		1938		2		0
277.839		230.208		2094		2		0
271.437		300.249		1981		2		0
278.493		359.664		2063		2		0
278.537		383.332		2036		1		0
307.997		228.462		2072		2		0
318.227		298.84		1982		2		0
312.821		356.789		2083		2		0
315.205		378.409		2047		2		0
288.669		136.751		1933		2		0
256.617		276.953		1950		2		0
245.762		261.908		1981		2		0
332.31		274.977		1924		2		0
336.511		261.176		1928		2		0
Frame 49
292.728		232.145		2096		2		0
290.464		184.888		1996		2		0
287.986		130.122		1801		2		0
287.452		107.908		1733		2		0
255.26		151.671		1966		2		0
241.933		197.613		2056		2		0
245.631		248.768		2003		2		0
253.402		265.821		1963		2		0
321.565		148.609		1953		2		0
340.475		194.478		2035		2		0
340.347		247.189		1977		2		0
333.702		263.769		1947		2		0
278.285		232.804		2125		2		0
270.669		299.116		1975		2		0
278.404		359.461		2062		2		0
278.796		383.765		2038		1		0
307.252		231.489		2098		2		0
318.843		298.594		1974		2		0
312.924		357.066		2077		2		0
315.209		378.731		2044		1		0
288.632		144.403		1945		2		0
256.377		281.219		1955		2		0
244.109		264.338		1988		2		0
332.881		279.216		1937		2		0
342.184		264.862		1943		2		0
Frame 50
292.411		239.212		2131		2		0
290.706		192.886		2026		2		0
288.82		139.27		1817		2		0
287.402		117.661		1748		2		0
256.845		160.254		1982		2		0
241.105		205.92		2070		2		0
244.867		250.417		2019		2		0
252.294		268.687		1984		2		0
320.68		157.566		1970		2		0
342.251		203.665		2050		2		0
341.096		251.98		1985		2		0
334.297		268.069		1956		2		0
277.579		240.131		2130		2		0
261.641		295.178		1964		2		0
273.658		368.728		2072		2		0
273.997		394.417		1976		1		0
307.315		238.298		2125		2		0
329.172		293.217		1957		2		0
319.319		366.338		2059		2		0
321.811		391.841		1990		1		0
289.326		153.62		1963		2		0
254.5		283.853		1952		2		0
241.83		262.672		2013		2		0
333.264		284.437		1943		2		0
343.104		273.087		1939		2		0
Frame 51
293.068		244.048		2162		2		0
291.13		198.899		2049		2		0
288.997		147.111		1817		2		0
287.459		127.532		1759		2		0
257.47		165.968		2006		2		0
240.309		212.616		2082		2		0
243.567		255.447		2033		2		0
250.373		271.281		2003		2		0
320.52		164.196		1989		2		0
342.679		207.553		2060		2		0
342.379		252.744		2005		2		0
336.313		269.81		1987		2		0
278.292		244.939		2151		2		0
260.723		294.374		1966		2		0
272.973		368.187		2080		2		0
279.743		367.401		2065		2		0
307.908		243.164		2142		2		0
329.788		293.273		1950		2		0
320.044		366.093		2062		2		0
311.974		366.674		2077		2		0
289.551		160.672		1977		2		0
252.867		285.799		1951		2		0
240.265		268.6		2011		2		0
335.888		285.642		1959		2		0
344.421		273.9		1966		2		0
Frame 52
294.745		249.686		2191		2		0
292.36		206.318		2079		2		0
289.642		156.184		1843		2		0
287.854		137.172		1777		2		0
258.406		175.42		2022		2		0
240.327		216.866		2099		2		0
243.02		269.185		2030		2		0
246.748		281.55		1990		2		0
320.278		172.56		2010		2		0
344.016		216.49		2071		2		0
342.913		268.404		2003		2		0
339.477		280.697		1957		2		0
279.62		250.836		2167		2		0
259.394		292.672		1973		2		0
272.753		366.16		2058		2		0
279.784		367.748		2068		2		0
309.96		248.588		2160		2		0
330.16		292.827		1950		2		0
320.069		365.51		2060		2		0
312.097		366.72		2072		2		0
290.353		169.448		2004		2		0
250.91		294.858		1954		2		0
242.524		286.701		1995		2		0
338.654		294.389		1932		2		0
346.502		284.607		1943		2		0
Frame 53
295.607		254.838		2223		2		0
292.936		212.623		2105		2		0
289.947		164.508		1870		2		0
287.95		146.171		1801		2		0
259.262		182.904		2051		2		0
240.262		225.812		2115		2		0
242.19		270.521		2049		2		0
246.642		276.378		2131		2		0
320.331		180.124		2039		2		0
344.032		219.178		2087		2		0
345.818		262.564		2021		2		0
340.073		279.629		1994		2		0
280.326		255.924		2188		2		0
258.318		292.56		1979		2		0
273.135		365.473		2057		2		0
273.687		365.992		2057		2		0
310.973		253.726		2174		2		0
330.058		291.501		1955		2		0
319.331		363.867		2069		2		0
311.622		367.263		2064		2		0
290.73		177.193		2036		2		0
238.498		289.498		2047		2		0
235.153		268.383		2065		2		0
340.664		295.557		1942		2		0
348.863		288.576		1943		2		0
Frame 54
295.922		260.187		2251		2		0
292.982		218.478		2136		2		0
289.714		170.86		1904		2		0
288.234		153.517		1835		2		0
259.595		188.374		2083		2		0
240.452		229.358		2130		2		0
239.796		272.397		2065		2		0
244.64		291.129		2011		2		0
319.754		186.189		2071		2		0
344.621		224.858		2108		2		0
346.351		270.476		2021		2		0
342.031		282.375		2006		2		0
280.759		261.325		2192		2		0
257.819		291.925		1990		2		0
274.276		363.971		2031		2		0
275.219		366.914		2041		2		0
311.204		259.081		2190		2		0
330.541		290.516		1958		2		0
318.527		362.61		2073		2		0
311.601		368.036		2069		2		0
290.565		183.393		2061		2		0
244.98		305.718		1946		2		0
235.31		291.083		0		2		0
344.078		297.797		1940		2		0
352.121		281.378		3821		2		0
Frame 55
295.499		265.48		2269		2		0
292.653		224.93		2168		2		0
289.559		178.78		1947		2		0
288.274		161.605		1875		2		0
260.275		194.741		2117		2		0
241.219		233.81		2148		2		0
237.145		282.33		2056		2		0
241.555		296.219		2013		2		0
319.342		192.902		2101		2		0
345.056		228.077		2125		2		0
347.383		270.835		2043		2		0
344.631		284.541		2012		2		0
280.556		266.068		2213		2		0
257.595		293.352		1973		2		0
277.298		360.436		2045		2		0
271.411		367.469		2073		2		0
310.54		264.891		2194		2		0
331.094		290.587		1962		2		0
317.274		361.575		2059		2		0
319.558		386.545		2011		1		0
290.361		190.873		2098		2		0
240.939		310.71		1960		2		0
233.186		297.982		2011		2		0
345.411		298.618		1965		2		0
354.19		286.119		3766		2		0
Frame 56
294.446		272.889		2302		2		0
291.865		231.345		2201		2		0
289.067		185.226		1988		2		0
288.137		168.241		1920		2		0
260.763		199.723		2153		2		0
242.032		239.456		2168		2		0
236.628		283.759		2078		2		0
238.415		298.463		2062		2		0
318.28		199.402		2134		2		0
345.029		231.707		2148		2		0
349.769		273.076		2055		2		0
348.672		287.247		2017		2		0
280.068		273.406		2210		2		0
257.903		294.18		1973		2		0
277.409		360.757		2049		2		0
277.676		384.965		2027		1		0
308.92		272.381		2211		2		0
330.97		291.059		1958		2		0
316.321		361.169		2070		2		0
318.486		385.632		2007		1		0
289.788		197.242		2143		2		0
238.192		311.753		1988		2		0
250.423		295.475		2004		2		0
349.405		301.804		1949		2		0
357.004		282.552		2026		2		0
Frame 57
290.201		279.903		2303		2		0
289.321		237.587		2245		2		0
288.425		191.547		2027		2		0
288.358		174.779		1972		2		0
261.61		205.636		2194		2		0
242.153		243.745		2190		2		0
235.611		286.032		2096		2		0
236.79		305.433		2034		2		0
317.54		204.881		2179		2		0
345.234		235.476		2175		2		0
353.124		275.241		2073		2		0
350.469		289.421		2022		2		0
276.065		279.987		2184		2		0
257.305		295.135		1979		2		0
277.419		361.194		2058		2		0
271.959		370.303		2084		2		0
304.395		279.831		2248		2		0
330.952		291.106		1960		2		0
314.334		359.321		2054		2		0
316.39		382.876		2022		1		0
288.649		203.449		2185		2		0
235.29		318.762		1995		2		0
249.608		298.298		2001		2		0
350.22		303.75		1959		2		0
357.53		289.654		2050		2		0
Frame 58
293.997		287.534		2334		2		0
291.508		244.275		2280		2		0
288.923		198.411		2083		2		0
288.095		181.666		2031		2		0
262.347		211.507		2241		2		0
242.673		248.171		2221		2		0
234.573		287.662		2120		2		0
234.198		306.808		2068		2		0
317.809		210.688		2223		2		0
345.152		241.004		2216		2		0
355.938		279.717		2093		2		0
352.581		294.702		2035		2		0
279.892		287.874		2210		2		0
256.086		294.595		1982		2		0
277.622		361.334		2073		2		0
277.734		384.479		2026		1		0
308.188		287.205		2191		2		0
332.026		292.593		1963		2		0
314.114		359.848		2068		2		0
316.138		382.817		2019		1		0
289.577		210.148		2236		2		0
232.942		319.889		2015		2		0
247.612		295.982		2029		2		0
355.247		311.362		1964		2		0
359.002		288.078		2057		2		0
Frame 59
293.86		290.83		2350		2		0
291.783		247.481		2315		2		0
289.892		202.336		2138		2		0
288.545		185.948		2081		2		0
262.996		215.965		2303		2		0
243.721		251.869		2257		2		0
233.741		289.525		2143		2		0
232.608		308.6		2072		2		0
317.84		214.859		2278		2		0
344.08		245.387		2251		2		0
352.946		284.204		2107		2		0
351.518		300.841		2046		2		0
279.841		291.033		2200		2		0
255.286		294.241		1986		2		0
277.605		361.321		2075		2		0
277.617		383.852		2030		1		0
307.955		290.643		2203		2		0
332.65		293.536		1956		2		0
314.114		359.918		2068		2		0
313.908		381.15		2039		1		0
290.38		213.963		2287		2		0
231.691		321.9		2031		2		0
245.94		299.643		2045		2		0
352.1		314.708		1973		2		0
358.504		303.155		0		2		0
Frame 60
293.762		291.524		2360		2		0
291.88		247.735		2336		2		0
290.265		202.105		2202		2		0
288.384		186.132		2122		2		0
263.476		215.935		2346		2		0
246.79		252.557		2304		2		0
235.068		288.652		2191		2		0
232.766		307.513		2101		2		0
317.928		215.206		2319		2		0
340.887		248.464		2306		2		0
351.339		285.735		2158		2		0
352.22		302.345		2081		2		0
279.741		291.703		2213		2		0
255.262		293.38		1992		2		0
277.475		361.119		2072		2		0
277.111		383.329		2037		1		0
307.868		291.371		2214		2		0
332.746		293.737		1952		2		0
314.264		360.124		2077		2		0
325.606		371.026		0		2		0
290.646		213.718		2326		2		0
231.304		320.102		2063		2		0
246.666		303.665		0		2		0
353.199		315.8		2011		2		0
358.352		312.513		2032		2		0
Frame 61
294.128		290.423		2375		2		0
292.212		245.021		2347		2		0
290.118		199.156		2242		2		0
288.355		183.194		2150		2		0
263.573		214.11		2359		2		0
247.835		251.749		2341		2		0
238.325		289.395		2236		2		0
235.382		307.122		2155		2		0
317.822		212.367		2335		2		0
338.015		246.98		2338		2		0
348.291		286.263		2199		2		0
351.071		302.566		2125		2		0
280.124		290.691		2235		2		0
256.486		292.419		2003		2		0
277.23		360.572		2065		2		0
273.857		381.208		2022		2		0
308.221		290.168		2214		2		0
331.153		292.781		1962		2		0
315.154		360.502		2053		2		0
325.119		380.37		1992		2		0
290.642		210.627		2349		2		0
231.285		318.969		2106		2		0
239.338		315.7		2116		2		0
353.673		315.775		0		2		0
352.5		311.501		2148		2		0
Frame 62
293.785		287.873		2411		2		0
292.143		242.135		2363		2		0
290.798		197.275		2314		2		0
288.179		178.757		2187		2		0
263.425		209.869		2377		2		0
250.767		249.184		2397		2		0
242.226		284.485		2294		2		0
238.765		302.275		2225		2		0
317.974		209.579		2358		2		0
336.13		245.901		2388		2		0
345.453		285.652		2256		2		0
349.792		302.347		2182		2		0
280.061		287.949		2247		2		0
257.458		291.375		2009		2		0
276.95		360.399		2072		2		0
270.959		380.856		2021		2		0
307.616		287.773		2233		2		0
329.706		291.84		1971		2		0
316.241		360.819		2053		2		0
325.234		381.234		1971		2		0
291.122		208.291		2363		2		0
234.057		313.845		2194		2		0
242.663		305.787		2201		2		0
354.706		314.687		2159		2		0
345.65		307.506		0		2		0
Frame 63
294.288		284.773		2382		2		0
292.237		240.065		2374		2		0
290.449		196.035		2376		2		0
287.725		175.176		2224		2		0
263.223		208.646		2405		2		0
250.982		248.883		2431		2		0
243.25		283.964		2337		2		0
240.543		301.829		2276		2		0
317.534		206.438		2383		2		0
334.913		245.685		2437		2		0
343.141		282.679		2307		2		0
347.333		299.708		2247		2		0
280.643		285.281		2260		2		0
257.952		290.967		2024		2		0
276.732		359.704		2085		2		0
271.051		380.569		2027		2		0
308		284.253		2247		2		0
328.718		290.949		1983		2		0
316.496		360.791		2051		2		0
325.813		381.017		1970		2		0
290.891		207.053		2383		2		0
238.164		312.833		2245		2		0
245.332		300.54		2270		2		0
351.683		311.864		2222		2		0
340.998		296.998		2267		2		0
Frame 64
294.379		283.768		2380		2		0
292.228		238.875		2379		2		0
290.159		194.777		2403		2		0
287.752		173.575		2259		2		0
263.117		208.157		2422		2		0
250.994		248.918		2467		2		0
243.234		284.755		2375		2		0
241.456		301.205		2314		2		0
317.778		205.79		2406		2		0
333.982		244.297		2465		2		0
342.491		282.527		2360		2		0
345.048		300.069		2293		2		0
280.789		284.236		2262		2		0
257.975		290.64		2027		2		0
276.707		358.248		2112		2		0
272.391		377.754		2052		2		0
308.04		283.302		2239		2		0
328.36		290.203		1980		2		0
316.692		360.463		2055		2		0
325.522		380.855		1984		2		0
290.681		205.753		2400		2		0
241.114		313.654		2280		2		0
246		302		2279		2		0
346.627		311.963		2283		2		0
339.917		297.489		0		2		0
Frame 65
294.371		283.55		2368		2		0
292.161		238.374		2397		2		0
290		194.378		2425		2		0
287.945		173.314		2302		2		0
263.063		208.428		2444		2		0
250.908		249.748		2501		2		0
242.851		284.774		2411		2		0
241.662		300.02		2370		2		0
318.251		206.651		2432		2		0
334.613		245.146		2489		2		0
342.04		282.476		2403		2		0
343.456		299.03		2362		2		0
280.77		283.963		2264		2		0
257.542		291.089		2034		2		0
278.56		354.31		2142		2		0
278.72		374.637		2098		1		0
308.039		283.129		2235		2		0
328.2		289.732		1989		2		0
315.516		359.124		2079		2		0
322.724		379.808		2005		2		0
290.537		205.255		2420		2		0
242.746		312.75		2328		2		0
244.456		299.05		2352		2		0
343.763		311		2357		2		0
341.573		309.853		2356		2		0
Frame 66
293.269		282.551		2355		2		0
291.649		238.191		2408		2		0
290.076		194.64		2447		2		0
288.213		173.523		2340		2		0
263.1		209.286		2469		2		0
250.536		249.741		2518		2		0
241.653		285.241		2447		2		0
241.779		301.012		2401		2		0
318.134		207.626		2449		2		0
335.05		246.12		2502		2		0
342.319		282.604		2446		2		0
342.576		298.163		2413		2		0
279.511		282.761		2252		2		0
260.435		290.317		2045		2		0
279.875		352.705		2156		2		0
279.825		372.951		2113		1		0
307.109		282.333		2235		2		0
325.791		288.87		1999		2		0
313.769		354.999		2111		2		0
320.978		373.481		2061		2		0
290.491		205.476		2443		2		0
243.755		313.04		2368		2		0
245.658		305.295		2374		2		0
341.849		310.95		2379		2		0
344.165		296.792		2431		2		0
Frame 67
293.253		282.56		2357		2		0
291.632		238.205		2418		2		0
290.204		194.886		2469		2		0
288.546		173.814		2376		2		0
263.253		209.844		2486		2		0
250.678		249.634		2529		2		0
241.887		285.085		2482		2		0
241.231		296.749		2433		2		0
318.029		208.821		2463		2		0
334.429		246.858		2515		2		0
342.504		282.973		2479		2		0
343.254		291.012		2454		2		0
279.498		282.767		2255		2		0
260.431		290.828		2050		2		0
282.246		351.399		2178		2		0
282.29		371.35		2131		1		0
307.081		282.355		2233		2		0
325.667		288.577		2006		2		0
311.968		354.583		2137		2		0
313.671		374.954		2075		1		0
290.548		205.615		2463		2		0
241.149		309.314		2418		2		0
245.221		306.997		2418		2		0
344.003		305.497		2451		2		0
346.579		292.104		2466		2		0
Frame 68
293.063		281.823		2350		2		0
291.593		237.881		2420		2		0
290.102		194.507		2484		2		0
288.715		173.733		2390		2		0
263.459		209.794		2497		2		0
250.944		250.299		2541		2		0
242.333		285.511		2503		2		0
241.038		297.755		2462		2		0
317.791		209.038		2474		2		0
333.921		247.426		2526		2		0
342.309		283.213		2500		2		0
342.804		294.939		2487		2		0
279.14		281.895		2257		2		0
257.237		292.689		2035		2		0
283.367		350.79		2186		2		0
283.31		370.51		2130		1		0
307.043		281.771		2241		2		0
327.811		289.283		1998		2		0
311.365		354.68		2147		2		0
312.89		375.223		2082		1		0
290.472		205.208		2477		2		0
240.158		309.332		2455		2		0
245.899		305.899		2458		2		0
343.053		307.094		2467		2		0
345.374		302.992		2489		2		0
Frame 69
293.051		281.636		2348		2		0
291.588		237.279		2418		2		0
290.212		193.914		2499		2		0
288.963		173.227		2416		2		0
263.691		209.548		2512		2		0
251.355		250.209		2556		2		0
242.619		285.6		2522		2		0
240.798		297.54		2509		2		0
317.494		208.711		2483		2		0
332.967		247.658		2535		2		0
341.78		283.106		2516		2		0
342.677		295.389		2513		2		0
279.117		281.755		2248		2		0
257.927		294.514		2030		2		0
285.774		350.679		2176		2		0
283.425		370.355		2133		2		0
307.052		281.5		2237		2		0
327.711		289.397		1997		2		0
310.412		353.779		2163		2		0
312.046		374.261		2102		1		0
290.542		204.476		2484		2		0
237.727		308.471		2490		2		0
245.416		306.418		2492		2		0
343.6		307.3		2491		2		0
346.081		302.237		2507		2		0
Frame 70
292.696		281.129		2334		2		0
291.399		236.599		2418		2		0
290.219		193.542		2511		2		0
289.076		172.866		2428		2		0
263.893		209.086		2511		2		0
252.204		250.119		2574		2		0
242.653		285.698		2542		2		0
239.655		301.17		2518		2		0
317.404		208.462		2492		2		0
332.506		248.06		2547		2		0
341.595		283.273		2515		2		0
342.458		294.969		2528		2		0
278.711		281.161		2239		2		0
257.92		293.794		2029		2		0
286.22		350.798		2186		2		0
284.094		370.572		2128		1		0
306.736		281.073		2252		2		0
327.652		289.47		2003		2		0
310.01		353.381		2165		2		0
311.558		373.853		2107		1		0
290.492		204.02		2480		2		0
236.85		312.421		2517		2		0
243.875		306.377		2507		2		0
343.858		306.468		2502		2		0
347.332		303.662		2512		2		0
Frame 71
292.538		280.971		2339		2		0
291.322		236.28		2425		2		0
290.287		193.315		2511		2		0
289.252		172.638		2437		2		0
264.029		208.984		2519		2		0
252.429		250.323		2594		2		0
242.591		284.497		2559		2		0
239.323		299.998		2532		2		0
317.451		208.383		2496		2		0
332.329		248.058		2567		2		0
341.47		283.22		2528		2		0
342.382		295.273		2534		2		0
278.577		280.972		2246		2		0
258.047		293.807		2029		2		0
286.277		350.77		2186		2		0
284.715		370.177		2140		1		0
306.54		280.938		2249		2		0
327.55		289.764		2004		2		0
309.886		353.552		2166		2		0
311.502		374.051		2110		1		0
290.517		203.764		2494		2		0
236.779		311.283		2542		2		0
242.6		306.201		2512		2		0
343.938		306.556		2515		2		0
346.496		301.198		2527		2		0
Frame 72
292.403		280.686		2339		2		0
291.321		236.011		2424		2		0
290.431		193.229		2513		2		0
289.56		172.476		2439		2		0
264.17		208.897		2526		2		0
252.324		250.484		2601		2		0
242.479		284.555		2572		2		0
239.207		300.306		2531		2		0
317.611		208.551		2494		2		0
332.441		248.126		2580		2		0
341.299		283.272		2540		2		0
342.244		294.94		2535		2		0
278.42		280.604		2245		2		0
258.137		294.033		2030		2		0
286.262		350.798		2180		2		0
285.453		370.095		2141		1		0
306.43		280.737		2244		2		0
327.522		290.056		2003		2		0
309.947		353.969		2176		2		0
311.515		374.522		2106		1		0
290.623		203.633		2498		2		0
236.673		311.166		2544		2		0
242.262		304.104		2515		2		0
344.078		306.546		2522		2		0
345.539		300.539		2521		2		0
Frame 73
292.284		280.561		2327		2		0
291.32		235.842		2430		2		0
290.599		193.165		2512		2		0
289.82		172.491		2439		2		0
264.343		208.855		2526		2		0
252.258		250.299		2612		2		0
242.2		284.977		2579		2		0
239.272		300.25		2535		2		0
317.735		208.634		2500		2		0
332.709		248.62		2585		2		0
341.282		283.658		2539		2		0
342.215		295.861		2541		2		0
278.269		280.422		2250		2		0
258.197		294.223		2036		2		0
285.989		350.869		2183		2		0
286.4		369.193		2154		1		0
306.34		280.658		2248		2		0
327.525		290.431		2005		2		0
309.939		354.385		2170		2		0
311.429		374.98		2110		1		0
290.748		203.543		2503		2		0
237.368		311.181		2542		2		0
243.203		305.785		2526		2		0
344.093		307.067		2513		2		0
345.404		301.897		2509		2		0
Frame 74
292.148		280.485		2330		2		0
291.318		235.752		2429		2		0
290.772		193.155		2513		2		0
290.16		172.474		2443		2		0
264.474		208.905		2529		2		0
252.32		250.275		2623		2		0
242.333		284.017		2579		2		0
239.615		299.55		2538		2		0
317.878		208.776		2500		2		0
332.791		248.524		2588		2		0
341.23		283.559		2545		2		0
342.118		295.334		2529		2		0
278.107		280.306		2248		2		0
258.175		294.344		2026		2		0
285.553		350.55		2182		2		0
285.649		370.36		2141		1		0
306.226		280.622		2247		2		0
327.506		290.59		2010		2		0
309.879		354.559		2168		2		0
311.34		375.183		2106		1		0
290.87		203.51		2503		2		0
237.769		310.381		2530		2		0
243.5		304.001		2517		2		0
343.66		307.239		2509		2		0
345.488		303.747		2503		2		0
Frame 75
292.156		280.423		2322		2		0
291.359		235.693		2431		2		0
290.883		193.189		2515		2		0
290.423		172.526		2437		2		0
264.581		208.909		2524		2		0
252.452		250.258		2616		2		0
242.349		283.958		2579		2		0
240.012		299.406		2540		2		0
318.026		208.981		2500		2		0
332.822		248.489		2591		2		0
341.217		283.525		2535		2		0
341.943		294.011		2534		2		0
278.105		280.234		2241		2		0
258.1		294.462		2029		2		0
285.582		350.618		2183		2		0
285.772		370.459		2137		1		0
306.248		280.578		2247		2		0
327.482		290.772		2001		2		0
307.159		351.653		2163		2		0
308.538		371.675		2132		1		0
290.969		203.515		2502		2		0
238.913		310.38		2538		2		0
243.68		306.296		2526		2		0
342.892		306.264		2505		2		0
345.335		290.318		0		2		0
Frame 76
292.11		280.871		2324		2		0
291.686		235.922		2425		2		0
291.14		193.268		2518		2		0
290.638		172.58		2447		2		0
264.671		208.929		2526		2		0
252.512		250.2		2615		2		0
242.337		283.87		2575		2		0
240.168		299.184		2544		2		0
318.089		209.062		2502		2		0
332.864		248.447		2588		2		0
341.205		283.494		2530		2		0
341.926		293.854		2522		2		0
278.093		280.662		2234		2		0
259.943		293.158		2028		2		0
285.624		350.717		2179		2		0
285.808		370.434		2142		1		0
306.19		281.082		2239		2		0
325.557		289.844		2003		2		0
307.214		351.748		2160		2		0
308.595		371.647		2130		1		0
291.277		203.661		2502		2		0
238.961		310.45		2523		2		0
244.819		306.457		2529		2		0
342.891		306.263		2495		2		0
344.611		289.992		2524		2		0
Frame 77
292.072		280.439		2328		2		0
291.77		235.8		2426		2		0
291.244		193.305		2511		2		0
290.818		172.6		2443		2		0
264.811		208.88		2521		2		0
252.527		250.246		2603		2		0
242.333		284.179		2567		2		0
240.304		299.16		2537		2		0
318.176		209.175		2497		2		0
332.919		248.341		2581		2		0
341.144		283.45		2530		2		0
341.784		293.767		2518		2		0
278.089		280.074		2239		2		0
258.267		294.558		2030		2		0
285.509		350.907		2185		2		0
285.701		370.781		2137		1		0
306.127		280.814		2240		2		0
327.353		290.747		1999		2		0
309.811		355.096		2162		2		0
311.37		375.801		2103		1		0
291.35		203.676		2500		2		0
239.575		310.261		2522		2		0
244.667		306.803		2527		2		0
342.891		306.263		2481		2		0
345.125		287.874		2524		2		0
Frame 78
292.226		280.473		2330		2		0
291.868		235.765		2432		2		0
291.372		193.324		2518		2		0
291.032		172.627		2441		2		0
265.033		208.885		2524		2		0
252.563		250.331		2604		2		0
242.347		284.528		2557		2		0
240.544		300.042		2530		2		0
318.333		209.343		2499		2		0
332.988		248.273		2581		2		0
341.167		283.42		2525		2		0
341.81		293.497		2506		2		0
278.305		280.119		2238		2		0
258.142		294.621		2027		2		0
285.491		350.84		2189		2		0
285.719		370.726		2148		1		0
306.227		280.839		2243		2		0
327.366		290.823		2001		2		0
309.813		355.121		2166		2		0
311.409		375.842		2105		1		0
291.452		203.679		2500		2		0
239.958		311.45		2508		2		0
244.409		305.821		2517		2		0
342.721		306.334		2471		2		0
344.37		294.582		2477		2		0
Frame 79
292.533		281.21		2330		2		0
291.994		235.983		2429		2		0
291.432		193.351		2512		2		0
291.158		172.639		2437		2		0
265.231		208.833		2522		2		0
252.618		250.352		2601		2		0
242.376		285.12		2539		2		0
240.479		300.949		2512		2		0
318.436		209.449		2493		2		0
333.034		248.085		2566		2		0
341.201		283.307		2505		2		0
341.805		293.518		2491		2		0
278.651		280.878		2242		2		0
260.147		292.975		2035		2		0
285.356		350.791		2181		2		0
285.559		370.54		2142		1		0
306.49		281.559		2239		2		0
325.301		289.843		2001		2		0
307.305		352.302		2161		2		0
308.726		372.257		2126		1		0
291.545		203.75		2501		2		0
240.302		312.208		2495		2		0
245.428		310.714		2500		2		0
342.725		306.333		2448		2		0
346		288.498		2512		2		0
Frame 80
292.552		281.198		2326		2		0
292.109		236.035		2427		2		0
291.585		193.377		2510		2		0
291.282		172.637		2444		2		0
265.295		208.818		2520		2		0
252.812		250.235		2597		2		0
242.629		284.806		2533		2		0
241.007		295.805		2506		2		0
318.559		209.597		2497		2		0
333.217		248.031		2558		2		0
341.189		283.337		2496		2		0
341.824		295.004		2487		2		0
278.673		280.874		2242		2		0
260.157		292.957		2040		2		0
285.338		350.762		2176		2		0
285.546		370.509		2130		1		0
306.496		281.536		2242		2		0
325.248		289.826		2003		2		0
307.311		352.259		2161		2		0
308.738		372.213		2127		1		0
291.695		203.794		2498		2		0
239.617		307.208		2473		2		0
244.798		303.792		2467		2		0
343.049		308.1		2443		2		0
345.002		290.283		2490		2		0
Frame 81
292.535		281.213		2330		2		0
292.14		236.092		2428		2		0
291.661		193.404		2511		2		0
291.412		172.643		2445		2		0
265.324		208.794		2516		2		0
252.915		250.158		2592		2		0
242.846		284.953		2520		2		0
241.02		295.769		2487		2		0
318.639		209.683		2495		2		0
333.313		248.093		2550		2		0
341.144		283.482		2481		2		0
341.713		294.708		2475		2		0
278.665		280.883		2239		2		0
260.175		292.955		2036		2		0
285.259		350.764		2190		2		0
285.45		370.512		2147		1		0
306.466		281.555		2241		2		0
325.201		289.815		2000		2		0
307.292		352.293		2159		2		0
308.706		372.246		2123		1		0
291.758		203.831		2498		2		0
238.862		307.216		2457		2		0
244.583		302.068		2443		2		0
342.445		308.055		2427		2		0
344.558		290.551		2470		2		0
Frame 82
293.044		280.634		2329		2		0
292.279		235.923		2429		2		0
291.688		193.412		2507		2		0
291.514		172.648		2437		2		0
265.362		208.784		2517		2		0
253.082		249.967		2592		2		0
243.147		285.152		2499		2		0
241.08		300.916		2457		2		0
318.674		209.711		2494		2		0
333.327		247.94		2548		2		0
341.133		283.372		2481		2		0
341.767		294.551		2464		2		0
279.002		280.332		2247		2		0
258.023		294.443		2025		2		0
285.252		350.749		2181		2		0
285.495		370.647		2142		1		0
307.136		280.948		2227		2		0
327.067		290.836		2005		2		0
307.263		352.324		2165		2		0
308.333		371.116		2126		1		0
291.79		203.829		2497		2		0
240.693		312.07		2426		2		0
245.665		304.48		0		2		0
342.265		308.105		2412		2		0
343.333		293.001		2481		2		0
Frame 83
293.22		280.622		2329		2		0
292.468		235.883		2425		2		0
291.767		193.43		2507		2		0
291.574		172.66		2437		2		0
265.395		208.756		2512		2		0
252.922		249.264		2581		2		0
243.223		285.163		2497		2		0
241.364		301.897		2430		2		0
318.765		209.795		2491		2		0
333.328		247.83		2541		2		0
340.976		283.285		2466		2		0
341.682		294.595		2452		2		0
279.195		280.343		2242		2		0
258.029		294.461		2023		2		0
285.25		350.703		2178		2		0
285.47		370.599		2143		1		0
307.3		280.915		2230		2		0
327.037		290.889		1998		2		0
309.534		355.337		2163		2		0
311.12		376.05		2100		1		0
291.896		203.836		2489		2		0
241.799		313.104		2408		2		0
244.864		302.311		2415		2		0
342.152		308.049		2406		2		0
343.2		291.998		2456		2		0
Frame 84
293.325		280.616		2332		2		0
292.616		235.86		2427		2		0
291.866		193.459		2505		2		0
291.666		172.671		2435		2		0
265.422		208.739		2515		2		0
253.004		249.245		2581		2		0
243.223		284.896		2480		2		0
241.254		300.072		2421		2		0
318.832		209.892		2491		2		0
333.38		247.864		2535		2		0
340.983		283.354		2456		2		0
341.66		294.411		2442		2		0
279.319		280.346		2246		2		0
258.039		294.493		2031		2		0
285.254		350.676		2183		2		0
285.459		370.569		2137		1		0
307.388		280.899		2230		2		0
327.026		290.916		1999		2		0
309.505		355.401		2161		2		0
311.073		376.118		2103		1		0
292.014		203.853		2492		2		0
241.669		311.9		2392		2		0
244		301.998		2403		2		0
342.318		308.052		2388		2		0
344.196		305.385		2404		2		0
Frame 85
293.284		280.619		2333		2		0
292.606		235.855		2429		2		0
291.9		193.476		2509		2		0
291.713		172.679		2438		2		0
265.464		208.718		2518		2		0
252.945		248.861		2579		2		0
243.374		284.498		2473		2		0
241.563		300.271		2414		2		0
318.864		209.936		2491		2		0
333.415		247.906		2543		2		0
342.037		291.014		2448		2		0
340.857		307.758		2393		2		0
279.277		280.341		2243		2		0
258.033		294.519		2026		2		0
285.224		350.65		2176		2		0
285.425		370.544		2144		1		0
307.344		280.913		2233		2		0
327.046		290.94		2004		2		0
307.255		352.639		2164		2		0
308.672		372.772		2125		1		0
292.035		203.861		2496		2		0
242.484		312.111		2384		2		0
243.492		299.678		2412		2		0
339.668		316.502		2374		2		0
340.999		316.667		2378		2		0
Frame 86
293.571		280.666		2329		2		0
292.742		235.872		2428		2		0
291.952		193.505		2508		2		0
291.755		172.701		2447		2		0
265.482		208.71		2517		2		0
252.873		248.581		2575		2		0
243.59		283.464		2472		2		0
241.867		298.796		2412		2		0
318.887		209.971		2490		2		0
333.451		247.795		2534		2		0
341.511		283.115		2447		2		0
339.677		282.305		2461		2		0
279.564		280.429		2240		2		0
258.023		294.465		2026		2		0
285.209		350.628		2180		2		0
285.415		370.521		2146		1		0
307.635		280.919		2235		2		0
327.004		290.962		2001		2		0
307.277		352.49		2170		2		0
308.702		372.616		2128		1		0
292.109		203.887		2495		2		0
242.079		311		2373		2		0
243.233		301.708		2387		2		0
340.803		298.6		2398		2		0
344.091		287.719		2455		2		0
Frame 87
293.52		280.654		2334		2		0
292.725		235.854		2429		2		0
291.961		193.511		2508		2		0
291.774		172.717		2443		2		0
265.486		208.704		2520		2		0
252.996		248.565		2572		2		0
242.573		281.735		2480		2		0
243.742		283.771		2471		2		0
318.909		210.012		2493		2		0
333.432		247.802		2542		2		0
341.511		283.154		2453		2		0
339.395		281.583		2468		2		0
279.509		280.404		2240		2		0
257.952		294.514		2027		2		0
285.219		350.626		2183		2		0
285.422		370.521		2149		1		0
307.585		280.918		2235		2		0
327.038		291.001		2003		2		0
307.337		352.408		2167		2		0
308.762		372.533		2131		1		0
292.115		203.889		2495		2		0
241.753		296.857		2423		2		0
245.402		293.384		2409		2		0
340.969		297.674		0		2		0
343.876		288.493		2440		2		0
Frame 88
293.697		280.701		2330		2		0
292.818		235.865		2428		2		0
291.988		193.522		2504		2		0
291.813		172.75		2438		2		0
265.502		208.685		2512		2		0
252.976		248.228		2566		2		0
244.243		281.896		2467		2		0
243.14		287.922		2437		2		0
318.91		210.06		2481		2		0
333.355		247.76		2531		2		0
341.044		282.98		2457		2		0
340.962		288.534		2426		2		0
279.672		280.479		2248		2		0
257.934		294.492		2027		2		0
285.228		350.629		2182		2		0
285.421		370.525		2138		1		0
307.78		280.936		2225		2		0
327.031		291.077		1997		2		0
307.322		352.384		2160		2		0
308.736		372.509		2122		1		0
292.159		203.899		2492		2		0
238.501		304.999		0		2		0
244.8		292.028		2416		2		0
342.401		307.2		2385		2		0
343.751		288.619		2437		2		0
Frame 89
293.773		280.699		2326		2		0
292.825		235.867		2431		2		0
291.985		193.536		2505		2		0
291.835		172.777		2439		2		0
265.527		208.663		2515		2		0
252.989		248.094		2568		2		0
244.248		281.889		2470		2		0
243.147		289.317		2438		2		0
318.928		210.091		2492		2		0
333.323		247.747		2531		2		0
340.814		283.208		2454		2		0
339.043		280.094		2466		2		0
279.754		280.485		2240		2		0
257.964		294.47		2025		2		0
285.199		350.586		2182		2		0
285.389		370.479		2139		1		0
307.846		280.924		2230		2		0
326.975		291.077		1995		2		0
307.324		352.376		2156		2		0
308.737		372.496		2123		1		0
292.161		203.908		2495		2		0
239.249		305.75		2397		2		0
244.339		292.317		2416		2		0
341.906		291.7		2429		2		0
342.747		279.465		2480		2		0
Frame 90
293.819		280.7		2331		2		0
292.851		235.872		2426		2		0
291.993		193.553		2510		2		0
291.859		172.816		2444		2		0
265.552		208.657		2510		2		0
252.976		248.03		2563		2		0
244.3		282.08		2463		2		0
242.467		296.331		2411		2		0
318.95		210.125		2488		2		0
333.308		247.79		2534		2		0
340.832		283.28		2455		2		0
338.866		279.989		2473		2		0
279.81		280.492		2244		2		0
257.957		294.471		2024		2		0
285.069		350.487		2181		2		0
285.274		370.39		2140		1		0
307.884		280.92		2227		2		0
326.973		291.105		1998		2		0
307.339		352.358		2153		2		0
308.775		372.481		2124		1		0
292.174		203.922		2494		2		0
242.421		308.762		2366		2		0
244.453		303.954		0		2		0
341.905		291.7		2435		2		0
342.182		275.36		2499		2		0
Frame 91
293.863		280.703		2334		2		0
292.873		235.879		2429		2		0
292.006		193.577		2506		2		0
291.874		172.856		2437		2		0
265.557		208.653		2514		2		0
253.163		248.326		2571		2		0
244.33		282.158		2464		2		0
243.289		292.035		2419		2		0
318.969		210.157		2491		2		0
333.259		247.837		2531		2		0
340.861		283.348		2457		2		0
340.639		289.226		2430		2		0
279.863		280.501		2247		2		0
257.96		294.46		2031		2		0
285.079		350.489		2179		2		0
285.301		370.391		2142		1		0
307.92		280.917		2233		2		0
326.97		291.107		1999		2		0
307.334		352.344		2165		2		0
308.787		372.468		2125		1		0
292.19		203.94		2497		2		0
242.051		305.94		2377		2		0
244.866		300.206		2384		2		0
341.001		307		2382		2		0
343.165		291.169		2438		2		0
Frame 92
293.908		280.698		2326		2		0
292.914		235.874		2429		2		0
292.028		193.585		2508		2		0
291.886		172.866		2436		2		0
265.589		208.637		2514		2		0
253.14		248.287		2561		2		0
244.364		282.332		2464		2		0
243.237		292.073		2418		2		0
318.975		210.167		2488		2		0
333.184		247.901		2533		2		0
340.897		283.423		2461		2		0
340.655		289.823		2438		2		0
279.916		280.503		2248		2		0
257.966		294.473		2025		2		0
285.068		350.525		2176		2		0
285.326		370.428		2143		1		0
307.958		280.908		2228		2		0
326.968		291.134		1992		2		0
307.333		352.283		2157		2		0
308.824		372.41		2128		1		0
292.22		203.945		2493		2		0
241.99		306.117		2388		2		0
244.334		306.001		2360		2		0
340.911		307.09		2385		2		0
344		289.998		2472		2		0
Frame 93
293.935		280.698		2326		2		0
292.935		235.868		2428		2		0
292.048		193.581		2506		2		0
291.9		172.889		2448		2		0
265.652		208.644		2517		2		0
253.077		248.304		2568		2		0
244.357		282.651		2473		2		0
243.218		292.256		2434		2		0
318.98		210.181		2486		2		0
333.108		247.96		2540		2		0
340.908		283.492		2466		2		0
340.473		289.305		2429		2		0
279.933		280.506		2243		2		0
257.967		294.44		2025		2		0
285.054		350.523		2173		2		0
285.342		370.426		2147		1		0
307.995		280.899		2235		2		0
326.948		291.132		1997		2		0
307.363		352.287		2160		2		0
308.886		372.414		2122		1		0
292.243		203.939		2491		2		0
242.191		306.216		2386		2		0
244.498		304.604		2366		2		0
340.796		307.105		2392		2		0
343.185		290.329		2453		2		0
Frame 94
293.968		280.7		2330		2		0
292.949		235.875		2430		2		0
292.06		193.608		2509		2		0
291.918		172.903		2439		2		0
265.66		208.637		2510		2		0
253.246		248.568		2567		2		0
243.872		282.509		2483		2		0
244.49		283.953		2473		2		0
319.002		210.206		2493		2		0
333.081		248.002		2535		2		0
340.938		283.574		2466		2		0
340.591		289.511		2433		2		0
279.971		280.51		2243		2		0
257.991		294.443		2025		2		0
285.031		350.521		2182		2		0
285.348		370.423		2145		1		0
308.021		280.9		2220		2		0
326.934		291.12		1995		2		0
307.35		352.287		2163		2		0
308.903		372.412		2128		1		0
292.257		203.96		2493		2		0
242.302		298		2420		2		0
244.912		293.896		2427		2		0
340.869		307.071		2392		2		0
344		290.5		2466		2		0
Frame 95
293.968		280.698		2333		2		0
292.952		235.874		2428		2		0
292.065		193.613		2510		2		0
291.933		172.909		2443		2		0
265.666		208.637		2513		2		0
253.343		248.698		2567		2		0
244.511		284.07		2470		2		0
243.239		292.955		2436		2		0
319.01		210.215		2492		2		0
333.038		248.106		2539		2		0
340.961		283.689		2469		2		0
340.59		291.617		2432		2		0
279.972		280.509		2241		2		0
257.991		294.426		2027		2		0
285.038		350.489		2175		2		0
285.359		370.39		2145		1		0
308.019		280.897		2220		2		0
326.933		291.125		1997		2		0
307.378		352.258		2153		2		0
308.937		372.383		2127		1		0
292.262		203.963		2495		2		0
242.485		306.571		2401		2		0
245.499		306.499		2376		2		0
340.988		307.815		2403		2		0
342		307.499		2427		2		0
Frame 96
294.008		280.716		2336		2		0
292.967		235.882		2428		2		0
292.069		193.621		2511		2		0
291.939		172.92		2435		2		0
265.668		208.638		2514		2		0
253.278		248.738		2562		2		0
244.51		284.082		2482		2		0
243.057		294.051		2442		2		0
319.008		210.219		2493		2		0
333.001		248.168		2537		2		0
340.959		283.795		2477		2		0
340.58		292.734		2432		2		0
280.019		280.546		2253		2		0
258.016		294.393		2026		2		0
284.969		350.446		2172		2		0
285.293		370.347		2135		1		0
308.057		280.905		2222		2		0
326.931		291.158		1994		2		0
307.416		352.239		2159		2		0
308.984		372.362		2124		1		0
292.27		203.97		2496		2		0
242.546		306.729		2409		2		0
245.666		307		2390		2		0
340.644		307.793		2410		2		0
341.838		307.173		2415		2		0
Frame 97
294.05		280.713		2328		2		0
292.986		235.882		2432		2		0
292.077		193.627		2512		2		0
291.944		172.921		2435		2		0
265.74		208.621		2512		2		0
253.34		248.84		2567		2		0
244.527		284.274		2489		2		0
242.949		294.98		2466		2		0
319.021		210.243		2488		2		0
332.938		248.183		2541		2		0
340.985		283.819		2480		2		0
338.885		279.966		2495		2		0
280.059		280.545		2251		2		0
257.991		294.345		2029		2		0
284.925		350.403		2183		2		0
285.301		370.305		2137		1		0
308.1		280.897		2217		2		0
326.907		291.156		1999		2		0
307.414		352.476		2157		2		0
309.035		372.606		2117		1		0
292.28		203.975		2495		2		0
242.486		307.999		2419		2		0
245.75		307.501		2409		2		0
341.73		291.728		2457		2		0
341.583		276.236		2510		2		0
Frame 98
294.067		280.722		2334		2		0
292.997		235.888		2426		2		0
292.082		193.634		2508		2		0
291.958		172.932		2441		2		0
265.742		208.617		2515		2		0
253.437		248.926		2570		2		0
244.507		284.296		2489		2		0
242.937		294.961		2474		2		0
319.025		210.248		2490		2		0
332.907		248.223		2540		2		0
340.983		283.875		2480		2		0
338.766		279.976		2497		2		0
280.075		280.558		2254		2		0
257.995		294.348		2023		2		0
284.904		350.404		2170		2		0
285.276		370.306		2143		1		0
308.118		280.903		2219		2		0
326.898		291.181		1995		2		0
307.411		352.48		2160		2		0
309.029		372.61		2122		1		0
292.287		203.982		2493		2		0
242.387		307.774		2423		2		0
245.25		306.75		2405		2		0
341.73		291.727		2458		2		0
341.583		275.025		2510		2		0
Frame 99
294.089		280.722		2332		2		0
293.013		235.891		2429		2		0
292.097		193.645		2509		2		0
291.971		172.954		2438		2		0
265.744		208.62		2515		2		0
253.488		249.013		2576		2		0
244.499		284.454		2501		2		0
242.734		295.092		2466		2		0
319.029		210.25		2490		2		0
332.862		248.285		2548		2		0
341.113		283.914		2487		2		0
339.074		280.114		2494		2		0
280.096		280.564		2247		2		0
257.99		294.337		2025		2		0
284.907		350.408		2175		2		0
285.282		370.309		2137		1		0
308.142		280.896		2222		2		0
326.88		291.173		1997		2		0
307.414		352.533		2154		2		0
309.036		372.664		2123		1		0
292.303		203.99		2492		2		0
242.154		308.333		2432		2		0
245.333		307.835		2423		2		0
341.73		291.728		2470		2		0
341.754		277.175		2509		2		0
