back
Frame 0
294.267		254.389		1753		2		5
294.491		196.851		1724		2		5
294.914		138.872		1725		2		5
296.194		106.923		1677		2		5
263.375		161.795		1789		2		5
257.014		214.101		1802		2		5
257.332		259.292		1767		2		5
260.196		267.086		1762		2		5
324.748		163.847		1750		2		5
333.502		215.755		1791		2		5
336.287		261.574		1746		2		5
333.393		266.913		1745		2		5
279.95		253.936		1753		2		5
276.282		313.311		1795		2		5
273.063		365.594		1935		2		5
276.447		380.278		1931		2		5
308.705		254.874		1750		2		5
304.517		309.912		1869		2		5
298.338		362.381		1969		2		5
298.818		377.776		1937		2		5
294.793		153.446		1742		2		5
261.537		277.216		1771		2		5
268.612		264.638		1762		2		5
331.991		282.801		1760		2		5
323.556		263.062		1777		2		5
Frame 1
294.519		254.413		1754		2		5
294.85		196.917		1723		2		5
295.397		138.953		1727		2		5
296.634		106.93		1671		2		5
263.672		161.862		1791		2		5
257.226		214.076		1807		2		5
257.262		259.232		1769		2		5
260.239		267.087		1762		2		5
325.188		163.858		1752		2		5
333.683		215.953		1789		2		5
336.612		261.841		1745		2		5
333.601		267.129		1740		2		5
280.221		253.914		1755		2		5
276.449		313.971		1786		2		5
272.923		366.161		1928		2		5
277.193		380.646		1928		2		5
308.955		254.939		1752		2		5
304.801		309.822		1870		2		5
298.332		362.368		1965		2		5
298.699		377.764		1941		2		5
295.244		153.526		1740		2		5
261.517		277.21		1774		2		5
268.494		263.661		1763		2		5
331.564		283.572		1752		2		5
323.667		261.673		1771		2		5
Frame 2
294.761		254.429		1751		2		5
295.162		196.963		1726		2		5
295.776		139.001		1730		2		5
297.031		106.978		1669		2		5
263.911		161.841		1792		2		5
257.452		214.136		1807		2		5
257		259.261		1770		2		5
260.277		267.088		1765		2		5
325.551		163.896		1751		2		5
334.059		216.279		1784		2		5
336.623		262.248		1743		2		5
333.877		267.595		1740		2		5
280.495		253.876		1758		2		5
276.518		313.904		1776		2		5
272.778		366.541		1931		2		5
277.386		380.93		1933		2		5
309.21		255.007		1753		2		5
305.058		309.688		1874		2		5
298.401		362.3		1963		2		5
298.692		377.693		1937		2		5
295.606		153.577		1738		2		5
261.557		277.172		1777		2		5
268.558		264.871		1764		2		5
331.603		283.612		1754		2		5
324.444		265.78		1779		2		5
Frame 3
294.886		254.456		1753		2		5
295.382		197.023		1726		2		5
296.097		139.075		1727		2		5
297.361		107.05		1666		2		5
264.17		161.855		1789		2		5
257.737		214.164		1809		2		5
256.932		259.252		1778		2		5
260.362		267.171		1770		2		5
325.915		163.993		1750		2		5
334.221		216.347		1784		2		5
336.664		262.355		1743		2		5
333.899		267.7		1739		2		5
280.628		253.872		1754		2		5
276.578		314.048		1776		2		5
272.706		367.098		1922		2		5
277.594		381.455		1931		2		5
309.341		255.07		1753		2		5
305.477		309.812		1870		2		5
298.489		362.146		1966		2		5
298.717		377.531		1937		2		5
295.902		153.649		1743		2		5
261.542		277.34		1773		2		5
268.134		263.247		1767		2		5
332.545		283.549		1745		2		5
327.716		265.356		1797		2		5
Frame 4
294.927		254.473		1754		2		5
295.486		197.078		1725		2		5
296.292		139.157		1724		2		5
297.695		107.111		1670		2		5
264.395		161.866		1792		2		5
258.044		214.191		1807		2		5
256.862		259.239		1779		2		5
260.313		267.051		1775		2		5
326.129		164.088		1753		2		5
334.41		216.643		1782		2		5
336.754		262.703		1743		2		5
334.168		267.819		1733		2		5
280.673		253.867		1757		2		5
276.633		314.267		1772		2		5
272.658		367.414		1923		2		5
275.923		382.457		1927		2		5
309.382		255.111		1752		2		5
305.746		309.773		1870		2		5
298.53		362.126		1961		2		5
298.696		377.512		1941		2		5
296.073		153.727		1740		2		5
260.471		277.971		1773		2		5
268.512		265.632		1764		2		5
331.592		284.401		1750		2		5
323.572		260.287		1763		2		5
Frame 5
295.01		254.495		1754		2		5
295.629		197.128		1724		2		5
296.487		139.218		1725		2		5
297.888		107.13		1669		2		5
264.561		161.825		1788		2		5
258.117		214.184		1812		2		5
256.797		259.177		1777		2		5
260.272		267.069		1776		2		5
326.294		164.128		1755		2		5
334.603		216.856		1782		2		5
336.679		262.954		1741		2		5
333.968		267.857		1742		2		5
280.757		253.856		1757		2		5
276.611		314.439		1767		2		5
272.577		367.669		1927		2		5
275.028		382.975		1929		2		5
309.47		255.168		1754		2		5
305.846		309.816		1868		2		5
298.535		362.122		1963		2		5
298.671		377.509		1935		2		5
296.255		153.787		1738		2		5
261.054		277.23		1784		2		5
268.401		263.205		1764		2		5
331.735		284.332		1746		2		5
324.455		264.275		1774		2		5
Frame 6
295.028		254.497		1753		2		5
295.678		197.142		1723		2		5
296.563		139.237		1725		2		5
298.027		107.181		1661		2		5
264.641		161.83		1787		2		5
258.149		214.175		1814		2		5
256.683		259.146		1778		2		5
259.742		267.099		1773		2		5
326.371		164.158		1758		2		5
334.551		217.066		1779		2		5
336.72		263.196		1739		2		5
333.843		267.81		1738		2		5
280.771		253.846		1756		2		5
276.452		314.5		1770		2		5
272.865		367.85		1927		2		5
274.271		383.275		1925		2		5
309.494		255.19		1753		2		5
305.903		309.605		1871		2		5
298.503		362.126		1965		2		5
298.625		377.511		1940		2		5
296.326		153.805		1738		2		5
258		281		1781		2		5
267.499		270.498		1768		2		5
331.379		284.54		1749		2		5
323.572		260.286		1764		2		5
Frame 7
295.019		254.494		1751		2		5
295.691		197.146		1722		2		5
296.627		139.25		1726		2		5
298.126		107.182		1662		2		5
264.652		161.83		1788		2		5
258.257		214.035		1813		2		5
256.455		258.974		1778		2		5
259.568		266.981		1769		2		5
326.42		164.183		1758		2		5
334.556		217.168		1781		2		5
336.717		263.316		1740		2		5
333.812		267.62		1736		2		5
280.757		253.829		1754		2		5
276.293		314.631		1772		2		5
272.731		367.977		1924		2		5
273.953		383.392		1926		2		5
309.474		255.201		1751		2		5
305.895		309.501		1871		2		5
298.426		362.104		1968		2		5
298.529		377.486		1939		2		5
296.373		153.815		1736		2		5
260.689		276.998		1783		2		5
267.599		262.915		1771		2		5
332.497		283.549		1743		2		5
327.004		263.305		1794		2		5
Frame 8
294.982		254.485		1756		2		5
295.691		197.145		1724		2		5
296.645		139.251		1724		2		5
298.165		107.17		1662		2		5
264.662		161.828		1787		2		5
258.286		213.936		1817		2		5
256.313		258.855		1775		2		5
259.292		266.868		1773		2		5
326.43		164.198		1762		2		5
334.558		217.287		1782		2		5
336.654		263.444		1740		2		5
333.898		267.632		1736		2		5
280.707		253.797		1757		2		5
276.064		314.64		1776		2		5
272.628		368.075		1930		2		5
274.874		383.309		1933		2		5
309.429		255.207		1754		2		5
305.829		309.499		1871		2		5
298.269		362.297		1971		2		5
298.364		377.683		1935		2		5
296.384		153.816		1744		2		5
260.957		276.755		1793		2		5
267.586		264.269		1765		2		5
331.495		283.5		1745		2		5
324.455		261.275		1773		2		5
Frame 9
294.878		254.471		1752		2		5
295.656		197.144		1725		2		5
296.637		139.249		1724		2		5
298.181		107.162		1660		2		5
264.663		161.827		1783		2		5
258.212		213.931		1812		2		5
256.201		258.843		1774		2		5
259.128		266.871		1778		2		5
326.429		164.199		1765		2		5
334.504		217.214		1779		2		5
336.468		263.37		1739		2		5
333.619		267.768		1737		2		5
280.595		253.754		1757		2		5
275.666		314.683		1785		2		5
272.229		368.161		1927		2		5
274.895		383.394		1934		2		5
309.308		255.216		1756		2		5
305.622		309.426		1868		2		5
298.253		362.214		1967		2		5
298.347		377.599		1934		2		5
296.371		153.814		1739		2		5
260.897		276.816		1793		2		5
267.436		263.401		1762		2		5
331.327		283.602		1742		2		5
324.989		262.379		1778		2		5
Frame 10
294.566		254.329		1764		2		5
295.551		197.094		1731		2		5
296.623		139.233		1728		2		5
298.168		107.148		1656		2		5
264.634		161.769		1784		2		5
258.172		213.927		1814		2		5
256.028		258.835		1774		2		5
258.094		266.628		1775		2		5
326.359		164.177		1771		2		5
334.359		217.2		1785		2		5
336.357		263.344		1742		2		5
333.547		267.9		1735		2		5
280.284		253.556		1757		2		5
274.794		314.78		1793		2		5
271.889		368.129		1938		2		5
274.435		383.465		1933		2		5
308.96		255.118		1763		2		5
305.54		309.408		1869		2		5
298.256		362.197		1964		2		5
298.365		377.588		1932		2		5
296.344		153.793		1742		2		5
260.296		276.866		1796		2		5
266.412		263.133		1770		2		5
331.8		282.852		1745		2		5
326.448		259.382		1795		2		5
Frame 11
294.015		254.157		1766		2		5
295.182		196.977		1731		2		5
296.408		139.137		1729		2		5
298.141		107.127		1659		2		5
264.583		161.688		1783		2		5
257.887		213.956		1813		2		5
255.713		258.863		1776		2		5
257.882		266.74		1770		2		5
326.123		164.127		1773		2		5
334.224		217.245		1785		2		5
335.907		263.351		1746		2		5
333.27		267.798		1737		2		5
279.758		253.357		1763		2		5
274.16		314.587		1797		2		5
271.668		367.92		1936		2		5
273.906		383.329		1931		2		5
308.353		254.971		1763		2		5
305.232		309.304		1866		2		5
298.308		362.264		1965		2		5
298.485		377.67		1937		2		5
296.095		153.694		1743		2		5
259.303		276.851		1792		2		5
266.389		264.869		1772		2		5
330.931		282.668		1750		2		5
326.048		258.415		1798		2		5
Frame 12
293.534		253.997		1764		2		5
294.831		196.873		1731		2		5
296.182		139.046		1738		2		5
298.092		107.089		1652		2		5
264.359		161.504		1782		2		5
257.461		214		1812		2		5
255.376		258.918		1775		2		5
257.637		266.621		1768		2		5
325.719		164.122		1776		2		5
333.897		217.404		1789		2		5
335.55		263.461		1747		2		5
332.842		267.789		1740		2		5
279.329		253.215		1764		2		5
273.736		314.381		1808		2		5
271.466		367.802		1939		2		5
273.879		383.182		1930		2		5
307.798		254.79		1767		2		5
304.775		309.168		1867		2		5
298.359		362.274		1965		2		5
298.636		377.699		1937		2		5
295.84		153.603		1745		2		5
259.66		276.973		1796		2		5
266.687		263.067		1773		2		5
330.58		282.585		1751		2		5
325.809		259.373		1803		2		5
Frame 13
293.062		253.727		1771		2		5
294.365		196.622		1734		2		5
295.743		138.775		1729		2		5
297.969		106.921		1665		2		5
263.977		161.272		1781		2		5
256.915		213.84		1811		2		5
255.201		258.773		1774		2		5
257.182		266.371		1776		2		5
325.192		163.856		1781		2		5
332.22		216.596		1795		2		5
335.179		262.516		1754		2		5
332.078		267.62		1742		2		5
278.885		252.991		1769		2		5
273.313		314.294		1809		2		5
271.3		367.75		1939		2		5
273.71		383.019		1932		2		5
307.285		254.466		1769		2		5
304.398		309.136		1873		2		5
298.346		362.308		1961		2		5
298.76		377.746		1934		2		5
295.393		153.34		1746		2		5
259.483		276.845		1796		2		5
266.294		262.913		1774		2		5
330.374		281.876		1750		2		5
325.181		258.353		1808		2		5
Frame 14
292.355		253.351		1776		2		5
293.751		196.39		1741		2		5
295.238		138.605		1737		2		5
297.753		106.815		1663		2		5
263.375		160.877		1782		2		5
256.09		213.753		1818		2		5
254.812		258.676		1778		2		5
257.087		266.211		1780		2		5
324.567		163.728		1782		2		5
332.028		216.761		1798		2		5
333.724		262.551		1760		2		5
330.835		266.739		1755		2		5
278.258		252.672		1772		2		5
272.848		314.091		1820		2		5
271.237		367.693		1939		2		5
273.409		382.759		1931		2		5
306.483		254.032		1779		2		5
304.175		309.083		1873		2		5
298.215		362.487		1963		2		5
298.796		377.943		1938		2		5
294.859		153.162		1747		2		5
259.634		276.886		1798		2		5
266.187		262.158		1778		2		5
328.933		281.667		1768		2		5
323.576		257.533		1800		2		5
Frame 15
291.831		253.044		1782		2		5
293.166		196.174		1738		2		5
294.594		138.406		1734		2		5
297.474		106.652		1660		2		5
262.889		160.648		1785		2		5
255.168		213.718		1818		2		5
254.549		258.63		1776		2		5
256.723		266.035		1779		2		5
323.849		163.585		1788		2		5
330.652		215.948		1806		2		5
332.841		261.586		1765		2		5
329.689		266.283		1760		2		5
277.743		252.412		1778		2		5
272.584		313.749		1819		2		5
271.138		367.713		1938		2		5
274.297		382.172		1936		2		5
305.947		253.68		1780		2		5
303.547		309.275		1878		2		5
298.16		362.558		1960		2		5
298.853		378.026		1934		2		5
294.231		152.965		1749		2		5
259.781		276.955		1803		2		5
266.08		260.921		1780		2		5
328.824		280.883		1767		2		5
322.62		257.723		1802		2		5
Frame 16
291.372		252.793		1786		2		5
292.693		196.08		1747		2		5
294.096		138.351		1735		2		5
297.157		106.572		1661		2		5
262.224		160.463		1784		2		5
254.337		213.361		1815		2		5
254.146		258.219		1779		2		5
256.204		265.47		1784		2		5
323.071		163.498		1791		2		5
329.502		215.637		1814		2		5
332.02		261.141		1774		2		5
328.528		265.965		1769		2		5
277.345		252.231		1783		2		5
272.47		313.482		1823		2		5
271.063		367.685		1938		2		5
274.377		381.983		1932		2		5
305.412		253.35		1787		2		5
302.766		309.465		1880		2		5
298.139		362.627		1964		2		5
298.976		378.123		1936		2		5
293.744		152.909		1754		2		5
259.174		275.71		1810		2		5
265.265		261.766		1786		2		5
327.151		280.848		1774		2		5
321.492		257.773		1805		2		5
Frame 17
290.58		252.383		1797		2		5
291.974		195.847		1753		2		5
293.484		138.189		1738		2		5
296.824		106.471		1669		2		5
261.674		160.192		1784		2		5
253.772		213.034		1820		2		5
253.706		257.849		1783		2		5
255.857		265.252		1783		2		5
322.273		163.451		1794		2		5
328.317		215.176		1821		2		5
331.279		260.504		1781		2		5
327.622		265.092		1776		2		5
276.615		251.846		1787		2		5
272.229		313.43		1826		2		5
270.982		367.595		1941		2		5
270.895		383.462		1929		2		5
304.548		252.922		1792		2		5
302.312		309.59		1879		2		5
298.071		362.822		1958		2		5
299.064		378.355		1935		2		5
293.102		152.74		1754		2		5
258.517		275.547		1809		2		5
265		259.88		1792		2		5
325.997		280.729		1784		2		5
319.5		258.001		1808		2		5
Frame 18
289.942		251.861		1803		2		5
291.343		195.663		1762		2		5
292.903		138.106		1745		2		5
296.5		106.431		1679		2		5
261.099		160.046		1790		2		5
252.883		212.504		1823		2		5
252.825		257.197		1788		2		5
254.487		264.615		1790		2		5
321.431		163.293		1805		2		5
327.053		214.864		1831		2		5
330.27		259.965		1794		2		5
326.755		264.74		1788		2		5
276.047		251.428		1797		2		5
272.007		313.547		1828		2		5
270.887		367.638		1941		2		5
271.057		383.559		1932		2		5
303.823		252.293		1805		2		5
301.801		309.621		1885		2		5
298.146		363.16		1965		2		5
299.395		378.762		1939		2		5
292.51		152.649		1763		2		5
256.955		274.455		1809		2		5
263.408		260.089		1801		2		5
325.466		279.868		1789		2		5
319.862		257.572		1819		2		5
Frame 19
289.334		251.46		1810		2		5
290.734		195.556		1767		2		5
292.324		138.098		1740		2		5
296.334		106.459		1672		2		5
260.768		159.882		1789		2		5
252.626		212.407		1828		2		5
252.27		257.065		1788		2		5
253.995		263.927		1788		2		5
320.904		163.296		1807		2		5
325.388		215.219		1839		2		5
329.935		260.098		1794		2		5
326.087		264.618		1787		2		5
275.496		251.067		1807		2		5
271.879		313.49		1823		2		5
270.746		367.68		1933		2		5
271.164		383.65		1921		2		5
303.146		251.856		1811		2		5
301.24		309.604		1880		2		5
298.214		363.61		1956		2		5
299.716		379.281		1933		2		5
291.926		152.632		1758		2		5
256.676		274.273		1818		2		5
262.999		258.499		1809		2		5
324.617		279.693		1796		2		5
319.591		257.417		1827		2		5
Frame 20
288.558		251.043		1822		2		5
290.125		195.624		1773		2		5
291.894		138.301		1741		2		5
296.156		106.558		1675		2		5
260.345		159.934		1791		2		5
252.34		212.41		1833		2		5
251.584		257.003		1793		2		5
253.486		263.763		1795		2		5
320.229		163.343		1813		2		5
323.862		214.531		1856		2		5
329.443		259.107		1807		2		5
326.068		264.979		1796		2		5
274.812		250.753		1817		2		5
271.745		313.441		1827		2		5
270.67		367.782		1935		2		5
271.35		383.814		1928		2		5
302.248		251.326		1823		2		5
300.78		309.586		1875		2		5
298.217		364.169		1960		2		5
299.978		379.933		1937		2		5
291.453		152.827		1761		2		5
256.337		274.287		1832		2		5
262.26		259.651		1815		2		5
323.999		279.729		1803		2		5
318.446		257.205		1835		2		5
Frame 21
287.685		250.694		1838		2		5
289.408		195.812		1792		2		5
291.375		138.625		1737		2		5
296.026		106.789		1683		2		5
260.018		160.192		1789		2		5
251.879		212.559		1838		2		5
250.824		257.026		1800		2		5
252.351		263.337		1798		2		5
319.616		163.726		1821		2		5
322.48		214.276		1869		2		5
328.423		258.498		1815		2		5
325.809		265.372		1808		2		5
273.973		250.447		1831		2		5
271.537		313.411		1824		2		5
270.781		367.85		1941		2		5
271.797		383.959		1926		2		5
301.343		250.945		1835		2		5
300.297		309.843		1871		2		5
298.258		364.747		1957		2		5
300.342		380.618		1939		2		5
290.884		153.147		1767		2		5
254.622		274.063		1836		2		5
261.368		259.945		1825		2		5
323.979		279.802		1811		2		5
315.8		255.201		1839		2		5
Frame 22
287.134		250.661		1853		2		5
288.816		196.415		1803		2		5
290.845		139.298		1738		2		5
295.839		107.571		1688		2		5
259.812		160.451		1793		2		5
251.073		212.588		1852		2		5
249.738		256.835		1808		2		5
251.261		262.859		1807		2		5
318.96		164.171		1825		2		5
321.559		215.019		1880		2		5
327.653		258.975		1827		2		5
326.044		265.781		1812		2		5
273.569		250.592		1852		2		5
271.464		313.646		1828		2		5
270.796		367.919		1939		2		5
272.131		384.15		1925		2		5
300.632		250.735		1851		2		5
299.201		310.917		1862		2		5
298.512		366.485		1952		2		5
300.908		382.533		1947		2		5
290.337		153.833		1766		2		5
253.666		273.2		1846		2		5
260.349		260.397		1843		2		5
323.797		279.868		1827		2		5
320.842		268.229		1840		2		5
Frame 23
286.45		251.013		1871		2		5
288.308		197.607		1813		2		5
290.384		141.049		1737		2		5
295.685		109.323		1687		2		5
259.408		161.318		1792		2		5
250.272		212.791		1864		2		5
248.254		256.876		1815		2		5
249.115		262.943		1810		2		5
318.32		165.235		1829		2		5
321.028		216.019		1889		2		5
327.63		259.664		1835		2		5
325.982		265.804		1826		2		5
272.994		251.052		1866		2		5
271.118		313.668		1826		2		5
270.982		368.156		1931		2		5
272.527		384.495		1925		2		5
299.824		250.977		1874		2		5
298.359		312.188		1846		2		5
298.565		367.164		1948		2		5
301.156		383.349		1950		2		5
289.873		155.436		1772		2		5
251.731		273.467		1851		2		5
258.166		255.667		1853		2		5
323.996		280.694		1838		2		5
320.353		266.832		1850		2		5
Frame 24
285.111		252.029		1887		2		5
287.383		199.722		1824		2		5
289.752		143.996		1741		2		5
295.407		112.535		1686		2		5
258.931		163.106		1797		2		5
248.78		213.327		1866		2		5
247.244		257.244		1819		2		5
247.15		263.989		1818		2		5
317.552		167.864		1834		2		5
320.778		217.459		1902		2		5
327.673		260.818		1843		2		5
326.039		267.855		1830		2		5
271.676		252.059		1889		2		5
270.81		313.617		1825		2		5
271.04		368.504		1936		2		5
272.789		384.986		1923		2		5
298.475		252.003		1892		2		5
297.497		313.894		1838		2		5
298.186		367.93		1943		2		5
306.728		375.222		2026		2		5
289.164		158.214		1774		2		5
249.737		273.468		1849		2		5
251.528		262.764		1832		2		5
323.785		282.572		1849		2		5
319.181		266.278		1874		2		5
Frame 25
283.678		253.676		1904		2		5
286.444		202.377		1844		2		5
289.278		147.578		1747		2		5
295.305		117.187		1688		2		5
258.41		166.449		1800		2		5
246.316		214.054		1871		2		5
245.722		257.726		1828		2		5
245.651		264.738		1822		2		5
316.86		170.084		1838		2		5
321.365		220.675		1901		2		5
327.981		263.822		1853		2		5
325.984		272.336		1847		2		5
270.258		253.627		1908		2		5
270.759		313.602		1826		2		5
271.35		368.931		1935		2		5
274.094		383.709		1929		2		5
297.039		253.729		1908		2		5
297.013		314.758		1830		2		5
297.757		368.163		1938		2		5
307.227		375.407		2035		2		5
288.562		161.586		1779		2		5
247.434		274.374		1850		2		5
250.941		263.439		1841		2		5
324.624		284.626		1845		2		5
320.822		277.235		1856		2		5
Frame 26
282.09		256.375		1930		2		5
285.238		206.569		1858		2		5
288.567		152.954		1747		2		5
295.157		122.2		1687		2		5
258.083		170.678		1803		2		5
244.852		216.176		1873		2		5
244.019		259.628		1835		2		5
243.846		267.013		1830		2		5
316.296		174.244		1840		2		5
322.069		223.788		1904		2		5
328.55		266.836		1858		2		5
326.732		275.635		1849		2		5
268.908		256.526		1928		2		5
271.247		314.483		1822		2		5
271.338		368.902		1940		2		5
274.154		383.712		1929		2		5
295.201		256.235		1922		2		5
296.488		315.728		1821		2		5
297.528		368.245		1940		2		5
307.457		375.458		2042		2		5
287.711		166.736		1780		2		5
246		280		1865		2		5
248.409		268.499		1847		2		5
324.625		288.625		1855		2		5
320.25		274.246		1908		2		5
Frame 27
281.076		259.854		1959		2		5
284.68		211.194		1878		2		5
288.57		158.318		1747		2		5
295.252		128.793		1691		2		5
258.439		175.392		1812		2		5
243.089		219.833		1880		2		5
243.309		263.142		1839		2		5
241.905		270.614		1834		2		5
316.266		182.092		1846		2		5
322.605		227.022		1907		2		5
329.784		269.937		1853		2		5
328.733		276.787		1851		2		5
268.101		259.879		1942		2		5
271.463		315.611		1824		2		5
271.45		369.176		1932		2		5
274.556		383.993		1930		2		5
293.988		259.838		1942		2		5
295.725		318.423		1815		2		5
297.544		368.334		1938		2		5
304.577		375.375		1983		2		5
287.562		171.963		1785		2		5
243.838		280.525		1855		2		5
245.273		269.152		1833		2		5
324.725		293.091		1857		2		5
324.834		266.326		0		2		5
Frame 28
280.177		262.18		1989		2		5
284.182		217.002		1897		2		5
288.691		165.149		1748		2		5
294.884		135.984		1693		2		5
258.624		181.4		1821		2		5
241.63		222.679		1883		2		5
240.948		265.968		1849		2		5
243.227		271.582		1848		2		5
315.958		186.033		1846		2		5
323.422		229.964		1905		2		5
331.491		272.785		1858		2		5
329.618		283.76		1849		2		5
267.818		261.792		1962		2		5
272.782		322.246		1817		2		5
270.855		369.394		1927		2		5
275.159		383.199		1935		2		5
292.5		262.577		1957		2		5
295.146		319.706		1816		2		5
297.505		368.667		1942		2		5
303.517		374.703		1956		2		5
287.527		178.488		1793		2		5
243.819		287.002		1883		2		5
239.516		274.932		1839		2		5
324.355		298.47		1878		2		5
323.451		285.383		1876		2		5
Frame 29
278.808		265.863		2017		2		5
283.22		222.355		1918		2		5
288.085		174.304		1759		2		5
294.548		144.473		1693		2		5
257.95		188.177		1829		2		5
239.307		229.172		1877		2		5
235.89		272.59		1846		2		5
237.728		280.625		1837		2		5
315.341		195.158		1849		2		5
325.623		240.625		1893		2		5
333.502		283.879		1839		2		5
330.855		293.134		1845		2		5
266.24		265.249		1966		2		5
272.589		309.232		1830		2		5
271.659		372.607		1929		2		5
272.352		390.568		1917		1		5
291.333		266.507		1972		2		5
295.59		309.207		1827		2		5
297.876		370.485		1937		2		5
300.395		373.358		1935		2		5
286.774		187.018		1804		2		5
240.506		292.502		1872		2		5
231.99		279.272		1857		2		5
325.738		305.497		1875		2		5
323.749		296.248		1933		2		5
Frame 30
276.911		267.625		2036		2		5
281.784		227.029		1939		2		5
287.485		181.033		1766		2		5
294.039		152.8		1701		2		5
257.669		193.367		1833		2		5
238.046		231.656		1879		2		5
234.281		275.218		1838		2		5
233.922		285.325		1834		2		5
314.421		200.261		1852		2		5
325.694		242.947		1889		2		5
335.016		286.162		1826		2		5
334.484		298.242		1824		2		5
263.99		266.84		1990		2		5
272.071		307.141		1840		2		5
271.517		369.662		1929		2		5
271.994		387.578		1924		2		5
289.768		268.4		1998		2		5
295.705		307.935		1836		2		5
297.977		368.724		1942		2		5
299.311		386.507		1934		2		5
285.99		192.988		1810		2		5
237.43		298.358		1870		2		5
227.072		289.146		1869		2		5
329.612		312.814		1852		2		5
328.197		297.539		1857		2		5
Frame 31
275.482		271.122		2059		2		5
280.387		233.504		1968		2		5
286.057		190.91		1784		2		5
293.192		162.967		1708		2		5
257.174		202.543		1848		2		5
234.91		238.682		1859		2		5
230.805		282.589		1818		2		5
230.785		290.578		1822		2		5
313.38		207.098		1857		2		5
326.37		249.955		1872		2		5
338.793		292.959		1805		2		5
338.452		305.016		1800		2		5
262.524		270.034		1998		2		5
271.515		306.46		1846		2		5
271.162		368.028		1929		2		5
271.45		385.946		1924		2		5
288.418		272.217		2013		2		5
295.538		307.275		1842		2		5
297.8		367.253		1934		2		5
298.923		385.017		1935		2		5
284.529		202.267		1832		2		5
233.213		304.003		1865		2		5
226.332		292.876		1839		2		5
333.989		321.836		1816		2		5
329.729		312.268		1789		2		5
Frame 32
276.815		274.396		2082		2		5
280.581		239.546		1990		2		5
284.86		200.172		1813		2		5
291.963		173.118		1726		2		5
257.133		208.557		1851		2		5
233.476		244.608		1845		2		5
227.82		288.9		1789		2		5
227.21		297.182		1798		2		5
312.553		216.797		1868		2		5
327.609		257.117		1860		2		5
341.917		299.837		1769		2		5
342.381		313.232		1765		2		5
263.795		273.36		2024		2		5
270.993		307.269		1844		2		5
271.235		368.565		1925		2		5
272.833		383.977		1926		2		5
289.841		275.449		2033		2		5
295.606		308.248		1844		2		5
297.939		367.898		1929		2		5
298.523		385.813		1932		2		5
283.762		210.347		1848		2		5
228.935		310.688		1831		2		5
220.692		299.171		1833		2		5
339.854		330.076		1755		2		5
333.333		318.166		1771		2		5
Frame 33
279.984		278.69		2099		2		5
281.828		246.295		2013		2		5
284		209.107		1828		2		5
290.708		183.598		1740		2		5
257.048		218.486		1864		2		5
230.837		253.082		1824		2		5
224.797		298.105		1754		2		5
224.496		304.222		1759		2		5
312.068		221.709		1873		2		5
327.525		262.513		1848		2		5
345.268		308.789		1726		2		5
346.155		322.194		1719		2		5
266.971		277.713		2059		2		5
269.94		310.817		1843		2		5
271.228		369.744		1925		2		5
275.949		384.799		1929		2		5
293.004		279.609		2032		2		5
296.031		309.888		1850		2		5
298.002		369.338		1933		2		5
306.928		379.873		2030		2		5
283.426		218.977		1876		2		5
225.574		317.79		1814		2		5
216.665		307.673		1811		2		5
345.163		338.682		1706		2		5
336.626		329		0		2		5
Frame 34
279.502		284.143		2135		2		5
281.245		254.159		2040		2		5
283.283		219.505		1854		2		5
289.538		193.411		1759		2		5
256.729		225.582		1873		2		5
229.628		258.841		1810		2		5
223.449		303.795		1720		2		5
222.116		312.842		1717		2		5
311.008		231.621		1883		2		5
329.227		271.628		1825		2		5
347.825		316.875		1680		2		5
349.184		330.938		1669		2		5
266.875		283.167		2057		2		5
269.188		310.841		1852		2		5
271.912		371.284		1919		2		5
275.664		386.328		1917		2		5
292.172		285.087		2035		2		5
296.563		310.548		1857		2		5
298.946		370.66		1933		2		5
313.88		371.311		2051		2		5
282.741		228.669		1892		2		5
222.191		326.763		1755		2		5
213.166		318.162		1755		2		5
349.512		347.456		1651		2		5
339.224		339.669		1690		2		5
Frame 35
282.781		292.971		2133		2		5
282.072		263.693		2087		2		5
281.277		230.285		1888		2		5
288.193		202.552		1785		2		5
256.235		235.433		1893		2		5
228.592		266.618		1801		2		5
223.884		311.483		1681		2		5
219.861		327.036		1678		2		5
309.715		238.993		1896		2		5
329.106		277.759		1808		2		5
347.728		319.363		1650		2		5
351.438		339.696		1614		2		5
270.413		292.531		2073		2		5
266.493		313.58		1851		2		5
270.402		375.776		1915		2		5
281.142		386.545		2042		2		5
295.207		293.423		1999		2		5
298.142		315.108		1848		2		5
296.852		374.922		1933		2		5
310.78		372.139		2036		2		5
281.484		239.073		1920		2		5
218.89		339.001		1697		2		5
211.762		327.981		1693		2		5
351.546		356.578		1598		2		5
342.073		345.273		1639		2		5
Frame 36
286.004		299.772		2086		2		5
283.886		271.621		2117		2		5
281.476		239.471		1913		2		5
286.679		215.195		1810		2		5
257.422		245.424		1921		2		5
228.582		269.691		1811		2		5
224.082		321.926		1646		2		5
219.459		338.766		1626		2		5
307.482		249.352		1919		2		5
330.494		282.376		1792		2		5
347.118		327.41		1610		2		5
351.942		344.528		1574		2		5
273.878		299.367		2130		2		5
263.982		315.255		1865		2		5
270.618		375.376		1918		2		5
281.306		384.803		2037		2		5
298.234		300.19		1956		2		5
299.132		329.039		1883		2		5
296.932		378		1923		2		5
311.424		373.108		2033		2		5
282.109		247.93		1938		2		5
215.669		354.935		1622		2		5
211.343		337.799		1616		2		5
354.91		360.937		1562		2		5
340.308		352.298		1609		2		5
Frame 37
278.168		303.505		2247		2		5
279.466		277.666		2131		2		5
280.967		247.941		1936		2		5
285.862		221.51		1844		2		5
258.104		251.003		1937		2		5
232.901		276.195		1810		2		5
231.614		318.713		1649		2		5
223.935		340.081		1583		2		5
306.095		253.328		1933		2		5
327.933		284.445		1805		2		5
346.353		336.097		1578		2		5
349.886		345.863		1542		2		5
266.225		301.713		1990		2		5
263.865		312.933		1900		2		5
270.394		373.958		1923		2		5
287.8		382.013		2029		2		5
290.23		305.325		1979		2		5
297.853		312.802		1911		2		5
296.426		361.269		1946		1		5
310.665		368.149		2047		2		5
280.569		255.783		1970		2		5
219.041		357.286		1566		2		5
216.478		337.414		1584		2		5
351.822		363.049		0		2		5
338.217		353.124		1586		2		5
Frame 38
277.953		305.349		2262		2		5
279.167		280.382		2075		2		5
280.549		252		1948		2		5
284.57		230.722		1879		2		5
257.816		258.075		1944		2		5
237.971		284.132		1800		2		5
231.766		320.623		1636		2		5
228.386		345.699		1545		2		5
304.851		262.232		1960		2		5
323.517		288.296		1806		2		5
342.702		332.984		1572		2		5
344.947		343.626		1523		2		5
266.454		303.924		1984		2		5
262.479		316.441		1924		2		5
270.175		372.855		1927		2		5
272.3		388.435		1907		2		5
289.503		306.88		2006		2		5
298.531		314.649		1940		2		5
298.612		374.291		1925		2		5
312.586		372.367		2036		2		5
280.185		259.45		2001		2		5
226.496		362.636		1515		2		5
219.377		349.401		1539		2		5
348.391		359.913		1512		2		5
333.765		351.104		1585		2		5
Frame 39
279.175		311.397		2288		2		5
279.141		287.365		2167		2		5
279.104		259.865		2009		2		5
283.177		236.777		1927		2		5
257.49		263.474		1983		2		5
243.007		286.382		1828		2		5
240.94		322.306		1629		2		5
236.856		342.896		1540		2		5
303.544		266.882		1990		2		5
319.854		293.838		1804		2		5
333.756		326.418		1592		2		5
337.754		341.269		1523		2		5
268.801		310.446		2005		2		5
262.51		326.692		1965		2		5
272.023		378.616		1927		2		5
270.472		385.086		1917		2		5
289.581		312.357		2019		2		5
298.199		315.943		1976		2		5
297.243		375.87		1926		2		5
309.347		373.604		2027		2		5
279.113		267.104		2043		2		5
236.178		357.73		1515		2		5
227.048		346.995		1532		2		5
337.531		356.741		1478		2		5
325.573		346.34		1597		2		5
Frame 40
282.192		315.168		2288		2		5
280.565		290.212		2183		2		5
278.661		262.65		2053		2		5
281.985		240.704		1982		2		5
257.562		264.986		2034		2		5
245.84		287.934		1865		2		5
246.32		320.435		1646		2		5
246.599		336.87		1564		2		5
301.47		268.35		2035		2		5
319.764		295.201		1795		2		5
330.099		326.16		1588		2		5
328.564		335.137		1548		2		5
271.511		314.898		2170		2		5
263.861		325.598		2002		2		5
271.863		378.616		1930		2		5
268.942		383.839		1926		2		5
292.947		315.561		2030		2		5
298.369		316.501		2011		2		5
297.082		374.412		1932		2		5
292.66		389.406		1915		2		5
279.242		269.939		2088		2		5
249.665		349.168		1497		2		5
236.447		341.279		1548		2		5
328.502		347.108		1497		2		5
315.428		340.281		0		2		5
Frame 41
278.202		323.38		2382		2		5
277.794		294.901		2277		2		5
277.341		263.419		2111		2		5
280.383		242.183		2044		2		5
257.793		265.239		2092		2		5
251.102		288.09		1882		2		5
252.131		315.29		1689		2		5
255.718		328.955		1607		2		5
299.666		269.046		2088		2		5
312.063		291.21		1859		2		5
313.997		312.259		1682		2		5
318.949		327.173		1589		2		5
268.589		322.359		2067		2		5
275.877		379.246		1950		2		5
266.367		335.672		0		2		5
268.445		355.241		2004		2		5
287.914		324.417		2273		2		5
296.452		325.334		2034		2		5
296.037		380.354		1919		2		5
296.804		381.128		1920		2		5
277.458		271.593		2146		2		5
259.748		338.259		1572		2		5
246.145		332.639		1592		2		5
315.666		334.332		1497		2		5
322.159		338.628		1493		2		5
Frame 42
279.611		329.732		2414		2		5
278.122		296.817		2329		2		5
276.675		262.902		2185		2		5
278.18		242.064		2119		2		5
257.467		266.133		2160		2		5
253.218		291.084		1886		2		5
260.978		311.347		1721		2		5
262.869		319.28		1665		2		5
297.903		268.851		2151		2		5
308.604		285.951		1976		2		5
309.27		305.207		1736		2		5
309.383		316.125		1667		2		5
268.934		330.92		1638		2		5
280.915		386.783		2030		1		5
270.639		368.261		1959		2		5
271.03		382.213		1928		2		5
289.99		328.787		2095		2		5
295.945		336.538		2041		2		5
296.902		392.72		1876		2		5
296.604		378.773		1919		2		5
277.084		271.802		2217		2		5
267.394		329.002		1649		2		5
254.201		322.898		1662		2		5
311.334		328.331		1578		2		5
297.599		323.6		1726		2		5
Frame 43
278.757		331.615		2420		2		5
277.07		297.815		2382		2		5
275.935		261.829		2277		2		5
275.834		241.587		2224		2		5
257.295		264.691		2255		2		5
256.824		286.609		1974		2		5
265.285		307.727		1774		2		5
266.237		310.198		1756		2		5
295.565		267.851		2241		2		5
300.431		286.729		1981		2		5
301.173		315.455		1721		1		5
304.99		321.386		1748		1		5
267.735		332.324		2096		2		5
281.996		389.116		2031		1		5
271.421		369.672		1966		1		5
273.226		385.02		1926		1		5
289.669		331.194		2116		2		5
292.519		329.66		2089		2		5
294.756		384.464		1898		1		5
295.883		395.563		1839		2		5
276.221		270.905		2303		2		5
272.601		319.598		1746		2		5
258.8		313.793		1760		2		5
300.5		324		1701		2		5
Frame 44
278.83		332.946		2425		2		5
276.491		297.347		2438		2		5
274.135		261.508		2376		2		5
274.858		241.904		2320		2		5
256.929		266		2338		2		5
256.137		283.245		2060		2		5
270.073		307.028		1826		2		5
277.847		307.45		1847		1		5
294.064		265.586		2337		2		5
295.57		283.213		2067		2		5
294.254		312.166		1799		1		5
293.095		326.907		2124		1		5
267.555		334.011		2124		2		5
281.809		389.322		2001		1		5
271.829		370.918		1970		1		5
267.216		376.996		1944		2		5
290.037		331.942		2126		2		5
292.343		327.442		2123		1		5
297.558		388.386		1854		2		5
298.998		405.608		1801		2		5
274.723		270.464		2385		2		5
288		310.167		1805		2		5
270.999		311.498		1821		2		5
294.993		324.582		2126		1		5
288.706		329.474		2146		1		5
Frame 45
278.19		332.004		2447		2		5
275.155		295.179		0		2		5
272.25		259.286		2480		2		5
273.535		240.435		2414		2		5
254.513		269.686		2367		2		5
258.879		282.108		2130		2		5
279.66		299.45		0		2		5
289.634		297.617		1952		2		5
291.832		265.141		2442		2		5
291.473		282.345		2056		2		5
289.1		309.036		1904		1		5
287.041		330.46		2179		1		5
267.696		333.43		2151		2		5
267.971		363.364		1997		2		5
249.985		316.968		0		1		5
254.666		335.14		2115		2		5
288.62		330.58		2165		2		5
296.971		338.443		2091		2		5
297.369		388.319		1847		2		5
304.537		404.705		1952		2		5
272.969		268.176		2484		2		5
298		300.598		1941		2		5
287.073		305.452		1938		2		5
288.849		328.213		2174		1		5
282.779		332.954		2373		1		5
Frame 46
276.127		329.627		2481		2		5
274.216		291.829		0		2		5
272.867		256.398		2585		2		5
273.206		237.67		2508		2		5
255.196		262.833		2573		2		5
260.561		278.773		0		2		5
286.168		292.527		2071		2		5
287.982		292.708		2076		1		5
290.517		263.366		2553		2		5
289.824		276.873		0		2		5
284.389		297.875		2055		1		5
282.96		309.592		2534		1		5
264.96		329.044		2146		2		5
268.526		350.292		2088		1		5
9999		9999		9999		1		5
299.242		417.393		1679		1		5
287.75		329.977		2182		2		5
303.581		346.601		2075		2		5
294.242		391.22		1834		2		5
295.402		408.337		1764		2		5
273.197		265.089		2574		2		5
294		292.498		2041		2		5
284.557		300.221		2042		2		5
284.549		307.428		2533		1		5
279.162		311.936		2517		1		5
Frame 47
274.973		325.66		2487		2		5
273.325		287.732		0		2		5
272.133		253.715		2661		2		5
272.058		236.377		2606		2		5
254.235		260.178		2667		2		5
246.641		280.946		2485		2		5
269.301		265.985		2643		1		5
275.556		261.683		2664		2		5
290.001		260.505		2647		2		5
296.78		277.518		2415		2		5
279.683		291.197		2213		2		5
272.661		291.032		0		1		5
264.832		326.057		2173		2		5
274.875		347.804		2253		2		5
278.073		423.475		1738		1		5
273.978		414.427		1835		1		5
284.973		325.223		2277		2		5
296.897		341.146		2101		2		5
295.648		388.035		1843		2		5
297.368		399.799		1782		2		5
272.422		261.982		2651		2		5
284.396		254.097		2707		2		5
279.57		267.792		2625		2		5
264.798		292.601		2186		2		5
264.003		295		2187		2		5
Frame 48
275.733		321.65		2502		2		5
273.55		285.058		2337		2		5
271.375		252.805		2732		2		5
271.264		236.398		2701		2		5
252.759		262.623		2743		2		5
253.202		297.149		2672		2		5
258.314		267.765		2714		1		5
258.987		259.698		2744		2		5
288.588		260.98		2739		2		5
297.977		279		2521		2		5
280.342		289.542		2279		1		5
272.5		303.737		2577		1		5
265.514		322.526		2212		2		5
261.04		337.956		2121		2		5
262.358		385.661		1870		2		5
263.881		396.525		1810		2		5
285.984		320.576		2346		2		5
295.957		338.72		2137		2		5
295.047		384.184		1855		2		5
296.91		395.09		1785		2		5
271.899		260.588		2721		2		5
262.66		249.781		2847		2		5
265.4		262.295		2726		2		5
264.425		305.375		2580		1		5
263.612		307.716		2548		1		5
Frame 49
274.479		322.854		2522		2		5
272.202		286.201		0		2		5
269.865		254.346		2830		2		5
270.353		237.688		2797		2		5
251.487		265.722		2823		2		5
247.764		294.364		2664		2		5
255.56		272.474		2767		1		5
256.958		262.32		2812		2		5
289.128		265.379		2791		2		5
299.927		283.925		2628		1		5
280.118		284.323		2369		2		5
279.314		285.693		2366		1		5
264.185		324.461		2220		2		5
262.702		367.042		1972		2		5
264.059		412.73		1912		1		5
261.675		398.928		1735		2		5
283.966		322.123		2353		2		5
292.347		335.408		2174		2		5
300.06		383.085		1824		2		5
299.712		403.093		1732		2		5
270.267		262.057		2793		2		5
258.817		257.401		2863		2		5
264.502		266.163		2774		2		5
276.497		286.996		0		2		5
280.501		290.376		2393		2		5
Frame 50
274.158		322.491		2538		2		5
271.217		287.147		2739		2		5
269.504		257.745		2895		2		5
269.711		241.049		2876		2		5
251.456		269.25		2867		2		5
247.669		295.201		2688		2		5
264.701		290.852		2736		1		5
269.92		289.525		2726		2		5
288.099		269.405		2860		2		5
296.778		300.084		2668		1		5
278.761		287.595		0		1		5
277.367		296.926		2686		1		5
264.106		324.144		2244		2		5
262.744		366.941		1978		2		5
264.105		412.593		1883		1		5
261.001		396.519		1764		2		5
283.307		321.205		2344		2		5
294.15		336.167		2173		2		5
296.1		373.949		1868		2		5
295.538		393.136		1720		2		5
269.909		264.694		2866		2		5
271.543		284.501		2760		1		5
277.32		293.617		2690		1		5
274.501		298.305		2667		1		5
278.568		301.683		2653		1		5
Frame 51
273.53		323.827		2557		2		5
271.008		290.442		2766		2		5
269.075		261.672		2958		2		5
269.07		245.276		2953		2		5
251.317		273.948		2910		2		5
247.977		299.723		2694		2		5
262.088		288.346		2809		1		5
266.389		284.881		2826		2		5
286.547		273.124		2914		2		5
292.72		301.464		2712		2		5
272.765		322.483		2560		1		5
272.824		336.281		2447		1		5
264.273		326.246		2257		2		5
269.489		365.588		2089		2		5
271.485		410.25		1912		1		5
264.026		399.446		1926		2		5
282.645		321.951		2341		2		5
292.218		334.78		2187		2		5
292.462		371.579		1852		1		5
291.826		390.14		1846		2		5
269.53		268.445		2914		2		5
268.039		279.957		2831		1		5
273.667		288.864		2797		1		5
269.2		342.799		2307		2		5
269.777		338.647		2388		2		5
Frame 52
272.565		324.751		2563		2		5
270.244		292.944		2774		2		5
268.573		266.286		3015		2		5
268.816		250.347		3029		2		5
251.509		280.174		2945		2		5
245.518		302.182		2743		2		5
259.448		277.695		2935		1		5
264.534		277.33		2921		2		5
285.005		278.447		2945		2		5
294.053		305.272		2735		2		5
280.238		333.319		2289		1		5
273.82		340.333		2337		1		5
263.82		326.597		2259		2		5
269.155		365.851		2088		1		5
271.114		410.441		0		1		5
265.002		396.93		1985		2		5
281.284		323.031		2308		2		5
286.698		327.191		2251		2		5
286.497		362.26		2079		1		5
285.698		379.818		2021		1		5
268.946		272.603		2974		2		5
267.281		274.376		2971		2		5
273.183		278.085		2913		2		5
274.213		342.153		2304		2		5
269.322		338.99		2383		2		5
Frame 53
272.025		329.223		2563		2		5
270.314		296.951		2745		2		5
268.875		269.817		3082		2		5
268.084		254.425		3090		2		5
253.095		284.032		2979		2		5
243.214		304.702		2696		2		5
249.741		326.355		0		2		5
248		317.998		2563		1		5
281.097		284.05		2932		2		5
293.142		308.761		0		2		5
278.931		335.523		2455		1		5
273.405		339.725		2363		1		5
263.308		331.191		2233		2		5
267.787		361.737		2105		2		5
269.611		405.858		1982		1		5
264.52		391.708		1983		2		5
280.614		327.287		2273		2		5
286.676		330.486		2203		1		5
286.471		365.1		1810		1		5
285.262		382.314		2032		1		5
269.212		276.184		3025		2		5
248		319		2553		2		5
237.933		319.306		2639		1		5
273.371		341		2342		2		5
269.725		338.744		2386		2		5
Frame 54
272.657		332.694		2521		2		5
270.701		299.737		2696		2		5
269.06		272.092		3122		2		5
267.542		257.086		3155		2		5
253.531		286.021		3017		2		5
245.742		303.415		2712		2		5
264.067		318.334		2307		1		5
270.847		327.586		2587		2		5
278.806		284.284		2963		2		5
291.256		307.168		2448		2		5
280.038		333.417		2229		1		5
274.258		339.543		2366		1		5
263.658		335.088		2199		2		5
254.317		340.942		2129		2		5
254.79		382.291		0		1		5
257.664		378.543		1845		2		5
281.526		330.338		2223		2		5
277.715		343.504		2277		2		5
274.689		386.064		2031		1		5
281.916		371.508		2009		2		5
269.445		278.573		3070		2		5
273.25		333.749		2509		2		5
268.748		333.248		2523		2		5
275		341		2317		2		5
272.242		338.739		2391		2		5
Frame 55
272.307		334.284		2499		2		5
270.522		302.228		2652		2		5
269.016		275.187		3152		2		5
266.736		260.888		3203		2		5
251.736		286.037		3059		2		5
241.156		302.528		2636		1		5
251.051		315.329		2331		2		5
260.032		305.819		2405		2		5
278.36		285.401		2987		2		5
282.474		294.77		2842		2		5
284.448		310.669		2319		1		5
286.462		334.587		2042		1		5
264.158		335.916		2204		2		5
254.501		344.293		2060		1		5
254.984		385.139		2045		1		5
257.413		380.082		1936		1		5
280.28		332.624		2194		2		5
285.108		331.874		2110		2		5
289.978		369.603		2051		1		5
297.932		353.746		1843		1		5
269.369		281.538		3033		2		5
260.503		307.624		2362		2		5
253.251		304.493		2459		2		5
281.332		352.835		1952		2		5
281		354.501		1941		2		5
Frame 56
271.763		334.554		2500		2		5
269.825		302.145		2648		2		5
268.134		274.75		3196		2		5
266.436		261.178		3238		2		5
251.416		286.042		3066		2		5
240.801		302.538		2663		1		5
250.735		315.168		2346		2		5
260.335		303.757		2425		2		5
278.959		285.7		3005		2		5
282.609		294.823		0		2		5
284.574		310.068		2301		1		5
290.566		342.541		1826		2		5
263.369		335.92		2182		2		5
253.406		342.77		2045		1		5
253.777		382.929		2036		1		5
256.334		377.363		2014		2		5
279.948		333.266		2502		2		5
284.115		330.991		2071		2		5
288.375		366.568		2078		1		5
289.515		343.718		1834		2		5
268.537		281.191		3039		2		5
262.5		306.749		2402		2		5
253.12		302.741		2471		2		5
294.35		335.4		1811		2		5
296.47		347.005		1828		2		5
Frame 57
271.969		334.044		2507		2		5
270.024		301.539		2666		2		5
268.353		274.168		3221		2		5
266.433		261.736		3273		2		5
251.595		287.186		3051		2		5
240.868		304		2669		1		5
249.115		319.333		2345		1		5
252.306		325.26		2229		2		5
281.68		285.608		3027		2		5
284.494		293.706		0		2		5
284.085		306.631		2321		1		5
291.13		338.666		1842		2		5
263.248		335.5		2191		2		5
253.847		341.362		2032		1		5
254.255		381.053		2043		1		5
256.805		375.111		1975		1		5
280.365		332.725		0		2		5
284.268		329.569		2055		1		5
288.145		363.609		2094		1		5
289.955		341.036		1849		1		5
268.748		280.593		3045		2		5
254.278		328.991		2191		1		5
244.876		324.31		2593		1		5
294.2		330.599		1814		2		5
296.998		343.489		1853		2		5
Frame 58
271.617		334.173		2493		2		5
269.714		301.447		2649		2		5
268.089		273.895		3225		2		5
267.1		261.742		3285		2		5
251.557		287.214		3052		2		5
245.94		301.104		2660		1		5
255.602		314.425		2311		2		5
259.631		308.047		2351		2		5
281.176		285.665		3029		2		5
284.066		292.683		0		2		5
283.872		306.189		2323		1		5
291.73		336.713		1849		2		5
262.803		335.867		2191		2		5
253.562		340.512		2046		1		5
253.941		379.847		2048		1		5
256.465		373.801		1944		1		5
280.228		332.609		0		2		5
283.781		328.733		2076		2		5
287.221		361.611		2102		1		5
289.418		339.208		1861		1		5
268.472		280.363		3056		2		5
260.896		314.756		2322		2		5
256.142		307.206		2351		2		5
293.792		330.126		1836		2		5
296.958		341.423		1851		2		5
Frame 59
271.679		334.33		2493		2		5
269.755		301.543		2660		2		5
268.121		273.956		3241		2		5
266.952		261.953		3315		2		5
251.486		287.291		3068		2		5
250.123		298.805		0		1		5
258.768		313.098		2342		1		5
260.243		309.26		2384		2		5
280.967		285.672		3030		2		5
284.057		292.597		0		2		5
283.887		306.209		2333		1		5
292.182		337.081		1860		2		5
262.831		336.046		2204		2		5
253.648		340.419		2078		1		5
254.033		379.631		2032		1		5
256.552		373.547		1926		1		5
280.367		332.682		2508		2		5
282.967		329.168		2120		2		5
285.272		362.439		2092		1		5
287.744		340.023		1871		1		5
268.505		280.431		3047		2		5
261.104		316.114		2334		2		5
255.831		307.875		2391		2		5
295.997		331.748		1850		2		5
298.047		341.65		1862		2		5
Frame 60
273.77		336.388		2423		2		5
271.213		302.281		2677		2		5
269.063		273.613		3253		2		5
266.381		259.149		3357		2		5
250.762		287.392		3104		2		5
250.184		298.032		2899		1		5
258.7		312.671		2372		2		5
259.332		309.617		2413		2		5
282.188		285.957		3050		2		5
284.83		293.203		0		2		5
284.178		307.072		2344		1		5
291.832		339.643		1866		2		5
263.208		336.348		2250		2		5
255.314		338.503		2168		1		5
255.841		376.663		1941		1		5
255.689		371.263		1944		2		5
282.857		335.625		2093		2		5
284.341		331.048		2083		2		5
285.999		361.283		1957		1		5
288.46		339.291		1860		1		5
269.567		280.338		3062		2		5
260.736		315.419		2361		2		5
252.374		309.851		2470		2		5
296.812		333.561		1836		2		5
297.276		345.394		1871		2		5
Frame 61
273.987		336.44		2406		2		5
271.314		302.292		2683		2		5
269.097		273.603		3255		2		5
266.884		259.505		3369		2		5
250.78		287.45		3104		2		5
250.148		298.12		2914		1		5
258.818		312.918		2427		2		5
258.854		312.339		2427		2		5
282.092		285.823		3046		2		5
284.103		293.635		2858		2		5
282.399		307.869		2383		1		5
291.282		343.966		1865		2		5
264.073		337.284		2296		2		5
255.365		338.48		2198		1		5
255.897		376.633		1927		1		5
255.498		371.755		1870		2		5
283.585		335.225		2105		2		5
284.942		331.365		2151		2		5
286.531		362.251		1935		1		5
288.946		340.494		1854		1		5
269.614		280.331		3061		2		5
260.286		316.714		2379		2		5
253.226		312.369		2469		2		5
294.091		337.426		1840		2		5
296.994		349.786		1878		2		5
Frame 62
272.785		335.594		2426		2		5
270.047		301.401		2689		2		5
267.702		272.585		3256		2		5
267.892		261.107		3337		2		5
250.527		287.46		3093		2		5
250.157		298.07		2914		1		5
259.781		311.605		2497		2		5
290.209		349.322		1855		2		5
282.066		285.902		3039		2		5
283.913		296.814		2778		2		5
286.222		309.259		2375		2		5
291.468		345.748		1855		2		5
262.385		335.711		2293		2		5
255.029		341.74		2210		2		5
255.552		381.65		1926		1		5
254.971		374.874		1872		2		5
282.11		334.801		2192		2		5
285.463		330.969		2215		2		5
289.153		362.092		1924		1		5
291.454		340.909		1852		1		5
268.257		279.352		3074		2		5
295.444		347.446		1836		2		5
287.564		341.652		1858		2		5
296		347		1832		2		5
295.699		339.196		1859		2		5
Frame 63
273.34		337.154		2395		2		5
270.774		302.601		2681		2		5
268.701		273.566		3261		2		5
266.712		259.296		3418		2		5
257.006		284.569		3042		2		5
251.336		299.534		2912		1		5
260.274		313.643		2479		1		5
259.827		321.74		2382		2		5
280.135		284.707		3025		2		5
285.8		297.83		2779		2		5
288.941		312.534		2416		1		5
290.187		355.677		1848		2		5
263.901		339.136		2276		2		5
257.745		342.674		2219		1		5
258.509		381.834		1936		1		5
257.985		375.905		1856		1		5
282.386		335.492		2227		2		5
283.949		338.041		2197		2		5
285.587		380.348		1983		1		5
288.093		357.978		1849		1		5
269.176		280.378		3070		2		5
260.686		329.105		2329		2		5
252.41		322.264		2437		2		5
293.75		355.124		1832		2		5
292.685		345.249		1872		2		5
Frame 64
273.821		337.277		2403		2		5
271.139		302.65		2672		2		5
268.974		273.603		3260		2		5
266.466		260.109		3380		2		5
256.947		284.735		3045		2		5
243.819		302.353		2924		1		5
251.805		316.804		2506		1		5
289.57		364.351		1839		2		5
280.628		284.761		3012		2		5
285.655		298.312		2755		1		5
288.128		313.377		2456		1		5
290.466		358.36		1839		1		5
264.194		338.797		2282		2		5
258.014		343.054		2215		1		5
258.809		382.535		1876		1		5
257.086		380.062		1864		2		5
283.7		336.499		2250		2		5
286.004		339.944		2218		2		5
288.557		383.08		1949		1		5
291.527		362.212		1836		2		5
269.472		280.413		3051		2		5
292.501		366.124		1828		2		5
285.195		370.198		1869		2		5
289.581		359.334		1834		2		5
293.908		358.35		1845		2		5
Frame 65
274.542		337.675		2401		2		5
271.846		303.186		2670		2		5
269.663		274.283		3247		2		5
266.188		261.688		3427		2		5
256.274		285.419		3044		2		5
243.076		303.358		2893		1		5
251.372		317.863		2497		1		5
288.07		371.954		1811		1		5
280.602		284.528		3006		2		5
294.775		304.346		2773		2		5
293.161		316.32		2504		1		5
289.947		359.248		2009		1		5
265.481		339.719		2296		2		5
258.834		344.195		2197		1		5
259.709		383.915		1879		1		5
257.631		381.114		1847		2		5
285.064		336.827		2256		2		5
289.268		340.769		2216		2		5
294.713		383.847		1897		1		5
288.556		371.238		1811		2		5
270.168		281.055		3026		2		5
293.667		374.666		1817		2		5
282.12		377.127		1855		2		5
289.5		360		1996		2		5
292.599		358.799		2012		2		5
Frame 66
271.98		339.894		2387		2		5
270.087		304.536		2648		2		5
268.469		275.028		3250		2		5
267.623		264.586		3340		2		5
250.01		288.96		3073		2		5
251.133		301.27		0		2		5
262.924		318.821		2411		2		5
294.106		365.259		1989		1		5
280.534		284.424		3012		2		5
294.729		304.315		2759		1		5
293.041		316.298		2496		1		5
289.333		325.21		2328		2		5
262.193		342.387		2232		2		5
257.772		342.874		2210		2		5
258.55		382.612		1861		1		5
257.028		380.262		1845		2		5
280.825		338.165		2267		2		5
288.548		342.473		2205		2		5
295.064		384.511		0		1		5
286.957		376.728		1811		2		5
268.849		281.932		3029		2		5
291.337		370.337		1929		2		5
298.44		371.422		2068		2		5
289.759		333.638		2277		2		5
301.995		335.116		2406		2		5
Frame 67
271.939		339.942		2382		2		5
270.044		304.523		2652		2		5
268.427		274.961		3263		2		5
267.624		265.554		3350		2		5
250.012		288.949		3074		2		5
251.132		301.264		2860		2		5
262.914		318.814		2408		1		5
294.749		365.655		1974		1		5
280.804		284.566		3009		2		5
288.703		299.734		2750		2		5
289.131		313.905		2450		1		5
286.207		324.611		2318		2		5
262.164		342.253		2223		2		5
257.668		341.825		2218		1		5
258.434		381.4		1861		1		5
257.134		379.62		1839		2		5
281.136		338.361		2259		2		5
287.952		341.942		2208		2		5
294.094		383.599		0		1		5
285.971		377.374		1804		2		5
268.808		281.878		3020		2		5
291.502		370.168		1922		2		5
294.503		372.499		1951		2		5
287.628		333.299		2268		2		5
298.11		334.551		2412		2		5
Frame 68
270.055		338.459		2399		2		5
268.252		308.622		2586		2		5
266.71		283.105		3009		2		5
267.634		275.965		3268		2		5
250.876		290.055		3055		2		5
251.618		302.542		2837		2		5
263.774		320.479		2387		1		5
295.832		364.471		1966		1		5
280.203		284.237		3018		2		5
280.744		295.102		2782		1		5
284.088		311.086		2480		1		5
285.602		323.603		2323		2		5
262.257		340.966		2241		2		5
253.767		361.311		2003		1		5
254.24		407.842		1919		1		5
255.719		384.422		1864		2		5
277.76		335.984		2386		2		5
289.736		342.965		2183		2		5
292.815		383.32		1842		1		5
285.229		376.509		1815		2		5
267.074		289.127		2879		2		5
292.004		365.502		1937		2		5
296.013		368.005		1983		2		5
287.391		331.216		2274		2		5
291.285		326.549		2317		2		5
Frame 69
293.066		347.777		2141		2		5
291.235		317.57		2413		2		5
289.656		291.816		3010		2		5
278.634		281.673		3047		2		5
273.882		299.073		2695		1		5
262.962		306.741		2567		2		5
272.364		323.174		2603		2		5
274.889		325.764		2604		2		5
275.465		282.394		3025		2		5
277.166		293.9		2803		1		5
281.857		310.136		2521		1		5
284.426		322.6		2338		2		5
290.954		353.165		2084		2		5
288.703		374.636		1839		1		5
292.704		422.021		1817		1		5
292.263		399.65		1987		1		5
295.185		342.363		2202		2		5
291.748		343.695		2172		2		5
291.924		382.731		1862		1		5
288.48		371.848		1811		2		5
290.029		297.886		2867		2		5
279.834		332.747		2305		2		5
279.578		321.043		2414		2		5
285.399		330.533		2285		2		5
290.201		321.6		2349		2		5
Frame 70
278.259		343.306		2299		2		5
277.082		311.141		2562		2		5
276.075		283.838		3012		2		5
271.232		277.024		3261		2		5
250.023		289.374		3078		2		5
253.378		300.05		2887		2		5
264.823		317.174		2441		2		5
263.063		319.126		2407		2		5
261.615		274.36		0		1		5
273.872		290.578		2835		1		5
279.815		307.199		2588		1		5
282.687		320.386		2390		2		5
272.684		348.518		2269		2		5
268.054		362.332		2141		1		5
270.002		408.875		1921		1		5
281.707		389.893		1898		2		5
283.841		338.084		2234		2		5
291.913		344.1		2168		2		5
293.36		383.687		1922		1		5
292.43		368.57		1819		2		5
276.312		290.263		2864		2		5
264.715		328.143		2320		2		5
266.749		322.129		2411		2		5
282.426		327.858		2313		2		5
287.999		316.045		2408		2		5
Frame 71
268.174		343.523		2331		2		5
267.759		310.949		2561		2		5
267.404		283.391		3001		2		5
267.815		276.963		3261		2		5
250.047		289.372		3075		2		5
252.657		300.407		2895		2		5
264.256		317.407		2441		1		5
262.857		319.465		2392		2		5
252.991		273.908		3644		1		5
270.627		289.564		2865		1		5
269.548		316.001		2533		2		5
274.796		319.353		2588		2		5
266.574		348.645		2249		2		5
254.8		361.897		2017		1		5
255.382		408.568		1945		1		5
256.151		385.043		1822		2		5
270.268		338.349		2398		2		5
291.059		344.137		2166		2		5
293.481		383.671		1900		1		5
292.605		367.78		1827		1		5
267.487		289.869		2891		2		5
264.638		328.546		2320		2		5
266.562		320.996		2432		2		5
279.287		327.426		2351		2		5
280.723		315.524		2484		2		5
Frame 72
268.163		343.518		2331		2		5
267.75		310.939		2556		2		5
267.396		283.374		3011		2		5
267.763		277.049		3240		2		5
250.101		289.288		3067		2		5
251.137		301.168		2872		2		5
263.089		317.857		2425		1		5
262.206		319.212		2395		2		5
252.985		273.891		3637		1		5
270.666		289.55		2872		1		5
269.579		315.963		2541		2		5
276.053		319.828		2521		2		5
266.527		348.631		2253		2		5
251.223		366.784		1985		2		5
251.44		413.483		1843		1		5
254.514		390.876		1878		2		5
270.24		338.347		2394		2		5
291.16		344.103		2167		2		5
293.63		383.631		1942		1		5
292.763		367.265		1839		1		5
267.48		289.854		2881		2		5
264.201		328.4		2317		2		5
266.402		320.492		2429		2		5
279.916		327.579		2358		2		5
281.775		316.994		2453		2		5
Frame 73
268.187		343.553		2334		2		5
267.778		310.959		2564		2		5
267.427		283.382		3021		2		5
267.76		277.102		3260		2		5
250.369		289.052		3078		2		5
251.201		301.36		2868		2		5
263.105		317.983		2426		1		5
261.285		320.662		2376		2		5
253.017		273.901		3651		1		5
266.341		293.01		2813		2		5
266.724		318.975		2454		2		5
289.235		380.83		1876		2		5
266.56		348.708		2252		2		5
251.253		366.981		1985		1		5
251.474		413.677		1891		1		5
254.379		390.882		1845		2		5
270.234		338.361		2403		2		5
291.33		344.104		2175		2		5
293.834		383.619		1834		1		5
297.817		372.121		1813		2		5
267.51		289.865		2891		2		5
262.778		330.444		2311		2		5
266.356		325.357		2392		2		5
294.063		379.17		1846		2		5
290.697		366.982		1931		2		5
Frame 74
268.182		343.7		2327		2		5
267.776		311.001		2549		2		5
267.426		283.379		3021		2		5
267.704		277.154		3271		2		5
250.99		290.657		3053		2		5
251.802		303.335		0		1		5
264.425		320.512		2404		2		5
262.373		325.217		2337		2		5
253.021		273.901		3657		1		5
264.498		292.37		2843		2		5
265.536		318.746		2448		2		5
289.126		383.757		1875		2		5
266.62		349.002		2242		2		5
251.203		367.1		1978		1		5
251.418		413.771		1881		1		5
254.177		391.041		1924		2		5
270.068		338.551		2392		2		5
291.516		344.153		2173		2		5
293.95		383.622		1859		1		5
296.738		373.021		1797		2		5
267.508		289.875		2892		2		5
262.6		334.799		2287		2		5
270.932		335.993		2450		2		5
293.751		385.251		1856		2		5
285.43		375.784		1946		2		5
Frame 75
268.109		343.628		2328		2		5
267.743		310.921		2564		2		5
267.428		283.28		3008		2		5
267.698		277.132		3262		2		5
249.548		289.245		3079		2		5
250.709		301.42		2874		2		5
262.735		318.023		2413		1		5
261.644		320.594		2377		2		5
253.041		273.815		3655		1		5
264.436		292.203		2844		2		5
265.466		318.457		2448		1		5
287.943		384.97		1923		2		5
266.373		348.843		2254		2		5
251.164		367.012		1980		1		5
251.375		413.582		1891		1		5
254.119		390.977		1929		2		5
270.074		338.504		2395		2		5
291.207		344.2		2174		2		5
293.792		383.74		1834		1		5
296.829		374.831		1809		2		5
267.502		289.78		2876		2		5
263.126		329.958		2318		2		5
269.75		333.749		2479		2		5
293.959		386.017		1937		2		5
287.133		373.286		1943		2		5
Frame 76
268.182		343.573		2328		2		5
267.819		310.886		2567		2		5
267.505		283.255		3030		2		5
267.72		277.146		3260		2		5
249.644		289.237		3078		2		5
250.564		300.726		2889		1		5
258.532		322.836		2347		2		5
263.082		324.122		2351		2		5
253.125		273.795		3654		1		5
265.019		292.859		2832		2		5
265.819		318.775		2449		2		5
288.381		384.959		1878		2		5
266.379		348.777		2255		2		5
251.259		367.016		1980		1		5
251.479		413.553		1904		1		5
254.107		391.007		1935		2		5
270.186		338.445		2399		2		5
294.653		345.063		2169		2		5
297.954		384.555		1843		1		5
295.658		376.879		1825		2		5
267.579		289.752		2894		2		5
264.766		334.001		2301		2		5
271.821		333.374		2489		2		5
293.11		388.561		1938		2		5
286.286		374.471		1945		2		5
Frame 77
268.17		343.643		2335		2		5
267.811		310.896		2565		2		5
267.49		283.251		3002		2		5
267.701		277.175		3263		2		5
249.82		291.364		3048		2		5
250.281		302.949		2861		1		5
259.143		325.973		2322		2		5
263.587		329.206		2320		2		5
253.111		273.791		3658		1		5
264.488		292.25		2849		2		5
265.343		318.428		2444		2		5
288.363		383.959		1888		2		5
266.357		348.851		2252		2		5
251.219		367.037		1984		1		5
251.436		413.57		1879		1		5
254.112		390.975		1875		2		5
270.164		338.498		2401		2		5
292.433		345.116		2172		2		5
295.153		384.74		1852		1		5
290.617		378.194		1832		1		5
267.568		289.752		2878		2		5
263.6		338.6		2265		2		5
273.016		337.584		2400		2		5
293.405		385.101		1859		2		5
286.438		372.987		1939		2		5
Frame 78
268.179		343.575		2329		2		5
267.805		310.851		2561		2		5
267.475		283.213		3018		2		5
267.644		277.233		3249		2		5
250.938		288.819		3090		2		5
251.424		299.819		2900		1		5
259.138		322.783		2341		2		5
262.721		324.489		2342		2		5
253.103		273.758		3658		1		5
265.807		292.863		2828		2		5
266.224		318.608		2468		2		5
288.211		383.457		1876		2		5
266.374		348.771		2253		2		5
251.186		366.995		1986		1		5
251.399		413.491		1942		1		5
254.097		390.955		1885		2		5
270.117		338.439		2401		2		5
290.969		346.156		2161		2		5
294.886		387.033		1946		1		5
293.206		375.561		1826		2		5
267.555		289.711		2877		2		5
263.929		333.998		2296		2		5
272.572		335.998		2441		2		5
293.606		384.002		1883		2		5
285.652		372.81		1942		2		5
Frame 79
268.055		343.365		2332		2		5
267.725		310.716		2559		2		5
267.43		283.122		3015		2		5
267.655		277.172		3264		2		5
250.685		288.861		3088		2		5
251.115		299.902		2899		1		5
258.949		322.708		2350		2		5
262.944		324.33		2338		2		5
253.07		273.676		3663		1		5
265.847		292.671		2832		2		5
274.491		313.009		2588		2		5
292.341		378.594		1817		2		5
266.215		348.492		2253		2		5
251.115		366.841		1984		1		5
251.32		413.271		1856		1		5
253.904		390.857		1936		2		5
269.989		338.233		2405		2		5
291.318		345.404		2167		2		5
294.854		385.731		1876		1		5
295.258		370.714		1810		1		5
267.501		289.61		2889		2		5
264.4		334.408		2298		2		5
272.531		334.793		2469		2		5
294.445		376.413		1820		2		5
291.171		369.535		1830		2		5
Frame 80
268.028		343.363		2331		2		5
267.697		310.721		2556		2		5
267.403		283.131		3023		2		5
267.641		277.211		3268		2		5
250.539		288.95		3088		2		5
250.886		300.063		2889		1		5
258.822		322.781		2346		2		5
263.004		324.298		2357		2		5
253.043		273.685		3653		1		5
265.808		292.683		2845		2		5
274.438		312.968		2593		2		5
291.925		378.584		1831		2		5
266.155		348.471		2251		2		5
251.054		366.882		1985		1		5
251.253		413.312		1843		1		5
253.813		390.878		1866		2		5
269.931		338.242		2401		2		5
291.282		345.177		2169		2		5
294.724		385.366		1854		1		5
295.346		373.498		1813		2		5
267.473		289.618		2885		2		5
264.33		334.291		2297		2		5
271.88		333.981		2495		2		5
298.501		379.499		1802		2		5
293.82		366.829		1819		2		5
Frame 81
268.081		343.344		2329		2		5
267.747		310.707		2567		2		5
267.452		283.116		3016		2		5
267.65		277.188		3253		2		5
250.449		289.026		3073		2		5
250.787		300.367		2883		1		5
258.775		322.96		2340		2		5
264.928		322.281		2383		2		5
253.099		273.674		3665		1		5
265.337		292.669		2842		2		5
266.096		318.411		2463		2		5
269.112		320.262		2520		2		5
266.153		348.463		2249		2		5
251.129		366.84		1984		1		5
251.335		413.231		1852		1		5
253.784		390.87		1916		2		5
270.039		338.207		2390		2		5
291.479		344.995		2174		2		5
294.847		385.04		1891		1		5
295.459		374.162		1820		2		5
267.522		289.603		2893		2		5
265.4		332.197		2314		2		5
266.725		325.708		2395		2		5
278		330.5		2336		2		5
264.816		321.534		2397		2		5
Frame 82
268.045		343.33		2330		2		5
267.702		310.649		2569		2		5
267.4		283.01		3001		2		5
267.62		277.113		3271		2		5
250.417		289.037		3077		2		5
251.152		301.593		2887		2		5
257.904		322.794		2345		1		5
263.681		321.255		2382		2		5
253.063		273.58		3659		1		5
265.284		292.515		2840		2		5
266.05		318.163		2461		2		5
266.848		318.337		2461		2		5
266.102		348.436		2253		2		5
251.064		366.599		1985		1		5
251.262		412.895		1902		1		5
253.706		390.728		1903		2		5
270.02		338.197		2398		2		5
291.361		344.788		2175		2		5
294.727		384.762		1878		1		5
295.289		374.551		1817		1		5
267.472		289.509		2900		2		5
264.53		330.117		2322		2		5
266.442		327.422		2366		2		5
266		327		2366		2		5
261.799		316.193		2439		2		5
Frame 83
267.851		342.838		2331		2		5
267.639		310.503		2557		2		5
267.393		282.999		3030		2		5
267.643		277.127		3266		2		5
249.62		290.762		3057		2		5
250.77		303.007		2838		2		5
259.253		325.398		2319		2		5
265.325		326.622		2365		2		5
253.057		273.57		3656		1		5
265.302		292.502		2838		2		5
266.046		318.134		2467		2		5
269.626		319.933		2523		2		5
266.015		348.154		2251		2		5
251.053		366.583		1979		1		5
251.25		412.871		1867		1		5
253.471		390.92		1880		2		5
269.125		335.874		2445		2		5
291.905		344.851		2171		2		5
294.439		384.7		1903		1		5
295.482		375.119		1802		2		5
267.457		289.479		2901		2		5
265.287		335.428		2300		2		5
266.81		334.738		2320		2		5
278.333		328.999		2375		2		5
264.687		320.6		2410		2		5
Frame 84
267.883		343.039		2324		2		5
267.638		310.524		2565		2		5
267.377		282.985		3027		2		5
267.649		277.15		3261		2		5
250.574		290.746		3051		2		5
252.008		303.509		0		2		5
260.15		326.442		2318		2		5
264.083		329.792		2321		2		5
253.044		273.558		3665		1		5
265.574		292.406		2838		2		5
268.857		316.361		2515		2		5
288.913		382.651		1842		2		5
266.385		348.613		2252		2		5
251.029		366.553		1985		1		5
251.224		412.825		1928		1		5
253.425		390.9		0		2		5
269.199		337.333		2414		2		5
291.57		344.766		2179		2		5
294.405		384.592		1861		1		5
295.8		375.352		1809		1		5
267.446		289.476		2904		2		5
263.583		338.832		2267		2		5
274.479		336.683		2427		2		5
293.232		382.847		1839		2		5
287.551		369.664		1939		2		5
Frame 85
267.92		343.174		2321		2		5
267.645		310.546		2564		2		5
267.376		282.969		3028		2		5
267.651		277.146		3263		2		5
249.915		291.071		3052		2		5
251.22		302.937		2853		2		5
259.671		325.906		2327		2		5
263.661		328.35		2318		2		5
253.046		273.543		3668		1		5
265.049		292.283		2840		2		5
268.463		316.322		2523		2		5
288.758		382.686		1846		2		5
266.26		348.726		2253		2		5
251.029		366.521		1986		1		5
251.223		412.781		1832		1		5
253.551		390.872		0		2		5
269.678		337.847		2407		2		5
291.509		344.762		2178		2		5
294.44		384.586		1870		1		5
296.43		375.87		1800		1		5
267.447		289.469		2898		2		5
263.7		337.799		2270		2		5
274.482		336.691		2427		2		5
295.309		383.786		1847		2		5
287.33		369.776		1946		2		5
Frame 86
267.958		343.507		2319		2		5
267.638		310.599		2564		2		5
267.353		282.935		3023		2		5
267.643		277.154		3264		2		5
249.945		290.61		3063		2		5
251.095		302.758		2852		2		5
259.443		325.365		2321		2		5
263.58		328.166		2326		2		5
253.024		273.511		3662		1		5
264.22		291.704		2876		2		5
265.167		317.6		2459		2		5
288.39		383.101		1857		2		5
266.15		348.933		2246		2		5
250.994		366.466		1987		1		5
251.186		412.712		1841		1		5
253.297		390.954		1890		2		5
269.988		338.828		2399		2		5
291.065		344.773		2176		2		5
294.316		384.623		1881		1		5
296.446		376.154		1822		1		5
267.43		289.456		2907		2		5
263.803		337.978		2273		2		5
272.662		336.975		2424		2		5
294.636		383.611		1845		2		5
287.24		370.505		1925		2		5
Frame 87
267.966		343.746		2322		2		5
267.636		310.707		2569		2		5
267.349		282.957		3042		2		5
267.665		277.182		3265		2		5
249.78		291.039		3050		2		5
251.008		303.135		2787		2		5
259.493		325.808		2323		2		5
265.037		327.007		2345		2		5
253.019		273.532		3670		1		5
265.626		292.468		2841		2		5
268.796		316.866		2513		2		5
273.185		321.474		2610		2		5
266.117		349.127		2247		2		5
250.983		366.524		1987		1		5
251.173		412.782		1886		1		5
253.468		390.804		1905		2		5
270.001		338.946		2398		2		5
291.289		344.84		2180		2		5
294.34		384.621		1865		1		5
296.419		376.135		1810		2		5
267.425		289.489		2901		2		5
264.273		334.999		2301		2		5
268		337.5		2389		2		5
278.572		330.998		2343		2		5
265.211		320.983		2424		2		5
Frame 88
267.969		343.661		2320		2		5
267.665		310.692		2565		2		5
267.393		282.944		3037		2		5
267.658		277.167		3263		2		5
249.825		289.158		3085		2		5
249.673		301.648		2873		1		5
258.107		323.213		2339		2		5
265.383		322.31		2402		2		5
253.073		273.525		3662		1		5
264.885		292.243		2846		2		5
267.345		316.293		2499		1		5
269.78		319.382		2527		2		5
266.08		348.923		2258		2		5
250.686		366.149		1988		2		5
250.845		412.266		1871		1		5
253.408		390.605		1910		2		5
270.001		338.828		2396		2		5
291.169		344.776		2178		2		5
294.367		384.603		1851		1		5
296.387		376.094		1831		1		5
267.465		289.474		2899		2		5
266		330.498		2336		2		5
266		331.499		2333		2		5
278.667		327.998		2389		2		5
263.247		319.614		2413		2		5
Frame 89
267.74		342.061		2331		2		5
267.602		310.376		2560		2		5
267.39		282.949		3039		2		5
267.635		277.179		3271		2		5
249.825		289.249		3079		2		5
249.679		301.75		2876		1		5
258.148		323.358		2337		2		5
265.776		323.243		2390		2		5
253.07		273.531		3666		1		5
264.793		292.225		2840		2		5
265.53		317.932		2462		2		5
267.882		319.762		2464		2		5
266.019		347.797		2260		2		5
250.533		366.102		1989		1		5
250.676		412.2		1824		1		5
253.515		390.46		1853		2		5
269.349		335.414		2442		2		5
290.982		344.428		2179		2		5
294.19		384.577		1859		1		5
296.331		376.144		1797		2		5
267.455		289.455		2901		2		5
265.8		331.399		2326		2		5
266.786		324.575		2399		2		5
278.3		329.272		2356		2		5
264.47		320.477		2408		2		5
Frame 90
267.718		342.112		2332		2		5
267.564		310.384		2567		2		5
267.325		282.979		3033		2		5
267.566		277.207		3285		2		5
250.206		288.897		3101		2		5
251.24		300.604		2891		2		5
258.996		322.763		2346		2		5
265.442		321.132		2415		2		5
253.005		273.56		3659		1		5
265.094		292.327		2836		2		5
271.351		315.34		2589		2		5
274.358		320.658		2590		2		5
266.117		347.55		2258		2		5
250.204		366.113		1988		1		5
250.314		412.203		1848		1		5
253.4		390.432		1881		2		5
269.01		336.899		2420		2		5
290.268		344.291		2180		2		5
294.236		384.532		1845		1		5
296.548		376.135		1809		1		5
267.396		289.473		2904		2		5
265.801		330.599		2326		2		5
267.289		321.982		2450		2		5
279.166		329.168		2332		2		5
265.058		320.034		2425		2		5
Frame 91
267.728		342.413		2327		2		5
267.564		310.433		2562		2		5
267.329		283.001		3031		2		5
267.655		277.194		3256		2		5
250.133		289.073		3075		2		5
251.09		300.981		2891		2		5
258.959		323.084		2336		2		5
265.662		322.128		2395		2		5
253.01		273.583		3669		1		5
265.544		292.333		2843		2		5
269.115		314.268		2552		1		5
271.759		320.304		2593		2		5
266.084		347.909		2266		2		5
250.159		366.119		1986		1		5
250.264		412.201		0		1		5
253.207		390.8		1898		2		5
269.184		337.316		2411		2		5
290.493		344.436		2177		2		5
294.138		384.529		1851		1		5
296.528		376.173		1790		1		5
267.398		289.495		2901		2		5
266		332.498		2327		2		5
266.889		324.205		2401		2		5
279		328.499		2373		2		5
264.486		320.317		2410		2		5
Frame 92
267.663		342.557		2323		2		5
267.484		310.455		2563		2		5
267.246		282.98		3032		2		5
267.614		277.157		3265		2		5
250.414		288.814		3090		2		5
252.65		299.936		2903		1		5
259.775		322.516		2349		2		5
264.952		320.887		2415		2		5
252.937		273.568		3660		1		5
264.549		292.133		2847		2		5
265.394		317.75		2466		2		5
268.172		318.99		2494		2		5
266.109		347.948		2262		2		5
249.898		365.91		1993		1		5
249.977		411.913		1899		1		5
253.225		390.651		1863		2		5
269.05		337.488		2416		2		5
290.484		344.42		2177		2		5
294.213		384.495		1851		1		5
296.683		376.183		1813		1		5
267.311		289.476		2910		2		5
265.5		331.498		2325		2		5
266		332.998		2333		2		5
278.352		328.053		2367		2		5
263.5		319.998		2418		2		5
Frame 93
267.713		342.622		2328		2		5
267.507		310.461		2563		2		5
267.272		282.977		3031		2		5
267.631		277.165		3267		2		5
250.282		288.987		3090		2		5
251.335		301.022		2873		2		5
259.097		323.154		2341		2		5
263.583		325.168		2341		2		5
252.964		273.566		3655		1		5
265.56		292.191		2839		2		5
269.06		315.968		2548		2		5
288.347		383.159		1889		2		5
266.111		348.004		2252		2		5
249.908		365.893		1994		1		5
249.988		411.891		1881		1		5
253.202		390.642		1918		2		5
269.272		337.555		2417		2		5
290.615		344.454		2179		2		5
294.223		384.488		1863		1		5
296.756		376.216		1819		1		5
267.336		289.473		2900		2		5
264.472		333.647		2303		2		5
273.6		334.591		2471		2		5
295.335		383.135		1847		2		5
288.425		368.712		1941		2		5
Frame 94
267.858		343.015		2323		2		5
267.559		310.538		2570		2		5
267.313		282.963		3042		2		5
267.649		277.146		3266		2		5
251.22		290.885		3045		2		5
251.842		303.364		0		2		5
260.03		326.59		2320		2		5
263.663		329.862		2321		2		5
253.013		273.558		3664		1		5
265.524		292.219		2862		2		5
268.998		315.975		2530		2		5
275.455		319.362		2558		2		5
266.285		348.25		2251		2		5
249.919		365.756		1998		1		5
249.999		411.697		1922		1		5
253.143		390.595		1896		2		5
269.376		337.976		2411		2		5
290.694		344.488		2181		2		5
294.299		384.46		1865		1		5
296.646		376.131		1819		2		5
267.377		289.478		2900		2		5
263.585		339.501		2261		2		5
273.796		337.404		2404		2		5
280.615		328.153		2341		2		5
284.221		314.661		2458		2		5
