side
Frame 0
143.642		239.092		1983		2		2
144.542		176.606		1954		2		2
145.286		116.82		2084		2		2
149.152		95.5879		2224		2		2
122.99		144.591		1959		2		2
100.794		191.584		2043		2		2
127.122		218.561		1962		1		2
131.348		231.931		1957		1		2
165.33		146.292		1982		2		2
182.429		198.748		2041		2		2
188.795		233.339		2160		2		2
187.999		234.294		2162		2		2
130.631		239.087		1979		2		2
122.934		293.712		2167		2		2
118.305		354.638		2124		2		2
113.691		371.061		2096		2		2
156.558		239.106		1990		2		2
152.893		300.773		2128		2		2
165.283		358.988		2145		2		2
169.63		375.246		2115		2		2
145.11		131.553		1994		2		2
139.732		242.843		1994		1		2
118.825		239.242		1995		1		2
187.5		246.642		2192		2		2
193.997		232.977		2173		2		2
Frame 1
143.654		239.115		1982		2		2
144.548		176.62		1957		2		2
145.288		116.819		2090		2		2
149.194		95.5505		2096		2		2
122.951		144.628		1957		2		2
100.436		191.494		2047		2		2
127.297		218.143		1960		1		2
131.521		231.53		1963		1		2
165.334		146.292		1979		2		2
182.398		198.757		2040		2		2
188.667		233.41		2153		2		2
187.976		234.172		2156		2		2
130.635		239.116		1980		2		2
122.936		293.714		2162		2		2
118.479		354.536		2125		2		2
113.866		370.955		2115		2		2
156.576		239.124		1985		2		2
152.893		300.777		2132		2		2
165.288		358.976		2147		2		2
169.671		375.291		2133		2		2
145.112		131.556		1989		2		2
139.9		242.461		1994		1		2
118.962		238.959		1988		1		2
187.072		246.497		2193		2		2
193.969		232.691		2176		2		2
Frame 2
143.656		239.113		1981		2		2
144.549		176.621		1957		2		2
145.285		116.818		2084		2		2
149.171		95.5584		2163		2		2
122.959		144.635		1958		2		2
100.369		191.49		2045		2		2
127.514		217.953		1961		1		2
131.733		231.35		1961		1		2
165.314		146.301		1980		2		2
182.338		198.775		2040		2		2
188.603		233.443		2147		2		2
188.112		234.36		2149		2		2
130.641		239.115		1982		2		2
122.937		293.705		2159		2		2
118.496		354.383		2116		2		2
113.877		370.807		2108		2		2
156.576		239.114		1990		2		2
152.872		300.739		2127		2		2
165.283		358.721		2149		2		2
169.399		375.037		2114		2		2
145.11		131.557		1992		2		2
140.106		242.289		1990		1		2
119.019		238.905		1985		1		2
186.427		247.857		2198		2		2
192.054		238.851		2174		2		2
Frame 3
143.675		239.094		1978		2		2
144.562		176.623		1962		2		2
145.296		116.826		2080		2		2
149.177		95.5446		2138		2		2
122.964		144.657		1951		2		2
100.421		191.525		2044		2		2
127.448		218.063		1955		1		2
131.669		231.459		1964		1		2
165.302		146.287		1984		2		2
182.294		198.775		2039		2		2
188.575		233.451		2155		2		2
187.875		234.251		2158		2		2
130.663		239.091		1973		2		2
122.946		293.685		2160		2		2
118.514		354.344		2121		2		2
113.891		370.768		2107		2		2
156.592		239.099		1990		2		2
152.855		300.722		2133		2		2
165.272		358.641		2142		2		2
169.391		375.028		2121		2		2
145.122		131.563		1988		2		2
140.044		242.393		1990		1		2
119.003		238.934		1991		1		2
187.468		246.663		2187		2		2
193.054		235.303		2168		2		2
Frame 4
143.684		239.117		1978		2		2
144.57		176.636		1962		2		2
145.303		116.825		2084		2		2
149.185		95.5452		2125		2		2
122.966		144.666		1958		2		2
100.405		191.53		2043		2		2
127.485		218.034		1958		1		2
131.706		231.433		1964		1		2
165.3		146.284		1987		2		2
182.252		198.781		2041		2		2
188.552		233.461		2153		2		2
187.975		234.407		2154		2		2
130.669		239.134		1984		2		2
122.914		293.657		2162		2		2
118.391		354.451		2116		2		2
113.762		370.873		2120		2		2
156.603		239.108		1995		2		2
152.859		300.689		2135		2		2
165.283		358.626		2148		2		2
169.379		375.042		2131		2		2
145.128		131.564		1987		2		2
140.079		242.368		1992		1		2
119.012		238.927		1989		1		2
187.288		247.41		2199		2		2
192.587		238.322		2172		2		2
Frame 5
143.7		239.157		1975		2		2
144.575		176.671		1957		2		2
145.293		116.837		2078		2		2
149.244		95.5167		2171		2		2
123.108		144.474		1957		2		2
100.714		191.546		2043		2		2
127.309		218.403		1951		1		2
131.538		231.803		1959		1		2
165.312		146.319		1976		2		2
182.197		198.847		2036		2		2
188.372		233.481		2147		2		2
187.489		234.559		2146		2		2
130.675		239.163		1974		2		2
122.937		293.609		2156		2		2
118.432		354.377		2106		2		2
113.842		370.801		2108		2		2
156.629		239.158		1987		2		2
152.873		300.685		2127		2		2
165.191		358.761		2138		2		2
169.385		375.139		2103		2		2
145.12		131.582		1984		2		2
139.923		242.731		1989		1		2
118.917		239.173		1992		1		2
186.598		246.998		2193		2		2
193.632		232.8		2171		2		2
Frame 6
143.708		239.163		1985		2		2
144.576		176.676		1960		2		2
145.29		116.836		2083		2		2
149.25		95.516		2190		2		2
123.115		144.506		1958		2		2
100.742		191.603		2048		2		2
127.342		218.454		1964		1		2
131.571		231.855		1967		1		2
165.308		146.314		1984		2		2
182.138		198.853		2043		2		2
188.324		233.502		2159		2		2
187.356		234.669		2161		2		2
130.682		239.174		1977		2		2
122.981		293.65		2164		2		2
118.429		354.372		2122		2		2
113.831		370.797		2120		2		2
156.639		239.158		1997		2		2
152.879		300.681		2135		2		2
165.236		358.803		2150		2		2
169.278		375.137		2102		2		2
145.119		131.583		1992		2		2
139.955		242.781		1996		1		2
118.927		239.219		1995		1		2
186.004		248.111		2203		2		2
193.428		232.327		2177		2		2
Frame 7
143.717		239.211		1976		2		2
144.583		176.704		1961		2		2
145.292		116.837		2084		2		2
149.248		95.5171		2128		2		2
123.115		144.528		1960		2		2
100.795		191.638		2047		2		2
127.359		218.506		1961		1		2
131.587		231.903		1965		1		2
165.303		146.326		1987		2		2
182.091		198.875		2044		2		2
187.445		233.09		2150		2		2
187.572		238.48		2172		2		2
130.687		239.208		1979		2		2
122.987		293.653		2163		2		2
118.418		354.373		2116		2		2
113.813		370.805		2111		2		2
156.649		239.22		1995		2		2
152.898		300.647		2126		2		2
165.248		358.806		2139		2		2
169.278		375.136		2128		2		2
145.121		131.586		1990		2		2
139.97		242.826		1991		1		2
118.934		239.25		1988		1		2
185.167		247.158		2199		2		2
192.926		239.296		2181		2		2
Frame 8
143.74		239.224		1978		2		2
144.595		176.728		1965		2		2
145.299		116.858		2085		2		2
149.222		95.5537		2140		2		2
123.111		144.55		1962		2		2
100.843		191.678		2050		2		2
127.362		218.569		1959		1		2
131.589		231.964		1960		1		2
165.303		146.336		1983		2		2
182.036		198.898		2038		2		2
187.467		233.126		2153		2		2
187.51		238.484		2171		2		2
130.729		239.233		1974		2		2
122.977		293.646		2160		2		2
118.331		354.282		2114		2		2
113.713		370.71		2100		2		2
156.658		239.224		1993		2		2
152.898		300.652		2125		2		2
165.269		358.855		2146		2		2
169.377		375.314		2119		2		2
145.129		131.607		1991		2		2
139.971		242.884		1999		1		2
118.932		239.296		1998		1		2
186.118		246.429		2191		2		2
192.052		239.273		2178		2		2
Frame 9
143.753		239.221		1980		2		2
144.599		176.728		1962		2		2
145.299		116.854		2091		2		2
149.217		95.5984		2190		2		2
123.108		144.578		1964		2		2
100.817		191.694		2043		2		2
127.354		218.572		1963		1		2
131.581		231.967		1969		1		2
165.284		146.33		1987		2		2
182.005		198.895		2038		2		2
186.923		233.423		2148		2		2
187.525		238.323		2176		2		2
130.74		239.231		1985		2		2
123.007		293.607		2165		2		2
118.38		354.239		2124		2		2
113.757		370.662		2106		2		2
156.671		239.218		1990		2		2
152.908		300.645		2134		2		2
165.301		358.971		2146		2		2
169.392		375.331		2118		2		2
145.129		131.605		1989		2		2
139.963		242.886		2005		1		2
118.929		239.296		1990		1		2
186.264		246.864		2198		2		2
192.414		238.875		2175		2		2
Frame 10
143.786		239.233		1986		2		2
144.607		176.748		1959		2		2
145.296		116.859		2083		2		2
149.218		95.607		2184		2		2
123.101		144.607		1961		2		2
100.77		191.684		2045		2		2
127.376		218.513		1959		1		2
131.602		231.908		1965		1		2
165.268		146.335		1981		2		2
181.948		198.914		2038		2		2
186.721		233.835		2149		2		2
187.597		238.701		2162		2		2
130.797		239.254		1978		2		2
123.053		293.652		2165		2		2
118.539		354.016		2124		2		2
113.91		370.437		2124		2		2
156.684		239.22		1991		2		2
152.914		300.688		2128		2		2
165.356		359.091		2141		2		2
169.423		375.351		2117		2		2
145.128		131.611		1993		2		2
139.983		242.829		1994		1		2
118.944		239.242		1990		1		2
185.998		246.718		2195		2		2
191.818		240.068		2175		2		2
Frame 11
143.801		239.239		1990		2		2
144.618		176.758		1958		2		2
145.298		116.863		2084		2		2
149.223		95.6197		2153		2		2
123.103		144.63		1962		2		2
100.753		191.694		2047		2		2
127.373		218.513		1963		1		2
131.599		231.908		1972		1		2
165.244		146.337		1983		2		2
181.879		198.931		2039		2		2
186.85		233.738		2153		2		2
187.373		238.698		2171		2		2
130.809		239.259		1976		2		2
123.06		293.625		2170		2		2
118.546		354.071		2122		2		2
113.914		370.495		2106		2		2
156.705		239.227		1992		2		2
152.903		300.685		2123		2		2
165.332		359.062		2149		2		2
169.311		375.259		2118		2		2
145.131		131.617		1993		2		2
139.98		242.828		1994		1		2
118.943		239.242		1998		1		2
185.465		246.456		2200		2		2
191.523		240.157		2176		2		2
Frame 12
143.847		239.251		1982		2		2
144.628		176.77		1963		2		2
145.29		116.86		2088		2		2
149.262		95.6569		2199		2		2
123.111		144.647		1966		2		2
100.601		191.646		2044		2		2
127.439		218.329		1960		1		2
131.664		231.73		1966		1		2
165.234		146.337		1985		2		2
181.865		198.929		2042		2		2
188.238		233.969		2149		2		2
186.865		234.415		2157		2		2
130.877		239.294		1976		2		2
123.072		293.625		2169		2		2
118.631		354.032		2125		2		2
113.993		370.458		2101		2		2
156.731		239.22		1991		2		2
152.942		300.648		2125		2		2
165.272		358.836		2141		2		2
169.31		375.233		2133		2		2
145.127		131.616		1992		2		2
140.043		242.659		1997		1		2
118.974		239.138		1993		1		2
187.338		247.555		2197		2		2
193.126		233.98		2171		2		2
Frame 13
143.849		239.248		1982		2		2
144.63		176.768		1963		2		2
145.287		116.853		2086		2		2
149.268		95.653		2190		2		2
123.08		144.672		1961		2		2
100.53		191.633		2043		2		2
127.414		218.283		1962		1		2
131.639		231.685		1964		1		2
165.233		146.336		1983		2		2
181.82		198.943		2041		2		2
187.288		233.293		2149		2		2
187.548		238.534		2165		2		2
130.878		239.289		1980		2		2
123.084		293.633		2161		2		2
118.561		354.165		2125		2		2
113.914		370.593		2110		2		2
156.735		239.218		1992		2		2
152.922		300.647		2125		2		2
165.234		358.845		2146		2		2
169.387		375.208		2105		2		2
145.126		131.612		1990		2		2
140.018		242.614		1988		1		2
118.968		239.109		1987		1		2
185.913		246.827		2195		2		2
193.093		237.443		2172		2		2
Frame 14
143.86		239.24		1990		2		2
144.642		176.769		1961		2		2
145.293		116.851		2086		2		2
149.259		95.6745		2200		2		2
123.03		144.714		1960		2		2
100.692		191.784		2046		2		2
127.42		218.523		1962		1		2
131.644		231.917		1964		1		2
165.212		146.328		1985		2		2
181.738		198.959		2037		2		2
187.23		233.294		2152		2		2
187.543		238.263		2173		2		2
130.89		239.288		1978		2		2
123.129		293.6		2169		2		2
118.741		354.014		2114		2		2
114.086		370.443		2107		2		2
156.745		239.203		1992		2		2
152.929		300.661		2125		2		2
165.229		358.858		2146		2		2
169.416		375.215		2126		2		2
145.132		131.611		1994		2		2
140.022		242.837		1999		1		2
118.963		239.247		1989		1		2
185.801		247.6		2201		2		2
190.116		239.666		2165		2		2
Frame 15
143.87		239.248		1989		2		2
144.66		176.775		1962		2		2
145.314		116.844		2094		2		2
149.29		95.7235		2153		2		2
123.046		144.716		1965		2		2
100.733		191.738		2050		2		2
127.276		218.588		1958		1		2
131.503		231.975		1970		1		2
165.187		146.312		1987		2		2
181.604		198.967		2042		2		2
187.233		233.285		2156		2		2
187.602		238.448		2172		2		2
130.892		239.294		1981		2		2
123.114		293.625		2169		2		2
118.7		354.029		2123		2		2
114.041		370.452		2104		2		2
156.762		239.212		1992		2		2
152.928		300.619		2129		2		2
165.221		358.666		2145		2		2
169.461		375.117		2101		2		2
145.152		131.608		1996		2		2
139.884		242.889		1995		1		2
118.902		239.28		1985		1		2
185.598		246.797		2197		2		2
190.883		240.427		2169		2		2
Frame 16
143.894		239.26		1988		2		2
144.707		176.785		1964		2		2
145.378		116.839		2095		2		2
149.482		96.0644		2168		2		2
123.104		144.723		1961		2		2
100.895		191.778		2048		2		2
127.134		218.812		1959		1		2
131.364		232.19		1968		1		2
165.158		146.31		1987		2		2
181.466		198.911		2037		2		2
187.24		233.218		2150		2		2
187.572		238.304		2177		2		2
130.904		239.3		1981		2		2
123.089		293.581		2158		2		2
118.686		354.103		2126		2		2
114.012		370.531		2112		2		2
156.799		239.227		1996		2		2
152.935		300.664		2130		2		2
165.197		358.835		2142		2		2
169.445		375.097		2129		2		2
145.211		131.607		1996		2		2
139.748		243.094		1995		1		2
118.794		239.499		1994		1		2
185.841		246.145		2191		2		2
191.487		239.936		2174		2		2
Frame 17
143.989		239.203		1974		2		2
144.811		176.763		1968		2		2
145.49		116.849		2100		2		2
149.825		96.2726		2171		2		2
123.183		144.7		1964		2		2
100.608		191.556		2048		2		2
127.547		218.136		1958		1		2
131.766		231.531		1961		1		2
165.181		146.303		1991		2		2
181.466		198.906		2040		2		2
187.281		233.229		2146		2		2
187.172		238.501		2168		2		2
131.015		239.221		1978		2		2
123.043		293.541		2164		2		2
118.687		354.074		2132		2		2
114.009		370.502		2106		2		2
156.878		239.188		1991		2		2
152.935		300.608		2135		2		2
165.161		358.83		2139		2		2
169.449		375.076		2121		2		2
145.32		131.609		1997		2		2
140.135		242.46		1996		1		2
118.989		239.058		1998		1		2
186.307		246.763		2189		2		2
193.108		237.067		2176		2		2
Frame 18
144.103		239.065		1977		2		2
144.922		176.709		1966		2		2
145.638		116.859		2099		2		2
150.421		96.6404		2152		2		2
123.257		144.69		1974		2		2
100.472		191.41		2051		2		2
127.718		217.778		1960		1		2
131.932		231.18		1960		1		2
165.195		146.286		1993		2		2
181.471		198.904		2041		2		2
187.287		233.237		2149		2		2
187.205		238.421		2171		2		2
131.114		239.05		1977		2		2
122.989		293.486		2156		2		2
118.525		354.18		2127		2		2
113.83		370.611		2100		2		2
157.001		239.073		1991		2		2
153.042		300.511		2136		2		2
165.177		358.964		2151		2		2
169.488		375.165		2099		2		2
145.455		131.6		2005		2		2
140.293		242.12		1989		1		2
119.024		238.999		1989		1		2
185.997		246.828		2192		2		2
192.4		240.102		2191		2		2
Frame 19
144.318		238.738		1974		2		2
145.182		176.595		1967		2		2
146.03		116.935		2106		2		2
151.315		97.2585		2149		2		2
123.617		144.325		1968		2		2
100.55		191.036		2047		2		2
128.008		217.289		1960		1		2
132.216		230.709		1953		1		2
165.258		146.256		1996		2		2
181.497		198.92		2044		2		2
187.244		233.817		2148		2		2
187.169		238.683		2168		2		2
131.335		238.644		1974		2		2
122.765		293.456		2147		2		2
118.531		354.264		2127		2		2
113.841		370.7		2095		2		2
157.201		238.812		1988		2		2
153.157		300.279		2141		2		2
165.15		358.96		2146		2		2
169.399		375.098		2121		2		2
145.804		131.619		2006		2		2
140.569		241.671		1985		1		2
119.265		238.678		1990		1		2
185.623		247.625		2187		2		2
193.2		236.802		2178		2		2
Frame 20
144.481		238.532		1977		2		2
146.473		176.354		1967		2		2
149.872		117.305		2117		2		2
149.982		95.7924		2185		2		2
126.401		142.783		1987		2		2
102.367		189.56		2052		2		2
127.98		217.586		1948		1		2
132.186		230.991		1950		1		2
166.14		147.027		1991		2		2
181.644		198.955		2043		2		2
187.378		233.66		2148		2		2
186.971		238.53		2198		2		2
131.54		238.287		1971		2		2
122.892		293.425		2142		2		2
118.452		354.385		2120		2		2
113.87		370.81		2105		2		2
157.321		238.72		1983		2		2
153.579		299.802		2157		2		2
165.174		358.949		2147		2		2
169.282		374.961		2126		2		2
148.9		131.738		2011		2		2
140.536		241.936		1980		1		2
119.166		238.889		1980		1		2
184.625		247.249		2196		2		2
193.125		237.144		2177		2		2
Frame 21
144.862		238.378		1964		2		2
146.66		176.337		1974		2		2
149.763		117.326		2116		2		2
153.398		97.3205		2162		2		2
126.394		142.823		1984		2		2
102.478		189.471		2053		2		2
128.266		217.092		1952		1		2
132.462		230.5		1949		1		2
166.173		146.856		2002		2		2
181.856		198.975		2043		2		2
189.827		233.949		2142		2		2
187.191		234.365		2141		2		2
131.959		238.03		1962		2		2
122.819		293.287		2139		2		2
118.41		354.41		2128		2		2
113.812		370.838		2107		2		2
157.659		238.657		1984		2		2
154.442		299.209		2173		2		2
165.176		358.916		2152		2		2
169.268		374.932		2129		2		2
148.889		131.751		2020		2		2
140.794		241.455		1982		1		2
119.507		238.449		1973		1		2
186.502		247.5		2198		2		2
194.083		235.513		2180		2		2
Frame 22
145.456		237.994		1964		2		2
149.076		176.411		1971		2		2
153.364		118.586		2128		2		2
154.507		98.2107		2168		2		2
130.019		142.094		1996		2		2
103.733		187.974		2067		2		2
128.478		217.102		1945		1		2
132.664		230.499		1947		1		2
167.773		147.26		1997		2		2
182.295		199.174		2047		2		2
189.699		234.205		2147		2		2
186.777		238.61		2203		2		2
132.817		237.304		1966		2		2
122.704		293.195		2141		2		2
118.402		354.471		2117		2		2
113.735		370.905		2099		2		2
158.05		238.526		1981		2		2
155.033		298.522		2184		2		2
165.284		357.94		2159		2		2
168.846		374.25		2156		2		2
152.313		132.713		2014		2		2
140.983		241.447		1973		1		2
119.724		238.376		1971		1		2
185.571		246.707		2192		2		2
193.24		237.162		2177		2		2
Frame 23
146.532		238.012		1961		2		2
150.802		176.741		1972		2		2
155.015		119.099		2135		2		2
157.115		99.5372		2173		2		2
131.969		142.105		1994		2		2
105.366		187.944		2066		2		2
130.421		216.365		1948		1		2
134.557		229.782		1947		1		2
169.387		147.408		2006		2		2
183.045		199.549		2047		2		2
189.046		234.377		2147		2		2
187.141		239.351		2189		2		2
133.846		237.213		1960		2		2
122.266		292.563		2131		2		2
118.47		355.057		2127		2		2
113.977		371.508		2113		2		2
159.139		238.703		1984		2		2
155.562		297.993		2199		2		2
165.243		357.786		2162		2		2
168.808		374.3		2152		2		2
153.99		133.195		2022		2		2
142.802		240.757		1961		1		2
121.933		237.409		1967		1		2
185.191		247.676		2190		2		2
193.998		239.261		2170		2		2
Frame 24
147.27		237.978		1965		2		2
151.002		176.778		1974		2		2
155.002		119.103		2133		2		2
161.701		101.042		2178		2		2
132.473		142.195		2002		2		2
106.335		188.176		2068		2		2
131.383		216.464		1950		1		2
135.487		229.859		1945		1		2
169.413		147.089		2003		2		2
184.45		199.885		2048		2		2
189.342		234.821		2149		2		2
187.47		240.433		2211		2		2
134.502		237.155		1961		2		2
122.19		292.107		2129		2		2
118.429		355.022		2122		2		2
113.554		371.488		2114		2		2
159.939		238.726		1981		2		2
156.033		297.825		2202		2		2
165.282		357.76		2150		2		2
168.834		374.252		2145		2		2
153.995		133.201		2033		2		2
143.685		240.816		1970		1		2
122.905		237.477		1967		1		2
184.679		249.659		2198		2		2
194.808		239.344		2173		2		2
Frame 25
149.51		238.551		1962		2		2
156.209		178.236		1974		2		2
163.089		121.893		2158		2		2
161.17		101.481		2182		2		2
136.976		143.577		2004		2		2
108.224		187.823		2073		2		2
132.633		216.471		1953		1		2
136.695		229.837		1949		1		2
173.505		147.051		2014		2		2
186.27		200.197		2041		2		2
189.762		235.187		2149		2		2
188.344		240.885		2200		2		2
136.643		237.717		1952		2		2
122.547		291.9		2118		2		2
118.334		355.047		2112		2		2
113.757		371.526		2110		2		2
162.255		239.341		1991		2		2
156.792		297.536		2208		2		2
165.31		357.499		2151		2		2
168.722		374.02		2158		2		2
161.379		135.635		2025		2		2
144.828		240.773		1962		1		2
124.17		237.439		1965		1		2
187.822		248.629		2197		2		2
195.866		239.547		2164		2		2
Frame 26
150.83		239.224		1966		2		2
157.649		178.617		1981		2		2
164.127		121.937		2153		2		2
165.168		101.924		2199		2		2
139.602		143.988		2013		2		2
110.501		187.63		2076		2		2
134.441		216.49		1956		1		2
138.44		229.805		1949		1		2
178.137		148.706		2022		2		2
188.302		201.536		2045		2		2
191.31		236.356		2152		2		2
189.61		241.886		2215		2		2
137.838		238.264		1961		2		2
122.915		292.776		2123		2		2
118.319		355.057		2124		2		2
114.221		371.517		2095		2		2
163.707		240.168		1980		2		2
157.643		297.411		2203		2		2
164.79		355.99		2147		2		2
168.422		372.932		2175		2		2
162.531		135.76		2035		2		2
146.476		240.702		1972		1		2
126.006		237.378		1971		1		2
187.957		249.841		2202		2		2
196.999		241.569		2166		2		2
Frame 27
152.276		239.709		1963		2		2
159.782		179.098		1988		2		2
166.806		122.217		2153		2		2
170.249		103.102		2192		2		2
144.333		144.682		2017		2		2
114.466		187.667		2081		2		2
137.366		217.393		1956		1		2
141.275		230.645		1946		1		2
180.021		149.038		2018		2		2
190.918		201.991		2055		2		2
191.958		236.932		2155		2		2
190.693		242.852		2222		2		2
139.399		238.68		1963		2		2
123.817		292.363		2126		2		2
118.324		355.492		2119		2		2
114.096		371.968		2104		2		2
165.046		240.72		1986		2		2
158.315		297.388		0		2		2
164.649		355.738		2143		2		2
168.262		372.728		2173		2		2
165.085		136.118		2044		2		2
149.177		241.477		1968		1		2
128.95		238.219		1968		1		2
189		262		2207		2		2
189.21		243.794		2224		2		2
Frame 28
154.101		240.254		1959		2		2
163.022		179.786		1992		2		2
171.519		123.119		2162		2		2
173.978		103.627		2193		2		2
146.208		145.208		2025		2		2
117.133		188.578		2082		2		2
139.731		218.488		1949		1		2
143.566		231.676		1947		1		2
182.669		150.331		2029		2		2
194.398		203.221		2057		2		2
194.616		238.448		2153		2		2
192.497		244.373		2219		2		2
141.18		239.124		1963		2		2
124.815		292.098		2130		2		2
118.468		355.369		2117		2		2
114.273		371.849		2112		2		2
166.912		241.373		1984		2		2
168.332		297.455		2197		2		2
164.537		353.527		2153		2		2
168.03		371.475		2159		2		2
169.432		136.962		2050		2		2
151.359		242.441		1974		1		2
131.332		239.259		1966		1		2
190.501		263.499		2208		2		2
191.592		245.14		2219		2		2
Frame 29
157.39		241.08		1971		2		2
166.154		180.789		1996		2		2
174.121		124.249		2169		2		2
176.749		104.81		2204		2		2
149.599		146.095		2027		2		2
119.717		188.757		2083		2		2
141.746		218.924		1948		1		2
145.519		232.069		1947		1		2
185.494		151.185		2033		2		2
197.505		203.245		2060		2		2
197.078		238.371		2153		2		2
194.96		244.729		2216		2		2
144.472		239.972		1963		2		2
126.167		292.1		2132		2		2
118.655		355.081		2114		2		2
114.452		371.561		2100		2		2
170.176		242.173		1986		2		2
168.644		295.055		2202		2		2
164.707		352.332		2151		2		2
167.958		370.664		2148		2		2
172.186		138.068		2053		2		2
153.218		242.794		1963		1		2
133.364		239.646		1967		1		2
192.202		263.399		2208		2		2
195.183		245.412		2219		2		2
Frame 30
160.317		241.426		1964		2		2
169.173		181.536		1995		2		2
177.315		125.577		2173		2		2
182.66		106.554		2212		2		2
151.321		146.492		2032		2		2
123.014		189.914		2087		2		2
121.861		231.654		2208		2		2
120.626		239.375		2220		1		2
185.496		151.193		2031		2		2
199.966		203.313		2063		2		2
198.893		238.651		2151		2		2
198.204		244.532		2194		2		2
147.322		240.524		1954		2		2
128.133		292.301		2134		2		2
118.883		354.971		2116		2		2
114.532		371.46		2100		2		2
173.195		242.313		1978		2		2
168.757		294.681		2212		2		2
165.319		350.046		2160		2		2
167.585		369.537		2167		2		2
175.334		139.235		2056		2		2
121.428		245.426		2220		2		2
118.684		237.845		2239		2		2
198.666		254.334		2192		2		2
206.333		242.549		2186		2		2
Frame 31
164.295		243.221		1958		2		2
173.098		183.221		1997		2		2
181.139		127.375		2180		2		2
185.395		108.013		2214		2		2
155.816		148.482		2036		2		2
126.651		191.25		2092		2		2
122.437		231.536		2218		2		2
123.455		239.415		2237		1		2
195.143		154.409		2051		2		2
205.194		206.738		2073		2		2
201.799		241.398		2170		2		2
203.268		244.307		2170		2		2
151.277		242.238		1960		2		2
130.936		300.251		2160		2		2
120.042		354.561		2121		2		2
116.248		371.035		2117		2		2
177.18		244.19		1985		2		2
168.584		294.325		2234		2		2
165.875		349.393		2162		2		2
167.558		369.038		2173		2		2
179.188		140.99		2071		2		2
122.33		245.998		2239		2		2
121.25		237.007		2224		2		2
201.447		253.747		2205		2		2
207.835		248.5		2178		2		2
Frame 32
166.26		244.398		1964		2		2
176.012		184.904		2003		2		2
185.091		129.861		2190		2		2
188.513		110.041		2212		2		2
160.044		150.109		2044		2		2
130.102		192.295		2097		2		2
124.56		228.841		2206		2		2
126.434		238.647		2241		1		2
196.47		155.656		2058		2		2
207.562		206.486		2073		2		2
206.071		241.404		2167		2		2
206.428		245.162		2183		2		2
153.19		243.316		1955		2		2
133.036		299.644		2176		2		2
121.601		353.82		2128		2		2
117.396		370.309		2113		2		2
179.198		245.473		1976		2		2
168.333		297.996		2237		2		2
166.147		349.452		2172		2		2
167.628		369.023		2172		2		2
182.875		143.248		2066		2		2
125.496		246.998		2245		2		2
123.286		241.581		2248		2		2
205.33		254.439		2227		2		2
211.516		247.233		2186		2		2
Frame 33
168.412		246.265		1945		2		2
178.969		187.302		2001		2		2
188.586		132.701		2193		2		2
190.695		112.912		2227		2		2
161.723		151.081		2060		2		2
133.583		194.147		2107		2		2
126.737		228.256		2218		2		2
129.444		238.722		2253		1		2
197.131		156.148		2054		2		2
212.673		207.161		2081		2		2
209.539		242.45		2172		2		2
210.584		246.936		2184		2		2
155.517		245.061		1950		2		2
135.218		299.259		2187		2		2
124.137		352.885		2127		2		2
119.845		369.326		2108		2		2
181.181		247.465		1975		2		2
169.427		300.107		0		2		2
166.268		351.749		2167		2		2
167.727		370.191		2163		2		2
186.263		145.992		2085		2		2
127.997		248.332		2284		2		2
130.5		243.501		2284		2		2
209		259.201		2217		2		2
215.168		247.653		2190		2		2
Frame 34
172.091		250.056		1948		2		2
182.735		191.1		2003		2		2
192.497		137.102		2204		2		2
195.852		117.724		2225		2		2
171.376		157.933		2061		2		2
137.987		196.589		2115		2		2
131.344		231.718		2230		2		2
132.477		241.672		2277		2		2
208.189		164.457		2070		2		2
215.132		212.278		2086		2		2
213.967		246.675		2184		2		2
212.884		251.768		2205		2		2
158.883		248.236		1946		2		2
138.403		307.31		2191		2		2
124.972		359.345		2122		2		2
121.073		376.143		2107		1		2
185.178		251.911		1971		2		2
170.889		301.446		3354		1		2
166.29		352.736		2169		2		2
167.747		370.52		2154		2		2
190.126		150.188		2089		2		2
133.144		250.426		2290		2		2
136.271		235.552		2266		2		2
211.5		262.251		2237		2		2
220.334		249.001		2220		2		2
Frame 35
173.873		252.782		1949		2		2
185.227		194.165		2001		2		2
195.612		140.835		2210		2		2
198.594		121.184		2236		2		2
173.142		161.019		2071		2		2
143.273		201.391		2134		2		2
135.227		239.62		2275		2		2
135.442		247.323		2308		1		2
208.864		165.479		2076		2		2
220.884		216.325		2092		2		2
218.802		249.3		2193		2		2
215.12		253.373		2229		2		2
160.699		251.38		1951		2		2
139.061		308.769		2202		2		2
129.788		361.735		2113		2		2
125.526		378.773		2087		1		2
186.957		254.243		1958		2		2
173.506		302.273		3327		1		2
167.216		352.599		2164		2		2
167.21		370.594		2170		2		2
193.1		153.735		2103		2		2
135.243		256.413		4249		2		2
137.667		248.537		2328		2		2
205.308		270.199		2188		2		2
212.169		252.422		2235		2		2
Frame 36
179.987		259.553		1946		2		2
190.439		200.8		2005		2		2
199.645		147.128		2220		2		2
200.007		127.296		2243		2		2
177.632		166.325		2075		2		2
145.023		204.32		2135		2		2
136.641		236.912		2252		2		2
138.858		247.507		2319		1		2
211.672		170.027		2082		2		2
223.744		218.988		2097		2		2
222.57		254.487		2214		2		2
220.928		259.298		2248		2		2
166.846		257.927		1951		2		2
142.739		312.465		2204		2		2
134.686		366.316		2118		2		2
149.521		356.682		2421		2		2
192.982		261.121		1962		2		2
190.359		299.132		2246		2		2
168.892		349.316		2182		2		2
165.987		365.864		2167		2		2
197.433		160.124		2097		2		2
140.009		255.671		2342		2		2
143.733		242.809		2310		2		2
218.526		266.257		2269		2		2
215.454		253.458		2259		2		2
Frame 37
183.181		262.588		1950		2		2
192.819		203.92		2010		2		2
201.517		150.779		2222		2		2
203.052		130.923		2255		2		2
180.794		171.006		2081		2		2
149.976		209.565		2147		2		2
140.674		246.426		2306		2		2
142.248		252.488		2351		2		2
212.249		172.584		2084		2		2
228.561		222.391		2094		2		2
226.606		255.043		2211		2		2
225.636		261.205		2246		2		2
169.953		261.221		1943		2		2
152.264		301.476		2247		2		2
139.544		353.587		2129		2		2
154.748		361.586		2186		2		2
196.326		263.989		1962		2		2
197.401		301.4		2251		2		2
171.662		347.576		2194		2		2
168.298		364.101		2185		2		2
199.426		163.614		2113		2		2
143.001		261.75		2361		2		2
145.642		253.076		2387		2		2
222.141		272		2276		2		2
219.872		258.109		2261		2		2
Frame 38
190.245		268.352		1954		2		2
198.567		210.348		2004		2		2
205.834		157.336		2226		2		2
204.54		137.32		2249		2		2
183.831		176.422		2085		2		2
151.14		212.937		2150		2		2
142.917		246.586		2291		2		2
146.07		256.675		2389		2		2
216.58		182.026		2072		2		2
232.877		230.283		2101		2		2
232.12		260.581		2220		2		2
230.201		265.865		2267		2		2
176.9		266.968		1937		2		2
154.173		305.52		2256		2		2
139.701		357.853		2136		2		2
157.626		360.454		2145		2		2
203.486		269.73		1967		2		2
202.694		309.559		2288		2		2
166.425		348.966		2179		2		2
168.616		365.731		2181		2		2
204.087		170.169		2108		2		2
146.845		265.165		2378		2		2
152.076		257.965		2385		2		2
229.719		275.57		2275		2		2
224.236		262.009		2272		2		2
Frame 39
192.007		273.11		1943		2		2
200.578		214.953		2012		2		2
208.281		162.201		2225		2		2
208.451		142.247		2251		2		2
178.972		185.888		2073		2		2
153.166		224.849		2169		2		2
149.403		253.891		2334		2		2
149.57		261.108		2413		2		2
225.459		190.732		2082		2		2
239.093		236.251		2109		2		2
236.979		265.317		2238		2		2
233.691		271.829		2306		2		2
178.371		271.774		1947		2		2
153.984		305.515		2266		2		2
139.783		357.818		2137		2		2
142.036		374.238		2125		2		2
205.583		274.487		1967		2		2
208.516		315.957		2313		1		2
165.705		359.088		2172		2		2
170.276		373.002		2098		2		2
206.428		174.959		2121		2		2
153.383		268.745		2421		2		2
156.061		257.478		2386		2		2
230.83		279.164		2305		2		2
225.331		281.568		2179		2		2
Frame 40
199.081		280.242		1960		2		2
206.44		221.756		2021		2		2
212.743		168.168		2230		2		2
210.57		147.753		2250		2		2
182.397		191.986		2088		2		2
154.648		229.124		2175		2		2
150.656		254.589		2322		2		2
152.043		264.11		2428		2		2
229.813		194.509		2098		2		2
243.378		238.115		2107		2		2
244.24		267.855		2226		2		2
240.384		272.138		2272		2		2
185.471		280.538		1968		2		2
155.456		308.008		2264		2		2
140.428		360.251		2118		2		2
143.117		363.442		2152		2		2
212.656		279.952		1967		2		2
214.201		314.755		2294		1		2
170.947		342.752		2217		2		2
189.73		330.466		2239		2		2
211.285		181.213		2119		2		2
156.67		271.831		2446		2		2
158.165		259.069		2403		2		2
236.1		280.892		2305		2		2
237.57		282.348		2296		2		2
Frame 41
201.735		283.574		1952		2		2
209.832		225.161		2025		2		2
217.583		172.863		2232		2		2
213.072		152.498		2262		2		2
187.332		196.984		2102		2		2
159.364		233.754		2189		2		2
154.38		258.722		2331		2		2
154.75		267.114		2430		2		2
235.46		198.28		2095		2		2
251.909		245.864		2118		2		2
249.499		274.806		2246		2		2
246.418		276.731		2272		2		2
187.75		283.036		1966		2		2
158.492		307.387		2273		2		2
136.53		357.547		2168		2		2
149.461		367.366		2255		2		2
215.741		284.246		1953		2		2
217.473		318.258		2301		1		2
171.551		341.06		2231		2		2
191.106		330.204		2250		2		2
215.629		185.392		2133		2		2
157.856		275.454		2439		2		2
161.339		262.516		2409		2		2
242.64		284.638		2294		2		2
242.425		270.368		2231		2		2
Frame 42
210.776		288.57		1952		2		2
217.393		231.442		2028		2		2
223.351		179.072		2230		2		2
219.628		159.067		2238		2		2
194.618		203.547		2103		2		2
164.081		237.476		2194		2		2
157.071		261.097		2338		2		2
157.722		270.552		2435		2		2
242.042		201.573		2106		2		2
259.28		242.153		2103		2		2
257.227		276.226		2238		1		2
252.691		281.801		2298		2		2
196.283		287.109		1964		2		2
164.317		298.824		2270		2		2
141.158		351.402		2151		2		2
144.386		367.978		2150		2		2
225.198		290.034		1964		2		2
229.426		328.368		2430		1		2
179.807		334.299		0		2		2
195.841		329.764		2265		2		2
221.918		191.776		2135		2		2
161.338		278.331		2465		2		2
164.206		265.82		2412		2		2
248.468		287.699		2293		2		2
248.32		278.193		0		2		2
Frame 43
215.388		294.369		1957		2		2
222.849		236.494		2031		2		2
229.929		183.433		2229		2		2
224.3		163.034		2242		2		2
200.959		210.309		2111		2		2
170.767		238.883		2202		2		2
158.611		261.917		2330		2		2
160.377		271.898		2438		2		2
249.735		208.454		2106		2		2
267.613		249.932		2102		2		2
267.482		279.822		2240		2		2
260.902		282.503		2247		1		2
201.848		292.976		1973		2		2
167.396		294.919		2305		2		2
142.229		351.789		2160		2		2
136.468		368.288		2118		2		2
229.023		295.76		1966		2		2
232.612		335.514		2305		1		2
182.624		341.231		2229		2		2
197.834		332.077		2261		2		2
228.184		196.31		2131		2		2
162.607		280.598		2440		2		2
167.574		268.223		2413		2		2
255.408		290.581		2281		2		2
257.868		275.866		2207		2		2
Frame 44
219.726		299.19		1968		2		2
229.275		241.439		2039		2		2
237.828		189.352		2228		2		2
230.063		169.498		2241		2		2
209.426		216.179		2127		2		2
175.882		241.239		2208		2		2
164.491		267.05		2374		2		2
163.807		274.556		2444		2		2
259.467		214.077		2114		2		2
277.759		253.435		2107		2		2
270.576		283.773		2221		2		2
269.03		284.266		2224		1		2
205.057		296.658		1999		2		2
167.466		311.672		2272		2		2
140.604		359.317		0		2		2
131.207		363.309		2173		2		2
234.212		301.397		1971		2		2
234.156		336.191		2289		1		2
181.333		342.198		2229		2		2
201.493		333.472		2272		2		2
235.774		201.91		2138		2		2
166.003		281.747		2461		2		2
170.617		272.314		2425		2		2
263.546		294.815		2271		2		2
265.014		278.957		2205		2		2
Frame 45
231.359		302.004		1967		2		2
239.631		245.791		2056		2		2
247.226		193.952		2235		2		2
238.275		174.275		2243		2		2
217.413		219.14		2153		2		2
182.76		246.731		2203		2		2
167.519		266.569		2355		2		2
166.321		274.792		2437		2		2
264.719		215.788		2128		2		2
288.072		254.08		2107		2		2
281.621		286.037		2221		2		2
277.5		288.332		2232		1		2
218.487		301.248		1984		2		2
178.094		327.826		2291		1		2
134.532		361.51		2168		2		2
127.31		378.465		2179		2		2
244.358		302.778		1975		2		2
244.647		336.991		2259		1		2
180.702		343.19		2226		2		2
200.806		334.179		2294		1		2
245.385		206.55		2157		2		2
168.009		283.326		2449		2		2
173.412		272.894		2421		2		2
272.836		298.999		2245		2		2
273.098		285.704		2192		2		2
Frame 46
243.022		308.019		1977		2		2
250.612		252.99		2065		2		2
257.585		202.4		2233		2		2
250.351		181.826		2244		2		2
227.601		228.138		2158		2		2
189.331		248.453		2205		2		2
171.363		268.514		2365		2		2
169.011		274.226		2431		2		2
280.071		224.91		2138		2		2
299.347		261.244		2114		2		2
291.101		293.033		0		2		2
286.78		289.257		2216		1		2
228.927		306.541		1994		2		2
184.248		306.612		2284		2		2
148.827		358.275		2140		2		2
134.484		364.424		2158		2		2
257.272		309.528		1988		2		2
259.841		313.577		1993		2		2
210.745		332.632		2339		1		2
232.904		322.758		2046		1		2
255.894		214.677		2158		2		2
169.67		281.245		2441		2		2
176.5		271.824		2402		2		2
284.003		300.499		2270		2		2
279.5		302.5		2112		2		2
Frame 47
253.938		312.877		1993		2		2
261.999		259.827		2079		2		2
269.523		210.431		2228		2		2
261.62		190.073		2227		2		2
238.624		234.345		2160		2		2
203.017		250.665		2210		2		2
176.096		272.71		2395		2		2
171.653		274.768		2422		1		2
291.221		232.019		2136		2		2
312.434		266.529		2107		2		2
302.96		298.777		3362		1		2
296.265		294.165		2225		1		2
239.956		310.718		1997		2		2
185.56		309.035		2325		2		2
159.176		355.941		2186		2		2
140.084		361.649		2137		2		2
268.036		315.068		2013		2		2
269.404		322.548		2012		2		2
264.665		338.054		2042		2		2
263.59		355.562		2109		2		2
267.686		222.47		2160		2		2
171.559		278.881		2427		2		2
178.664		274.839		2414		2		2
292.862		305.711		2287		2		2
290.501		295.5		2152		2		2
Frame 48
265.314		315.173		2006		2		2
273.838		266.657		2081		2		2
282.115		219.749		2220		2		2
275.362		198.718		2227		2		2
251.817		241.952		2161		2		2
212.538		256.045		2197		2		2
182.494		266.007		2316		2		2
176.629		270.211		2321		2		2
303.316		241.936		2143		2		2
326.146		275.426		2114		2		2
312.723		306.539		0		2		2
305.348		304.354		2246		1		2
251.425		312.793		2009		2		2
201.8		301.043		2308		2		2
152.181		353.383		2158		2		2
146.263		369.793		2137		2		2
279.302		317.582		2028		2		2
284.776		308.006		2048		1		2
273.792		341.245		2050		2		2
269.456		354.421		2134		1		2
280.064		231.337		2162		2		2
174.003		275.745		2376		2		2
181.231		272.24		2394		2		2
301.8		304.401		2203		2		2
Frame 49
274.945		323.581		2021		2		2
285.974		276.391		2081		2		2
296.749		230.461		2224		2		2
291.71		208.809		2210		2		2
266.206		251.923		2154		2		2
227.716		261.02		2183		2		2
194.738		266.328		2277		2		2
185.654		267.275		2294		2		2
316.871		252.396		2149		2		2
338.733		285.505		2144		2		2
326.257		316.628		2610		1		2
322.263		326.581		2461		1		2
261.975		320.693		2024		2		2
210.585		313.47		2257		2		2
151.795		354.609		2163		2		2
146.818		371.117		2155		1		2
287.91		326.475		2036		2		2
296.656		332.758		2080		2		2
293.775		343.45		2108		2		2
295.295		360.219		2066		1		2
294.073		241.83		2170		2		2
179.707		273.603		2332		2		2
190.916		270.585		2294		2		2
317.742		331.018		2386		1		2
318.894		326.874		2457		1		2
Frame 50
288.859		332.058		2037		2		2
299.214		287.425		2082		2		2
309.55		242.967		2215		2		2
308.387		220.851		2218		2		2
280.615		261.296		2140		2		2
240.868		268.102		2143		2		2
206.646		270.253		2243		2		2
198.332		267.924		2259		2		2
331.963		266.248		2149		2		2
350.023		299.18		2156		2		2
333.272		328.598		2405		2		2
321.987		336.173		2283		1		2
276.863		329.455		2024		2		2
207.75		314.597		2289		2		2
148.405		354.584		2157		2		2
144.474		371.301		2254		1		2
300.817		334.653		2069		2		2
320.776		340.791		2235		2		2
288.964		354.826		2071		2		2
284.009		368.237		2037		1		2
306.962		254.062		2143		2		2
189.386		267.225		2283		2		2
194.279		271.394		2256		2		2
319.01		335.849		2297		2		2
319.709		338.282		2264		2		2
Frame 51
294.059		339.48		2047		2		2
310.078		297.874		2091		2		2
326.202		256.035		2226		2		2
328.409		234.061		2210		2		2
296.178		271.869		2129		2		2
253.021		276.767		2130		2		2
216.765		274.682		2194		2		2
210.83		272.399		2207		2		2
347.051		282.007		2161		2		2
359.922		316.816		2186		2		2
354.443		351.968		2087		2		2
352.603		363.424		1986		1		2
282.626		335.619		2035		2		2
214.049		316.488		2268		2		2
155.952		347.863		2183		2		2
152.795		364.527		0		2		2
305.41		343.307		2068		2		2
334.465		351.237		2082		1		2
302.027		363.951		2094		1		2
296.957		377.014		1970		1		2
322.155		266.512		2145		2		2
201.649		269.271		2280		2		2
205.179		275.001		2214		2		2
349.542		363.092		1981		1		2
350.626		365.884		1969		1		2
Frame 52
309.37		350.146		2056		2		2
326.702		309.457		2078		2		2
344.124		268.49		2228		2		2
346.339		246.513		2201		2		2
314.184		282.607		2106		2		2
265.13		283.663		2104		2		2
227.807		280.503		2140		2		2
222.78		278.859		2154		2		2
360.352		293.34		2163		2		2
370.365		331.45		2190		2		2
364.63		366.159		1956		1		2
362.693		377.422		1909		1		2
298.144		346.985		2027		2		2
229.737		325.241		2240		2		2
183.444		349.409		2188		1		2
183.253		366.37		2033		2		2
320.54		353.279		2086		2		2
356.761		357.057		1997		2		2
323.356		368.002		1971		1		2
318.378		380.032		1923		1		2
339.753		278.749		2144		2		2
216.015		277.569		2208		2		2
217.153		283.922		2131		2		2
359.645		377.1		1913		1		2
360.831		380.023		1902		1		2
Frame 53
324.379		357.703		2059		2		2
341.029		316.737		2077		2		2
357.069		277.061		2242		2		2
368.605		258.219		2220		2		2
331.304		290.057		2112		2		2
278.96		286.612		2082		2		2
227.598		282.534		0		1		2
210.879		281.249		0		1		2
373.454		301.915		2186		1		2
383.13		339.526		2340		1		2
377.137		373.664		1913		1		2
375.103		384.709		1886		1		2
310.25		356.768		2012		2		2
241.159		327.76		2206		2		2
190.387		336.188		2229		2		2
192.633		351.917		2234		1		2
338.192		358.596		2043		2		2
374.508		372.053		1921		1		2
296.564		354.218		2003		2		2
279.064		358.827		2043		1		2
353.108		286.851		2139		2		2
204.444		279.905		0		1		2
205.098		286.33		3794		1		2
372.087		384.406		1897		1		2
373.394		387.358		1876		1		2
Frame 54
322.505		368.024		1928		2		2
349.086		324.508		2078		2		2
373.423		284.483		2252		2		2
385.502		266.054		2244		2		2
351.339		300.617		2097		2		2
299.943		290.715		2072		2		2
247.854		284.327		0		1		2
230.872		282.289		0		1		2
389.976		309.26		0		1		2
399.187		346.292		2268		1		2
392.843		379.809		1893		1		2
390.681		390.621		1869		1		2
311.449		364.266		2020		2		2
254.259		323.254		2164		2		2
186.033		313.718		2192		2		2
171.011		329.984		2197		2		2
333.286		371.661		1913		2		2
403.437		386.534		1889		1		2
9999		9999		9999		1		2
9999		9999		9999		1		2
367.527		294.173		2141		2		2
223.861		280.898		0		1		2
225.335		287.429		0		1		2
387.707		390.348		1873		1		2
389.157		393.295		1868		1		2
Frame 55
309.58		353.445		1989		2		2
347.008		320.712		2086		2		2
382.656		289.573		2285		2		2
394.728		271.44		2260		2		2
352.262		298.721		2105		2		2
301.886		287.804		2071		2		2
264.454		274.868		0		2		2
265.863		275.841		0		1		2
399.138		314.112		0		1		2
407.974		350.495		2197		1		2
389.045		315.662		2173		2		2
378.227		304.923		2122		1		2
297.811		345.992		1996		2		2
242.508		315.866		2255		1		2
173.902		308.115		2173		2		2
171.63		328.386		0		1		2
321.377		360.883		2000		2		2
390.687		368.064		1987		1		2
9999		9999		9999		1		2
9999		9999		9999		1		2
373.902		297.215		2132		2		2
264		277		2081		2		2
265.5		277.501		2066		2		2
368.569		293.415		2135		2		2
377.344		293.738		2197		2		2
Frame 56
307.709		348.777		1995		2		2
352.205		320.275		2086		2		2
395.373		293.747		2301		2		2
411.124		278.462		2280		2		2
350.511		291.34		2102		2		2
313.092		286.318		2071		2		2
274.75		277.572		0		2		2
276.416		277.324		2094		1		2
396.349		320.047		2168		2		2
379.524		354.028		2105		2		2
361.727		311.378		2125		1		2
349.207		295.992		2093		1		2
299.546		338.863		2029		2		2
236.1		296.33		2174		2		2
179.816		287.554		2130		2		2
175.146		306.915		2190		2		2
315.784		358.557		2001		2		2
357.567		374.18		1940		1		2
9999		9999		9999		1		2
9999		9999		9999		1		2
385.145		300.174		2135		2		2
275		279		2091		2		2
276.75		277.999		2094		2		2
342.214		288.868		2082		2		2
361.998		295.256		2116		2		2
Frame 57
307.177		338.557		2041		2		2
359.432		315.717		2108		2		2
405.501		295.522		2307		2		2
421.881		280.936		0		2		2
362.715		291.001		2113		2		2
326.332		283.937		2067		2		2
287.413		278.647		2088		2		2
287.019		278.263		2088		1		2
396.616		319.891		2133		2		2
371.92		350.707		2054		2		2
341.447		340.251		2000		2		2
330.704		336.505		1987		1		2
301.223		327.681		2059		2		2
238.406		284.415		2166		1		2
180.876		274.444		2146		1		2
184.501		295.008		2193		2		2
313.149		349.451		2005		2		2
350.706		377.813		1928		1		2
9999		9999		9999		1		2
9999		9999		9999		1		2
394.52		300.358		2144		2		2
284.33		281.006		2090		2		2
287.502		280.878		2056		2		2
316.56		331.837		1990		2		2
337.753		322.089		2036		2		2
Frame 58
306.667		323.333		2070		2		2
362.249		309.665		2137		2		2
412.939		297.042		2315		2		2
425.734		279.626		0		2		2
394.2		299.722		2147		2		2
346.334		288.083		2087		2		2
294.432		282.124		2073		1		2
279.718		289.495		2154		2		2
402.08		316.945		2139		2		2
381.076		348.281		2077		2		2
350.114		346.152		1998		2		2
339.877		342.683		1992		1		2
303.719		311.432		2085		2		2
240.308		274.043		2204		1		2
175.393		277.587		0		1		2
188.456		291.529		2192		2		2
309.649		335.388		2104		2		2
333.413		376.688		1889		1		2
9999		9999		9999		1		2
9999		9999		9999		1		2
400.306		300.138		2150		2		2
270.533		287.324		2173		2		2
270		284.999		2186		2		2
325.25		336.878		1988		2		2
339.833		329.932		2000		2		2
Frame 59
312.448		316.031		2074		2		2
367.369		306.876		2156		2		2
418.2		297.481		2322		2		2
432.312		281.136		0		2		2
398.804		300.28		2150		2		2
351.089		288.789		2096		2		2
299.922		283.408		2105		2		2
284.516		288.431		2149		2		2
405.697		318.063		2135		2		2
370.23		347.287		2030		2		2
336.053		348.868		2001		2		2
326.797		343.088		2012		1		2
310.358		305.247		2102		2		2
245.022		272.078		2171		1		2
175.371		276.656		0		1		2
190.366		288.225		2185		2		2
314.556		326.932		2103		2		2
336.651		363.133		2070		1		2
9999		9999		9999		1		2
9999		9999		9999		1		2
406.179		299.76		2164		2		2
268.933		285.452		2171		2		2
287.598		281.865		2206		2		2
317.834		343.332		2055		2		2
330.094		332.885		2002		2		2
Frame 60
315.32		315.684		2100		2		2
372.401		307.426		2136		2		2
424.625		300.023		2311		2		2
440.624		285.308		0		2		2
406.626		303.222		2156		1		2
359.275		289.606		2113		2		2
310.371		284.52		2093		2		2
297.82		288.863		2161		1		2
413.82		322.384		2150		2		2
375.689		345.058		2031		2		2
343.169		354.73		2019		2		2
331.749		348.194		2010		1		2
313.591		304.433		2107		2		2
250.364		267.557		4686		1		2
180.498		270.888		0		1		2
198.853		257.67		2142		2		2
317.147		327.007		2131		2		2
341.241		365.384		2044		1		2
9999		9999		9999		1		2
9999		9999		9999		1		2
411.852		301.716		2166		2		2
284		284.285		2153		2		2
298.379		281.931		2206		2		2
324.666		351.776		2044		2		2
333.25		341.758		2017		2		2
Frame 61
319.697		314.227		2108		2		2
377.558		307.929		2131		2		2
429.915		302.51		2322		2		2
440.432		284.887		0		2		2
412.332		305.818		2160		1		2
366.278		292.034		2128		2		2
315.619		283.867		2129		2		2
306.291		288.506		2159		2		2
414.293		322.393		2146		2		2
376.179		344.941		2031		2		2
338.978		349.716		2014		2		2
329.022		344.753		2040		1		2
318.504		302.544		2111		2		2
252.129		316.746		2175		2		2
205.522		296.775		2196		2		2
208.424		310.359		0		2		2
320.919		326.021		2133		2		2
351.936		363.343		2051		1		2
9999		9999		9999		1		2
315.894		412.57		1761		1		2
417.585		303.888		2178		2		2
296.452		288.916		2145		2		2
302.866		280.932		2222		2		2
316.95		343.25		2095		2		2
335.919		336.396		2036		2		2
Frame 62
325.317		316.551		2106		2		2
380.276		309.151		2109		2		2
430.562		302.725		2337		2		2
442.676		285.718		0		1		2
413.032		306.054		2153		1		2
365.853		295.187		2145		2		2
314.941		288.547		2156		2		2
298.273		287.901		2155		2		2
416.871		324.569		2149		2		2
378.694		344.451		2017		2		2
340.222		349.013		2018		2		2
329.81		344.503		2055		1		2
323.83		304.933		2104		2		2
273.082		329.374		2169		2		2
213.313		305.671		2191		2		2
216.78		319.745		0		2		2
326.885		328.311		2121		2		2
356.34		367.918		1998		1		2
9999		9999		9999		1		2
315.342		416.892		1757		1		2
418.463		304.238		2177		2		2
283.769		282.988		2165		2		2
301.897		281.279		2204		2		2
317.941		342.209		2099		2		2
337.875		336.055		2047		2		2
Frame 63
326.404		317.524		2112		2		2
383.12		309.573		2113		2		2
434.662		301.478		2337		2		2
447.552		284.78		0		1		2
416.896		297.646		2192		2		2
370.014		293.691		2126		2		2
319.115		288.924		2179		1		2
303.232		289.762		2156		1		2
416.711		325.388		2146		2		2
378.258		344.107		2027		2		2
339.493		350.003		2044		2		2
336.226		347.693		2051		1		2
325.036		305.885		2112		2		2
281.207		336.729		2167		2		2
214.209		320.419		2183		2		2
203.484		308.31		2164		2		2
327.89		329.368		2126		2		2
332.629		347.713		2063		2		2
305.144		413.528		1784		1		2
309.566		409.827		1789		1		2
422.307		303.547		2191		2		2
287.95		285.493		2172		2		2
306.012		283.172		2195		2		2
331.143		345.859		2064		2		2
338.142		340.855		2058		2		2
Frame 64
330.558		320.315		2111		2		2
386.185		310.311		2099		2		2
436.081		301.214		2337		2		2
448.619		284.425		0		1		2
417.79		297.536		2197		1		2
371.76		293.979		2110		2		2
320.798		289.223		2201		1		2
306.423		291.645		2155		1		2
425.808		332.116		2188		2		2
389.823		349.831		2050		2		2
353.897		351.111		2012		2		2
348.394		347.085		2019		1		2
327.538		307.754		2107		2		2
281.242		339.967		2178		2		2
215.162		323.864		2191		2		2
219.183		338.731		2308		1		2
333.979		333.183		2102		2		2
341.108		349.42		2048		1		2
284.137		407.504		1840		1		2
288.703		403.139		1844		1		2
424.145		303.444		2188		2		2
297.145		287.699		2165		2		2
314.749		286.872		2224		2		2
340.578		346.584		2047		2		2
352.565		339.845		2026		2		2
Frame 65
333.042		320.698		2105		2		2
388.681		309.564		2106		2		2
437.822		298.775		2375		2		2
450.248		282.124		0		1		2
419.497		297.371		2201		2		2
373.833		294.369		2112		2		2
321.984		293.134		2182		2		2
305.821		293.876		2153		1		2
427.504		320.107		2192		2		2
393.56		346.97		2058		2		2
357.938		350.958		2012		2		2
353.024		349.781		2020		1		2
329.94		308.111		2110		2		2
292.468		347.214		2163		2		2
223.069		344.876		2169		2		2
227.925		360.52		2085		1		2
336.155		333.491		2100		2		2
341.479		348.698		2054		1		2
284.542		406.645		1839		1		2
289.124		402.233		1845		1		2
426.206		301.483		2206		2		2
290.953		291.94		2177		2		2
305.203		287		0		2		2
337.999		355		2071		2		2
346.901		346.206		2035		2		2
Frame 66
338.196		323.04		2099		2		2
391.051		310.179		2115		2		2
438.249		298.782		2356		2		2
450.658		282.158		0		1		2
419.95		297.43		2206		2		2
374.79		296.014		2112		2		2
322.592		296.327		2183		2		2
308.342		301.547		2149		2		2
428.778		321.823		2187		2		2
394.662		346.188		2042		2		2
357.59		351.041		2013		1		2
353.093		349.403		2024		1		2
334.972		311.019		2108		2		2
293.649		346.921		2173		2		2
237.752		305.526		2156		2		2
243.424		319.661		0		1		2
341.655		335.439		2096		2		2
343.882		348.612		2054		1		2
287.15		406.379		1835		1		2
291.871		401.962		1844		1		2
426.972		301.55		2203		2		2
292		299.663		2170		2		2
309.432		291.522		2213		2		2
342.998		351.102		2054		2		2
357.12		343.291		2023		2		2
Frame 67
336.493		322.615		2104		2		2
391.001		310.031		2115		2		2
439.587		298.661		2411		2		2
451.925		282.142		0		1		2
420.516		297.822		2207		2		2
375.489		297.27		2115		2		2
323.214		297.287		2192		1		2
308.101		305.517		2151		2		2
428.886		326.682		2189		2		2
394.309		348.357		2047		2		2
358.083		351.103		2015		1		2
354.963		349.436		2033		1		2
333.515		310.628		2118		2		2
278.227		306.546		2145		2		2
224.99		306.127		2145		2		2
230.052		320.194		0		2		2
339.553		334.893		2124		2		2
343.721		348.453		2083		1		2
271.518		342.995		2207		2		2
256.364		346.384		2180		2		2
427.945		301.412		2200		2		2
292.914		307.335		2167		2		2
307.409		294.465		2219		2		2
339.248		354.75		2071		2		2
352.092		343.859		2042		2		2
Frame 68
336.691		322.912		2099		2		2
391.15		310.082		2121		2		2
439.73		298.304		2390		2		2
452.109		281.726		0		1		2
423.871		298.503		2205		2		2
380.013		297.338		2106		2		2
328.616		308.307		2134		2		2
313.085		313.484		2138		1		2
429.556		325.999		2187		2		2
395.016		348.166		2048		2		2
349.71		340.07		2073		1		2
343.49		344.989		2095		1		2
333.685		311.155		2118		2		2
276.592		311.591		2149		2		2
222.51		318.513		2163		2		2
211.085		330.63		2205		2		2
339.776		335.03		2125		2		2
348.194		350.78		2042		1		2
276.763		341.1		2201		2		2
256.664		344.612		2169		2		2
428.146		301.23		2203		2		2
298.001		319.56		2164		2		2
310.52		303.204		2173		2		2
340.395		347.578		2091		2		2
342.498		330.335		2100		2		2
Frame 69
336.839		322.951		2094		2		2
391.454		310.062		2120		2		2
439.871		298.243		2399		2		2
452.243		281.675		0		1		2
425.001		299.392		2199		2		2
381.015		298.974		2104		2		2
329.666		309.832		2134		1		2
314.094		315.056		2142		1		2
429.333		323.978		2204		2		2
395.553		348.43		2057		2		2
363.906		331.192		2024		2		2
355.028		324.582		2045		1		2
333.888		311.423		2122		2		2
280.433		325.627		2152		2		2
218.804		333.586		2152		2		2
223.488		348.866		2146		2		2
339.961		334.91		2126		2		2
347.975		350.407		2054		1		2
276.397		340.266		2196		1		2
266.153		346.61		2164		2		2
428.332		301.166		2196		2		2
298.965		321.292		2150		2		2
310.289		304.773		2199		2		2
344.999		310.502		2047		2		2
366.613		316.643		2055		2		2
Frame 70
337.151		325.284		2095		2		2
391.812		310.921		2126		2		2
440.028		298.393		2350		2		2
452.398		281.83		0		1		2
425.213		299.51		2199		2		2
381.108		299.28		2105		2		2
330.138		310.848		2138		2		2
313.878		316.768		2142		1		2
429.079		322.169		2186		2		2
395.789		348.378		2052		2		2
364.576		331.177		2021		2		2
355.709		324.507		2038		1		2
334.075		314.85		2112		2		2
278.712		328.273		2153		2		2
220.541		334.536		2162		2		2
225.238		349.862		2148		1		2
340.26		336.188		2123		2		2
342.104		349.165		2084		1		2
271.157		338.522		2213		1		2
265.063		347.656		2166		2		2
428.535		301.411		2195		2		2
299		321.451		2155		2		2
311.31		307.465		2198		2		2
344.76		312.238		2049		2		2
367.738		313.616		2074		2		2
Frame 71
336.848		325.854		2100		2		2
391.78		311.035		2116		2		2
440.08		298.324		2361		2		2
452.454		281.756		0		1		2
425.237		299.528		2202		2		2
381.063		299.413		2101		1		2
330.091		310.921		2141		1		2
313.916		317.087		2150		1		2
429.006		322.064		2187		2		2
395.645		348.49		2060		2		2
364.587		331.243		2020		2		2
355.535		324.656		2038		1		2
333.925		315.348		2118		2		2
278.654		329.431		2154		2		2
222.094		336.32		2163		2		2
226.721		351.777		2144		1		2
339.781		336.622		2126		2		2
330.868		349.196		2105		1		2
261.964		338.623		2155		1		2
255.266		348.08		2163		1		2
428.554		301.397		2194		2		2
299.061		321.621		2159		2		2
310.87		308.76		2201		2		2
344.499		312.001		2044		2		2
367.607		313.08		2080		2		2
Frame 72
336.928		325.892		2098		2		2
391.809		311.003		2124		2		2
440.123		298.063		2368		2		2
452.497		281.492		0		1		2
425.235		299.523		2194		2		2
381.252		298.853		2101		2		2
330.201		310.283		2147		1		2
314.51		316.797		2159		1		2
428.982		321.826		2188		2		2
395.775		348.375		2066		2		2
364.824		331.209		2022		2		2
355.748		324.914		2036		1		2
334.231		315.209		2119		2		2
278.383		330.291		2163		2		2
221.929		336.487		2155		2		2
226.514		351.966		2144		1		2
339.511		336.973		2122		2		2
329.999		349.685		2107		1		2
261.228		339.084		2168		1		2
241.405		336.623		2152		2		2
428.594		301.234		2200		2		2
298.823		320.224		2168		2		2
312.777		308.737		2210		2		2
342.249		312.168		2048		2		2
367.067		313.277		2078		2		2
Frame 73
336.436		325.9		2092		2		2
391.643		310.943		2135		2		2
440.096		297.712		2363		2		2
452.477		281.126		0		1		2
425.185		299.511		2189		2		2
380.347		300.915		2112		2		2
329.474		311.972		2145		2		2
314.211		317.869		2156		1		2
428.913		321.574		2193		2		2
395.888		348.349		2072		2		2
363.378		331.311		2025		2		2
354.175		324.852		2041		1		2
333.819		315.052		2111		2		2
277.424		330.768		2161		2		2
221.813		336.439		2151		2		2
226.339		351.933		2144		1		2
338.367		337.011		2125		2		2
330.018		349.531		2102		1		2
261.226		338.939		2173		1		2
241.371		336.514		2142		2		2
428.53		300.97		2194		2		2
299.074		321.256		2168		2		2
312.706		308.787		2203		2		2
339.713		311.716		2061		2		2
365.474		312.375		2082		2		2
Frame 74
336.202		325.845		2096		2		2
391.418		310.842		2136		2		2
439.994		297.34		2369		2		2
452.4		280.715		0		1		2
425.216		299.583		2192		2		2
380.334		300.97		2107		2		2
329.453		312.012		2134		2		2
313.869		317.746		2151		1		2
428.803		321.401		2190		2		2
396.168		348.402		2097		2		2
361.919		340.701		2023		2		2
352.336		337.52		2039		1		2
333.756		314.913		2098		2		2
277.354		330.822		2159		2		2
221.452		336.163		2157		2		2
225.856		351.664		2146		1		2
337.955		336.935		2121		2		2
330.019		349.403		2098		1		2
261.213		338.819		2179		1		2
241.305		336.448		2143		2		2
428.391		300.659		2186		2		2
298.929		322.508		2167		2		2
311.917		308.044		2203		2		2
341.606		330.996		2076		2		2
361.352		323.372		2040		2		2
Frame 75
336.008		325.798		2092		2		2
391.218		310.804		2137		2		2
439.978		297.243		2350		2		2
452.415		280.574		0		1		2
425.22		299.659		2174		2		2
380.244		301.017		2110		1		2
329.336		312.051		2107		2		2
313.709		317.622		2139		1		2
428.752		321.266		2183		2		2
396.192		348.283		2095		2		2
365.035		331.296		2025		2		2
355.391		324.817		2035		1		2
333.622		314.818		2080		2		2
277.164		330.861		2151		2		2
220.837		335.955		2152		2		2
225.108		351.467		2141		1		2
337.851		336.918		2116		2		2
329.945		349.348		2089		1		2
261.108		338.762		2172		1		2
241.119		336.491		2143		2		2
428.331		300.564		2188		2		2
298.999		323.296		2157		2		2
309.166		309.106		2192		2		2
342		315		2064		2		2
365.037		312.076		2074		2		2
Frame 76
335.985		325.912		2082		2		2
391.161		310.874		2132		2		2
439.895		297.249		2350		2		2
452.341		280.568		0		1		2
425.186		299.744		2181		2		2
380.126		301.08		2107		1		2
329.198		312.115		2105		2		2
312.921		317.724		2136		1		2
428.369		320.455		2177		2		2
396.105		348.214		2098		2		2
362.494		331.339		2018		2		2
353.143		324.838		2033		1		2
333.719		314.855		2085		2		2
277.118		330.918		2154		2		2
220.255		336.124		2150		2		2
224.514		351.653		2144		1		2
337.852		337.051		2112		2		2
333.286		350.597		2086		1		2
263.882		339.875		2177		1		2
243.654		337.354		2137		2		2
428.265		300.578		2183		2		2
298.061		322.619		2150		2		2
308.085		309.584		2195		2		2
343.544		320.093		2059		2		2
361.721		311.048		2083		2		2
Frame 77
335.651		325.772		2081		2		2
391.018		310.801		2133		2		2
439.889		297.207		2353		2		2
452.351		280.504		0		1		2
425.128		299.815		2180		2		2
379.996		301.139		2102		1		2
329.052		312.188		2098		2		2
312.928		317.864		2131		1		2
428.313		320.366		2171		2		2
395.856		348.352		2096		2		2
362.762		332.019		2015		2		2
353.556		326.084		2026		1		2
333.574		314.604		2085		2		2
276.964		331.084		2152		2		2
219.494		336.157		2148		2		2
223.751		351.694		2146		1		2
337.536		336.975		2119		2		2
332.206		350.027		2082		1		2
262.792		339.332		2160		1		2
242.45		337.043		2133		2		2
428.243		300.522		2183		2		2
297.999		323.297		2144		2		2
308.468		309.2		2200		2		2
341		319		2058		2		2
363.28		312.991		2080		2		2
Frame 78
335.641		325.853		2069		2		2
390.932		310.847		2133		2		2
439.72		297.218		2344		2		2
452.196		280.496		0		1		2
425.039		299.874		2179		2		2
379.83		301.193		2095		1		2
328.881		312.295		2102		2		2
312.934		318.064		2134		1		2
428.219		320.177		2183		2		2
395.916		348.316		2086		2		2
361.645		331.632		2012		2		2
351.954		325.762		2025		1		2
333.607		314.632		2093		2		2
276.229		331.598		2148		2		2
218.506		336.715		2151		2		2
222.773		352.302		2140		1		2
337.534		337.105		2098		2		2
332.036		349.973		2088		1		2
262.554		339.269		2149		1		2
242.157		337.069		2128		2		2
428.104		300.535		2181		2		2
297.966		323.297		2140		2		2
309.353		309.055		2212		2		2
341.553		321.058		2059		2		2
360.409		312.111		2078		2		2
Frame 79
336.094		327.345		2060		2		2
390.977		311.591		2125		2		2
439.399		297.47		2340		2		2
451.912		280.698		0		1		2
424.783		299.94		2173		2		2
379.472		301.258		2104		1		2
328.474		312.419		2107		2		2
312.829		318.402		2132		1		2
428.067		319.864		2171		2		2
395.907		348.289		2089		2		2
362.238		349.523		2001		2		2
355.931		346.202		2017		1		2
333.859		315.971		2093		2		2
275.981		332.05		2150		2		2
218.309		336.938		2146		2		2
222.69		352.531		2138		1		2
338.254		338.761		2083		2		2
340.244		354.827		2055		1		2
269.121		343.622		2181		1		2
248.288		340.215		2142		2		2
427.887		300.892		2180		2		2
297.999		323.448		2148		2		2
313.351		308.42		2188		2		2
347.002		345.278		2055		2		2
358.743		338.233		2007		2		2
Frame 80
336.145		328.525		2059		2		2
390.883		312.18		2124		2		2
439.199		297.698		2327		2		2
451.726		280.909		0		1		2
420.851		299.579		2177		2		2
375.078		300.857		2101		1		2
323.929		312.522		2134		2		2
308.43		319.643		2140		1		2
428.022		319.82		2171		2		2
395.959		348.215		2077		2		2
362.379		348.139		2004		2		2
351.302		343.785		2023		1		2
333.795		316.873		2090		2		2
276.059		332.418		2143		2		2
218.101		337.092		2146		2		2
222.467		352.705		2136		1		2
338.481		340.281		2087		2		2
336.147		357.159		2055		1		2
265.802		345.838		2173		1		2
245.456		341.643		2136		2		2
427.717		301.195		2184		2		2
293.095		323.864		2150		2		2
312.129		308.81		2197		2		2
339.006		342.45		2089		2		2
351.068		332.929		2015		2		2
Frame 81
336.447		330.408		2050		2		2
390.995		312.826		2126		2		2
439.124		297.668		2348		2		2
451.664		280.862		0		1		2
420.535		300.831		2172		2		2
374.538		302.156		2097		1		2
323.045		313.55		2137		2		2
307.52		320.658		2131		1		2
427.931		319.699		2165		2		2
395.883		348.191		2077		2		2
359.149		331.858		2014		2		2
347.195		325.792		2040		1		2
333.435		318.601		2093		2		2
276.087		332.909		2138		2		2
218.107		337.179		2145		2		2
222.736		352.819		2139		1		2
339.5		342.394		2087		2		2
340.183		357.77		2049		1		2
268.976		346.33		2166		1		2
248.27		342.163		2140		2		2
427.682		301.284		2170		2		2
291.998		324.292		2145		2		2
309.522		311.294		2211		2		2
335.834		320.356		2081		2		2
357.184		313.112		2083		2		2
Frame 82
336.35		331.116		2058		2		2
390.934		313.035		2114		2		2
439.009		297.509		2352		2		2
451.553		280.694		0		1		2
421.57		301.841		2168		2		2
375.544		303.216		2093		1		2
323.858		314.274		2131		2		2
308.248		321.091		2128		1		2
427.901		319.678		2161		2		2
396.065		348.259		2069		2		2
363.496		343.437		2000		2		2
353.562		340.608		2007		1		2
333.233		319.519		2090		2		2
276.577		333.487		2144		2		2
218.5		337.6		2147		2		2
223.219		353.349		2137		1		2
339.475		342.856		2082		2		2
340.648		358.192		2052		1		2
269.332		346.711		2171		1		2
248.606		342.447		2141		2		2
427.595		301.231		2168		2		2
292.999		325.446		2147		2		2
308.975		311.594		2219		2		2
343.528		333.855		2024		2		2
363.138		327		2020		2		2
Frame 83
336.333		331.834		2061		2		2
391.005		313.391		2120		2		2
439.073		297.517		2333		2		2
451.622		280.696		0		1		2
421.941		302.182		2168		2		2
375.91		303.574		2094		1		2
324.166		314.524		2123		2		2
308.323		321.183		2131		1		2
427.87		319.697		2157		2		2
396.156		348.332		2069		2		2
363.708		331.317		2016		2		2
353.1		325.736		2018		1		2
333.173		320.256		2091		2		2
276.651		333.645		2140		2		2
218.433		337.717		2147		2		2
223.176		353.505		2140		1		2
339.492		343.514		2096		2		2
342.03		359.626		2039		1		2
270.485		348.025		2165		1		2
249.773		343.42		2160		2		2
427.662		301.299		2166		2		2
292.967		325.178		2139		2		2
308.226		312.256		2191		2		2
342.451		321.821		2051		2		2
360.477		312.335		2086		2		2
Frame 84
336.102		332.697		2058		2		2
390.977		313.888		2112		2		2
439.14		297.589		2356		2		2
451.699		280.755		0		1		2
421.891		302.294		2164		1		2
375.837		303.691		2086		1		2
324.063		314.632		2118		2		2
308.363		320.986		2127		1		2
427.78		319.689		2158		2		2
396.177		348.336		2075		2		2
363.636		331.248		2004		1		2
353.223		325.68		2021		1		2
332.651		320.859		2085		2		2
278.805		334.475		2134		2		2
218.498		337.791		2150		2		2
223.239		353.578		2137		1		2
339.599		344.781		2084		2		2
342.189		360.289		2033		1		2
270.611		348.636		2162		1		2
249.933		343.852		2155		2		2
427.714		301.464		2173		2		2
292.999		324.994		2141		2		2
307.576		311.991		2194		2		2
342.786		322.151		2050		2		2
360.494		312.194		2085		2		2
Frame 85
335.754		333.203		2072		2		2
390.935		314.124		2112		2		2
439.203		297.62		2351		2		2
451.763		280.786		0		1		2
422.186		302.544		2161		2		2
376.136		303.955		2085		1		2
324.339		314.854		2123		2		2
308.36		321.213		2125		1		2
427.768		319.687		2161		2		2
396.497		348.448		2075		2		2
364.074		331.182		2013		2		2
353.837		325.393		2023		1		2
331.899		321.607		2085		2		2
277.833		334.491		2146		2		2
218.492		337.92		2148		2		2
223.219		353.744		2132		1		2
339.505		345.048		2084		2		2
342.338		360.601		2034		1		2
270.749		348.926		2170		1		2
250.092		344.066		2164		2		2
427.756		301.524		2176		2		2
293.029		325.357		2137		2		2
308.018		311.939		2194		2		2
343.153		322.487		2050		2		2
360.427		311.978		2094		2		2
Frame 86
335.694		333.63		2067		2		2
390.957		314.367		2109		2		2
439.261		297.645		2332		2		2
451.824		280.809		0		1		2
422.352		302.629		2156		2		2
376.297		304.046		2078		1		2
324.479		314.926		2124		2		2
308.333		321.343		2122		1		2
427.763		319.703		2158		2		2
396.61		348.508		2065		2		2
364.161		331.16		2010		1		2
354.233		325.519		2022		1		2
331.716		322.03		2078		2		2
277.537		334.495		2131		2		2
218.564		338.16		2147		2		2
223.309		354.015		2132		1		2
339.585		345.443		2076		2		2
343.197		361.362		2036		1		2
271.455		349.621		2163		1		2
250.796		344.597		2164		2		2
427.811		301.594		2170		2		2
292.999		325.994		2142		2		2
307.188		312.487		2182		2		2
343.599		322.034		2044		2		2
360.506		311.862		2086		2		2
Frame 87
336.135		334.229		2064		2		2
391.226		314.648		2105		2		2
439.371		297.66		2353		2		2
451.939		280.818		0		1		2
422.475		302.743		2166		2		2
376.416		304.166		2080		1		2
324.578		315.016		2116		2		2
309.16		321.402		2123		1		2
427.752		319.806		2162		2		2
396.711		348.561		2057		2		2
363.974		331.122		2009		2		2
353.794		325.354		2017		1		2
332.469		322.507		2087		2		2
278.14		334.292		2136		2		2
218.539		338.213		2141		2		2
223.386		354.049		2136		1		2
339.823		346.074		2079		2		2
351.035		365.597		2016		1		2
277.832		353.453		2158		1		2
256.917		347.706		2168		2		2
427.958		301.665		2165		2		2
294		326.297		2131		2		2
306.534		312.932		2186		2		2
342.956		322.301		2049		2		2
360.668		311.832		2084		2		2
Frame 88
336.108		334.145		2066		2		2
391.228		314.649		2110		2		2
439.41		297.672		2344		2		2
451.978		280.829		3511		1		2
422.605		302.826		2165		2		2
376.548		304.254		2087		1		2
324.698		315.092		2117		2		2
309.247		321.568		2123		1		2
427.751		319.844		2159		2		2
396.713		348.56		2068		2		2
364.098		331.13		2010		2		2
353.665		325.332		2017		1		2
332.567		322.348		2083		2		2
278.232		334.177		2140		2		2
218.572		338.231		2150		2		2
223.411		354.08		2136		1		2
339.606		345.967		2094		2		2
344.64		363.103		2034		1		2
272.699		351.227		2156		1		2
252.098		345.814		2166		2		2
427.984		301.679		2163		2		2
293.965		326.135		2138		2		2
308.309		312.429		2180		2		2
342.884		321.928		2058		2		2
360.471		311.915		2089		2		2
Frame 89
336.148		334.069		2067		2		2
391.242		314.647		2110		2		2
439.452		297.667		2362		2		2
452.022		280.822		0		1		2
422.728		302.897		2158		2		2
376.674		304.329		2082		1		2
324.82		315.156		2122		2		2
309.308		321.557		2123		1		2
427.88		320.359		2160		2		2
396.709		348.56		2065		2		2
364.312		331.158		2012		2		2
354.052		325.542		2018		1		2
332.78		322.167		2082		2		2
278.403		333.985		2136		2		2
218.591		338.24		2151		2		2
223.41		354.082		2134		1		2
339.578		345.938		2080		2		2
344.548		363.082		2033		1		2
272.627		351.209		2160		1		2
252.032		345.809		2166		2		2
428.016		301.681		2171		2		2
293.861		325.684		2143		2		2
310.771		311.515		2201		2		2
343.291		322.168		2048		2		2
360.485		312.14		2082		2		2
Frame 90
335.351		332.673		2068		2		2
391.057		314.344		2112		2		2
439.472		297.631		2364		2		2
452.043		280.785		0		1		2
422.776		302.937		2166		2		2
376.723		304.372		2083		1		2
324.864		315.194		2120		2		2
309.349		321.522		2124		1		2
427.847		320.127		2168		2		2
396.707		348.559		2066		2		2
364.416		331.152		2010		2		2
354.019		325.446		2018		1		2
332.354		320.852		2092		2		2
278.31		333.98		2139		2		2
218.463		338.256		2145		2		2
223.134		354.137		2138		1		2
338.3		344.435		2093		2		2
335.814		354.958		2069		1		2
265.305		343.771		2171		1		2
244.681		340.284		2129		2		2
428.014		301.63		2167		2		2
294.062		325.621		2142		2		2
309.981		311.73		2198		2		2
343.33		322.378		2046		2		2
360.416		312.095		2084		2		2
Frame 91
335.366		332.595		2071		2		2
391.038		314.308		2110		2		2
439.473		297.627		2360		2		2
452.044		280.781		0		1		2
422.846		303.001		2165		2		2
376.795		304.439		2095		1		2
324.938		315.263		2120		2		2
309.361		321.557		2126		1		2
427.818		320.056		2160		2		2
396.772		348.594		2070		2		2
364.76		331.229		2018		1		2
354.546		325.563		2025		1		2
332.4		320.663		2095		2		2
278.589		334.229		2141		2		2
218.412		338.237		2148		2		2
223.072		354.124		2139		1		2
338.302		344.427		2089		2		2
342.246		360.857		2035		1		2
270.873		349.197		2162		1		2
250.358		344.301		2168		2		2
428.012		301.625		2168		2		2
293.892		325.961		2143		2		2
308.789		312.365		2187		2		2
343.833		322.328		2045		2		2
361.672		312.152		2084		2		2
Frame 92
335.384		332.591		2078		2		2
391.036		314.292		2110		2		2
439.477		297.613		2360		2		2
452.048		280.767		0		1		2
422.883		303.032		2159		2		2
376.831		304.471		2089		1		2
324.969		315.286		2124		2		2
309.482		321.527		2129		1		2
427.802		320.022		2158		2		2
396.843		348.57		2072		2		2
364.783		331.177		2017		2		2
354.439		325.666		2018		1		2
332.408		320.673		2090		2		2
278.518		334.027		2146		2		2
218.424		338.266		2151		2		2
223.086		354.16		2137		1		2
338.341		344.403		2090		2		2
342.352		360.248		2045		1		2
270.927		348.626		2165		1		2
250.338		343.899		2160		2		2
428.013		301.615		2168		2		2
294.063		325.481		2141		2		2
310.83		311.549		2199		2		2
343.837		322.578		2050		2		2
361.097		312.213		2084		2		2
Frame 93
335.39		332.589		2072		2		2
391.029		314.271		2107		2		2
439.488		297.587		2360		2		2
452.059		280.741		0		1		2
422.881		303.026		2166		2		2
376.83		304.465		2089		1		2
324.969		315.293		2114		2		2
309.382		321.563		2129		1		2
427.796		319.977		2157		2		2
396.85		348.589		2076		2		2
364.577		331.233		2013		2		2
354.151		325.699		2025		1		2
332.41		320.689		2088		2		2
278.459		333.884		2150		2		2
218.41		338.263		2156		2		2
223.069		354.157		2134		1		2
338.354		344.382		2084		2		2
342.17		359.887		2042		1		2
270.749		348.289		2166		1		2
250.13		343.647		2162		2		2
428.017		301.594		2179		2		2
293.991		325.447		2142		2		2
308.102		312.574		2188		2		2
343.348		322.76		2044		2		2
361.756		312.057		2086		2		2
Frame 94
335.398		332.693		2068		2		2
391.02		314.29		2108		2		2
439.504		297.57		2373		2		2
452.073		280.726		0		1		2
422.903		303.066		2164		2		2
376.851		304.508		2088		1		2
324.98		315.304		2124		2		2
309.514		321.476		2130		1		2
427.791		319.957		2163		2		2
397		348.655		2074		2		2
363.625		343.841		2000		2		2
353.856		340.621		2018		1		2
332.379		320.786		2092		2		2
278.388		333.83		2143		2		2
218.473		338.227		2151		2		2
223.133		354.123		2142		1		2
338.403		344.532		2094		2		2
342.689		360.299		2043		1		2
271.203		348.669		2163		1		2
250.588		343.95		2160		2		2
428.024		301.587		2180		2		2
294.161		325.333		2145		2		2
311.028		311.514		2174		2		2
343.59		333.251		2039		2		2
362.576		327.612		2019		2		2
Frame 95
335.455		332.641		2075		2		2
391.032		314.26		2118		2		2
439.518		297.559		2367		2		2
452.086		280.715		0		1		2
422.892		303.026		2162		2		2
376.84		304.466		2092		1		2
324.973		315.278		2121		2		2
309.546		321.507		2126		1		2
427.792		319.956		2161		2		2
397.125		348.781		2074		2		2
363.806		343.889		2005		1		2
354		340.524		2013		1		2
332.448		320.747		2093		2		2
278.156		333.808		2149		2		2
218.471		338.224		2143		2		2
223.125		354.119		2142		1		2
338.445		344.483		2097		2		2
342.533		359.974		2040		1		2
271.069		348.369		2166		1		2
250.438		343.732		2168		2		2
428.035		301.576		2175		2		2
294.05		325.477		2144		2		2
309.644		311.891		2196		2		2
344.285		332.574		2038		2		2
364.405		327.54		2031		2		2
Frame 96
335.473		332.888		2071		2		2
391.026		314.286		2115		2		2
439.529		297.515		2358		2		2
452.097		280.671		0		1		2
422.779		303.223		2162		2		2
376.741		304.669		2095		1		2
324.886		315.423		2118		2		2
309.507		321.53		2130		1		2
427.776		319.829		2162		2		2
397.103		348.779		2074		2		2
364.564		331.475		2014		2		2
354.376		325.709		2028		1		2
332.426		320.99		2092		2		2
278.121		333.79		2143		2		2
218.28		338.226		2144		2		2
222.903		354.098		2136		1		2
338.507		344.758		2092		2		2
342.799		360.353		2037		1		2
271.311		348.721		2165		1		2
250.698		344.002		2175		2		2
428.039		301.553		2173		2		2
293.933		325.86		2142		2		2
308.834		312.421		2183		2		2
344.133		322.951		2055		2		2
361.62		312.187		2092		2		2
Frame 97
335.553		333.044		2080		2		2
391.071		314.345		2115		2		2
439.586		297.522		2358		2		2
452.153		280.679		0		1		2
422.841		303.263		2163		2		2
376.802		304.711		2092		1		2
324.939		315.455		2123		2		2
309.489		321.608		2129		1		2
427.771		319.785		2158		2		2
397.114		348.787		2073		2		2
362.735		331.209		2012		2		2
352.407		325.452		2027		1		2
332.386		321.188		2092		2		2
278.111		333.775		2142		2		2
218.28		338.224		2147		2		2
222.901		354.104		2140		1		2
338.736		344.975		2092		2		2
342.969		360.584		2034		1		2
271.466		348.936		2168		1		2
250.862		344.18		2170		2		2
428.088		301.571		2171		2		2
293.862		325.682		2144		2		2
308.505		312.609		2186		2		2
341.71		320.981		2061		2		2
360.511		312.077		2088		2		2
Frame 98
335.297		332.764		2076		2		2
390.977		314.234		2119		2		2
439.595		297.491		2367		2		2
452.162		280.647		0		1		2
422.855		303.277		2157		2		2
376.814		304.726		2093		1		2
324.945		315.455		2127		2		2
309.525		321.69		2127		1		2
427.866		323.544		2163		2		2
397.117		348.789		2071		2		2
363.985		341.823		2001		2		2
354.477		338.958		2015		1		2
332.154		320.898		2099		2		2
278.1		333.769		2146		2		2
218.283		338.212		2149		2		2
222.872		354.112		2140		1		2
338.435		344.682		2083		2		2
342.806		360.249		2038		1		2
271.325		348.625		2164		1		2
250.705		343.959		2164		2		2
428.082		301.532		2169		2		2
293.941		325.171		2150		2		2
310.103		312.137		2180		2		2
345.04		330.786		2033		2		2
364.395		324.303		2027		2		2
Frame 99
335.345		332.96		2077		2		2
390.971		314.282		2111		2		2
439.592		297.49		2373		2		2
452.16		280.647		0		1		2
422.873		303.279		2169		2		2
376.832		304.728		2091		1		2
324.948		315.428		2128		2		2
309.349		321.636		2128		1		2
427.897		323.266		2174		2		2
397.106		348.827		2080		2		2
364.24		342.076		2002		2		2
354.441		339.307		2016		1		2
332.209		321.06		2086		2		2
278.07		333.756		2149		2		2
218.281		338.189		2146		2		2
222.861		354.067		2141		1		2
338.473		344.912		2087		2		2
342.856		360.397		2048		1		2
271.368		348.763		2167		1		2
250.754		344.056		2174		2		2
428.078		301.536		2171		2		2
294.078		325.763		2145		2		2
308.806		312.403		2183		2		2
344.843		331.344		2042		2		2
364.309		324.84		2032		2		2
Frame 100
335.422		333.06		2078		2		2
390.976		314.305		2111		2		2
439.588		297.487		2371		2		2
452.155		280.644		3388		1		2
422.889		303.278		2164		2		2
376.847		304.728		2096		1		2
324.962		315.428		2122		2		2
309.528		321.59		2133		1		2
427.894		323.101		2167		2		2
397.126		348.816		2079		2		2
364.411		341.872		2005		2		2
354.909		338.786		2015		1		2
332.268		321.172		2089		2		2
278.058		333.747		2149		2		2
218.266		338.171		2151		2		2
222.84		354.032		2135		1		2
338.583		345.005		2091		2		2
343.155		360.667		2033		1		2
271.628		349.011		2159		1		2
251.018		344.248		2178		2		2
428.073		301.536		2174		2		2
294.061		325.118		2149		2		2
310.768		311.692		2194		2		2
344.849		331.154		2036		2		2
364.363		324.456		2029		2		2
Frame 101
335.427		333.327		2075		2		2
390.97		314.414		2109		2		2
439.592		297.502		2375		2		2
452.158		280.66		0		1		2
422.898		303.28		2167		2		2
376.854		304.73		2091		1		2
324.965		315.434		2129		2		2
309.57		321.47		2129		1		2
427.901		323.039		2167		2		2
397.178		348.841		2069		2		2
358.874		331.822		2015		2		2
346.68		325.186		2039		1		2
332.31		321.415		2088		2		2
278.037		333.677		2145		2		2
218.353		338.115		2147		2		2
222.93		353.968		2135		1		2
338.544		345.295		2089		2		2
343.112		360.872		2037		1		2
271.589		349.201		2161		1		2
250.997		344.382		2176		2		2
428.074		301.567		2172		2		2
293.997		325.297		2148		2		2
309.935		311.906		2196		2		2
335.31		319.614		2090		2		2
356.221		312.573		2091		2		2
Frame 102
335.359		333.588		2075		2		2
390.959		314.474		2111		2		2
439.612		297.484		2371		2		2
452.178		280.644		0		1		2
419.158		302.272		2163		2		2
372.806		303.65		2089		1		2
320.916		314.964		2146		2		2
305.907		321.533		2133		1		2
427.871		322.873		2166		2		2
397.254		348.822		2072		2		2
362.982		339.648		2002		2		2
353.134		335.131		2014		1		2
332.2		321.728		2092		2		2
278.172		333.762		2144		2		2
218.356		338.088		2146		2		2
222.883		353.872		2139		1		2
338.512		345.504		2095		2		2
343.149		360.94		2036		1		2
271.63		349.266		2157		1		2
251.039		344.457		2179		2		2
428.084		301.566		2168		2		2
290.312		324.246		2146		2		2
305.397		313.22		2189		2		2
342.421		328.054		2045		2		2
362.969		321.469		2037		2		2
Frame 103
335.353		333.576		2076		2		2
390.925		314.412		2113		2		2
439.551		297.296		2370		2		2
452.114		280.457		0		1		2
421.465		302.755		2164		2		2
375.273		304.173		2082		1		2
323.355		315.155		2120		2		2
307.734		321.46		2134		1		2
427.873		322.732		2168		2		2
400.838		349.803		2067		2		2
369.126		340.989		2026		2		2
358.509		338.111		2007		1		2
332.205		321.714		2083		2		2
278.056		333.906		2144		2		2
218.347		338.065		2151		2		2
222.916		353.884		2138		1		2
338.487		345.486		2083		2		2
343.189		361.197		2039		1		2
271.656		349.502		2154		1		2
251.076		344.662		2168		2		2
428.028		301.419		2169		2		2
292.124		325.027		2153		2		2
309.001		311.85		2199		2		2
346.498		330.127		2030		2		2
369.463		323.183		2040		2		2
Frame 104
335.24		333.424		2080		2		2
390.874		314.364		2110		2		2
439.55		297.288		2370		2		2
452.112		280.449		0		1		2
421.888		302.891		2163		2		2
375.733		304.318		2090		1		2
323.811		315.215		2125		2		2
308.465		321.593		2130		1		2
427.879		322.704		2173		2		2
398.827		349.194		2076		2		2
367.113		340.77		2011		2		2
357.17		337.94		2005		1		2
332.155		321.607		2093		2		2
278.193		334.015		2145		2		2
218.363		338.031		2146		2		2
222.915		353.857		2133		1		2
338.29		345.28		2080		2		2
343.249		361.276		2036		1		2
271.706		349.575		2162		1		2
251.125		344.72		2172		2		2
428.02		301.405		2173		2		2
292.998		325.444		2148		2		2
307.525		312.755		2187		2		2
348.733		330.279		2027		2		2
367.872		323.042		2033		2		2
Frame 105
335.305		333.403		2069		2		2
390.886		314.362		2116		2		2
439.554		297.288		2372		2		2
452.116		280.449		0		1		2
422.196		302.993		2162		2		2
376.061		304.426		2089		1		2
324.13		315.265		2117		2		2
308.526		321.572		2127		1		2
427.879		322.676		2157		2		2
398.292		348.945		2070		2		2
366.482		341.078		2010		2		2
356.663		337.994		2007		1		2
332.307		321.533		2085		2		2
278.364		334.082		2145		2		2
218.366		338.027		2149		2		2
222.931		353.857		2136		1		2
338.313		345.287		2080		2		2
343.318		361.559		2036		1		2
271.75		349.834		2162		1		2
251.174		344.901		2173		2		2
428.024		301.405		2169		2		2
293.063		325.475		2147		2		2
308.561		312.421		2184		2		2
347.582		330.378		2028		2		2
366.397		323.579		2032		2		2
Frame 106
335.05		333.967		2073		2		2
390.82		314.501		2108		2		2
439.574		297.277		2376		2		2
452.136		280.438		0		1		2
422.315		303.016		2159		2		2
376.186		304.452		2089		1		2
324.254		315.285		2120		2		2
308.534		321.645		2132		1		2
427.891		322.663		2163		2		2
398.184		348.965		2071		2		2
366.347		341.113		2003		2		2
356.543		338.048		2007		1		2
332.106		322.278		2085		2		2
277.753		333.893		2141		2		2
218.351		338.021		2151		2		2
222.857		353.868		2140		1		2
338.004		345.698		2083		2		2
337.769		360.392		2050		1		2
267.168		348.816		2161		1		2
246.929		343.938		2161		2		2
428.032		301.41		2173		2		2
292.999		325.294		2142		2		2
307.99		312.582		2183		2		2
346.908		331.076		2027		2		2
366.035		323.193		2031		2		2
Frame 107
334.279		332.777		2072		2		2
390.608		314.195		2114		2		2
439.593		297.238		2368		2		2
452.155		280.4		0		1		2
422.389		303.049		2163		2		2
376.263		304.487		2089		1		2
324.323		315.293		2121		2		2
308.552		321.523		2125		1		2
427.899		322.581		2169		2		2
398.101		348.973		2070		2		2
366.135		341.719		2008		2		2
356.283		338.88		2003		1		2
331.422		321.205		2087		2		2
277.392		334.016		2143		2		2
218.32		338.009		2145		2		2
222.748		353.874		2134		1		2
337.135		344.382		2092		2		2
340.238		360.54		2038		1		2
269.087		348.905		2164		1		2
248.587		344.091		2172		2		2
428.021		301.344		2177		2		2
292.999		325.297		2147		2		2
309.522		311.771		2199		2		2
346.886		331.64		2030		2		2
365.679		324.432		2028		2		2
