side
Frame 0
107.912		241.564		1901		2		3
103.756		176.883		1863		2		3
99.9152		113.558		1966		2		3
101.05		91.6112		1993		2		3
80.1011		142.676		1868		2		3
57.9452		184.599		1945		2		3
67.4926		229.919		2063		1		3
67.9149		237.232		2096		1		3
119.429		143.867		1874		2		3
142.848		196.491		1968		2		3
152.475		231.56		2075		2		3
150.456		236.672		2086		2		3
94.4695		242.165		1905		2		3
93.7626		306.961		2017		2		3
101.246		363.934		2020		2		3
97.813		376.55		2054		2		3
121.349		240.947		1930		2		3
133.867		302.754		2040		2		3
136.699		358.579		2046		2		3
134.197		371.303		2041		2		3
100.811		129.242		1882		2		3
67.3985		248.199		2113		2		3
68.9924		242.798		2094		2		3
154.004		244.398		2126		2		3
143.4		236.893		2082		2		3
Frame 1
107.93		241.559		1902		2		3
103.814		176.842		1866		2		3
100.041		113.477		1971		2		3
100.863		91.4534		2011		2		3
80.1027		142.674		1868		2		3
57.9764		184.647		1951		2		3
67.5226		229.965		2063		1		3
67.7151		237.266		2094		1		3
119.398		143.865		1879		2		3
142.85		196.481		1973		2		3
152.516		231.528		2078		2		3
150.795		236.88		2096		2		3
94.4864		242.166		1896		2		3
93.819		306.805		2011		2		3
101.247		363.828		2028		2		3
97.8133		376.44		2033		2		3
121.368		240.933		1933		2		3
133.868		302.758		2029		2		3
136.725		358.559		2030		2		3
134.225		371.281		2029		2		3
100.922		129.167		1888		2		3
67.2481		248.247		2106		2		3
68.7877		243.868		2094		2		3
154.5		245.249		2132		2		3
143.614		237.917		2080		2		3
Frame 2
107.986		241.569		1900		2		3
103.886		176.811		1866		2		3
100.149		113.413		1970		2		3
100.708		91.3527		2012		2		3
80.1059		142.673		1866		2		3
57.9621		184.608		1950		2		3
67.5115		229.941		2064		1		3
67.7897		237.657		2105		1		3
119.37		143.859		1880		2		3
142.843		196.469		1966		2		3
152.573		231.51		2082		2		3
150.872		237.145		2095		2		3
94.5341		242.194		1898		2		3
93.8892		307.206		2012		2		3
101.651		364.861		2047		2		3
98.2426		377.483		2032		2		3
121.434		240.925		1924		2		3
133.868		302.766		2036		2		3
136.79		358.397		2038		2		3
134.293		371.117		2024		2		3
101.022		129.11		1885		2		3
67.5995		248.8		2101		2		3
68.9937		242.684		2094		2		3
154.128		245.499		2132		2		3
143.384		236.572		2077		2		3
Frame 3
107.937		241.551		1902		2		3
103.9		176.789		1865		2		3
100.211		113.387		1967		2		3
100.48		91.3474		2001		2		3
80.1067		142.673		1868		2		3
57.9969		184.649		1949		2		3
67.5444		229.977		2059		1		3
67.7997		237.595		2108		1		3
119.213		143.824		1878		2		3
142.803		196.404		1968		2		3
152.612		231.443		2077		2		3
151.049		236.995		2088		2		3
94.4965		242.174		1908		2		3
93.8947		307.2		2013		2		3
101.673		364.805		2030		2		3
98.2652		377.425		2048		2		3
121.368		240.912		1929		2		3
133.878		302.77		2035		2		3
136.793		358.368		2038		2		3
134.297		371.088		2024		2		3
101.071		129.086		1883		2		3
67.4986		247.999		2113		2		3
69.205		241.599		2080		2		3
156.003		245.666		2147		2		3
144.373		240.114		2101		2		3
Frame 4
107.947		241.55		1897		2		3
103.945		176.772		1864		2		3
100.298		113.368		1972		2		3
100.367		91.2938		2019		2		3
80.1088		142.671		1866		2		3
58.3632		184.312		1955		2		3
67.9008		229.709		2068		1		3
67.7504		237.181		2093		1		3
119.213		143.826		1879		2		3
142.803		196.407		1968		2		3
152.648		231.424		2076		2		3
151.219		237.088		2095		2		3
94.5082		242.174		1910		2		3
93.9265		307.206		2012		2		3
101.812		365.406		2034		2		3
98.4142		378.04		2026		2		3
121.378		240.909		1923		2		3
133.879		302.773		2040		2		3
136.805		358.342		2029		2		3
134.309		371.059		2039		2		3
101.15		129.065		1882		2		3
67.4977		249		2110		2		3
68.5516		245.118		2084		2		3
156.004		245.399		2148		2		3
144.619		238.279		2090		2		3
Frame 5
107.979		241.576		1897		2		3
103.966		176.769		1866		2		3
100.32		113.353		1971		2		3
100.357		91.3011		2013		2		3
80.108		142.672		1862		2		3
61.8693		192.364		1945		2		3
68.6666		240.434		2097		1		3
67.2292		245.386		2109		1		3
119.209		143.828		1874		2		3
142.814		196.403		1968		2		3
152.673		231.419		2080		2		3
151.185		237.026		2091		2		3
94.535		242.199		1899		2		3
94.0191		307.318		2007		2		3
101.876		365.529		2042		2		3
98.4825		378.159		2044		2		3
121.416		240.936		1925		2		3
133.886		302.782		2037		2		3
136.808		358.338		2046		2		3
134.313		371.054		2038		2		3
101.173		129.053		1885		2		3
67.1031		248.281		2115		2		3
67.9998		246.003		2107		2		3
154.006		245.57		2122		2		3
143.617		237.692		2070		2		3
Frame 6
107.983		241.576		1900		2		3
103.997		176.754		1870		2		3
100.394		113.323		1971		2		3
100.13		91.2683		1986		2		3
80.1109		142.672		1862		2		3
64.7399		186.847		1947		2		3
74.0716		232.647		1936		1		3
69.9989		239.682		2092		1		3
119.202		143.828		1875		2		3
142.847		196.389		1971		2		3
152.578		231.429		2074		2		3
151.339		236.934		2088		2		3
94.541		242.203		1901		2		3
94.0215		307.203		2011		2		3
101.224		364.38		2040		2		3
97.802		376.99		2041		2		3
121.418		240.935		1925		2		3
133.915		302.791		2039		2		3
136.876		358.149		2041		2		3
134.381		370.864		2043		2		3
101.236		129.025		1887		2		3
69		247		2100		2		3
69.4915		245.524		2058		2		3
155.434		245.427		2133		2		3
143.556		237.443		2069		2		3
Frame 7
107.988		241.575		1900		2		3
104.022		176.738		1868		2		3
100.426		113.297		1974		2		3
100.047		91.2379		2021		2		3
80.1123		142.671		1862		2		3
62.3436		192.372		1947		2		3
69.0716		240.375		2093		1		3
67.8094		246.186		2098		1		3
119.015		143.772		1878		2		3
142.871		196.27		1973		2		3
152.63		231.325		2077		2		3
151.468		236.578		2086		2		3
94.5482		242.204		1909		2		3
94.0368		307.251		2008		2		3
101.153		364.137		2039		2		3
97.7321		376.745		2052		2		3
121.423		240.931		1930		2		3
133.927		302.786		2034		2		3
136.94		357.887		2040		2		3
134.453		370.593		2034		2		3
101.268		129.001		1881		2		3
68		249		0		2		3
68.5984		247.399		2101		2		3
155.603		245.599		2132		2		3
143.136		236.07		2076		2		3
Frame 8
108.013		241.574		1905		2		3
104.047		176.73		1864		2		3
100.443		113.289		1971		2		3
100.037		91.2552		2006		2		3
80.1169		142.666		1861		2		3
58.6639		184.689		1951		2		3
68.1951		230.098		2066		1		3
68.1205		237.322		2098		1		3
118.906		143.715		1874		2		3
142.927		196.168		1968		2		3
152.628		231.236		2079		2		3
151.344		236.659		2090		2		3
94.5703		242.208		1903		2		3
94.0535		307.181		2009		2		3
101.289		364.716		2042		2		3
97.881		377.325		2043		2		3
121.449		240.925		1927		2		3
133.932		302.799		2040		2		3
136.89		358.027		2045		2		3
134.403		370.739		2030		2		3
101.287		128.992		1888		2		3
67.4981		248		2105		2		3
69.6175		241.891		2082		2		3
155.004		245.398		2128		2		3
144.563		239.345		2078		2		3
Frame 9
108.02		241.564		1897		2		3
104.063		176.711		1870		2		3
100.458		113.269		1966		2		3
100.025		91.2532		2014		2		3
80.1205		142.662		1868		2		3
58.6187		184.77		1948		2		3
68.1521		230.171		2077		1		3
67.9937		236.707		2093		2		3
118.921		143.718		1877		2		3
142.99		196.154		1970		2		3
152.721		231.244		2073		2		3
151.276		236.577		2089		2		3
94.5805		242.205		1896		2		3
94.0792		307.194		2008		2		3
101.308		364.638		2034		2		3
97.8995		377.244		2044		2		3
121.452		240.906		1927		2		3
133.961		302.731		2037		2		3
136.886		358.037		2046		2		3
134.398		370.749		2031		2		3
101.303		128.973		1885		2		3
67.332		247.666		2104		2		3
69.9948		240.297		2086		2		3
154.505		245.498		2121		2		3
143.074		235.502		2078		2		3
Frame 10
108.025		241.554		1899		2		3
103.944		176.753		1861		2		3
99.8197		113.509		1965		2		3
100.597		91.6065		1994		2		3
80.1207		142.657		1868		2		3
61.9971		192.366		1944		2		3
69.1706		240.405		2085		1		3
67.39		243.537		2098		1		3
118.938		143.72		1874		2		3
143.005		196.15		1974		2		3
152.668		231.251		2076		2		3
151.464		236.479		2087		2		3
94.5938		242.192		1910		2		3
94.1259		306.768		2014		2		3
101.167		364.182		2031		2		3
97.7501		376.786		2040		2		3
121.452		240.897		1932		2		3
133.972		302.716		2039		2		3
136.885		358.037		2045		2		3
134.398		370.752		2024		2		3
100.837		129.151		1882		2		3
67.6531		248.485		2113		2		3
68.4981		245.256		2090		2		3
154.003		245.8		2125		2		3
143.342		236.496		2079		2		3
Frame 11
108.086		241.526		1906		2		3
104.118		176.695		1870		2		3
100.286		113.4		1966		2		3
100.197		91.3954		2014		2		3
80.129		142.649		1864		2		3
62.0171		192.366		1948		2		3
69.1814		240.406		2089		1		3
67.3753		243.447		2101		1		3
118.968		143.699		1875		2		3
143.046		196.117		1974		2		3
152.668		231.211		2077		2		3
151.499		236.523		2089		2		3
94.6417		242.176		1895		2		3
94.1567		306.799		2016		2		3
101.368		364.652		2038		2		3
97.9668		377.26		2031		2		3
121.527		240.854		1926		2		3
133.978		302.692		2033		2		3
136.962		357.999		2042		2		3
134.481		370.71		2033		2		3
101.203		129.058		1886		2		3
67.6657		247.998		2109		2		3
68.9995		246.673		2095		2		3
152.998		246.501		2129		2		3
143.636		237.864		2065		2		3
Frame 12
108.104		241.489		1911		2		3
104.227		176.624		1870		2		3
100.59		113.27		1974		2		3
99.9601		91.239		2019		2		3
80.1544		142.646		1869		2		3
61.8432		192.268		1939		2		3
69.3195		240.296		2103		1		3
67.4028		243.246		2104		1		3
119.017		143.678		1881		2		3
143.119		196.075		1976		2		3
152.641		231.158		2084		2		3
151.133		236.232		2092		2		3
94.6459		242.144		1903		2		3
94.1831		306.806		2013		2		3
101.395		364.638		2030		2		3
98.0059		377.244		2028		2		3
121.562		240.812		1928		2		3
134.093		302.487		2041		2		3
137.037		357.924		2030		2		3
134.57		370.633		2042		2		3
101.446		128.946		1892		2		3
67.3627		248.74		2109		2		3
67.9976		247.003		2103		2		3
154.004		245.499		2124		2		3
143.786		237.675		2065		2		3
Frame 13
108.13		241.469		1897		2		3
104.363		176.58		1866		2		3
100.904		113.22		1976		2		3
99.8634		91.0976		1988		2		3
80.1114		142.757		1868		2		3
58.7771		185.256		1949		2		3
68.2919		230.569		2059		1		3
67.9939		235.939		2099		1		3
119.06		143.674		1884		2		3
143.228		196.014		1980		2		3
152.723		231.135		2081		2		3
151.445		235.951		2089		2		3
94.651		242.136		1904		2		3
94.2492		306.663		2019		2		3
101.241		364.318		2020		2		3
97.8182		376.917		2052		2		3
121.622		240.777		1931		2		3
134.167		302.288		2046		2		3
137.055		357.867		2049		2		3
134.562		370.573		2031		2		3
101.711		128.896		1899		2		3
67.7962		248.197		2119		2		3
70.1197		240.515		2081		2		3
153.998		246.001		2128		2		3
143.298		236.179		2077		2		3
Frame 14
108.251		241.432		1901		2		3
104.623		176.547		1864		2		3
101.359		113.234		1971		2		3
100.765		91.2424		2002		2		3
80.1643		142.695		1866		2		3
58.7987		184.748		1955		2		3
68.3173		230.125		2075		1		3
67.9236		235.325		2093		1		3
121.595		143.603		1881		2		3
143.726		196.578		1979		2		3
153.451		231.544		2083		2		3
151.827		236.75		2091		2		3
94.7531		242.099		1904		2		3
94.3088		306.335		2010		2		3
101.187		363.97		2036		2		3
98.1643		376.543		2032		2		3
121.756		240.741		1929		2		3
134.194		302.166		2042		2		3
137.048		357.872		2043		2		3
134.969		370.547		2028		2		3
102.115		128.893		1889		2		3
67.5991		247.8		2101		2		3
71.498		234.005		2086		2		3
154.576		245.427		2124		2		3
143.967		237.69		2067		2		3
Frame 15
108.31		241.379		1896		2		3
104.859		176.519		1871		2		3
101.853		113.294		1976		2		3
100.759		91.3503		2000		2		3
80.2953		142.686		1870		2		3
64.8361		185.66		1944		2		3
74.1554		231.519		1961		1		3
68.287		236.43		2093		2		3
122.254		143.504		1893		2		3
143.869		196.608		1981		2		3
153.641		231.618		2079		2		3
151.987		236.852		2098		2		3
94.8093		242.017		1891		2		3
94.483		306.106		2009		2		3
101.221		363.955		2039		2		3
98.3208		376.519		2037		2		3
121.823		240.704		1926		2		3
134.224		301.913		2051		2		3
137.038		357.859		2045		2		3
135.081		370.523		2039		2		3
102.541		128.926		1893		2		3
67.6677		249.334		2089		2		3
70.1054		240.793		2067		2		3
155.005		245.499		2127		2		3
144.405		238.678		2082		2		3
Frame 16
108.431		241.327		1908		2		3
105.326		176.476		1864		2		3
102.804		113.369		1985		2		3
102.059		91.6902		2042		2		3
80.5286		142.603		1871		2		3
62.5904		192.579		1955		2		3
69.5438		240.642		2085		1		3
67.3537		245.07		2100		1		3
121.988		143.462		1887		2		3
143.895		196.461		1982		2		3
153.873		231.453		2084		2		3
150.013		235.683		2095		2		3
94.8986		241.956		1893		2		3
95.1441		305.217		2010		2		3
101.016		363.529		2036		2		3
98.0732		376.089		2043		2		3
121.978		240.659		1925		2		3
134.456		301.031		2056		2		3
137.022		357.71		2046		2		3
135.032		370.366		2040		2		3
103.365		128.96		1901		2		3
67.3321		248.33		2105		2		3
68.3319		247.337		2098		2		3
154.434		246.088		2135		2		3
141.736		244.601		2040		2		3
Frame 17
108.694		241.241		1901		2		3
106.05		176.436		1874		2		3
103.974		113.499		1988		2		3
102.609		92.0987		2024		2		3
81.2779		142.425		1876		2		3
65.1362		185.521		1945		2		3
74.4168		231.28		1974		1		3
68.5085		237.928		2097		1		3
123.396		143.475		1894		2		3
144.245		196.76		1983		2		3
154.078		231.73		2086		2		3
150.126		235.58		2096		2		3
95.1531		241.836		1899		2		3
95.298		305.233		2015		2		3
101.048		364.366		2037		2		3
98.2193		376.921		2036		2		3
122.244		240.605		1923		2		3
134.639		300.811		2063		2		3
137.027		357.71		2050		2		3
135.143		370.352		2039		2		3
104.432		129.039		1896		2		3
67.7991		250.2		2103		2		3
70.7477		240.248		2069		2		3
152.171		246		2124		2		3
141.732		243.702		2035		2		3
Frame 18
109.038		241.221		1898		2		3
106.864		176.399		1877		2		3
105.25		113.534		1992		2		3
103.367		92.15		2033		2		3
81.5048		142.344		1872		2		3
65.1853		185.444		1944		2		3
74.4629		231.206		1990		1		3
68.4564		238.206		2093		2		3
123.094		143.577		1890		2		3
144.528		196.639		1983		2		3
154.181		231.668		2085		2		3
150.834		235.778		2103		2		3
95.4414		241.831		1896		2		3
95.4008		305.189		2019		2		3
100.982		364.151		2048		2		3
98.0904		376.701		2040		2		3
122.655		240.574		1921		2		3
134.617		300.068		2060		2		3
137.002		357.479		2049		2		3
135.059		370.109		2024		2		3
105.596		129.048		1906		2		3
68		252		0		2		3
69.297		246.009		2094		2		3
154.859		246.286		2135		2		3
142.312		245.713		2041		2		3
Frame 19
109.66		240.964		1897		2		3
107.899		176.262		1881		2		3
106.679		113.691		2001		2		3
105.548		92.6434		2037		2		3
81.772		142.255		1877		2		3
63.333		192.06		1954		2		3
71.0171		240.058		2051		1		3
68.0851		243.641		2090		2		3
123.374		143.579		1896		2		3
145.017		196.533		1986		2		3
154.139		231.598		2088		2		3
152.542		236.557		2101		2		3
96.1187		241.527		1902		2		3
95.8536		304.845		2013		2		3
100.929		364.098		2029		2		3
98.1007		376.636		2041		2		3
123.192		240.367		1924		2		3
134.698		299.747		2065		2		3
137.003		357.463		2059		2		3
135.127		370.073		2026		2		3
106.93		129.114		1909		2		3
69.4986		252		2104		2		3
70.1373		247.169		2080		2		3
153.751		246.75		2128		2		3
144.718		236.938		2071		2		3
Frame 20
110.339		240.795		1899		2		3
108.352		176.199		1879		2		3
106.882		113.705		2004		2		3
108.522		93.5524		2040		2		3
82.2229		142.144		1879		2		3
63.511		191.893		1950		2		3
70.106		235.835		2082		2		3
68.8306		242.189		2090		2		3
123.786		143.653		1895		2		3
145.538		196.519		1991		2		3
153.799		232.42		2088		2		3
152.823		237.861		2113		2		3
96.7379		241.34		1903		2		3
96.2245		304.732		2014		2		3
101.141		364.463		2028		2		3
98.3757		376.992		2035		2		3
123.921		240.219		1921		2		3
134.672		299.766		2067		2		3
136.935		357.574		2043		2		3
135.11		370.176		2050		2		3
107.188		129.115		1913		2		3
67.9922		251.795		2107		2		3
70.6665		251.164		2096		2		3
155		246.8		2137		2		3
147.573		246.858		2090		2		3
Frame 21
111.521		240.534		1898		2		3
110.771		175.982		1879		2		3
110.7		113.942		2014		2		3
108.807		93.3864		2037		2		3
85.7196		141.415		1884		2		3
64.84		190.92		1951		2		3
70.2677		235.801		2085		1		3
69.4413		242.517		2089		2		3
128.229		143.64		1907		2		3
147.043		197.226		1991		2		3
154.355		232.208		2086		2		3
153.336		237.446		2107		2		3
97.8159		241.019		1903		2		3
96.4844		304.751		2017		2		3
101.245		364.833		2049		2		3
98.7205		377.34		2026		2		3
125.189		240.023		1919		2		3
134.946		299.345		2065		2		3
136.883		357.501		2042		2		3
135.296		370.066		2038		2		3
110.655		129.196		1914		2		3
68.9962		252.665		2120		2		3
72		252		2089		2		3
155.403		246.6		2140		2		3
146.854		241.407		2070		2		3
Frame 22
112.384		240.449		1893		2		3
110.962		176.002		1878		2		3
110.609		113.974		2019		2		3
112.891		94.5302		2049		2		3
85.7355		141.402		1891		2		3
65.8528		191.332		1945		2		3
72.1363		228.505		2058		1		3
70.2429		239.094		2086		2		3
128.055		143.675		1914		2		3
147.974		196.914		1990		2		3
157.799		231.766		2091		2		3
152.774		235.525		2113		2		3
98.6115		240.972		1893		2		3
97.0938		304.332		2018		2		3
101.04		363.768		2060		2		3
98.4917		376.255		2036		2		3
126.102		239.904		1922		2		3
135.471		298.689		2069		2		3
136.859		357.377		2049		2		3
135.262		369.939		2029		2		3
110.638		129.217		1926		2		3
70.994		252.998		2098		2		3
72.9999		252.999		2095		2		3
154.499		246.625		2131		2		3
144.668		243.933		2037		2		3
Frame 23
113.382		240.364		1892		2		3
114.068		176.104		1890		2		3
115.779		114.901		2031		2		3
113.453		94.6756		2064		2		3
89.5092		141.009		1897		2		3
67.5452		190.401		1956		2		3
70.3224		227.47		2052		2		3
71.099		239.481		2091		2		3
131.637		143.992		1920		2		3
149.569		197.631		1992		2		3
158.1		232.649		2092		2		3
153.999		235.588		2114		2		3
99.6234		240.736		1888		2		3
98.0198		303.64		2017		2		3
101.052		363.211		2047		2		3
98.5234		375.677		2020		2		3
127.074		239.961		1920		2		3
135.737		298.342		2071		2		3
136.989		356.971		2042		2		3
135.42		369.508		2041		2		3
115.289		129.891		1925		2		3
70.9951		253.199		2116		2		3
74.1364		248.589		2103		2		3
155.01		246.886		2134		2		3
145.615		242.937		2035		2		3
Frame 24
114.783		240.33		1888		2		3
116.197		176.191		1886		2		3
117.795		115.161		2034		2		3
117.183		95.4754		2056		2		3
90.9978		141.252		1897		2		3
69.1965		190.678		1961		2		3
70.5917		227.569		2061		2		3
72.5046		240.115		2089		2		3
135.007		145.205		1922		2		3
151.997		198.89		1998		2		3
158.93		233.864		2100		2		3
155.259		235.587		2108		2		3
100.892		240.576		1891		2		3
98.5065		303.275		2005		2		3
101.099		363.06		2033		2		3
98.6038		375.518		2045		2		3
128.602		240.066		1916		2		3
136.326		297.933		2072		2		3
136.972		356.776		2057		2		3
135.436		369.301		2040		2		3
117.384		130.121		1936		2		3
72.9052		253.091		2102		2		3
77		241.499		2008		2		3
157.204		246.4		2129		2		3
146.614		242.783		2030		2		3
Frame 25
117.505		240.541		1893		2		3
119.225		176.528		1894		2		3
121.034		115.813		2047		2		3
119.635		96.4673		2071		2		3
93.5401		141.65		1907		2		3
71.1037		190.752		1963		2		3
72.6682		230.934		2074		2		3
73.6999		242.798		2094		2		3
137.564		145.749		1931		2		3
153.938		198.758		2002		2		3
161.527		233.529		2110		2		3
157.073		235.696		2106		2		3
103.552		240.687		1891		2		3
98.6373		303.129		2012		2		3
101.227		363.153		2045		2		3
98.6165		375.622		2044		2		3
131.323		240.379		1923		2		3
136.709		297.799		2074		2		3
136.679		356.658		2058		2		3
135.014		369.179		2047		2		3
120.568		130.685		1938		2		3
74.9985		254.5		2103		2		3
78.1195		245.383		2021		2		3
158.892		246.779		2134		2		3
148.953		242.904		2037		2		3
Frame 26
119.215		240.92		1897		2		3
120.321		176.665		1893		2		3
121.644		115.852		2044		2		3
123.256		96.913		2076		2		3
95.8153		141.86		1909		2		3
74.2427		191.265		1967		2		3
73.686		231.183		2081		2		3
75.2648		243.386		2107		2		3
138.192		145.863		1930		2		3
156.27		198.673		2000		2		3
161.959		233.594		2102		2		3
158.707		235.917		2115		2		3
105.208		241.033		1891		2		3
98.8255		303.211		2018		2		3
101.266		363.327		2036		2		3
98.5138		375.811		2029		2		3
133.081		240.794		1916		2		3
137.08		298.052		2083		2		3
136.135		356.913		2053		2		3
134.309		369.448		2046		2		3
121.279		130.741		1946		2		3
76.7914		254.997		2094		2		3
79.3348		255.333		2104		2		3
160.5		246.601		2139		2		3
149.912		243.37		2033		2		3
Frame 27
121.445		241.022		1894		2		3
124.963		177.063		1899		2		3
129.1		117.109		2072		2		3
123.958		97.6298		2089		2		3
101.187		141.982		1922		2		3
77.5691		190.563		1970		2		3
75.1813		231.449		2069		2		3
77.2223		243.497		2110		2		3
144.239		146.327		1938		2		3
159.227		199.374		2004		2		3
164.252		234.106		2106		2		3
162.537		238.703		2117		2		3
107.583		240.977		1889		2		3
99.9862		302.791		2024		2		3
101.326		363.181		2036		2		3
98.5113		375.68		2054		2		3
135.168		241.045		1919		2		3
137.176		298.279		2084		2		3
135.546		356.931		2055		2		3
133.638		369.479		2038		2		3
128.019		131.726		1949		2		3
79.7534		255.252		2113		2		3
82.1652		236.835		2110		2		3
162.859		246.141		2142		2		3
156.336		243.675		2094		2		3
Frame 28
123.841		241.59		1894		2		3
127.637		177.701		1903		2		3
131.157		117.722		2079		2		3
129.174		98.9625		2113		2		3
105.42		142.562		1935		2		3
81.084		190.802		1979		2		3
77.2546		231.493		2072		2		3
79.6294		243.729		2121		2		3
147.701		146.843		1946		2		3
162.84		199.472		2012		2		3
165.572		234.631		2105		2		3
165.746		236.028		2105		2		3
109.981		241.433		1883		2		3
102.211		302.623		2037		2		3
101.666		363.259		2036		2		3
98.8333		375.762		2063		2		3
137.55		241.731		1918		2		3
137.265		298.262		2093		2		3
132.145		358.41		2055		2		3
130.115		370.984		2045		2		3
130.286		132.364		1955		2		3
82.0018		255.138		2114		2		3
83.6275		244.162		2144		2		3
164.225		247.668		2147		2		3
156.838		236.853		2055		2		3
Frame 29
126.657		242.678		1893		2		3
131.078		178.873		1906		2		3
135.303		119.307		2087		2		3
133.017		100.623		2112		2		3
108.934		143.581		1937		2		3
84.3297		191.476		1983		2		3
79.6139		231.445		2090		2		3
82.6084		243.906		2127		2		3
150.852		147.783		1957		2		3
167.351		199.626		2013		2		3
166.451		234.751		2113		2		3
167.66		239.636		2127		2		3
112.847		242.692		1877		2		3
104.711		302.462		2062		2		3
102.208		362.911		2042		2		3
99.425		375.392		2039		2		3
140.326		242.659		1914		2		3
137.471		298.089		2109		2		3
132.037		358.256		2065		2		3
130.035		370.841		2030		2		3
134.26		133.823		1967		2		3
85.6656		256.668		2133		2		3
87.0799		243.676		2156		2		3
166.499		249		2173		2		3
160.558		244.122		2071		2		3
Frame 30
130.509		244.13		1884		2		3
135.381		180.687		1906		2		3
139.949		121.861		2101		2		3
134.977		103.025		2121		2		3
113.764		145.097		1946		2		3
87.8289		192.255		1981		2		3
81.9127		231.087		2079		2		3
85.5822		243.867		2133		2		3
153.655		148.448		1960		2		3
170.53		200.33		2014		2		3
167.564		235.371		2123		2		3
170.64		240.777		2122		2		3
116.651		244.245		1882		2		3
104.834		301.958		2076		2		3
102.538		362.269		2052		2		3
99.7194		374.757		2041		2		3
144.215		244.005		1913		2		3
138.505		298.15		2124		2		3
131.776		358.103		2060		2		3
129.722		370.711		2041		2		3
138.829		136.163		1978		2		3
88.0746		254.473		2160		2		3
90.6251		243.631		2155		2		3
170.748		250.75		2154		2		3
164.378		248.376		2089		2		3
Frame 31
135.09		246.523		1880		2		3
139.246		183.082		1918		2		3
143.05		124.385		2111		2		3
142.537		106.22		2143		2		3
117.068		149.121		1953		2		3
90.7187		195.906		1989		2		3
84.1947		231.392		2097		2		3
88.4702		244.018		2131		2		3
158.716		151.128		1970		2		3
176.055		202.435		2018		2		3
170.853		236.984		2130		2		3
174.046		244.511		2137		2		3
121.035		246.769		1882		2		3
105.71		302.551		2084		2		3
102.897		362.397		2046		2		3
100.392		374.875		2029		2		3
148.999		246.27		1909		2		3
153.5		292.042		2098		2		3
132.957		355.36		2072		2		3
131.231		367.868		2034		2		3
142.119		138.651		1997		2		3
90.634		255.283		2166		2		3
95.2667		238.723		2154		2		3
173.501		253		2176		2		3
168.859		251.133		2107		2		3
Frame 32
137.736		249.217		1890		2		3
142.99		186.751		1927		2		3
147.896		129.466		2123		2		3
144.505		110.558		2162		2		3
119.994		153.223		1961		2		3
95.5765		200.502		1999		2		3
86.4692		233.941		2099		2		3
90.9336		246.304		2141		2		3
162.943		155.586		1985		2		3
180.666		205.56		2031		2		3
180.238		240.725		2120		2		3
178.596		245.127		2134		2		3
123.43		249.392		1879		2		3
111.242		297.271		2099		2		3
103.423		361.294		2051		2		3
100.997		373.762		2040		2		3
151.879		249.041		1910		2		3
155.704		292.254		2121		2		3
139.865		348.01		2071		2		3
138.389		360.29		2058		2		3
146.696		143.342		2004		2		3
92.0101		257.21		2174		2		3
97.5835		241.257		2166		2		3
177.505		254.875		2160		2		3
171.667		244.104		2108		2		3
Frame 33
142.566		253.166		1881		2		3
147.591		190.675		1929		2		3
151.988		133.45		2132		2		3
148.595		114.665		2178		2		3
125.514		158.505		1965		2		3
98.3786		204.158		2002		2		3
93.9551		240.4		2117		2		3
95.2288		251.756		2189		2		3
165.019		157.339		1991		2		3
184.406		208.27		2034		2		3
181.211		243.371		2129		2		3
182.886		246.743		2136		2		3
128.28		253.615		1877		2		3
110.982		304.503		2125		2		3
103.902		359.55		2050		2		3
100.954		372.044		2045		2		3
156.683		252.719		1905		2		3
160.951		293.806		2135		2		3
140.295		347.887		2071		2		3
138.297		360.255		2071		2		3
150.937		147.314		2019		2		3
99.8006		263.401		2199		2		3
102.199		244.796		2183		2		3
181.303		257.499		2175		2		3
176.446		247.665		2125		2		3
Frame 34
145.679		256.963		1881		2		3
152.176		195.466		1933		2		3
158.327		139.901		2153		2		3
152.856		121.084		2166		2		3
130.015		163.357		1974		2		3
101.072		207.775		2016		2		3
95.212		241.07		2123		2		3
97.8401		253.223		2184		2		3
168.906		162.519		1999		2		3
188.039		213.184		2040		2		3
188.315		248.018		2142		2		3
187.134		252.08		2152		1		3
131.322		257.529		1876		2		3
111.701		305.964		2133		2		3
103.962		360.891		2055		2		3
104.913		373.712		2042		2		3
159.855		256.394		1901		2		3
162.059		295.427		2136		2		3
145.704		347.012		2094		2		3
138.985		357.074		2074		2		3
156.814		153.287		2024		2		3
100.436		262.877		2226		2		3
105.003		247.208		2205		2		3
186.5		262		2194		2		3
180.908		250.082		2102		2		3
Frame 35
151.363		262.942		1875		2		3
156.406		199.601		1936		2		3
161.06		142.892		2159		2		3
158.922		125.493		2183		2		3
133.25		169.621		1970		2		3
104.076		213.867		2016		2		3
101.11		251.214		2166		2		3
101.673		260.635		2221		2		3
174.1		167.28		2008		2		3
194.991		216.965		2047		2		3
193.534		251.36		2140		2		3
192.064		255.257		2155		2		3
136.516		263.278		1885		2		3
115.566		312.379		2135		2		3
102.844		368.051		2052		2		3
111.955		376.302		2169		2		3
165.991		262.53		1899		2		3
173.339		297.96		2152		2		3
146.549		347.794		2091		1		3
140.056		356.198		2071		2		3
159.914		156.528		2033		2		3
105.561		269.104		2233		2		3
109.125		256.585		2214		2		3
190.002		265.4		2188		2		3
185.636		250.808		2163		2		3
Frame 36
156.9		266.671		1884		2		3
162.726		205.609		1941		2		3
167.823		149.924		2168		2		3
161.818		131.43		2192		2		3
136.054		175.423		1987		2		3
107.753		219.781		2018		2		3
103.729		254.348		2157		2		3
103.916		264.404		2232		2		3
176.438		169.662		2014		2		3
198.831		218.545		2043		2		3
199.264		253.799		2146		1		3
197.276		258.483		2166		1		3
142.966		267.61		1884		2		3
115.977		313.7		2139		2		3
103.589		368.985		0		2		3
119.175		365.259		2278		2		3
170.672		265.736		1896		2		3
177.38		303.438		2151		2		3
152.005		346.987		2112		2		3
149.347		345.763		2102		2		3
166.609		163.401		2042		2		3
107.008		274.396		2247		2		3
111.476		260.255		2234		2		3
196.501		268.833		2195		2		3
191.165		257.66		2145		2		3
Frame 37
158.179		276.359		1912		2		3
166.516		212.566		1939		2		3
173.516		155.729		2179		2		3
166.544		138.118		2196		2		3
143.865		183.049		1991		2		3
114.269		225.736		2039		2		3
107.009		257.738		2151		2		3
106.558		268.529		2236		2		3
193.036		184.284		2028		2		3
208.455		230.46		2062		2		3
206.379		263.803		2176		1		3
202.592		265.81		2196		1		3
143.54		276.448		1898		2		3
114.719		318.225		2140		1		3
103.675		374.457		2033		2		3
105.02		364.26		2055		2		3
172.736		276.261		1908		2		3
186.291		309.308		2191		1		3
135.955		364.039		2053		2		3
147.717		350.075		2090		2		3
171.751		169.215		2048		2		3
109.376		277.169		2249		2		3
114.121		264.134		2230		2		3
202.209		273		2201		2		3
196.637		278.459		2101		2		3
Frame 38
169.889		276.042		1897		2		3
175.017		215.101		1951		2		3
178.492		159.309		2185		2		3
170.653		141.802		2240		2		3
150.737		186.603		2000		2		3
119.812		228.329		2045		2		3
110.991		265.699		2188		2		3
109.23		273.517		2238		2		3
191.76		183.147		2013		2		3
213.653		231.264		2058		2		3
211.378		264.619		2172		1		3
209.386		266.911		2174		1		3
155.854		277.1		1900		2		3
122.03		318.758		2154		2		3
103.037		374.094		2034		2		3
108.54		362.765		2062		2		3
183.829		274.986		1911		2		3
188.404		311.128		2175		2		3
150.861		350.63		2104		2		3
160.958		337.471		2140		2		3
177.676		172.851		2068		2		3
112.631		282.242		2259		2		3
117.112		270.235		2257		2		3
209.003		276.569		2212		2		3
204.251		266.5		2175		2		3
Frame 39
169.996		281.14		1905		2		3
177.884		219.803		1956		2		3
186.129		165.318		2197		2		3
176.304		148.717		2231		2		3
156.021		194.788		2003		2		3
125.8		235.834		2060		2		3
114.895		270.39		2190		2		3
112.852		278.635		2250		2		3
203.487		190.923		2031		2		3
223.309		237.37		2076		2		3
220.675		270.428		2198		1		3
216.406		272.204		2185		2		3
155.594		280.152		1913		2		3
118.364		323.388		2150		2		3
101.985		379.246		2044		2		3
109.52		368.829		2080		2		3
184.467		282.826		1900		2		3
198.604		318.966		2229		1		3
141.012		357.896		2078		2		3
154.534		345.988		2121		2		3
184.318		178.761		2064		2		3
114.828		286.534		2255		2		3
120.714		273.297		2238		2		3
213.5		281		2225		2		3
211.787		267.643		2171		2		3
Frame 40
182.596		286.289		1909		2		3
188.003		226.289		1961		2		3
192.785		171.27		2189		2		3
182.75		154.944		2232		2		3
163.415		200.535		2010		2		3
132.656		240.546		2062		2		3
118.975		272.148		2187		2		3
117.032		282.358		2261		2		3
211.05		194.818		2036		2		3
231.016		240.333		2068		2		3
228.087		273.371		2202		1		3
223.698		276.456		2187		1		3
167.729		286.402		1909		2		3
122.736		325		2142		2		3
105.269		380.122		2043		2		3
109.647		369.049		2049		2		3
197.389		286.177		1927		2		3
212.585		317.897		0		1		3
147.837		356.92		2094		2		3
160.815		345.013		2131		2		3
191.645		184.616		2061		2		3
117.604		292.599		2247		2		3
124.391		278.714		2242		2		3
221.585		282.105		2215		2		3
218.251		272.498		2158		2		3
Frame 41
193.432		289.069		1903		2		3
197.026		230.949		1967		2		3
200.236		176.464		2195		2		3
189.891		159.837		2233		2		3
171.397		206.527		2027		2		3
140.484		246.072		2079		2		3
127.835		274.491		2183		2		3
121.999		284.544		2240		2		3
219.518		199.083		2039		2		3
237.761		247.579		2065		2		3
234.576		280.401		2183		1		3
231.667		281.21		2197		1		3
178.283		290.017		1917		2		3
125.304		325.549		2159		2		3
104.508		380.437		2038		2		3
109.074		367.936		2059		2		3
208.458		288.131		1914		2		3
224.909		316.191		3017		1		3
156.108		343.741		2148		2		3
170.654		337.096		2170		2		3
199.47		189.787		2078		2		3
121.848		293.705		2248		2		3
129.731		282.145		2242		2		3
228.501		289		2212		2		3
226.711		281.741		0		2		3
Frame 42
207		287.855		1939		2		3
208.334		234.652		1978		2		3
209.514		182.523		2198		2		3
197.904		166.138		2227		2		3
181.596		213.644		2032		2		3
149.933		248.708		2080		2		3
132.145		274.877		2168		2		3
127.655		286.948		2231		2		3
227.276		204.082		2043		2		3
249.421		250.449		2071		2		3
245.824		283.022		0		1		3
240.054		285.374		2186		1		3
191.693		289.299		1917		2		3
136.162		324.058		2167		1		3
106.821		375.458		2024		2		3
118.713		377.093		2197		1		3
222.203		286.428		1943		2		3
243.158		309.58		3156		1		3
186.299		333.373		2211		2		3
184.586		344.744		2192		2		3
209.236		195.478		2083		2		3
127.337		296.217		2267		2		3
134.874		283.641		2235		2		3
238.816		290.812		2220		2		3
237.64		282.895		2157		2		3
Frame 43
202.492		295.523		1935		2		3
211.025		241.058		1989		2		3
219.795		188.963		2197		2		3
207.073		172.777		2226		2		3
191.385		220.754		2044		2		3
159.874		252.427		2086		2		3
139.441		277.577		2176		2		3
134.296		288.639		2232		2		3
238.804		213.179		2049		2		3
259.626		256.092		2073		2		3
255.669		288.357		3437		1		3
248.223		291.699		2186		1		3
189.924		294.465		1947		2		3
142.152		336.887		2163		1		3
100.405		377.312		2027		2		3
113.598		381.19		2108		1		3
215.411		295.33		1948		2		3
232.613		318.091		0		1		3
171.913		337.697		2264		2		3
177.166		339.107		2193		2		3
217.694		202.055		2093		2		3
133.127		298.122		2267		2		3
139.962		285.482		2221		2		3
245.332		297.329		2219		2		3
246.419		289.224		2181		2		3
Frame 44
214.54		304.345		1932		2		3
222.774		249.572		2001		2		3
230.599		197.109		2193		2		3
219.802		179.283		2220		2		3
202.477		227.811		2054		2		3
169.779		256.929		2095		2		3
145.817		279.39		2172		2		3
140.159		290.165		2222		2		3
251.341		219.614		2078		2		3
270.276		263.129		2073		2		3
265.943		295.072		3413		1		3
258.274		296.903		2192		1		3
199.636		305.368		1951		2		3
123.435		344.747		2147		2		3
106.068		361.627		2156		2		3
109.912		367.452		2073		2		3
229.42		303.332		1960		2		3
247.637		313.448		0		1		3
182.037		315.714		2103		2		3
176.273		316.186		2146		1		3
228.681		210.033		2107		2		3
138.638		298.537		2254		2		3
148.622		287.009		2236		2		3
255.832		301.498		2226		2		3
257.271		294.55		2158		2		3
Frame 45
226.618		316.349		1948		2		3
234.668		257.982		2014		2		3
241.993		204.647		2196		2		3
233.743		185.595		2210		2		3
216.774		232.868		2075		2		3
176.525		263.174		2085		2		3
148.73		282.173		2192		2		3
145.833		292.972		2219		2		3
260.629		227.612		2081		2		3
283.505		270.983		2093		2		3
278.062		302.049		3297		1		3
269.298		300.589		2191		1		3
212.691		316.035		1960		2		3
154.279		334.386		2185		2		3
94.394		370.677		2232		1		3
104.844		370.871		2078		2		3
240.544		316.674		1984		2		3
245.392		342.352		2262		1		3
175.033		357.388		2100		1		3
173.139		369.743		1995		1		3
240.225		217.558		2122		2		3
143.359		301.247		2231		2		3
153.096		291.909		2239		2		3
265.667		310.667		2251		2		3
265.638		302.642		2140		2		3
Frame 46
233.38		320.001		1985		2		3
244.476		266.501		2027		2		3
254.777		216.822		2199		2		3
249.955		196.521		2216		2		3
227.662		242.529		2082		2		3
187.688		266.741		2090		2		3
154.026		293.529		2207		2		3
149.415		296.601		2224		2		3
278.335		239.392		2100		2		3
296.828		279.494		2101		2		3
289.244		310.361		0		1		3
278.356		312.06		2225		1		3
218.045		317.51		1978		2		3
158.186		333.178		2189		2		3
111.883		369.207		2077		2		3
103.554		370.367		2067		2		3
248.3		322.39		1985		2		3
257.446		348.51		2162		1		3
187.442		359.135		2071		1		3
185.925		371.409		1951		1		3
252.271		228.912		2127		2		3
147.511		302.701		2205		2		3
156.21		295.318		2245		2		3
275		317		2267		2		3
275.669		310.553		2188		2		3
Frame 47
235.956		326.249		1989		2		3
254.403		275.546		2045		2		3
270.961		227.996		2211		2		3
267.349		207.139		2203		2		3
241.644		251.697		2103		2		3
197.834		272.406		2108		2		3
166.1		287.98		2156		2		3
159.157		291.403		2156		2		3
291.803		251.551		2111		2		3
309.834		292.226		2132		2		3
296.207		322.017		0		2		3
288.123		322.541		2248		1		3
221.972		321.512		2001		2		3
177.12		320.461		2211		2		3
122.186		362.215		2095		2		3
119.19		374.765		2138		2		3
249.841		332.156		1999		2		3
247.627		360.981		2070		1		3
195.431		323.368		2158		2		3
188.044		330.46		2179		1		3
266.944		239.518		2130		2		3
153.462		301.907		2185		2		3
165.775		288.923		2154		2		3
286.505		326		2274		2		3
285.546		321.274		2244		2		3
Frame 48
248.951		342.791		1988		2		3
268.563		290.416		2047		2		3
286.644		242.155		2203		2		3
286.585		220.88		2200		2		3
256.457		262.374		2101		2		3
214.625		276.453		2086		2		3
178.378		285.955		2125		2		3
168.306		289.906		2128		2		3
308.735		269.659		2114		2		3
321.399		308.745		2173		2		3
307.937		336.623		2279		2		3
303.244		333.737		2243		1		3
236.401		338.165		1982		2		3
178.078		322.487		2230		2		3
127.878		357.878		2118		2		3
125.853		370.161		2210		2		3
261.449		347.4		2015		2		3
260.54		372.818		1954		1		3
208.695		338.193		2148		1		3
217.903		342.312		2103		2		3
282.253		253.854		2133		2		3
159.836		298.482		0		2		3
168.92		294.165		2130		2		3
309.087		338.125		2313		2		3
297.554		344.553		2224		2		3
Frame 49
267.018		354.831		2018		2		3
285.708		303.387		2043		2		3
302.845		256.13		2218		2		3
304.952		235.083		2204		2		3
272.075		273.629		2097		2		3
224.288		283.497		2079		2		3
186.717		287.645		2106		2		3
179.564		290.143		2102		2		3
322.169		284.813		2136		2		3
331.18		325.168		2199		2		3
329.895		365.011		1944		2		3
329.387		378.732		1902		1		3
251.539		349.253		1987		2		3
185.766		331.447		2216		2		3
138.721		365.005		2030		2		3
125.12		358.474		2120		2		3
282.33		360.34		2052		2		3
292.435		371.476		1922		1		3
242.743		341.402		1996		1		3
252.974		346.508		1987		2		3
298.69		267.564		2129		2		3
170.572		295.984		0		2		3
177.204		296.53		2090		2		3
335.074		382.409		1886		1		3
323.902		391.311		1843		1		3
Frame 50
265.057		354.808		1993		2		3
292.853		310.3		2066		2		3
318.87		268.62		2230		2		3
322.331		247.842		2204		2		3
292.322		287.095		2086		2		3
240.041		290.164		2071		2		3
201.227		291.876		2082		2		3
192.45		291.644		2092		2		3
338.64		297.593		2172		1		3
341.551		339.4		2205		2		3
340.476		379.165		1882		1		3
340.015		392.769		1836		1		3
253.076		348.908		1984		2		3
187.613		333.382		2196		1		3
136.081		360.83		2038		2		3
135.847		373.582		2149		2		3
276.733		360.626		2026		2		3
307.458		370.394		1911		1		3
255.031		339.26		2007		1		3
265.738		344.345		2001		1		3
312.516		278.779		2135		2		3
183.401		298.2		2108		2		3
190.353		297.285		2064		2		3
345.408		396.059		1837		1		3
334.798		405.454		1831		1		3
Frame 51
270.017		354.582		1968		2		3
303.734		316.099		2065		2		3
334.349		281.188		2235		2		3
345.406		263.717		2218		2		3
309.441		295.529		2086		2		3
257.333		292.493		2059		2		3
209.012		299.173		2051		2		3
205.302		295.479		2084		1		3
354.479		310.372		2203		1		3
352.008		341.194		2252		2		3
351.866		380.493		1860		1		3
351.709		394.241		1839		1		3
260.55		346.281		1977		2		3
194.619		329.843		2173		2		3
145.814		363.721		2256		2		3
147.128		376.391		1918		1		3
279.459		362.836		1998		2		3
298.567		382.52		1864		1		3
244.789		349.283		2018		1		3
255.51		354.849		1975		1		3
326.956		289.602		2125		2		3
204		296.495		0		2		3
205		296.5		2090		2		3
356.907		397.503		1832		1		3
346.704		407.08		1828		1		3
Frame 52
270.838		357.178		1962		2		3
312.353		322.021		2062		2		3
349.093		288.398		2261		2		3
361.319		271.738		2239		2		3
318.765		299.266		2093		2		3
266.86		295.044		2051		2		3
227.695		299.435		2071		2		3
224.696		295.202		2076		1		3
361.121		319.575		2169		2		3
341.159		348.78		2093		2		3
379.123		364.613		1931		2		3
389.491		367.631		1901		1		3
262.354		351.958		1959		2		3
178.077		350.441		2245		1		3
141.328		376.133		1975		1		3
137.793		360.373		2395		1		3
279.692		363.578		1975		2		3
298.737		383.076		1866		1		3
244.25		349.203		2119		1		3
254.986		354.784		2084		1		3
340.248		296.477		2128		2		3
221		297.996		2070		2		3
226.667		302.335		2018		2		3
402.002		373.815		1899		2		3
380.835		377.667		1858		2		3
Frame 53
278.964		355.81		1955		2		3
324.251		323.08		2048		2		3
364.646		293.867		2269		2		3
377.853		277.728		2260		2		3
342.788		305.732		2085		2		3
291.365		298.679		2060		2		3
238.985		298.711		2037		2		3
222.201		303.626		2117		1		3
377.136		325.126		2191		1		3
358.665		357.121		2011		2		3
379.773		366.03		1943		1		3
387.864		369.394		1910		1		3
271.742		349.044		1973		2		3
206.122		349.704		2208		1		3
144.841		296.852		2086		2		3
146.664		307.172		2126		2		3
286.699		362.576		1969		2		3
297.78		381.857		1868		1		3
244.06		347.679		2121		1		3
254.865		353.25		2085		1		3
354.941		300.875		2120		2		3
209.783		301.511		2132		2		3
223.562		308.379		2108		2		3
401.561		376.177		1869		1		3
378.303		380.459		1861		1		3
Frame 54
278.478		355.63		2001		2		3
328.538		324.752		2037		2		3
376.871		298.894		2274		2		3
392.488		285.422		2258		2		3
351.697		307.221		2086		2		3
300.491		298.472		2056		2		3
247.87		299.257		2118		2		3
231.073		300.775		2106		1		3
370.548		321.502		2094		2		3
352.816		358.421		1986		2		3
381.649		366.233		1967		1		3
392.572		369.107		1953		1		3
270.61		347.225		2052		2		3
205.161		347.265		2250		1		3
175.511		285.688		2101		2		3
159.986		281.628		2087		2		3
286.413		364.893		1977		2		3
298.135		380.368		1872		1		3
244.62		347.235		2138		1		3
255.477		352.809		2090		1		3
365.7		305.238		2105		2		3
218.745		298.486		2113		2		3
240.423		311.857		2100		2		3
406.254		375.841		1887		1		3
383.158		380.153		1913		1		3
Frame 55
286.602		347.442		1987		2		3
340.852		323.97		2041		2		3
388.543		303.358		2261		2		3
403.174		288.666		0		2		3
353.673		307.498		2075		2		3
302.211		297.598		2063		2		3
249.954		300.75		2085		1		3
235.216		299.528		2124		1		3
383.18		334.467		2119		2		3
351.933		359.479		1991		2		3
391.639		363.279		1985		2		3
387.971		358.431		2115		1		3
279.485		334.948		2013		2		3
212.316		332.509		2204		1		3
177.579		292.279		0		2		3
160.952		294.582		2074		2		3
293.964		360.33		1963		2		3
308.287		376.063		1885		1		3
256.022		344.432		2096		1		3
267.324		349.951		2062		1		3
377.177		308.281		2104		2		3
221.101		299.398		2135		2		3
239.756		311.25		2157		2		3
383.853		352.423		2141		2		3
394.331		360.661		2057		2		3
Frame 56
289.076		341.184		2018		2		3
345.955		324.318		2020		2		3
397.562		309.868		2250		2		3
411.523		294.345		0		2		3
377.97		313.562		2072		2		3
327.717		298.635		2064		2		3
274.99		299.034		2064		1		3
259.006		298.659		2089		1		3
386.095		332.959		2086		2		3
354.2		359.04		1997		2		3
394.271		361.897		2011		1		3
387.93		354.004		2096		1		3
284.323		329.402		2029		2		3
217.994		329.407		2170		1		3
191.152		287.439		3711		1		3
175.877		290.072		2139		2		3
294.211		352.78		1985		2		3
300.174		376.967		1881		1		3
244.936		332.062		2144		2		3
253.217		334.395		2112		1		3
385.373		313.36		2090		2		3
245.736		298.695		2123		2		3
263.657		310.156		2082		2		3
391		356.499		2139		2		3
396.695		359.724		2085		2		3
Frame 57
294.938		338.221		2022		2		3
353.14		325.011		2008		2		3
405.573		313.57		2254		2		3
415.798		295.312		0		2		3
386.602		317.648		2063		1		3
336.568		300.969		2075		2		3
289.525		304.991		2057		1		3
275.45		305.591		2069		1		3
389.821		329.92		2047		2		3
354.454		358.664		1979		2		3
394.374		361.524		2013		1		3
390.651		354.936		2080		1		3
290.702		323.28		2038		2		3
223.361		320.415		2111		1		3
188.887		279.722		0		1		3
176.024		288.475		2117		2		3
299.582		353.047		1977		2		3
310.549		377.156		1877		1		3
254.478		332.299		2114		2		3
258.967		343.72		2100		2		3
392.847		316.197		2081		2		3
261.438		305.581		2125		2		3
274.376		316.633		2084		2		3
398.667		350.667		2112		2		3
397.003		362.21		2003		2		3
Frame 58
301.856		331.924		2006		2		3
358.599		323.231		2007		2		3
409.074		314.197		2241		2		3
427.732		304.315		0		2		3
390.388		318.354		2056		1		3
339.726		301.891		2064		2		3
286.541		300.774		2066		1		3
271.241		298.162		2102		1		3
394.165		340.257		2039		2		3
364.422		359.696		1972		2		3
404.754		361.761		2039		1		3
395.877		351.814		2071		1		3
298.584		318.391		2022		2		3
231.241		320.896		2110		1		3
197.123		256.952		2046		1		3
192.634		248.3		2017		2		3
305.231		345.895		1975		2		3
319.754		366.782		1950		1		3
263.712		321.736		2120		1		3
268.777		332.591		2072		2		3
396.988		316.451		2065		2		3
256.8		294.008		2154		2		3
273.324		310.206		2125		2		3
402		349.666		2091		2		3
398.273		353.48		2081		2		3
Frame 59
302.979		330.387		2038		2		3
362.564		322.076		2016		2		3
417.53		315.043		2237		2		3
429.759		298.461		3318		2		3
399.538		319.338		2045		1		3
349.857		299.384		2053		2		3
296.827		289.202		2074		2		3
279.54		287.21		2105		1		3
400.288		332.793		2027		2		3
365.7		358.571		1965		2		3
405.304		361.237		2045		1		3
398.569		352.166		2054		1		3
299.897		316.892		2036		2		3
239.318		317.105		2109		2		3
203.852		252.821		2031		1		3
201.248		245.357		2010		2		3
306.186		344.272		1987		2		3
319.726		367.162		1949		1		3
256.821		332.233		2081		2		3
261.189		343.577		2080		2		3
404.23		316.639		2064		2		3
267.619		281.402		2137		2		3
276.362		297.09		2092		2		3
406.668		350.666		2093		2		3
398.8		357.396		2057		2		3
Frame 60
303.94		330.65		2054		2		3
365.61		322.47		2012		2		3
420.498		314.967		2228		2		3
436.398		301.888		0		2		3
402.751		319.278		2034		1		3
359.292		300.705		2044		2		3
305.067		292.818		2058		2		3
288.268		291.237		2105		1		3
390.098		341.985		1988		2		3
358.567		363.38		1924		2		3
405.454		361.448		2023		1		3
399.819		353.048		2041		1		3
302.943		319.542		2033		2		3
247.562		319.565		2113		1		3
211.829		254.825		2067		1		3
212.137		247.486		2035		2		3
306.514		343.518		2016		2		3
324.304		369.681		1947		1		3
260.839		334.01		2079		1		3
265.338		345.502		2119		2		3
407.454		316.763		2039		2		3
274.897		287.137		2136		2		3
287.166		301.485		2078		2		3
410.501		350		2083		2		3
396.683		360.755		2021		2		3
Frame 61
306.371		330.971		2033		2		3
369.045		322.458		2011		2		3
424.709		314.44		2217		2		3
435.469		296.992		0		2		3
407.349		318.727		2026		1		3
361.311		300.373		2036		1		3
310.568		292.045		2049		2		3
298.085		292.859		2077		1		3
391.512		343.564		1977		2		3
359.231		360.351		1920		2		3
406.632		359.427		2041		1		3
402.289		352.86		2019		1		3
305.216		320.517		2032		2		3
240.159		314.855		2111		2		3
204.888		250.946		2131		1		3
211.338		247.914		2025		2		3
308.085		342.536		2021		2		3
325.497		369.477		1943		1		3
262.042		333.751		2100		1		3
266.476		345.229		2111		2		3
411.435		316.415		2035		2		3
285.429		290.283		2111		2		3
290.998		300.832		2089		2		3
414.501		350.5		2081		2		3
399.919		361.128		2009		2		3
Frame 62
309.708		332.656		2030		2		3
371.594		322.517		2010		2		3
427.264		313.175		2216		2		3
438.571		296.328		3324		2		3
410.085		317.375		2023		1		3
364.276		298.792		2033		1		3
309.686		293.7		2047		2		3
296.296		295.504		2109		1		3
396.039		352.969		1980		2		3
361.896		357.495		1947		2		3
410.728		359.102		2036		1		3
406.423		351.9		2010		1		3
307.508		321.265		2036		2		3
240.482		314.935		2124		1		3
205.231		251.062		2199		1		3
215.567		246.517		2043		2		3
311.856		344.59		2012		2		3
333.468		372.525		1925		1		3
268.437		336.986		2106		2		3
272.956		348.51		2097		2		3
413.945		315.516		2028		2		3
288.771		293.912		2115		2		3
295.643		303.481		2095		2		3
419		351		2077		2		3
398.496		361.649		2000		2		3
Frame 63
310.133		332.775		2043		2		3
372.06		322.491		2019		2		3
427.621		313.028		2147		2		3
439.332		296.116		0		2		3
410.135		317.396		2020		1		3
364.343		298.822		2029		1		3
318.77		299.547		2016		2		3
307.625		300.961		2027		1		3
400.275		347.232		1975		2		3
367.016		357.454		1928		2		3
413.056		358.421		2020		1		3
409.84		350.886		2006		1		3
308.089		321.475		2040		2		3
241.841		315.205		2139		1		3
206.615		251.383		2167		1		3
216.104		249.715		2054		2		3
312.184		344.539		2027		2		3
329.069		371.199		1931		1		3
264.511		335.947		2133		1		3
268.81		347.384		2123		2		3
414.34		315.385		2012		2		3
299.099		300.419		2091		2		3
306.645		311.128		2057		2		3
421.125		349.752		2062		2		3
406.763		358.21		2009		2		3
Frame 64
310.532		329.211		2052		2		3
373.201		320.399		2023		2		3
430.881		310.322		2209		2		3
439.561		294.572		0		2		3
412.312		315.514		2009		1		3
366.329		296.887		2040		1		3
318.916		300.458		2017		2		3
307.503		303.3		2031		1		3
402.479		344.821		1971		2		3
369.459		358.357		1930		2		3
415.321		358.773		2016		1		3
410.908		352.851		1989		1		3
309.354		318.592		2041		2		3
245.409		319.574		2153		1		3
226.184		263.975		2100		2		3
228.532		273.349		2107		2		3
311.785		339.941		2062		2		3
319.114		358.379		1993		1		3
255.404		329.14		2140		2		3
258.627		340.287		2172		2		3
416.856		312.922		2011		2		3
299.171		302.462		2101		2		3
308.487		312.929		2024		2		3
422.715		349.429		2037		2		3
405.004		363.812		1987		2		3
Frame 65
312.37		330.071		2045		2		3
374.737		320.05		2012		2		3
432.373		309.881		2207		2		3
439.601		292.151		0		2		3
414.205		314.877		2006		1		3
368.177		296.206		0		1		3
316.519		305.12		2008		2		3
304.441		307.934		2036		1		3
406.573		341.332		1966		2		3
377.318		365.656		1897		2		3
423.308		363.019		1998		1		3
416.986		352.641		1998		1		3
311.137		319.287		2041		2		3
250.994		317.549		0		1		3
230.912		260.448		6042		1		3
217.04		264.795		2181		2		3
313.521		341.031		2065		2		3
307.22		363.627		2043		1		3
249.086		330.063		2143		2		3
251.714		341.432		2175		2		3
418.384		312.473		2013		2		3
294.799		305.497		2102		2		3
308.666		319.284		2050		2		3
426.5		350.5		2055		2		3
414.5		359		2018		2		3
Frame 66
319.693		332.403		2019		2		3
378.71		321.063		1989		2		3
433.801		310.336		2190		2		3
439.763		291.604		0		1		3
429.255		327.057		1994		2		3
383.311		308.634		2015		1		3
327.723		307.266		2009		1		3
313.512		310.254		2012		1		3
409.191		342.421		1965		2		3
378.462		364.689		1899		2		3
430.439		398.615		1798		2		3
444.582		397.901		1789		2		3
321.394		324.414		2025		2		3
265.085		322.556		2820		1		3
198.458		319.818		2181		2		3
199.763		331.013		2436		1		3
317.562		341.048		2069		2		3
307.391		363.389		2047		1		3
245.463		335.897		2163		2		3
248.269		347.602		2199		2		3
420.371		313.011		2007		2		3
305.602		310.626		2063		2		3
314.331		318.735		1990		2		3
460.152		395.802		1790		2		3
438.079		406.292		1745		2		3
Frame 67
320.595		331.97		2022		2		3
380.704		320.813		1981		2		3
435.914		310.346		2193		2		3
440.947		290.962		0		1		3
423.037		317.69		2003		2		3
376.959		299.044		3359		1		3
322.78		309.24		2017		1		3
309.776		314.745		2021		1		3
410.62		343.343		1960		2		3
379.135		363.976		1902		2		3
435.697		383.648		1867		1		3
453.307		395.487		1789		2		3
322.134		322.415		2020		2		3
265.414		319.474		2868		1		3
218.736		293.184		2152		2		3
205.479		292.412		2134		2		3
321.464		340.636		2060		2		3
308.352		363.984		2024		1		3
244.586		341.521		2166		2		3
247.199		353.052		2156		1		3
422.633		312.951		2003		2		3
301.938		314.195		2100		2		3
314.074		325.336		2009		2		3
467.006		394.12		1796		2		3
449.018		402.464		1761		2		3
Frame 68
321.331		332.243		2018		2		3
381.094		320.679		1988		2		3
436.157		309.728		2198		2		3
441.142		290.186		0		1		3
423.035		317.717		2007		2		3
376.955		299.071		3367		1		3
322.832		309.574		2036		1		3
310.38		316.93		2044		1		3
411.164		343.565		1968		2		3
384.671		373.477		1943		1		3
430.27		398.436		1795		2		3
445.298		398.471		1785		2		3
322.347		322.704		1998		2		3
271.627		314.424		2143		2		3
214.627		306.576		2165		2		3
216.218		317.021		2170		2		3
322.02		341.129		2042		2		3
308.078		365.284		2023		1		3
244.709		342.66		2191		1		3
247.293		354.187		2156		1		3
422.9		312.502		2015		2		3
302.821		318.246		2087		2		3
312.055		323.738		2010		2		3
461.254		396.183		1770		2		3
443.616		406.227		1747		2		3
Frame 69
321.215		331.917		2013		2		3
381.192		320.302		1990		2		3
436.408		309.223		2204		2		3
441.332		289.623		0		1		3
421.099		319.28		2006		2		3
374.885		300.598		2072		1		3
320.79		311.761		2041		1		3
309.07		318.932		2059		1		3
411.427		343.438		1975		2		3
379.6		363.436		1909		2		3
406.636		403.484		1769		2		3
419.967		399.084		1790		2		3
321.238		319.219		2019		2		3
271.498		321.502		2138		2		3
208.836		320.474		2182		2		3
210.227		331.316		0		2		3
321.373		342.448		2037		2		3
309.313		366.029		2036		1		3
245.764		343.296		2208		1		3
248.38		354.873		2160		1		3
423.12		312.003		2011		2		3
300.695		318.782		2099		2		3
313.776		326.723		2032		2		3
434.202		405.699		1747		2		3
425.794		405.431		1780		2		3
Frame 70
320.701		330.22		2016		2		3
381.178		319.641		2001		2		3
436.607		308.963		2203		2		3
441.509		289.324		0		1		3
421.629		319.209		1997		2		3
375.49		300.558		2051		1		3
321.453		311.725		2044		1		3
310.03		319.231		2059		1		3
411.672		343.41		1975		2		3
379.74		363.152		1923		2		3
430.786		399.039		1791		2		3
444.956		398.698		1791		2		3
320.92		319.51		2031		2		3
262.664		332.08		2149		2		3
209.984		332.445		2196		1		3
211.198		343.612		2198		1		3
320.734		338.036		2012		2		3
309.437		365.831		2023		1		3
245.777		343.043		2192		1		3
259.118		345.325		2181		2		3
423.266		311.689		2015		2		3
302.047		321.736		2091		2		3
309.09		326.884		2057		2		3
460.653		396.344		1787		2		3
447.938		406.068		1737		2		3
Frame 71
320.896		330.314		2013		2		3
381.183		319.646		2006		2		3
436.47		309.01		2198		2		3
441.33		289.296		0		1		3
428.324		328.7		2002		2		3
382.558		310.376		2020		1		3
328.51		321.564		2021		1		3
315.223		324.314		2046		1		3
411.882		343.249		1979		2		3
379.978		362.822		1919		2		3
430.88		398.822		1799		2		3
446.154		397.924		1787		2		3
322.006		322.765		2035		2		3
275.428		337.038		2143		2		3
206.604		333.18		2225		2		3
196.779		333.242		2209		2		3
320.837		337.753		2013		2		3
312.953		369.496		2019		1		3
248.594		346.568		2169		1		3
261.784		348.878		2161		1		3
423.191		311.711		2022		2		3
304.499		328.499		2062		2		3
320.838		336.417		2008		2		3
460.427		397.459		1783		2		3
445.501		406.499		1751		2		3
Frame 72
319.787		331.31		2011		2		3
380.966		321.401		2015		2		3
437.324		312.81		2179		2		3
441.959		292.05		0		2		3
419.87		317.838		2001		2		3
373.837		299.206		0		1		3
320.001		310.33		2069		1		3
309.492		318.382		2075		1		3
411.952		343.713		1984		2		3
376.443		359.081		1917		2		3
427.855		396.686		1803		2		3
443.792		398.409		1789		2		3
318.737		321.964		2039		2		3
260.011		334.55		2164		2		3
207.771		336.31		2186		2		3
208.878		347.661		2177		1		3
320.119		343.96		2006		2		3
328.344		369.886		1946		1		3
263.247		346.636		2180		1		3
275.522		346.37		2135		1		3
423.696		314.837		2018		2		3
301.832		323.162		2095		2		3
313.697		326.2		2045		2		3
457.974		397.514		1784		2		3
441.226		406.484		1746		2		3
Frame 73
316.744		330.39		2020		2		3
379.917		321.188		2025		2		3
436.979		312.645		2181		2		3
442.263		292.016		0		1		3
418.561		318.846		2010		2		3
372.444		300.192		2078		1		3
318.548		311.327		2067		1		3
308.151		318.918		2079		1		3
410.477		342.953		1991		2		3
376.154		359.158		1927		2		3
427.419		396.965		1810		2		3
443.335		397.734		1783		2		3
315.158		319.183		2055		2		3
259.412		334.206		2171		2		3
207.064		335.211		2174		2		3
208.165		346.532		2188		1		3
317.949		342.938		2028		2		3
327.991		369.134		1944		1		3
262.772		345.811		2181		1		3
275.219		346.18		2155		1		3
423.282		314.702		2021		2		3
300.888		324.44		2087		2		3
313.162		327.14		2041		2		3
457.103		398.012		1780		2		3
441.614		405.847		1754		2		3
Frame 74
316.622		328.571		2015		2		3
379.55		320.677		2037		2		3
436.534		312.5		2175		2		3
442.752		292.077		0		2		3
418.666		318.735		2007		2		3
372.567		300.087		2091		1		3
318.688		311.219		2062		1		3
307.326		318.026		2076		1		3
408.863		341.405		1979		2		3
374.621		359.144		1929		2		3
426.254		396.361		1798		2		3
441.286		396.839		1792		2		3
315.679		316.375		2056		2		3
258.466		333.317		2168		2		3
203.908		332.313		2181		2		3
205.11		343.517		2193		2		3
317.634		341.075		2019		2		3
327.845		368.769		1957		1		3
262.487		345.382		2180		1		3
275.261		346.236		2158		1		3
422.921		314.533		2024		2		3
299.68		322.298		2098		2		3
310.738		327.751		2052		2		3
456.28		395.436		1807		2		3
442.937		402.649		1789		2		3
Frame 75
317.766		328.799		2013		2		3
379.469		320.165		2042		2		3
435.669		311.794		2175		2		3
442.74		291.558		0		1		3
418.069		318.824		2013		2		3
371.942		300.165		2093		1		3
318.053		311.299		2064		1		3
306.356		317.859		2074		1		3
408.746		341.249		1990		2		3
374.499		359.128		1938		2		3
426.221		396.172		1807		2		3
442.298		397.536		1798		2		3
316.264		315.648		2055		2		3
258.117		332.602		2166		2		3
202.753		331.258		2184		2		3
204.312		342.368		2196		2		3
318.972		342.039		2000		2		3
327.524		368.181		1950		1		3
262.062		344.734		2185		1		3
275.213		346.256		2149		1		3
422.287		313.933		2029		2		3
299.046		321.733		2098		2		3
308.232		327.451		2058		2		3
456.067		397.488		1789		2		3
442.457		405.911		1750		2		3
Frame 76
317.908		329.881		2008		2		3
379.331		320.434		2041		2		3
435.089		311.642		2161		2		3
440.135		290.754		0		2		3
418.161		318.635		2006		2		3
372.056		299.982		3345		1		3
318.19		311.111		2064		1		3
306.276		317.538		2072		1		3
408.639		341.146		1984		2		3
373.891		359.096		1938		2		3
425.863		395.642		1805		2		3
442.53		396.945		1790		2		3
316.198		316.86		2054		2		3
257.849		332.246		2164		2		3
202.051		330.511		2189		2		3
203.691		341.568		2195		2		3
319.42		343.11		2007		2		3
327.394		368.947		1945		1		3
261.844		345.501		2182		1		3
275.201		347.396		2145		1		3
421.84		313.87		2028		2		3
299.177		321.752		2097		2		3
309.772		327.273		2051		2		3
455.953		397.276		1794		2		3
451.265		402.347		1774		2		3
Frame 77
311.609		328.994		2038		2		3
376.031		319.666		2042		2		3
432.737		310.344		2187		2		3
442.214		292.28		0		2		3
417.337		317.483		2009		1		3
371.13		298.771		3346		1		3
317.193		309.915		2075		1		3
305.956		316.84		2076		1		3
406.486		341.695		1980		2		3
373.266		359.406		1943		2		3
332.079		358.957		1947		2		3
327.698		358.391		1967		1		3
309.541		317.149		2074		2		3
257.637		332.129		2162		2		3
202.099		330.282		2196		2		3
202.89		341.483		2199		2		3
314.31		341.271		2038		2		3
312.702		366.137		2002		1		3
248.114		343.039		2190		1		3
261.616		345.616		2173		1		3
419.175		312.719		2034		2		3
297.997		319.988		2105		2		3
308.615		326.544		2058		2		3
322.428		360.569		1969		2		3
329.327		349.136		1952		2		3
Frame 78
318.866		333.759		1992		2		3
376.798		320.694		2039		2		3
432.313		310.552		2182		2		3
440.923		291.905		0		2		3
423.705		325.768		2014		2		3
377.772		307.311		2038		1		3
323.781		318.473		2049		1		3
310.708		321.621		2052		1		3
406.747		340.966		1992		2		3
373.087		358.814		1934		2		3
332.076		358.504		1939		1		3
327.902		357.307		1966		1		3
317.617		324.176		2026		2		3
258.078		332.47		2167		2		3
201.958		330.471		2195		2		3
203.83		342.201		2187		2		3
320.08		343.463		1986		2		3
327.421		373.529		1946		1		3
261.479		350.139		2171		1		3
245.872		345.971		2184		2		3
418.982		312.965		2023		2		3
303.429		324.173		2081		2		3
314.736		334.071		2019		2		3
320.333		359.666		1969		2		3
329.435		348.144		1947		2		3
Frame 79
318.425		335.151		1990		2		3
376.788		321.276		2039		2		3
431.394		310.091		2180		2		3
436.325		289.65		0		2		3
423.954		325.602		2016		2		3
378.11		307.178		2047		1		3
324.213		318.321		2052		1		3
310.981		321.347		2049		1		3
406.601		340.908		1994		2		3
356.809		357.624		1949		2		3
316.106		357.469		1991		1		3
310.723		359.539		2004		1		3
316.917		326.953		2022		2		3
258.064		332.504		2168		2		3
203.087		331.66		2198		2		3
205.111		343.394		2184		2		3
319.857		343.947		1991		2		3
327.397		373.817		1944		1		3
261.434		350.433		2174		1		3
245.837		346.206		2183		2		3
418.48		312.841		2035		2		3
303.824		323.358		2075		2		3
314.74		334.025		2015		2		3
308		358.498		2020		2		3
311		355.5		2025		2		3
Frame 80
314.203		330.573		2010		2		3
376.223		320.181		2048		2		3
431.412		309.211		2186		2		3
434.419		288.219		0		2		3
424.052		325.524		2022		2		3
378.249		307.116		2041		1		3
324.396		318.25		2046		1		3
311.35		321.422		2055		1		3
406.78		340.946		1989		2		3
357.873		359.513		1955		2		3
317.031		358.843		1987		1		3
310.859		359.936		2007		1		3
311.442		321.218		2055		2		3
258.057		332.501		2164		2		3
203.853		332.31		2192		2		3
205.312		343.791		2175		2		3
316.803		340.078		1992		2		3
327.674		372.112		1940		1		3
261.708		348.65		2175		1		3
246.057		344.812		2192		2		3
418.311		311.961		2042		2		3
303.961		323.154		2083		2		3
314.674		333.938		2010		2		3
308		360.995		2015		2		3
310.868		355.963		2018		2		3
Frame 81
311.636		331.007		2032		2		3
374.547		319.553		2029		2		3
431.025		308.613		2195		2		3
434.44		288.074		0		2		3
423.91		325.453		2018		1		3
378.108		307.044		2049		1		3
324.264		318.176		2051		1		3
311.043		321.315		2060		1		3
405.442		341.159		1988		2		3
359.53		359.506		1958		2		3
335.269		307.393		2051		2		3
330.89		301.841		2060		1		3
309.813		323.121		2056		2		3
258.069		332.552		2163		2		3
204.97		332.692		2186		2		3
206.023		344.16		2177		2		3
313.305		338.91		2027		2		3
313.623		369.224		1992		1		3
248.667		346.109		2180		1		3
251.208		358.323		2154		1		3
417.676		311.38		2036		2		3
304.056		323.894		2084		2		3
315.761		334.042		2015		2		3
326.237		300.756		0		2		3
338.425		300.426		2076		2		3
Frame 82
309.907		330.922		2044		2		3
372.96		319.165		2021		2		3
430.803		308.319		2193		2		3
434.514		287.938		0		2		3
423.722		325.369		2020		1		3
377.944		306.968		2045		1		3
324.137		318.092		2043		1		3
310.957		321.321		2057		1		3
404.895		341.231		1992		1		3
371.901		357.551		1926		2		3
336.421		308.925		2040		2		3
328.366		303.513		2067		1		3
308.702		324.119		2058		2		3
258.057		332.585		2161		2		3
205.428		332.842		2184		2		3
206.08		344.264		2179		2		3
311.092		337.898		2039		2		3
300.32		362.958		2052		1		3
236.747		340.223		2166		1		3
238.426		351.865		2172		1		3
417.141		311.01		2035		2		3
303.823		323.353		2086		2		3
314.597		333.941		2013		2		3
314.997		306.501		2116		2		3
333.576		299.884		2073		2		3
Frame 83
309.826		330.138		2047		2		3
372.704		318.681		2019		2		3
430.736		307.998		2204		2		3
434.068		287.651		0		2		3
423.748		325.303		2012		1		3
377.983		306.906		2054		1		3
324.191		318.027		2041		1		3
311.026		321.256		2051		1		3
405.08		341.099		1991		1		3
371.949		357.566		1920		2		3
336.44		308.962		2041		2		3
328.228		303.533		2067		1		3
308.749		323.577		2057		2		3
258.059		332.592		2155		2		3
205.51		332.856		2183		2		3
206.055		344.214		2177		2		3
310.863		336.818		2037		2		3
300.298		362.935		2068		1		3
236.738		341.956		2174		2		3
238.327		353.674		2166		1		3
416.954		310.648		2035		2		3
303.937		323.647		2079		2		3
314.844		333.988		2013		2		3
315.497		306.002		2107		2		3
333.333		299.221		2087		2		3
Frame 84
310.337		329.538		2050		2		3
372.811		318.326		2018		2		3
430.746		307.759		2206		2		3
433.734		287.635		0		2		3
423.861		325.255		2019		1		3
378.121		306.868		2056		1		3
324.354		317.984		2053		1		3
311.592		321.659		2058		1		3
410.452		334.618		1995		2		3
373.222		357.027		1925		2		3
336.756		309.199		2048		2		3
328.702		303.569		2071		1		3
309.456		323.426		2060		2		3
258.336		332.662		2157		2		3
205.789		332.948		2182		2		3
206.147		344.377		2184		2		3
311.275		335.552		2041		2		3
300.309		362.948		2054		1		3
236.754		342.098		2185		1		3
238.147		353.891		2170		1		3
416.923		310.376		2032		2		3
304.181		324.062		2078		2		3
316.191		333.973		2012		2		3
314.756		306.401		2109		2		3
331.667		298.666		0		2		3
Frame 85
311.129		331.66		2039		2		3
373.016		318.91		2023		2		3
430.783		307.688		2202		2		3
433.185		287.567		0		2		3
423.97		325.278		2014		1		3
378.247		306.898		2049		1		3
324.495		318.011		2049		1		3
311.639		321.6		2057		1		3
411.845		332.749		1994		2		3
373.192		357.017		1924		2		3
336.814		309.13		2047		2		3
328.637		303.693		2087		1		3
310.83		328.37		2055		2		3
258.288		332.728		2161		2		3
205.934		332.968		2183		2		3
206.305		344.292		2184		2		3
311.633		336.106		2039		2		3
300.295		365.769		2068		1		3
236.801		345.567		2189		1		3
238.213		357.374		2129		1		3
416.945		310.383		2036		2		3
304.412		324.391		2085		2		3
316.272		333.888		2015		2		3
314.39		306.175		2110		2		3
331.19		299.604		2096		2		3
Frame 86
311.536		332.286		2034		2		3
373.146		319.143		2026		2		3
430.784		307.562		2205		2		3
432.595		287.499		0		2		3
424.015		325.256		2021		1		3
378.301		306.879		2055		1		3
324.556		317.991		2056		1		3
311.701		321.601		2058		1		3
412.956		330.662		2000		2		3
373.197		357.029		1929		2		3
336.714		309.232		2046		2		3
328.51		303.665		2078		1		3
311.154		329.117		2043		2		3
258.272		332.784		2164		2		3
205.928		333.018		2184		2		3
206.574		344.674		2183		2		3
311.96		336.23		2039		2		3
300.555		366.292		2050		1		3
237.079		346.162		2184		1		3
238.751		358.314		2121		1		3
416.942		310.338		2036		2		3
304.528		324.721		2087		2		3
315.65		334		2020		2		3
314.631		306.379		2113		2		3
329.422		300.146		2088		2		3
Frame 87
311.58		332.263		2036		2		3
373.147		319.157		2027		2		3
430.752		307.433		2204		2		3
432.442		287.587		0		2		3
424.053		325.241		2026		1		3
378.349		306.869		2057		1		3
324.616		317.978		2064		1		3
311.792		321.702		2062		1		3
413.184		330.204		2002		2		3
382.553		359.62		1945		2		3
342.647		315.498		2053		2		3
331.018		307.218		2054		1		3
311.202		329.151		2041		2		3
258.222		332.789		2168		2		3
205.871		333.033		2177		2		3
206.59		344.88		2182		2		3
312		336.014		2036		2		3
299.947		365.598		2051		1		3
236.592		345.562		2188		1		3
238.305		357.859		2128		1		3
416.89		310.251		2041		2		3
304.501		324.201		2082		2		3
315.875		334.024		2014		2		3
321.178		306.167		2100		2		3
337.433		300.033		2084		2		3
Frame 88
311.628		332.474		2038		2		3
373.182		319.296		2024		2		3
430.767		307.379		2207		2		3
432.44		287.522		0		2		3
424.106		325.247		2030		1		3
378.409		306.878		2055		1		3
324.682		317.986		2056		1		3
311.779		321.632		2066		1		3
413.285		330.051		2000		2		3
387.851		360.895		1975		2		3
341.682		359.996		1926		2		3
329.514		356.144		1955		1		3
311.223		329.356		2044		2		3
258.192		332.83		2169		2		3
205.854		332.973		2187		2		3
206.633		344.981		2189		2		3
312.052		336.093		2036		2		3
300.023		365.786		2056		1		3
236.681		345.765		2194		1		3
238.444		358.229		2125		1		3
416.894		310.243		2041		2		3
304.355		323.932		2092		2		3
315.247		333.949		2026		2		3
316.999		354.997		2007		2		3
326.816		347.031		1973		2		3
Frame 89
314.179		329.915		2036		2		3
373.283		318.209		2031		2		3
429.119		306.126		2209		2		3
435.661		287.402		0		2		3
424.376		314.5		2055		2		3
380.355		296.65		0		1		3
328.703		307.331		2072		1		3
312.382		314.413		2078		1		3
409.807		343.694		2009		2		3
373.763		358.888		1933		2		3
322.454		362.054		1959		1		3
304.615		363.086		2042		1		3
314.362		320.738		2069		2		3
258.116		332.825		2172		2		3
205.771		332.947		2184		2		3
205.817		346.862		2206		1		3
314.753		336.237		2025		2		3
300.676		364.145		2060		1		3
237.346		344.081		2191		1		3
238.19		358.348		2113		1		3
415.766		309.128		2036		2		3
299.848		318.497		2123		2		3
320.863		322.043		2027		2		3
292.205		361.695		2076		1		3
302.019		353.488		2053		1		3
Frame 90
314.187		329.248		2030		2		3
373.334		317.992		2030		2		3
429.08		306.13		2205		2		3
435.664		287.415		0		2		3
424.635		314.801		2060		1		3
380.6		296.951		0		1		3
343.526		304.471		2067		2		3
331.886		309.958		2061		1		3
414.91		323.091		2009		2		3
390.47		356.385		1984		2		3
351.027		360.259		1953		1		3
335.957		357.018		1933		1		3
313.416		323.454		2057		2		3
258.109		332.815		2171		2		3
205.758		332.953		2194		2		3
206.228		346.076		2198		2		3
315.529		332.21		2026		2		3
314.952		363.386		1990		1		3
250.752		342.881		2201		1		3
235.208		339.834		2175		2		3
415.736		309.112		2037		2		3
318.913		315.235		2069		2		3
340.686		319.367		2027		2		3
328.2		364.798		1937		2		3
335.232		348.472		1943		2		3
Frame 91
315.758		331.165		2028		2		3
373.923		318.096		2032		2		3
429.061		306.04		2207		2		3
435.615		287.326		0		2		3
424.233		312.041		2066		2		3
380.314		294.2		3433		1		3
337.915		301.6		2083		2		3
326.021		308.949		2076		1		3
420.074		329.352		2008		2		3
390.483		358.066		1989		2		3
351.058		362.043		1951		1		3
335.538		357.733		1937		1		3
313.089		323.818		2061		2		3
255.339		336.696		2176		1		3
203.065		332.655		2196		2		3
203.381		347.224		2206		1		3
320.128		340.206		1993		2		3
327.993		368.901		1945		1		3
263.323		348.393		2172		1		3
247.62		344.641		2185		2		3
415.754		309.07		2038		2		3
312.156		312.065		2089		2		3
332.811		316.475		2055		2		3
326.625		363.625		1939		2		3
336.104		349.07		1939		2		3
Frame 92
315.524		331.159		2034		2		3
373.952		318.094		2041		2		3
429.112		305.984		2216		2		3
435.552		287.328		0		2		3
424.25		312.059		2065		1		3
380.327		294.216		3448		1		3
337.734		302.176		2075		1		3
325.154		309.251		2079		1		3
417.329		325.538		2013		2		3
393.066		358.39		1988		2		3
353.889		362.404		1945		1		3
337.045		358.037		1933		1		3
313.09		325.232		2054		2		3
256.931		333.916		2173		2		3
204.546		332.781		2188		2		3
204.873		346.535		2208		1		3
317.777		336.355		2003		2		3
312.867		368.544		2014		1		3
248.548		348.28		2180		1		3
233.266		343.735		2205		2		3
415.791		309.032		2040		2		3
311.236		312.189		2090		2		3
332.132		317.303		2048		2		3
328.082		363.583		1935		2		3
337.447		350.217		1936		2		3
Frame 93
313.16		331.003		2034		2		3
373.681		318.166		2036		2		3
429.157		306.009		2205		2		3
434.968		287.024		0		2		3
424.143		312.828		2065		2		3
380.186		294.982		3441		1		3
337.853		302.055		2076		2		3
325.846		308.9		2078		1		3
417.121		325.681		2004		2		3
393.192		358.327		1986		2		3
354.02		362.339		1949		1		3
336.824		357.739		1939		1		3
311.979		326.504		2056		2		3
257.024		333.701		2178		2		3
204.639		332.775		2194		2		3
204.944		346.337		2208		2		3
313.873		334.254		2032		2		3
304.616		367.206		2045		1		3
241.143		347.234		2177		1		3
241.411		360.916		2114		1		3
415.794		309.044		2040		2		3
312.144		311.762		2088		2		3
332.957		316.73		2058		2		3
327.167		362.833		1942		2		3
337.118		349.859		1937		2		3
Frame 94
313.378		330.861		2038		2		3
373.704		318.153		2038		2		3
429.214		306.017		2202		2		3
433.961		286.637		0		2		3
424.139		313.149		2058		1		3
380.162		295.299		3441		1		3
339.801		302.312		2078		2		3
327.992		308.769		2077		1		3
417.197		325.733		2014		2		3
393.633		358.499		1989		2		3
354.513		362.525		1951		1		3
337.452		358.25		1932		1		3
311.961		326.343		2054		2		3
257.054		333.642		2175		2		3
204.672		332.702		2188		2		3
204.987		346.248		2207		2		3
315.525		335.007		2029		2		3
315.203		367.825		1979		1		3
250.866		347.494		2185		1		3
235.475		343.307		2196		2		3
415.831		309.043		2043		2		3
313.748		311.837		2090		2		3
333.794		317.188		2049		2		3
328.59		362.768		1941		2		3
337.141		349.74		1940		2		3
Frame 95
313.457		330.588		2041		2		3
373.677		318.082		2038		2		3
429.243		306.013		2209		2		3
433.642		286.578		0		2		3
424.104		313.051		2060		2		3
380.132		295.201		0		1		3
338.992		302.018		2072		2		3
326.877		308.643		2084		1		3
417.237		325.794		2011		2		3
393.553		358.218		1988		2		3
354.408		362.227		1949		1		3
337.494		358.189		1932		1		3
312.023		325.26		2048		2		3
257.118		333.387		2181		2		3
204.73		332.711		2191		2		3
205.036		346.27		2197		2		3
315.48		335.135		2025		2		3
304.1		366.668		2041		1		3
240.663		346.687		2189		1		3
240.932		360.356		2105		1		3
415.84		309.037		2038		2		3
312.823		311.724		2090		2		3
333.958		316.346		2063		2		3
328.786		361.639		1950		2		3
341.881		350.002		1939		2		3
Frame 96
312.635		329.104		2047		2		3
373.393		317.794		2033		2		3
429.282		306.057		2203		2		3
433.368		286.594		0		2		3
424.103		313.095		2050		1		3
380.128		295.245		3452		1		3
338.889		301.974		2082		2		3
326.934		308.551		2082		1		3
417.277		325.866		2005		2		3
392.579		356.952		1993		2		3
353.321		360.877		1957		1		3
336.752		357.156		1934		1		3
311.335		323.509		2070		2		3
257.2		333.279		2172		2		3
204.826		332.66		2198		2		3
205.135		346.23		2203		2		3
314.34		334.274		2035		2		3
302.526		363.964		2052		1		3
237.547		341.371		2199		2		3
237.811		354.526		2160		1		3
415.839		309.037		2045		2		3
312.712		311.554		2096		2		3
333.297		316.693		2061		2		3
327.333		362.999		1939		2		3
336.745		348.126		1938		2		3
Frame 97
312.597		329.26		2043		2		3
373.397		317.808		2034		2		3
429.406		306.123		2206		2		3
432.977		286.544		0		2		3
424.142		313.094		2049		2		3
380.167		295.244		3482		1		3
338.869		301.876		2082		1		3
326.977		308.526		2081		1		3
416.15		324.982		2013		2		3
394.535		358.543		1989		2		3
356.06		361.687		1951		1		3
338.057		357.25		1934		1		3
311.094		324.254		2067		2		3
257.296		333.241		2178		2		3
204.923		332.672		2197		2		3
205.281		346.071		2203		2		3
314.379		334.032		2032		2		3
314.392		366.881		1985		1		3
247.653		344.578		2188		1		3
247.92		357.872		2152		1		3
415.903		309.073		2037		2		3
312.996		311.173		2094		2		3
333.374		316.588		2059		2		3
329.609		360.083		1933		2		3
344.481		348.738		1946		2		3
Frame 98
315.408		329.854		2034		2		3
373.635		317.637		2032		2		3
428.922		305.816		2210		2		3
432.208		286.351		0		2		3
424.596		312.883		2066		2		3
380.677		295.053		0		1		3
338.498		301.708		2076		2		3
326.223		308.704		2082		1		3
416.136		324.98		2007		2		3
394.711		358.738		1992		2		3
356.197		361.994		1957		1		3
338.206		357.155		1937		1		3
312.738		325.512		2049		2		3
257.34		333.202		2178		2		3
204.971		332.656		2196		2		3
205.356		346.081		2199		2		3
318.338		334.12		2005		2		3
328.595		367.465		1939		1		3
260.839		344.853		2191		1		3
261.117		358.386		2166		1		3
415.654		308.845		2050		2		3
312.213		311.466		2093		2		3
333.205		316.619		2053		2		3
330.131		358.733		1944		2		3
342.742		348.866		1941		2		3
Frame 99
315.99		330.868		2032		2		3
373.919		317.832		2034		2		3
428.826		305.752		2215		2		3
432.447		286.341		0		2		3
424.455		311.458		2072		2		3
380.608		293.639		3475		1		3
337.193		299.92		2108		1		3
325.453		307.929		2086		1		3
416.573		325.119		2009		2		3
392.289		357.243		1987		2		3
353.034		361.181		1955		1		3
336.265		357.711		1936		1		3
312.973		325.794		2057		2		3
257.573		333.082		2183		2		3
205.213		332.61		2194		2		3
205.565		346.249		2195		2		3
319.487		336.643		2003		2		3
271.578		341.478		2186		2		3
203.597		318.67		3056		1		3
203.94		332.515		2199		2		3
415.636		308.829		2043		2		3
311.173		309.579		2111		2		3
331.803		314.476		2075		2		3
326.999		362.499		1938		2		3
336.46		348.903		1940		2		3
Frame 100
317.32		330.474		2026		2		3
374.921		317.727		2036		2		3
428.915		305.755		2215		2		3
432.384		286.309		0		2		3
424.352		311.653		2067		2		3
380.485		293.829		3508		1		3
336.474		300.338		2097		1		3
325.182		308.497		2083		1		3
416.589		325.061		2011		2		3
394.202		358.23		1992		2		3
355.077		362.248		1945		1		3
337.772		357.991		1934		1		3
314.155		325.422		2049		2		3
257.578		333.064		2176		2		3
205.221		332.619		2193		2		3
205.59		346.256		2205		2		3
320.814		335.981		2000		2		3
278.187		347.847		2142		2		3
210.201		325.034		2222		1		3
197.298		329.954		2216		2		3
415.833		308.807		2052		2		3
311.115		310.286		2099		2		3
330.836		315.332		2069		2		3
328.889		358.555		1952		2		3
342.744		349.741		1933		2		3
Frame 101
317.793		330.365		2033		2		3
375.279		317.699		2035		2		3
428.943		305.757		2206		2		3
432.789		286.499		0		2		3
424.002		312.445		2061		2		3
380.086		294.61		3465		1		3
335.615		301.273		2086		1		3
323.988		309.211		2084		1		3
416.572		325.032		2011		2		3
392.688		357.169		1992		2		3
353.436		361.108		1947		1		3
337.124		357.063		1936		1		3
314.952		325.763		2044		2		3
257.602		333.04		2178		2		3
205.247		332.621		2192		2		3
205.629		346.153		2199		2		3
321.266		335.249		1992		2		3
271.226		341.811		2183		2		3
203.243		319.005		3010		1		3
203.619		332.75		2196		2		3
415.917		308.797		2045		2		3
310.232		310.873		2106		2		3
329.047		316.649		2057		2		3
328.668		361.436		1952		2		3
338.229		348.086		1943		2		3
Frame 102
317.965		330.341		2021		2		3
375.445		317.732		2038		2		3
428.969		305.793		2211		2		3
432.759		286.517		0		2		3
423.952		312.952		2057		1		3
380.013		295.115		3461		1		3
341.405		303.147		2082		2		3
329.553		309.303		2073		1		3
416.555		324.983		2002		2		3
394.248		357.881		1990		2		3
352.995		360.032		1963		1		3
336.561		356.467		1935		1		3
315.094		325.791		2048		2		3
257.595		332.998		2175		2		3
205.243		332.613		2187		2		3
205.635		346.067		2199		2		3
321.444		335.109		1993		2		3
278.009		348.041		2143		2		3
209.744		325.136		2224		1		3
197.45		329.922		2214		2		3
415.968		308.825		2051		2		3
316.144		313.097		2079		2		3
337.15		318.449		2039		2		3
328.949		358.568		1954		2		3
338.996		346.824		1945		2		3
Frame 103
318.609		331.154		2013		2		3
375.543		317.795		2033		2		3
428.801		305.598		2213		2		3
433.12		286.512		0		2		3
424.854		313.244		2051		2		3
380.935		295.42		0		1		3
343.665		303.04		2078		1		3
332.075		309.157		2065		1		3
416.755		325.144		2010		2		3
392.583		356.779		1986		2		3
346.791		355.21		1950		1		3
331.848		350.56		1945		1		3
316.031		327.365		2030		2		3
257.584		332.949		2177		2		3
205.24		332.576		2185		2		3
205.628		345.997		2198		2		3
321.782		335.461		1999		2		3
278.332		352.707		2132		1		3
209.451		329.615		2199		1		3
197.504		331.269		2196		2		3
415.921		308.737		2041		2		3
319.157		313.274		2075		2		3
339.211		318.457		2042		2		3
328.585		351.487		1959		2		3
333.428		340.786		1954		2		3
Frame 104
319.164		330.913		2007		2		3
375.714		317.657		2037		2		3
428.628		305.383		2215		2		3
433.623		286.608		0		2		3
424.68		312.418		2063		2		3
380.816		294.605		3444		1		3
343.643		301.697		2095		1		3
332.288		308.002		2070		1		3
417.007		325.33		2014		2		3
392.358		356.789		1987		2		3
346.787		355.317		1938		1		3
332.127		350.781		1946		1		3
316.652		326.235		2031		2		3
257.596		332.901		2179		2		3
205.252		332.571		2188		2		3
205.63		346.125		2201		2		3
322.272		335.639		1991		2		3
278.562		350.643		2130		2		3
209.953		327.632		2213		1		3
197.726		330.677		2207		2		3
415.854		308.542		2048		2		3
318.781		311.382		2082		2		3
339.697		316.267		2055		2		3
329.167		343.668		1959		2		3
333.789		340.719		1953		2		3
Frame 105
318.001		330.359		2011		2		3
375.647		317.634		2037		2		3
428.742		305.463		2214		2		3
433.439		286.636		0		2		3
424.723		312.588		2058		2		3
380.855		294.775		3470		1		3
343.666		301.825		2097		1		3
332.309		308.059		2071		1		3
416.977		325.264		2006		2		3
392.936		357.003		1988		2		3
352.043		358.7		1945		1		3
336.238		355.094		1939		1		3
314.834		325.799		2048		2		3
257.679		332.847		2178		2		3
205.346		332.508		2192		2		3
205.732		346.035		2199		2		3
321.252		334.911		1996		2		3
278.092		349.062		2142		2		3
209.745		326.133		2211		1		3
197.403		330.318		2204		2		3
415.899		308.568		2047		2		3
318.862		311.991		2084		2		3
339.577		316.212		2057		2		3
328.942		355.287		1948		2		3
338.782		344.879		1939		2		3
Frame 106
317.408		330.442		2022		2		3
375.583		317.709		2035		2		3
428.913		305.642		2216		2		3
432.964		286.614		0		2		3
424.741		312.946		2066		1		3
380.855		295.132		0		1		3
343.174		302.037		2084		2		3
331.518		308.048		2072		1		3
416.83		325.006		2010		2		3
393.237		357.412		1985		2		3
352.171		359.1		1962		1		3
336.269		355.757		1940		1		3
314.199		326.336		2053		2		3
257.718		332.826		2182		2		3
205.397		332.501		2201		2		3
205.791		345.924		2205		2		3
320.495		334.632		2002		2		3
277.141		345.986		2156		2		3
209.138		323.164		0		1		3
197.1		329.553		2221		2		3
415.98		308.677		2044		2		3
317.868		311.558		2089		2		3
338.756		316.524		2058		2		3
328.824		356.994		1952		2		3
338.092		345.799		1943		2		3
Frame 107
317.238		330.377		2024		2		3
375.255		317.568		2030		2		3
428.474		305.432		2212		2		3
433.789		286.915		0		2		3
423.852		313.216		2047		2		3
379.907		295.379		3484		1		3
341.068		302.006		2083		1		3
329.638		308.34		2072		1		3
417.321		325.411		2009		2		3
393.217		357.392		1991		2		3
352.065		359.088		1939		1		3
336.025		355.723		1933		1		3
313.843		325.733		2049		2		3
257.746		332.8		2175		2		3
205.421		332.509		2187		2		3
205.806		346.013		2204		2		3
320.332		334.847		2005		2		3
271.402		341.728		2180		2		3
203.419		318.921		2999		1		3
203.799		332.646		2194		2		3
415.592		308.475		2043		2		3
315.867		311.724		2090		2		3
336.85		316.229		2059		2		3
328.572		358.183		1952		2		3
337		345.921		1940		2		3
Frame 108
317.968		331.182		2018		2		3
375.692		317.931		2034		2		3
428.731		305.542		2213		2		3
433.384		286.784		0		2		3
423.828		313.117		2056		2		3
379.882		295.279		0		1		3
340.957		301.757		2078		1		3
329.798		308.307		2072		1		3
416.628		324.792		2010		2		3
392.576		357.191		1991		2		3
351.094		358.891		1959		1		3
335.761		355.172		1940		1		3
315.232		327.599		2033		2		3
257.793		332.762		2174		2		3
205.469		332.514		2181		2		3
205.862		345.893		2199		2		3
320.849		335.195		1996		2		3
270.38		345.738		2176		1		3
203.234		327.833		2241		2		3
192.561		331.936		2195		2		3
415.898		308.626		2044		2		3
315.78		311.378		2086		2		3
336.989		316.439		2056		2		3
329.151		353.542		1954		2		3
337.203		344.498		1943		2		3
Frame 109
315.374		331.293		2027		2		3
374.759		317.721		2027		2		3
428.584		305.233		2215		2		3
433.882		286.737		0		2		3
429.042		314.992		2167		2		3
385.312		297.274		3356		1		3
346.011		303.44		2076		1		3
333.92		308.877		2069		1		3
417.194		325.37		2009		2		3
392.583		357.175		1990		2		3
351.094		358.884		1947		1		3
335.827		355.018		1942		1		3
312.93		327.535		2051		2		3
257.798		332.732		2176		2		3
205.475		332.508		2192		2		3
205.92		345.639		2200		2		3
317.642		335.251		2007		2		3
258.503		344.331		2196		1		3
193.745		325.457		2245		1		3
192.649		331.916		2193		2		3
415.646		308.345		2046		2		3
320.571		312.99		2078		2		3
341.041		318.32		2044		2		3
328.601		355.992		1952		2		3
337.263		344.661		1944		2		3
Frame 110
315.427		331.139		2028		2		3
374.709		318.088		2035		2		3
428.972		305.629		2219		2		3
434.934		287.285		0		2		3
430.763		316.722		2157		1		3
387.036		299.034		0		1		3
347.78		305.268		2068		1		3
335.556		309.43		2066		1		3
416.426		325.848		2010		2		3
391.605		357.048		1991		2		3
339.367		358.688		1932		2		3
326.048		355.846		1976		1		3
314.263		328.563		2037		2		3
257.805		332.716		2174		2		3
205.483		332.5		2189		2		3
205.951		345.595		2207		2		3
316.379		333.612		2025		2		3
255.708		340.911		2193		1		3
191.838		322.4		2275		1		3
192.473		329.431		2211		2		3
415.877		308.678		2045		2		3
322.821		315.022		2078		2		3
343.361		319.476		2036		2		3
313.333		362.666		1989		2		3
321.845		346.864		2004		2		3
Frame 111
315.297		330.679		2029		2		3
374.667		318.107		2037		2		3
429.322		306.003		2203		2		3
434.411		287.434		0		2		3
431.351		317.343		2157		1		3
387.593		299.653		2099		1		3
348.291		305.886		2065		1		3
335.648		309.894		2066		1		3
415.935		325.905		2004		2		3
391.57		357.033		1992		2		3
339.458		358.785		1936		2		3
325.848		355.714		1988		1		3
314.374		328.472		2040		2		3
257.827		332.71		2179		2		3
205.506		332.477		2189		2		3
205.971		345.569		2206		2		3
315.958		332.681		2027		2		3
255.231		340.009		2193		1		3
191.444		321.552		2276		1		3
192.343		328.983		2210		2		3
416.035		308.893		2049		2		3
322.777		315.281		2079		2		3
343.047		320.438		2029		2		3
313.998		360.614		2006		2		3
322.675		346.272		1995		2		3
Frame 112
315.294		331.047		2031		2		3
374.703		318.278		2038		2		3
429.558		306.002		2204		2		3
434.641		287.529		0		2		3
431.672		317.379		2162		1		3
387.931		299.697		0		1		3
348.65		305.927		2064		1		3
335.639		309.853		2062		1		3
415.935		325.776		2008		2		3
384.475		357.031		1974		2		3
340.096		359.214		1932		2		3
328.676		356		1952		1		3
314.533		329.324		2039		2		3
257.825		332.705		2173		2		3
205.499		332.514		2194		2		3
205.956		345.602		2203		2		3
315.924		332.774		2029		2		3
255.154		340.123		2195		1		3
191.375		321.663		2281		1		3
192.345		328.974		2218		2		3
416.223		308.946		2060		2		3
322.711		315.505		2082		2		3
343.862		320.182		2028		2		3
317.38		355.072		1993		2		3
328.86		346.572		1955		2		3
Frame 113
315.186		330.602		2030		2		3
374.34		318.023		2033		2		3
429.203		305.926		2211		2		3
435.353		287.874		0		2		3
431.36		317.332		2152		1		3
387.619		299.648		0		1		3
348.348		305.874		2067		1		3
335.632		309.858		2060		1		3
416.06		325.661		2008		2		3
394.136		359.033		1992		2		3
353.434		360.59		1959		1		3
339.335		357.701		1936		1		3
314.354		328.658		2035		2		3
257.901		332.679		2181		2		3
205.575		332.517		2184		2		3
206.034		345.605		2200		2		3
315.894		332.515		2030		2		3
254.989		339.641		2191		1		3
191.206		321.197		2285		1		3
192.252		328.852		2219		2		3
415.887		308.857		2042		2		3
322.627		315.505		2085		2		3
342.681		320.212		2017		2		3
326.198		360.195		1946		2		3
341.083		347.76		1941		2		3
Frame 114
314.311		330.327		2032		2		3
373.935		317.97		2032		2		3
429.051		305.96		2214		2		3
435.103		287.768		0		2		3
431.217		317.38		2162		1		3
387.483		299.701		0		1		3
348.223		305.923		2065		1		3
335.564		309.888		2063		1		3
415.602		325.062		2009		2		3
390.646		356.102		1985		2		3
348.56		359.349		1938		1		3
335.596		357.193		1936		1		3
313.244		328.62		2045		2		3
257.899		332.692		2174		2		3
205.574		332.519		2189		2		3
206.018		345.594		2209		2		3
315.124		331.883		2028		2		3
259.336		340.8		2197		1		3
194.693		322.1		2281		1		3
192.798		331.155		2196		2		3
415.697		308.887		2044		2		3
322.786		315.186		2082		2		3
342.833		319.925		2029		2		3
321.8		360.41		1967		2		3
335.632		346.975		1945		2		3
Frame 115
316.642		331.45		2036		2		3
374.33		318.274		2036		2		3
428.943		306.067		2201		2		3
435.213		287.847		0		2		3
431.109		317.509		2159		1		3
387.38		299.832		0		1		3
338.737		301.43		2082		2		3
325.094		307.866		2090		1		3
415.636		324.903		2007		2		3
391.931		356.607		1993		2		3
350.175		359.532		1952		1		3
337.84		358.899		1929		1		3
314.498		330.372		2034		2		3
257.896		332.691		2176		2		3
205.571		332.519		2191		2		3
206.008		345.585		2201		2		3
319.076		332.496		2006		2		3
271.703		342.271		2174		1		3
205.138		323.063		2890		1		3
192.585		331.841		2196		2		3
415.671		308.983		2050		2		3
310.731		308.593		2114		2		3
329.177		314.519		2077		2		3
323.133		361.466		1953		2		3
336.291		350.926		1944		2		3
Frame 116
316.479		331.344		2026		2		3
374.33		318.101		2042		2		3
428.767		305.401		2216		2		3
435.962		287.698		0		2		3
427.614		314.589		2087		2		3
383.861		296.855		3412		1		3
333.379		311.745		2067		2		3
319.211		312.975		2082		1		3
416.131		324.672		2018		2		3
392.336		356.349		1993		2		3
351.279		359.258		1943		1		3
338.376		358.49		1942		1		3
314.39		329.353		2035		2		3
257.896		332.691		2175		2		3
205.577		332.472		2185		2		3
206.031		345.59		2206		2		3
318.418		333.711		2010		2		3
271.6		342.208		2177		2		3
205.054		323.007		2922		1		3
192.59		331.823		2192		2		3
415.577		308.523		2051		2		3
305.445		320.999		2100		2		3
318.418		321.422		2055		2		3
324.664		362.043		1955		2		3
337.415		350.833		1939		2		3
Frame 117
316.132		331.062		2030		2		3
374.279		317.973		2035		2		3
428.716		305.391		2220		2		3
436.061		287.722		0		2		3
426.063		314.618		2073		2		3
382.204		296.839		3448		1		3
331.749		311.941		2065		2		3
315.738		313.995		2080		1		3
416.134		324.628		2006		2		3
391.898		356.395		1997		2		3
351.11		359.07		1971		1		3
339.05		358.308		1932		1		3
313.422		328.175		2046		2		3
257.892		332.687		2178		2		3
205.572		332.432		2187		2		3
206.016		345.575		2204		2		3
318.366		333.746		2007		2		3
271.525		338.157		2175		1		3
205.028		319.122		3021		1		3
193.591		330.764		2191		2		3
415.548		308.509		2048		2		3
302.472		319.882		2116		2		3
316.248		323.4		2052		2		3
324.719		361.275		1948		2		3
338.105		349.885		1939		2		3
Frame 118
314.774		331.359		2035		2		3
374.04		317.969		2035		2		3
428.68		305.339		2215		2		3
436.177		287.734		0		2		3
424.216		314.235		2053		2		3
380.272		296.413		0		1		3
329.925		311.819		2076		1		3
313.993		314.71		2084		1		3
416.13		324.606		2013		2		3
392.352		356.25		1997		2		3
352.066		358.593		1953		1		3
339.4		357.753		1935		1		3
312.587		328.593		2056		2		3
257.913		332.73		2180		2		3
205.593		332.436		2186		2		3
206.014		345.625		2202		2		3
316.147		333.997		2026		2		3
269.472		338.529		2189		1		3
203.387		319.582		2985		1		3
192.959		331.362		2192		2		3
415.489		308.467		2050		2		3
301.598		320.034		2116		2		3
315.048		325.266		2049		2		3
325.996		362.281		1955		2		3
337.368		349.505		1940		2		3
Frame 119
314.392		331.867		2031		2		3
374.004		317.966		2032		2		3
428.753		304.904		2218		2		3
436.54		287.426		0		2		3
424.161		312.147		2062		2		3
380.297		294.33		3451		1		3
330.337		310.507		2070		2		3
314.551		314.365		2078		1		3
416.076		324.419		2011		2		3
394.32		357.814		1992		2		3
354.447		359.775		1958		1		3
341.017		358.353		1933		1		3
311.426		327.607		2055		2		3
257.866		332.721		2182		2		3
205.547		332.438		2186		2		3
205.914		345.806		2197		2		3
316.723		339.654		2029		2		3
271.093		345.041		2173		1		3
204.197		325.628		0		1		3
192.558		331.819		2190		2		3
415.515		308.233		2049		2		3
301.697		319.889		2125		2		3
316.34		323.403		2054		2		3
328		360.326		1951		2		3
340.449		351.349		1938		2		3
Frame 120
314.565		331.58		2036		2		3
374.142		318.029		2038		2		3
429.297		305.431		2217		2		3
436.973		287.672		0		2		3
424.506		312.389		2066		1		3
380.636		294.573		3456		1		3
330.857		311.324		2071		1		3
315.228		314.33		2078		1		3
416.068		324.678		2012		2		3
392.744		357.56		1995		2		3
352.778		359.578		1964		1		3
339.525		358.639		1937		1		3
311.796		327.401		2053		2		3
257.952		332.634		2176		2		3
205.631		332.434		2194		2		3
205.995		345.833		2206		2		3
317.121		335.873		2005		2		3
270.568		334.98		2175		1		3
220.506		327.365		2203		1		3
208.193		329.329		2199		2		3
415.915		308.569		2051		2		3
302.645		321.816		2111		2		3
316.373		323.568		2052		2		3
326.836		360.912		1961		2		3
339.411		350.592		1935		2		3
Frame 121
314.707		331.939		2035		2		3
374.335		318.362		2034		2		3
429.581		305.723		2213		2		3
436.386		287.569		0		2		3
424.728		312.559		2062		1		3
380.855		294.744		0		1		3
331.111		311.64		2071		1		3
315.271		314.34		2079		1		3
415.541		325.918		2010		2		3
393.233		358.925		1992		2		3
354.103		359.841		1955		1		3
340.869		358.048		1935		1		3
312.124		327.76		2052		2		3
257.955		332.646		2172		2		3
205.635		332.434		2192		2		3
205.965		345.983		2212		2		3
317.115		336.24		2006		2		3
270.51		339.775		2177		2		3
219.26		331.769		2183		1		3
207.233		331.735		2192		2		3
416.184		308.867		2047		2		3
302.665		321.991		2112		2		3
319.055		322.105		2037		2		3
328.249		359.763		1946		2		3
341.579		350.69		1939		2		3
Frame 122
314.285		331.203		2039		2		3
374.333		318.375		2040		2		3
429.867		305.884		2221		2		3
436.018		287.643		0		2		3
424.82		312.794		2066		1		3
380.927		294.975		3495		1		3
331.193		311.981		2071		1		3
315.454		314.505		2078		1		3
415.433		325.751		2011		2		3
391.528		357.202		1990		2		3
339.756		357.834		1937		2		3
326.472		355.361		1965		1		3
312.564		327.701		2057		2		3
257.97		332.64		2177		2		3
205.653		332.419		2193		2		3
205.978		345.867		2200		2		3
315.675		334.57		2029		2		3
258.854		337.706		2185		1		3
209.357		330.056		2201		1		3
202.091		330.762		2206		2		3
416.33		308.954		2049		2		3
302.609		322.047		2103		2		3
318.816		322.483		2043		2		3
315.712		360.847		2006		2		3
324.915		345.294		1983		2		3
Frame 123
314.196		330.598		2034		2		3
374.314		318.299		2035		2		3
430.006		306.042		2207		2		3
435.877		287.73		0		2		3
424.844		313.046		2052		1		3
380.938		295.224		0		1		3
331.209		312.294		2073		1		3
315.32		314.925		2076		1		3
415.375		326.127		2008		2		3
391.275		357.423		1992		2		3
340.689		359.017		1933		2		3
327.693		355.671		1959		1		3
312.771		326.6		2050		2		3
257.962		332.652		2174		2		3
205.639		332.452		2190		2		3
205.959		345.929		2203		2		3
315.507		334.36		2031		2		3
258.815		337.616		2186		1		3
209.326		329.973		2201		1		3
202.066		330.702		2206		2		3
416.404		309.028		2044		2		3
302.854		322.561		2108		2		3
316.788		323.573		2051		2		3
314		363		1988		2		3
324.553		345.644		1980		2		3
Frame 124
314.184		330.293		2033		2		3
374.332		318.244		2033		2		3
430.179		306.17		2210		2		3
435.698		287.891		0		2		3
424.836		313.276		2054		1		3
380.918		295.453		3436		1		3
331.185		312.559		2066		1		3
315.603		314.781		2079		1		3
415.315		325.983		2011		2		3
390.89		356.961		1986		2		3
339.828		355.874		1928		2		3
326.902		353.451		1973		1		3
312.902		326.471		2051		2		3
257.958		332.653		2176		1		3
205.638		332.466		2193		2		3
205.971		345.891		2199		2		3
315.347		333.916		2035		2		3
258.805		337.583		2178		1		3
209.318		329.943		2204		1		3
202.062		330.687		2212		2		3
416.518		309.1		2051		2		3
302.465		321.459		2111		2		3
319.677		322.69		2043		2		3
317.843		355.825		2005		2		3
326.056		342.459		1971		2		3
