front
Frame 0
273.245		220.051		3487		2		0
272.302		188.552		3471		2		0
271.384		157.376		3549		2		0
271.133		143.327		3468		2		0
253.597		170.933		3541		2		0
249.222		199.119		3577		2		0
248.281		222.997		3531		2		0
249.078		230.926		3499		2		0
289.349		169.672		3540		2		0
296.309		197.695		3582		2		0
299.847		220.657		3522		2		0
298.672		228.964		3510		2		0
265.642		220.497		3502		2		0
262.23		258.432		3606		2		0
262.652		290.762		3666		2		0
263.583		301.224		3616		2		0
280.856		219.597		3489		2		0
284.766		256.807		3572		2		0
285.367		291.204		3652		2		0
283.779		300.983		3644		2		0
271.608		165.14		3541		2		0
249.01		237.5		3514		2		0
245.718		230.036		3531		2		0
298.355		235.384		3515		2		0
295.333		230.666		3538		2		0
Frame 1
273.244		220.043		3485		2		0
272.299		188.546		3467		2		0
271.379		157.401		3543		2		0
271.147		143.369		3461		2		0
253.593		170.933		3541		2		0
249.237		199.045		3572		2		0
248.299		223.077		3525		2		0
249.184		230.686		3503		2		0
289.355		169.664		3542		2		0
296.321		197.637		3569		2		0
299.836		220.697		3524		2		0
298.693		229.184		3512		2		0
265.641		220.492		3496		2		0
262.238		258.342		3608		2		0
262.696		290.894		3663		2		0
265.238		300.544		3672		2		0
280.855		219.587		3486		2		0
284.744		256.732		3565		2		0
285.377		291.229		3653		2		0
283.714		301.009		3622		2		0
271.604		165.155		3532		2		0
249.239		237.457		3521		2		0
245.895		230.638		3533		2		0
298.286		235.429		3515		2		0
295.4		230.098		3539		2		0
Frame 2
273.263		220.019		3478		2		0
272.299		188.532		3481		2		0
271.364		157.395		3554		2		0
271.151		143.355		3466		2		0
253.602		171.008		3527		2		0
249.255		198.93		3576		2		0
248.322		223.04		3531		2		0
249.468		230.66		3514		2		0
289.375		169.672		3537		2		0
296.29		197.74		3576		2		0
299.818		220.739		3523		2		0
298.868		229.058		3508		2		0
265.66		220.483		3499		2		0
262.222		258.093		3605		2		0
262.722		290.88		3676		2		0
264.558		301.183		0		2		0
280.871		219.543		3490		2		0
284.74		256.751		3574		2		0
285.372		291.24		3656		2		0
283.778		300.949		3638		2		0
271.593		165.147		3537		2		0
249.287		237.287		3515		2		0
246.037		230.586		3516		2		0
298.326		235.403		3519		2		0
295.75		233.251		3547		2		0
Frame 3
273.292		220.019		3490		2		0
272.328		188.541		3477		2		0
271.39		157.413		3545		2		0
271.155		143.366		3448		2		0
253.624		171.008		3541		2		0
249.257		198.934		3569		2		0
248.396		223.165		3536		2		0
249.252		230.85		3513		2		0
289.358		169.684		3533		2		0
296.311		197.793		3584		2		0
299.806		220.735		3532		2		0
298.672		229.12		3513		2		0
265.686		220.484		3500		2		0
262.173		258.364		3600		2		0
262.723		290.839		3672		2		0
264.098		301.232		3620		2		0
280.905		219.543		3494		2		0
284.734		256.77		3570		2		0
285.414		291.22		3663		2		0
283.749		300.941		3645		2		0
271.62		165.164		3546		2		0
249.065		237.491		3523		2		0
245.666		230.832		3537		2		0
298.494		235.329		3526		2		0
295.929		229.997		3544		2		0
Frame 4
273.273		219.994		3498		2		0
272.326		188.532		3475		2		0
271.403		157.418		3557		2		0
271.153		143.38		3462		2		0
253.634		171.031		3533		2		0
249.294		198.952		3584		2		0
248.429		223.22		3531		2		0
249.655		230.554		3515		2		0
289.349		169.679		3550		2		0
296.305		197.778		3578		2		0
299.777		220.72		3525		2		0
298.638		229.344		3518		2		0
265.678		220.464		3495		2		0
262.204		258.417		3602		2		0
262.683		290.823		3676		2		0
263.836		301.318		0		2		0
280.872		219.515		3484		2		0
284.733		256.782		3575		2		0
285.384		291.23		3655		2		0
283.83		300.947		3652		2		0
271.63		165.166		3548		2		0
249.223		237.446		3523		2		0
245.68		230.13		3558		2		0
298.487		235.408		3532		2		0
296.001		230.109		3535		2		0
Frame 5
273.297		219.967		3499		2		0
272.324		188.533		3475		2		0
271.377		157.447		3546		2		0
271.164		143.403		3464		2		0
253.638		171.014		3546		2		0
249.305		198.925		3585		2		0
248.441		223.234		3542		2		0
249.687		230.809		3509		2		0
289.367		169.692		3552		2		0
296.315		197.821		3582		2		0
299.763		220.686		3547		2		0
298.696		229.232		3520		2		0
265.723		220.433		3505		2		0
262.238		258.408		3608		2		0
262.695		290.72		3673		2		0
263.755		301.239		0		2		0
280.881		219.492		3495		2		0
284.743		256.782		3575		2		0
285.389		291.162		3664		2		0
283.834		300.73		3649		2		0
271.61		165.189		3544		2		0
249.895		237.388		3531		2		0
245.672		230.653		3546		2		0
298.344		235.401		3528		2		0
295.666		230.865		3548		2		0
Frame 6
273.315		219.943		3503		2		0
272.342		188.501		3472		2		0
271.394		157.412		3551		2		0
271.174		143.403		3461		2		0
253.667		170.983		3554		2		0
249.289		198.92		3583		2		0
248.423		222.787		3535		2		0
249.789		230.483		3515		2		0
289.384		169.708		3537		2		0
296.356		197.942		3579		2		0
299.764		220.695		3529		2		0
298.786		229.141		3516		2		0
265.754		220.401		3494		2		0
262.238		258.453		3600		2		0
262.692		290.695		3676		2		0
262.87		301.344		0		2		0
280.891		219.477		3495		2		0
284.727		256.851		3579		2		0
285.306		291.335		3663		2		0
283.781		300.747		3645		2		0
271.627		165.155		3539		2		0
249.496		237.499		3530		2		0
246.14		231.644		3517		2		0
298.286		235.429		3533		2		0
295.71		230.869		3551		2		0
Frame 7
273.348		219.935		3496		2		0
272.373		188.496		3476		2		0
271.421		157.413		3551		2		0
271.178		143.411		3459		2		0
253.69		171.015		3546		2		0
249.281		198.943		3582		2		0
248.561		223.119		3542		2		0
250.129		230.663		3517		2		0
289.39		169.718		3542		2		0
296.357		197.971		3584		2		0
299.754		220.725		3544		2		0
298.733		229.299		3526		2		0
265.789		220.398		3509		2		0
262.234		258.553		3603		2		0
262.744		290.83		3675		2		0
262.929		301.518		3640		2		0
280.921		219.464		3492		2		0
284.736		256.855		3569		2		0
285.339		291.027		3657		2		0
283.848		300.647		3647		2		0
271.656		165.154		3542		2		0
250.222		237.445		3520		2		0
245.878		230.859		0		2		0
298.285		235.43		3529		2		0
294.998		232.75		3576		2		0
Frame 8
273.359		219.936		3484		2		0
272.375		188.502		3482		2		0
271.422		157.427		3542		2		0
271.176		143.404		3457		2		0
253.704		171.05		3538		2		0
249.278		198.942		3585		2		0
248.607		223.138		3533		2		0
250.067		230.702		3518		2		0
289.403		169.715		3550		2		0
296.383		198.004		3574		2		0
299.756		220.722		3533		2		0
298.876		229.077		3517		2		0
265.806		220.401		3498		2		0
262.235		258.545		3602		2		0
262.745		290.814		3677		2		0
264.237		300.697		3664		2		0
280.927		219.465		3500		2		0
284.751		256.845		3576		2		0
285.333		291.033		3654		2		0
283.849		300.614		3636		2		0
271.657		165.164		3531		2		0
249.899		237.4		3527		2		0
245.999		230.5		3514		2		0
298.284		235.43		3530		2		0
295.099		230.099		3553		2		0
Frame 9
273.36		219.931		3489		2		0
272.373		188.504		3482		2		0
271.416		157.435		3547		2		0
271.197		143.364		3456		2		0
253.693		171.058		3548		2		0
249.311		198.975		3572		2		0
248.669		223.241		3542		2		0
250.196		230.626		3516		2		0
289.41		169.729		3544		2		0
296.413		198.009		3573		2		0
299.768		220.755		3540		2		0
298.593		229.202		3511		2		0
265.806		220.399		3501		2		0
262.262		258.503		3610		2		0
262.624		290.22		3684		2		0
263.691		300.503		3660		2		0
280.928		219.457		3497		2		0
284.76		256.973		3570		2		0
285.38		291.051		3666		2		0
283.842		300.644		3644		2		0
271.652		165.171		3538		2		0
250.001		237.375		3525		2		0
246.124		230.625		3534		2		0
298.289		235.428		3531		2		0
294.443		230.221		0		2		0
Frame 10
273.371		219.934		3496		2		0
272.389		188.513		3478		2		0
271.435		157.451		3543		2		0
271.198		143.391		3472		2		0
253.711		171.058		3536		2		0
249.319		198.98		3580		2		0
248.65		223.159		3530		2		0
250.171		230.635		3516		2		0
289.406		169.731		3544		2		0
296.407		198.023		3576		2		0
299.771		220.733		3544		2		0
298.833		229.305		3517		2		0
265.822		220.406		3497		2		0
262.274		258.519		3598		2		0
262.618		290.399		3667		2		0
263.177		300.981		3663		2		0
280.935		219.458		3490		2		0
284.778		256.965		3574		2		0
285.485		290.767		3656		2		0
283.795		300.453		3652		2		0
271.671		165.186		3540		2		0
250.001		237.501		3526		2		0
246.31		231.158		3542		2		0
298.626		235.375		3525		2		0
294.713		231.43		3581		2		0
Frame 11
273.376		219.942		3501		2		0
272.393		188.524		3478		2		0
271.438		157.465		3549		2		0
271.193		143.401		3463		2		0
253.704		171.083		3538		2		0
249.353		199.051		3582		2		0
248.686		223.211		3544		2		0
250.203		230.632		3522		2		0
289.405		169.726		3544		2		0
296.396		198.022		3575		2		0
299.77		220.74		3552		2		0
298.804		229.154		3525		2		0
265.824		220.412		3494		2		0
262.278		258.503		3603		2		0
262.635		290.328		3669		2		0
263.648		300.811		3665		2		0
280.945		219.466		3500		2		0
284.812		256.998		3584		2		0
285.513		290.744		3658		2		0
283.798		300.527		3654		2		0
271.674		165.199		3542		2		0
249.728		237.455		3520		2		0
246.136		230.02		3532		2		0
298.799		235.401		3533		2		0
295.015		230.961		3547		2		0
Frame 12
273.375		219.944		3496		2		0
272.401		188.524		3469		2		0
271.463		157.461		3549		2		0
271.2		143.406		3457		2		0
253.705		171.089		3546		2		0
249.35		199.069		3574		2		0
248.688		223.125		3545		2		0
250.377		230.751		3520		2		0
289.406		169.725		3544		2		0
296.388		198.012		3577		2		0
299.794		220.729		3546		2		0
298.832		228.938		3522		2		0
265.821		220.416		3498		2		0
262.277		258.534		3605		2		0
262.587		290.158		3674		2		0
264.359		300.145		3665		2		0
280.945		219.467		3487		2		0
284.839		256.927		3576		2		0
285.507		290.744		3670		2		0
283.82		300.524		3639		2		0
271.693		165.197		3532		2		0
249.899		237.4		3524		2		0
245.916		230.167		0		2		0
298.166		235.334		3520		2		0
295.497		230.292		3560		2		0
Frame 13
273.374		219.943		3495		2		0
272.399		188.528		3473		2		0
271.456		157.481		3547		2		0
271.198		143.416		3462		2		0
253.711		171.079		3545		2		0
249.346		199.065		3573		2		0
248.693		223.118		3536		2		0
250.37		230.89		3512		2		0
289.409		169.724		3534		2		0
296.395		198.03		3571		2		0
299.811		220.799		3544		2		0
298.849		229.56		3520		2		0
265.821		220.415		3496		2		0
262.269		258.573		3610		2		0
262.597		290.178		3675		2		0
263.981		300.624		3657		2		0
280.944		219.467		3485		2		0
284.859		256.934		3576		2		0
285.494		290.664		3657		2		0
283.835		300.477		3649		2		0
271.689		165.212		3537		2		0
250.334		238.167		3543		2		0
246.279		230.726		3545		2		0
297.749		236.251		3529		2		0
295.494		230.505		3554		2		0
Frame 14
273.376		219.949		3493		2		0
272.415		188.548		3471		2		0
271.496		157.515		3534		2		0
271.202		143.421		3443		2		0
253.712		171.084		3543		2		0
249.349		199.079		3589		2		0
248.751		223.198		3538		2		0
250.39		230.711		3516		2		0
289.413		169.732		3536		2		0
296.452		198.095		3572		2		0
299.825		220.815		3528		2		0
298.588		229.627		3516		2		0
265.82		220.422		3490		2		0
262.246		258.601		3606		2		0
262.684		290.447		3678		2		0
263.416		301.04		3618		2		0
280.95		219.472		3485		2		0
284.852		256.92		3565		2		0
285.463		290.725		3654		2		0
283.819		300.529		3648		2		0
271.722		165.243		3523		2		0
250.001		237.501		3523		2		0
246.64		231.713		3535		2		0
297.748		236.251		3533		2		0
294.624		231.375		3567		2		0
Frame 15
273.385		219.949		3492		2		0
272.427		188.54		3475		2		0
271.512		157.478		3542		2		0
271.205		143.369		3456		2		0
253.712		171.1		3546		2		0
249.39		199.688		3574		2		0
248.821		223.294		3540		2		0
250.565		230.688		3517		2		0
289.417		169.72		3541		2		0
296.453		198.083		3573		2		0
299.828		220.802		3528		2		0
298.815		229.548		3525		2		0
265.826		220.424		3494		2		0
262.244		258.6		3602		2		0
262.724		290.416		3676		2		0
263.439		301.053		0		2		0
280.964		219.47		3478		2		0
284.858		256.956		3566		2		0
285.491		290.773		3658		2		0
283.948		300.503		3646		2		0
271.738		165.217		3541		2		0
250.222		237.445		3518		2		0
245.845		230.534		0		2		0
298.007		236.229		3535		2		0
296.447		230.442		3543		2		0
Frame 16
273.405		219.972		3493		2		0
272.447		188.555		3477		2		0
271.528		157.474		3543		2		0
271.21		143.401		3440		2		0
253.754		171.142		3540		2		0
249.416		199.812		3572		2		0
248.901		223.388		3536		2		0
250.551		230.806		3510		2		0
289.433		169.733		3531		2		0
296.474		198.063		3576		2		0
299.802		220.82		3540		2		0
298.494		229.564		3519		2		0
265.835		220.435		3491		2		0
262.19		258.576		3593		2		0
262.74		290.397		3669		2		0
263.265		301.032		3608		2		0
281		219.513		3486		2		0
284.864		256.947		3572		2		0
285.524		290.797		3656		2		0
283.804		300.548		3638		2		0
271.755		165.218		3533		2		0
250.334		238.167		3534		2		0
245.853		231.031		3551		2		0
297.799		236.401		3543		2		0
294.362		229.633		3595		2		0
Frame 17
273.414		219.99		3485		2		0
272.462		188.56		3472		2		0
271.546		157.438		3534		2		0
271.222		143.309		3445		2		0
253.762		171.132		3529		2		0
249.406		199.802		3561		2		0
248.904		223.428		3531		2		0
250.698		230.932		3513		2		0
289.438		169.765		3530		2		0
296.471		198.078		3568		2		0
299.79		220.828		3522		2		0
298.623		229.768		3519		2		0
265.838		220.471		3493		2		0
262.2		258.724		3586		2		0
262.741		290.566		3673		2		0
262.268		301.031		3597		2		0
281.011		219.517		3486		2		0
284.887		256.946		3571		2		0
285.54		290.787		3661		2		0
283.387		299.973		3647		2		0
271.773		165.196		3528		2		0
250.714		238.143		3534		2		0
245.997		231.169		3538		2		0
298.158		236.092		3542		2		0
294.335		230.974		3575		2		0
Frame 18
273.43		220.01		3478		2		0
272.479		188.596		3461		2		0
271.557		157.481		3527		2		0
271.241		143.386		3432		2		0
253.75		171.154		3526		2		0
249.403		199.801		3569		2		0
248.951		223.503		3530		2		0
250.658		230.814		3512		2		0
289.431		169.751		3520		2		0
296.389		197.598		3566		2		0
299.77		220.816		3529		2		0
298.515		229.301		3508		2		0
265.853		220.498		3483		2		0
262.173		258.736		3586		2		0
262.741		290.592		3667		2		0
262.242		301.093		3597		2		0
281.026		219.53		3480		2		0
284.879		256.978		3567		2		0
285.545		290.775		3654		2		0
283.126		299.656		3650		2		0
271.786		165.239		3510		2		0
250.168		238.167		3525		2		0
245.665		232.67		3549		2		0
297.166		236.334		3524		2		0
294		230.858		3555		2		0
Frame 19
273.45		220.043		3485		2		0
272.467		188.641		3461		2		0
271.486		157.512		3522		2		0
271.319		143.373		3434		2		0
253.773		171.197		3514		2		0
249.43		200.057		3562		2		0
248.925		223.404		3522		2		0
250.68		231.117		3518		2		0
289.479		169.81		3524		2		0
296.506		197.756		3569		2		0
299.838		220.843		3526		2		0
298.588		229.68		3510		2		0
265.866		220.522		3487		2		0
262.182		258.83		3582		2		0
262.708		290.714		3671		2		0
262.889		300.366		3647		2		0
281.052		219.57		3470		2		0
284.867		256.936		3561		2		0
285.537		290.75		3659		2		0
283.019		299.432		3648		2		0
271.732		165.276		3522		2		0
250.223		238.445		3521		2		0
245.863		231.03		3572		2		0
298.37		236.274		3537		2		0
294.531		230.004		3582		2		0
Frame 20
273.458		220.075		3471		2		0
272.517		188.652		3457		2		0
271.59		157.487		3511		2		0
271.403		143.346		3425		2		0
254.027		171.1		3519		2		0
249.496		200.348		3548		2		0
248.923		223.393		3534		2		0
250.703		231.429		3509		2		0
289.576		169.849		3517		2		0
296.514		197.819		3563		2		0
299.914		220.882		3523		2		0
298.999		229.707		3513		2		0
265.847		220.551		3483		2		0
262.185		258.826		3577		2		0
262.721		290.967		3668		2		0
265.853		298.598		3691		2		0
281.084		219.604		3484		2		0
284.929		256.985		3556		2		0
285.519		290.767		3663		2		0
284.057		300.399		3623		2		0
271.821		165.261		3504		2		0
250.728		238.455		3530		2		0
246.591		231.134		3538		2		0
298.284		236.43		3527		2		0
295.625		231.877		3543		2		0
Frame 21
273.566		220.139		3480		2		0
272.649		188.663		3450		2		0
271.746		157.434		3511		2		0
271.496		143.424		3415		2		0
254.069		171.084		3509		2		0
249.39		200.198		3553		2		0
248.92		223.569		3518		2		0
250.579		231.448		3504		2		0
289.674		169.839		3501		2		0
296.576		197.884		3568		2		0
299.966		220.959		3513		2		0
298.491		229.747		3520		2		0
265.928		220.621		3485		2		0
262.297		258.981		3570		2		0
262.707		291.079		3658		2		0
262.921		299.552		3670		2		0
281.224		219.66		3477		2		0
284.937		257.029		3567		2		0
285.541		290.79		3658		2		0
283.922		299.993		3659		2		0
271.971		165.225		3507		2		0
250.417		238.417		3519		2		0
246		233.669		3529		2		0
298.285		236.429		3523		2		0
293.501		231.501		3540		2		0
Frame 22
273.584		220.289		3466		2		0
272.725		188.829		3442		2		0
271.904		157.575		3497		2		0
271.494		143.554		3403		2		0
253.989		171.14		3497		2		0
249.455		200.73		3546		2		0
248.976		223.739		3509		2		0
250.644		231.484		3497		2		0
289.829		169.913		3501		2		0
296.909		198.091		3547		2		0
300.085		221.278		3509		2		0
298.374		229.831		3517		2		0
265.93		220.776		3475		2		0
262.333		258.969		3573		2		0
262.73		291.078		3653		2		0
261.767		301.732		3585		2		0
281.257		219.804		3461		2		0
284.929		257.072		3554		2		0
285.548		290.832		3662		2		0
283.842		299.953		3661		2		0
272.106		165.376		3488		2		0
250.858		239.143		3525		2		0
246.545		231.136		3523		2		0
298.624		236.376		3519		2		0
293.401		230.9		3536		2		0
Frame 23
273.713		220.518		3473		2		0
272.837		188.981		3435		2		0
271.98		157.593		3481		2		0
271.581		143.518		3386		2		0
253.961		171.203		3491		2		0
249.476		200.878		3535		2		0
248.998		223.756		3514		2		0
250.767		231.551		3490		2		0
289.893		169.928		3488		2		0
297.111		198.22		3548		2		0
300.215		221.394		3498		2		0
298.562		230.048		3500		2		0
266.022		220.947		3465		2		0
262.366		259.015		3574		2		0
262.792		291.083		3653		2		0
264.469		299.502		3677		2		0
281.427		220.094		3449		2		0
284.955		257.133		3557		2		0
285.616		290.751		3659		2		0
283.832		299.991		3650		2		0
272.193		165.433		3481		2		0
251.431		239.286		3514		2		0
246.545		231.138		3520		2		0
298.775		236.445		3517		2		0
293.692		230.307		3529		2		0
Frame 24
273.797		220.682		3462		2		0
272.888		189.123		3433		2		0
271.984		157.673		3470		2		0
271.616		143.705		3368		2		0
253.967		171.263		3486		2		0
249.526		201.142		3514		2		0
248.973		223.929		3507		2		0
250.684		231.883		3482		2		0
289.985		169.919		3488		2		0
297.195		198.251		3524		2		0
300.332		221.765		3493		2		0
298.962		230.486		3497		2		0
266.072		221.088		3462		2		0
262.427		259.03		3570		2		0
262.765		291.036		3657		2		0
263.159		300.647		3650		2		0
281.541		220.279		3443		2		0
284.958		257.206		3545		2		0
285.538		290.755		3642		2		0
283.88		299.962		3651		2		0
272.21		165.532		3480		2		0
251.001		239.334		3511		2		0
246.6		232.25		3517		2		0
298.164		237.334		3511		2		0
294.33		231.003		3550		2		0
Frame 25
273.962		220.96		3461		2		0
272.982		189.325		3415		2		0
271.978		157.705		3450		2		0
271.696		143.738		3359		2		0
253.978		171.45		3458		2		0
249.506		201.458		3514		2		0
249.021		224.339		3487		2		0
250.759		231.812		3479		2		0
290.177		170.021		3457		2		0
297.345		199.086		3522		2		0
300.266		222.583		3487		2		0
298.338		231.294		3496		2		0
266.228		221.357		3448		2		0
262.49		259.156		3563		2		0
262.737		290.777		3666		2		0
262.619		301.091		0		2		0
281.715		220.564		3437		2		0
284.974		257.358		3542		2		0
285.633		290.688		3641		2		0
283.818		300.128		3637		2		0
272.231		165.616		3454		2		0
251.001		239.334		3491		2		0
246.693		234.161		3506		2		0
298.332		237.445		3505		2		0
293.43		231.931		3506		2		0
Frame 26
274.052		221.117		3443		2		0
273.026		189.447		3410		2		0
271.966		157.738		3451		2		0
271.798		143.778		3344		2		0
253.918		171.475		3458		2		0
249.51		201.545		3504		2		0
249.002		224.465		3495		2		0
250.696		231.961		3474		2		0
290.257		169.942		3457		2		0
297.484		198.924		3511		2		0
300.261		222.715		3471		2		0
299.125		231.197		3489		2		0
266.303		221.548		3438		2		0
262.488		259.132		3559		2		0
262.745		290.846		3666		2		0
262.703		301.305		3613		2		0
281.818		220.69		3439		2		0
284.994		257.439		3549		2		0
285.57		290.754		3643		2		0
283.854		300.207		3633		2		0
272.234		165.676		3443		2		0
250.419		239.417		3486		2		0
246.624		235.877		3507		2		0
298.399		238.201		3514		2		0
294.332		232.338		3534		2		0
Frame 27
273.974		221.376		3431		2		0
272.908		189.636		3395		2		0
271.835		157.825		3431		2		0
271.829		144.003		3325		2		0
253.936		171.588		3436		2		0
249.518		201.719		3494		2		0
248.915		224.744		3480		2		0
250.851		232.203		3465		2		0
290.502		170.178		3428		2		0
297.456		199.003		3499		2		0
300.441		223.135		3496		2		0
299.118		231.42		3463		2		0
266.127		221.772		3439		2		0
262.569		258.893		3543		2		0
262.741		290.766		3661		2		0
262.947		300.964		3646		2		0
281.836		220.982		3429		2		0
285.068		257.38		3529		2		0
285.541		290.871		3645		2		0
283.172		299.952		3647		2		0
272.104		165.791		3436		2		0
251.716		240.143		3500		2		0
246.769		235.541		3491		2		0
298.776		237.445		3497		2		0
294.428		233.144		3514		2		0
Frame 28
274.078		221.558		3429		2		0
273.073		189.816		3380		2		0
272.086		157.932		3402		2		0
271.871		143.965		3308		2		0
253.934		171.503		3420		2		0
249.562		201.791		3484		2		0
248.883		224.884		3466		2		0
250.847		232.559		3450		2		0
290.609		170.12		3425		2		0
297.527		198.94		3488		2		0
300.482		223.434		3487		2		0
299.279		231.654		3454		2		0
266.209		221.981		3432		2		0
262.677		258.813		3541		2		0
262.824		290.862		3656		2		0
264.828		299.283		3677		2		0
281.959		221.139		3422		2		0
285.041		257.616		3528		2		0
285.532		290.931		3642		2		0
283.299		300.253		3638		2		0
272.331		165.924		3423		2		0
251.002		240.334		3484		2		0
247.999		232.693		3456		2		0
298.284		238.429		3495		2		0
294.429		233.714		3508		2		0
Frame 29
274.109		221.756		3449		2		0
273.095		189.888		3375		2		0
272.09		157.789		3396		2		0
271.891		143.902		3295		2		0
253.868		171.484		3420		2		0
249.535		201.937		3481		2		0
248.891		225.344		3471		2		0
250.787		232.914		3436		2		0
290.807		170.167		3412		2		0
297.632		199.085		3477		2		0
300.61		223.514		3461		2		0
299.386		232.144		3458		2		0
266.202		222.162		3419		2		0
262.785		258.399		3538		2		0
262.853		290.861		3651		2		0
263.709		301.109		3617		2		0
282.034		221.351		3414		2		0
285.007		257.774		3527		2		0
285.551		290.99		3640		2		0
283.264		300.413		3633		2		0
272.341		165.842		3399		2		0
251.335		241.167		3485		2		0
247		236.732		3463		2		0
298.623		238.376		3487		2		0
294.5		234		3494		2		0
Frame 30
273.987		222.063		3417		2		0
273.031		190.187		3353		2		0
272.116		158.01		3386		2		0
271.914		144.261		3268		2		0
253.839		171.535		3388		2		0
249.54		202.154		3455		2		0
248.869		225.895		3454		2		0
250.801		233.005		3442		2		0
291.01		170.384		3395		2		0
297.699		199.13		3474		2		0
300.785		223.878		3463		2		0
299.455		232.152		3447		2		0
266.093		222.467		3406		2		0
262.779		258.502		3528		2		0
262.87		290.895		3651		2		0
263.689		301.338		0		2		0
281.896		221.66		3399		2		0
285.116		257.541		3521		2		0
285.544		291.04		3638		2		0
283.198		300.592		3636		2		0
272.341		166.09		3384		2		0
251.337		241.167		3468		2		0
248.09		235.364		3429		2		0
298.398		239.201		3479		2		0
294.625		233.003		3492		2		0
Frame 31
274.107		222.183		3416		2		0
273.162		190.369		3345		2		0
272.209		158.172		3366		2		0
272.068		144.264		3262		2		0
253.764		171.585		3383		2		0
249.492		202.558		3450		2		0
249.022		226.377		3441		2		0
250.815		233.212		3434		2		0
291.074		170.323		3382		2		0
297.793		199.178		3455		2		0
300.867		224.169		3447		2		0
299.469		232.153		3441		2		0
266.231		222.589		3398		2		0
262.764		258.601		3522		2		0
262.88		290.777		3646		2		0
263.67		301.301		0		2		0
281.997		221.777		3406		2		0
285.092		257.713		3514		2		0
285.504		291.029		3643		2		0
283.182		300.633		3635		2		0
272.449		166.267		3367		2		0
251.336		241.167		3452		2		0
246.866		235.473		3447		2		0
298.397		239.201		3474		2		0
294.715		233.287		3472		2		0
Frame 32
274.137		222.443		3401		2		0
273.19		190.578		3333		2		0
272.234		158.17		3351		2		0
272.036		144.188		3243		2		0
253.588		171.648		3363		2		0
249.464		202.727		3436		2		0
249.044		226.39		3428		2		0
250.874		233.269		3417		2		0
291.163		170.321		3363		2		0
297.83		199.564		3446		2		0
301.042		225.169		3442		2		0
299.078		232.371		3429		2		0
266.275		222.83		3393		2		0
262.759		258.684		3517		2		0
262.888		290.676		3655		2		0
263.349		301.229		0		2		0
282.012		222.056		3394		2		0
285.191		258.104		3507		2		0
285.503		291.027		3635		2		0
283.24		300.796		3642		2		0
272.474		166.332		3350		2		0
252		241.334		3447		2		0
246.817		234.867		3442		2		0
298.282		239.43		3469		2		0
294.571		232.36		3472		2		0
Frame 33
274.142		222.684		3396		2		0
273.329		190.87		3322		2		0
272.555		158.477		3323		2		0
272.144		144.851		3219		2		0
253.512		171.806		3347		2		0
249.424		202.965		3421		2		0
249.1		226.514		3420		2		0
250.939		233.718		3410		2		0
291.252		170.388		3349		2		0
297.718		199.848		3429		2		0
300.895		225.114		3432		2		0
298.945		232.606		3426		2		0
266.257		223.098		3388		2		0
262.822		258.779		3509		2		0
262.858		290.975		3635		2		0
263.787		301.383		3615		2		0
282.038		222.271		3383		2		0
285.276		258.024		3506		2		0
285.562		290.927		3627		2		0
283.212		300.829		3637		2		0
272.745		166.637		3339		2		0
251.002		241.417		3429		2		0
246.582		234.588		3434		2		0
298.331		239.334		3454		2		0
294.357		232.714		3458		2		0
Frame 34
274.097		223.101		3385		2		0
273.309		191.274		3306		2		0
272.547		158.789		3305		2		0
272.162		145.124		3198		2		0
253.507		171.88		3328		2		0
249.499		202.74		3410		2		0
249.073		226.504		3407		2		0
251.112		233.855		3408		2		0
291.277		170.689		3330		2		0
297.888		200.797		3420		2		0
301.023		225.655		3406		2		0
299.029		233.27		3416		2		0
266.186		223.542		3374		2		0
262.554		257.932		3506		2		0
262.88		290.894		3636		2		0
264.376		299.88		3651		2		0
282.014		222.661		3379		2		0
285.268		257.935		3494		2		0
285.568		291.002		3635		2		0
283.206		300.963		3635		2		0
272.736		166.981		3328		2		0
252.001		242.334		3432		2		0
246.823		234.296		3439		2		0
298.165		240.334		3444		2		0
294.5		233.501		3444		2		0
Frame 35
274.202		223.412		3372		2		0
273.416		191.639		3285		2		0
272.627		159.12		3293		2		0
272.249		145.51		3172		2		0
253.59		171.963		3317		2		0
249.483		203.382		3391		2		0
249.411		227.112		3399		2		0
251.131		234.136		3384		2		0
291.308		170.874		3313		2		0
297.864		200.954		3417		2		0
301.057		225.131		3428		2		0
298.779		233.013		3404		2		0
266.263		223.884		3367		2		0
262.675		258.711		3490		2		0
262.9		291.037		3639		2		0
264.382		300.577		3647		2		0
282.146		222.939		3357		2		0
285.347		257.957		3498		2		0
285.551		291.004		3634		2		0
283.244		300.985		3643		2		0
272.825		167.33		3301		2		0
251.223		242.445		3414		2		0
246.812		234.19		3419		2		0
298.332		240.335		3455		2		0
294.357		232.431		3441		2		0
Frame 36
274.364		223.896		3360		2		0
273.468		192.054		3270		2		0
272.551		159.407		3276		2		0
272.178		146.01		3148		2		0
253.358		172.355		3293		2		0
249.471		203.654		3382		2		0
249.539		227.411		3391		2		0
251.397		234.369		3378		2		0
291.471		170.929		3301		2		0
297.906		201.374		3397		2		0
301.025		225.574		3397		2		0
298.954		233.607		3407		2		0
266.388		224.368		3357		2		0
262.711		258.831		3494		2		0
262.885		291.096		3637		2		0
264.044		300.784		3643		2		0
282.349		223.424		3359		2		0
285.383		258.141		3491		2		0
285.69		290.749		3635		2		0
283.377		300.911		3632		2		0
272.782		167.653		3288		2		0
252.146		243.287		3408		2		0
247.533		237.072		3402		2		0
298.776		240.445		3437		2		0
294.462		234.23		3434		2		0
Frame 37
274.268		224.427		3358		2		0
273.446		192.596		3262		2		0
272.661		159.795		3254		2		0
272.24		146.568		3128		2		0
253.316		173.22		3269		2		0
249.445		204.122		3359		2		0
249.668		227.863		3375		2		0
251.366		234.577		3374		2		0
291.654		171.079		3285		2		0
298.07		201.775		3386		2		0
300.847		226.272		3390		2		0
298.924		233.896		3394		2		0
266.25		224.992		3347		2		0
262.691		259.106		3487		2		0
262.924		291.206		3638		2		0
264.109		300.857		3658		2		0
282.286		223.87		3348		2		0
285.3		258.251		3474		2		0
285.674		290.723		3628		2		0
283.402		300.914		3632		2		0
272.854		168.099		3264		2		0
252.183		243.364		3400		2		0
247.191		236.701		3388		2		0
298.164		241.334		3425		2		0
294.4		233.201		3427		2		0
Frame 38
274.407		224.83		3338		2		0
273.639		192.941		3244		2		0
272.877		160.01		3238		2		0
272.259		146.619		3116		2		0
253.275		173.328		3264		2		0
249.411		204.556		3350		2		0
250.026		228.408		3365		2		0
251.771		234.818		3360		2		0
291.658		171.478		3264		2		0
298.234		202.082		3366		2		0
300.741		226.175		3379		2		0
299.017		233.81		3380		2		0
266.312		225.279		3334		2		0
262.832		259.241		3483		2		0
262.957		291.172		3642		2		0
263.744		301.387		3618		2		0
282.526		224.4		3333		2		0
285.312		258.263		3470		2		0
285.538		290.244		3624		2		0
283.504		300.685		3630		2		0
273.067		168.35		3254		2		0
252.602		244.201		3391		2		0
247.887		236.444		3364		2		0
298.285		241.429		3414		2		0
294.467		233.736		3401		2		0
Frame 39
274.49		225.272		3330		2		0
273.622		193.371		3221		2		0
272.718		160.37		3218		2		0
272.154		146.838		3086		2		0
253.194		173.588		3235		2		0
249.367		204.962		3332		2		0
250.379		228.858		3353		2		0
252.188		236.031		3348		2		0
291.709		171.612		3237		2		0
298.347		202.358		3364		2		0
300.808		226.443		3370		2		0
299.034		234.225		3365		2		0
266.352		225.726		3321		2		0
262.724		259.397		3472		2		0
262.909		291.251		3634		2		0
264.34		300.86		3649		2		0
282.639		224.822		3321		2		0
285.388		258.507		3469		2		0
285.506		290.084		3620		2		0
280.865		299.636		0		2		0
272.948		168.734		3229		2		0
253.001		244.556		3372		2		0
247.857		238.004		3388		2		0
298.164		242.335		3405		2		0
294.55		233.753		3387		2		0
Frame 40
274.575		225.795		3313		2		0
273.694		193.914		3214		2		0
272.789		160.87		3184		2		0
272.248		147.499		3062		2		0
253.234		173.725		3214		2		0
249.303		205.067		3312		2		0
250.6		229.099		3340		2		0
252.396		236.06		3326		2		0
291.934		172.079		3217		2		0
298.515		202.72		3328		2		0
301.143		226.535		3352		2		0
298.973		234.725		3363		2		0
266.356		226.244		3319		2		0
262.685		259.695		3461		2		0
262.871		291.32		3620		2		0
264.531		301.15		3612		2		0
282.806		225.347		3298		2		0
285.464		259.109		3452		2		0
285.462		290.172		3616		2		0
282.552		300.352		3642		2		0
273.018		169.252		3204		2		0
253.144		245.286		3361		2		0
248.715		241.434		3360		2		0
297.749		242.75		3405		2		0
294.389		233.78		3380		2		0
Frame 41
274.595		226.383		3291		2		0
273.832		194.423		3181		2		0
273.084		161.183		3174		2		0
272.212		147.693		3043		2		0
252.977		174.342		3199		2		0
249.308		205.373		3295		2		0
250.61		229.529		3323		2		0
252.395		236.857		3314		2		0
292.261		172.267		3197		2		0
298.919		203.078		3320		2		0
301.296		226.993		3338		2		0
298.796		235.554		3347		2		0
266.309		226.986		3290		2		0
262.717		259.978		3443		2		0
262.873		291.476		3633		2		0
263.04		302.04		0		2		0
282.878		225.799		3287		2		0
285.46		259.241		3441		2		0
285.508		290.415		3610		2		0
282.573		300.639		3637		2		0
273.27		169.626		3187		2		0
252.898		245.4		3349		2		0
247.454		237.087		3342		2		0
297.998		243.401		3380		2		0
294.445		234.95		3361		2		0
Frame 42
274.645		227.135		3276		2		0
273.778		195.025		3170		2		0
272.912		161.634		3140		2		0
272.388		148.506		3020		2		0
252.936		174.704		3178		2		0
249.192		205.681		3274		2		0
250.609		229.918		3302		2		0
252.59		237.495		3300		2		0
292.374		172.535		3179		2		0
299.077		203.407		3293		2		0
301.385		227.427		3314		2		0
299.193		235.915		3323		2		0
266.301		227.684		3278		2		0
262.694		260.059		3434		2		0
262.621		291.645		3611		2		0
264.389		301.746		3606		2		0
282.988		226.589		3276		2		0
285.684		259.498		3434		2		0
285.56		290.528		3607		2		0
282.678		300.844		3634		2		0
273.128		170.114		3163		2		0
253		246.334		3346		2		0
247.875		237.626		3337		2		0
298.57		243.572		3361		2		0
294.471		235.239		3341		2		0
Frame 43
274.701		227.651		3254		2		0
273.885		195.659		3144		2		0
273.072		162.357		3131		2		0
272.454		149.113		2995		2		0
252.675		175.203		3150		2		0
249.051		206.256		3264		2		0
250.465		230.744		3286		2		0
252.474		238.027		3278		2		0
292.408		173.029		3154		2		0
299.112		203.807		3277		2		0
301.742		227.962		3296		2		0
299.306		236.546		3300		2		0
266.292		228.252		3256		2		0
262.63		260.561		3418		2		0
262.381		291.72		3614		2		0
264.285		301.433		0		2		0
283.121		227.048		3255		2		0
285.696		259.594		3420		2		0
285.573		290.586		3604		2		0
282.892		301.011		3614		2		0
273.275		170.818		3132		2		0
253.374		247.375		3325		2		0
248.25		241.627		3318		2		0
298.599		244.4		3344		2		0
294.53		235.769		3330		2		0
Frame 44
275.095		228.717		3240		2		0
274.063		196.406		3128		2		0
273.008		162.706		3096		2		0
272.352		149.207		2967		2		0
252.492		175.572		3135		2		0
248.671		206.697		3234		2		0
250.598		231.283		3258		2		0
252.433		238.516		3263		2		0
292.573		173.219		3133		2		0
299.343		204.328		3252		2		0
301.92		228.567		3282		2		0
299.591		237.503		3284		2		0
266.616		229.319		3238		2		0
262.279		260.496		3410		2		0
262.379		291.773		3616		2		0
264.444		301.733		3604		2		0
283.579		228.11		3231		2		0
285.812		259.871		3396		2		0
285.734		290.649		3599		2		0
282.605		301.009		3605		2		0
273.274		171.273		3118		2		0
252.728		247.455		3298		2		0
248		240.576		3309		2		0
298.397		245.201		3331		2		0
295.385		235.619		3333		2		0
Frame 45
275.031		229.632		3222		2		0
274.116		197.198		3102		2		0
273.2		163.306		3068		2		0
272.474		149.96		2953		2		0
252.466		176.307		3103		2		0
248.404		207.011		3201		2		0
250.55		232.647		3233		2		0
252.405		239.331		3235		2		0
292.816		173.82		3110		2		0
299.577		205.117		3234		2		0
301.932		229.788		3252		2		0
299.542		238.341		3259		2		0
266.466		230.198		3204		2		0
262.469		260.961		3393		2		0
262.332		291.896		3598		2		0
264.278		301.882		3588		2		0
283.601		229.069		3208		2		0
285.923		259.938		3374		2		0
285.761		290.749		3586		2		0
282.712		301.176		3592		2		0
273.429		171.929		3086		2		0
253.221		249.222		3275		2		0
247.385		238.847		3263		2		0
298.749		246.251		3300		2		0
295.286		236.932		3304		2		0
Frame 46
274.956		230.836		3174		2		0
274.167		198.446		3070		2		0
273.392		164.471		3050		2		0
272.308		150.243		2917		2		0
252.155		177.389		3074		2		0
248.333		208.078		3183		2		0
250.278		233.714		3208		2		0
252.068		240.578		3206		2		0
292.987		174.869		3078		2		0
300.008		205.907		3197		2		0
301.948		230.849		3229		2		0
299.395		238.566		3225		2		0
266.313		231.384		3186		2		0
262.577		261.377		3371		2		0
262.367		291.943		3594		2		0
258.151		300.958		3629		2		0
283.613		230.29		3188		2		0
285.871		260.225		3365		2		0
285.66		291.285		3574		2		0
282.522		301.703		3597		2		0
273.585		173.129		3060		2		0
253.14		250.286		3247		2		0
247.416		240.995		3239		2		0
298.777		246.444		3265		2		0
295.093		234.367		3260		2		0
Frame 47
274.66		232.013		3167		2		0
273.835		199.255		3044		2		0
273.021		164.963		3016		2		0
272.08		151.622		2890		2		0
252.118		178.114		3045		2		0
248.053		209.576		3154		2		0
250.074		234.825		3181		2		0
251.888		242.134		3175		2		0
293.178		175.742		3053		2		0
300.536		207.081		3173		2		0
301.844		233.011		3184		2		0
300.536		240.058		3182		2		0
265.954		232.488		3180		2		0
262.702		261.682		3356		2		0
262.356		291.832		3590		2		0
264.336		301.982		3605		2		0
283.375		231.539		3162		2		0
285.873		260.992		3335		2		0
285.524		291.672		3569		2		0
282.467		302.131		3535		2		0
273.224		173.694		3039		2		0
253.143		252.286		3202		2		0
249.698		243.498		3175		2		0
298.8		248.4		3218		2		0
296.166		240.5		3232		2		0
Frame 48
274.408		233.35		3121		2		0
273.677		200.73		3021		2		0
272.963		166.44		2988		2		0
271.931		152.454		2856		2		0
251.986		179.438		3018		2		0
247.358		212.094		3116		2		0
249.208		237.912		3121		2		0
250.382		246.119		3118		2		0
293.379		177.041		3005		2		0
300.62		208.314		3149		2		0
302.127		234.089		3133		2		0
300.892		242.206		3133		2		0
265.647		233.773		3148		2		0
262.715		264.878		3341		2		0
262.307		291.992		3592		2		0
262.717		302.483		3503		2		0
283.178		232.93		3130		2		0
285.805		262.173		3307		2		0
285.442		291.836		3563		2		0
282.609		302.31		3519		2		0
273.14		175.186		2998		2		0
252.427		254.286		3159		2		0
248.607		248.946		3132		2		0
299.2		250.2		3163		2		0
298.497		242.601		3150		2		0
Frame 49
273.926		235.472		3090		2		0
273.538		202.573		2992		2		0
273.173		167.878		2952		2		0
271.978		154.961		2813		2		0
252.006		180.479		2985		2		0
247.13		213.247		3078		2		0
248.897		241.941		3081		2		0
249.315		249.602		3065		2		0
293.369		178.258		2979		2		0
301.245		209.962		3100		2		0
302.951		236.178		3091		2		0
300.968		245.112		3076		2		0
265.044		235.94		3122		2		0
261.961		263.986		3314		2		0
262.202		291.992		3572		2		0
263.066		302.852		3524		2		0
282.836		235.012		3111		2		0
285.739		263.379		3295		2		0
285.377		292.134		3565		2		0
281.349		302.238		3522		2		0
273.262		176.736		2973		2		0
250.899		257.401		3100		2		0
245.5		249.414		3100		2		0
299.571		252.286		3091		2		0
296.915		247.083		3133		2		0
Frame 50
273.434		237.547		3054		2		0
273.213		204.942		2961		2		0
273.08		170.275		2913		2		0
271.98		156.435		2777		2		0
251.707		183.2		2950		2		0
246.353		215.402		3028		2		0
247.707		244.631		3021		2		0
248.197		252.944		2999		2		0
293.938		180.26		2946		2		0
302.505		210.987		3047		2		0
302.988		238.295		3023		2		0
301.394		247.477		2999		2		0
264.537		238.281		3101		2		0
262.131		265.105		3308		2		0
262.201		292.827		3573		2		0
263.174		303.703		3453		2		0
282.354		236.821		3065		2		0
285.955		265.341		3269		2		0
285.443		292.549		3553		2		0
280.584		302.293		3509		2		0
273.103		179.204		2936		2		0
250.002		260.667		3021		2		0
244.694		252.863		3040		2		0
300.585		254.417		3006		2		0
297.25		248.057		3039		2		0
Frame 51
272.612		239.997		3027		2		0
272.705		207.277		2926		2		0
272.858		172.471		2875		2		0
271.688		159.302		2734		2		0
251.46		185.178		2902		2		0
245.973		217.081		2975		2		0
247.02		248.728		2949		2		0
247.226		257.787		2920		2		0
294.234		182.485		2908		2		0
303.05		213.322		2990		2		0
303.812		242.262		2951		2		0
301.686		251.312		2924		2		0
263.602		240.43		3074		2		0
261.86		266.542		3270		2		0
262.15		292.547		3562		2		0
256.599		301.414		0		2		0
281.635		239.588		3050		2		0
286.122		267.068		3243		2		0
285.577		292.859		3531		2		0
280.4		302.462		3515		2		0
272.82		181.344		2894		2		0
248.605		265.201		2949		2		0
243.099		257.492		2953		2		0
300.368		258.376		2938		2		0
297.155		252.222		2959		2		0
Frame 52
272.668		242.406		3008		2		0
272.805		210.38		2892		2		0
272.959		175.498		2825		2		0
271.628		161.893		2684		2		0
251.293		188.436		2858		2		0
244.875		220.849		2915		2		0
245.521		251.887		2871		2		0
246.104		262.226		2838		2		0
294.363		185.274		2863		2		0
303.916		215.581		2936		2		0
304.083		244.841		2868		2		0
302.245		254.88		2831		2		0
263.512		242.845		3034		2		0
261.607		268.093		3256		2		0
261.996		292.737		3538		2		0
263.395		303.755		3458		2		0
281.824		241.964		3010		2		0
286.23		268.931		3207		2		0
285.834		293.456		3529		2		0
280.597		302.969		3514		2		0
272.917		184.461		2854		2		0
247.113		270.223		2862		2		0
241.997		263.646		2879		2		0
300.169		262.001		2848		2		0
297.292		257.347		2860		2		0
Frame 53
273.916		245.205		2974		2		0
273.29		213.376		2841		2		0
272.571		179.289		2795		2		0
271.388		165.871		2637		2		0
250.731		191.704		2814		2		0
243.554		223.532		2854		2		0
244.248		256.598		2786		2		0
244.734		267.448		2743		2		0
294.637		189.099		2805		2		0
304.413		219.614		2849		2		0
304.467		248.789		2778		2		0
302.815		259.285		2731		2		0
264.432		245.295		3003		2		0
261.368		270.087		3236		2		0
261.659		293.141		3535		2		0
262.77		303.854		3462		2		0
283.466		245.146		2990		2		0
285.778		271.782		3212		2		0
286.024		294.16		3521		2		0
278.857		302.237		3483		2		0
272.766		188.133		2805		2		0
245.503		275.627		2762		2		0
240.043		268.717		2764		2		0
301.826		266.126		2740		2		0
297.534		261.924		2764		2		0
Frame 54
273.772		248.65		2936		2		0
272.98		217.7		2808		2		0
272.167		183.263		2731		2		0
271.256		169.961		2578		2		0
250.061		196.084		2756		2		0
242.68		228.557		2778		2		0
243.294		261.909		2704		2		0
243.513		273.495		2656		2		0
294.608		192.607		2753		2		0
305.191		223.325		2778		2		0
305.142		254.63		2675		2		0
303.594		265.327		2623		2		0
264.361		248.764		2973		2		0
260.642		276.591		3252		2		0
262.023		294.3		3536		2		0
262.566		305.111		3397		2		0
283.217		248.527		2950		2		0
286.087		277.646		3222		2		0
285.68		293.708		3506		2		0
279.573		302.641		3490		2		0
272.375		192.164		2752		2		0
244.414		281.821		2676		2		0
238.249		273.786		2681		2		0
303.283		273.142		2638		2		0
297.95		267.095		2662		2		0
Frame 55
274.426		253.338		2911		2		0
273.183		222.635		2754		2		0
271.837		188.985		2665		2		0
271.029		176.018		2529		2		0
249.658		201.202		2700		2		0
241.712		232.808		2705		2		0
242.416		270.495		2614		2		0
242.651		281.235		2561		2		0
295.009		197.525		2682		2		0
305.423		229.624		2688		2		0
306.176		260.028		2590		2		0
304.543		271.774		2531		2		0
264.801		253.582		2951		2		0
261.85		274.907		3182		2		0
261.872		293.776		3507		2		0
269.676		301.005		0		2		0
284.056		253.099		2927		2		0
282.396		277.665		3223		2		0
285.43		293.744		3497		2		0
279.897		302.611		3489		2		0
272.184		197.705		2706		2		0
242.93		291.644		2585		2		0
240.596		284.983		2565		2		0
303.997		281.374		2535		2		0
299.052		274.585		2555		2		0
Frame 56
276.169		258.416		2890		2		0
273.571		228.486		2709		2		0
270.715		195.418		2598		2		0
270.252		182.302		2458		2		0
249.253		207.718		2631		2		0
241.41		238.075		2626		2		0
241.747		278.643		2528		2		0
240.81		289.813		2473		2		0
295.24		203.677		2613		2		0
305.738		234.857		2610		2		0
306.843		270.287		2471		2		0
305.843		282.278		2421		2		0
266.313		259.041		2912		2		0
262.296		275.842		3138		2		0
262.256		293.727		3501		2		0
270.116		300.455		0		2		0
286.033		257.797		2888		2		0
283.144		281.525		3217		1		0
284.894		294.669		3507		2		0
278.682		303.377		3463		2		0
271.456		204.013		2644		2		0
240.637		300.73		2471		2		0
234.57		290.523		2511		2		0
306.11		290.786		2435		2		0
305.667		292.667		2475		2		0
Frame 57
274.973		261.35		2852		2		0
272.562		234.797		2654		2		0
270.374		203.601		2518		2		0
270.063		190.122		2396		2		0
249.433		215.558		2561		2		0
240.032		246.048		2549		2		0
240.42		287.806		2443		2		0
238.833		299.921		2388		2		0
294.901		211.753		2542		2		0
306.654		245.259		2519		2		0
308.999		276.537		2417		2		0
307.794		291.779		2342		2		0
265.247		262.671		2856		2		0
257.043		282.268		3165		1		0
262.412		295.295		3505		2		0
271.352		301.109		0		2		0
284.718		260.142		2852		2		0
286.653		286.545		3190		1		0
287.165		297.492		3519		1		0
277.138		301.283		0		2		0
270.946		211.771		2575		2		0
237.277		311.391		2355		2		0
232.429		300.212		2416		2		0
307.36		302.488		2305		2		0
314.001		300.875		2353		2		0
Frame 58
275.202		267.386		2803		2		0
273.235		242.283		2596		2		0
271.009		213.767		2437		2		0
269.995		200.01		2314		2		0
248.569		223.172		2481		2		0
238.828		258.196		2466		2		0
238.911		299.563		2374		2		0
236.333		313.303		2312		2		0
295.735		221.502		2464		2		0
307.864		254.502		2425		2		0
309.555		289.088		2328		2		0
309.218		300.202		2306		2		0
265.05		268.149		2817		2		0
256.789		286.206		3170		1		0
262.061		300.002		3549		1		0
271.717		304.669		3429		1		0
285.396		266.626		2804		2		0
287.982		289.765		3136		1		0
288.365		300.577		3569		1		0
287.937		296.255		0		2		0
271.592		221.257		2521		2		0
234.397		325.6		2273		2		0
229.801		314.98		2351		2		0
309.738		311.998		2224		2		0
316.054		306.707		2268		2		0
Frame 59
276.848		274.584		2746		2		0
275.636		252.632		2512		2		0
274.244		227.288		2423		2		0
270.774		213.405		2241		2		0
248.236		234.237		2413		2		0
237.867		269.074		2391		2		0
237.142		313.244		2304		2		0
234.741		325.574		2259		2		0
295.782		234.39		2387		2		0
309.045		267.52		2349		2		0
310.863		308.925		2234		2		0
311.874		325.874		2169		2		0
267.115		275.546		2772		2		0
256.367		291.915		3150		1		0
262.43		304.449		3430		1		0
272.281		309.196		3340		1		0
286.52		273.635		2772		2		0
291.029		301.241		3577		1		0
291.094		310.78		3329		1		0
292.495		312.03		3293		1		0
274.611		233.986		2445		2		0
231.672		336.967		2210		2		0
227.893		332.139		2256		2		0
312.999		336.687		2113		2		0
318.935		328.237		2163		2		0
Frame 60
276.464		283.141		2693		2		0
275.127		265.55		2457		2		0
273.572		245.042		2376		2		0
270.164		231.631		2166		2		0
245.768		251.11		2343		2		0
236.487		287.807		2324		2		0
234.685		327.554		2257		2		0
231.866		345.195		2208		2		0
295.897		248.185		2320		2		0
309.665		281.589		2290		2		0
313.666		332.766		2141		2		0
313.932		346.087		2101		2		0
267.161		284.666		2736		2		0
259.917		305.62		3411		1		0
264.901		317.555		3229		1		0
274.58		322.176		3145		1		0
285.845		281.611		2705		2		0
288.764		305.71		3415		1		0
289.071		315.067		3244		1		0
290.83		317.389		3205		1		0
273.984		250.482		2398		2		0
228.563		357.04		2146		2		0
223.364		353.72		2186		2		0
313.667		357.278		2058		2		0
320.872		349.36		2103		2		0
Frame 61
278.056		300.172		0		2		0
274.824		279.163		2388		2		0
270.867		253.446		2088		2		0
266.593		242.846		2024		2		0
246.062		267.958		2271		2		0
234.219		311.728		2260		2		0
232.566		355.945		2201		2		0
230.836		368.122		2151		2		0
296.494		266.457		2249		2		0
312.825		300.232		2230		2		0
314.97		354.04		2079		2		0
314.799		371.945		2053		2		0
268.242		300.396		2802		2		0
260.625		321.003		3165		1		0
265.64		331.626		2957		1		0
275.513		336.282		2867		1		0
288.007		299.952		2824		2		0
290.165		321.456		3144		1		0
290.329		329.571		2991		1		0
292.052		332.902		2922		1		0
271.937		260.4		2176		2		0
229.939		381.389		2143		2		0
226.151		368.826		2175		2		0
316.353		381.976		2002		2		0
318.358		377.69		2029		2		0
Frame 62
281.562		317.133		3224		2		0
278.367		298.744		2325		2		0
274.429		276.074		2023		2		0
267.029		267.757		0		2		0
241.855		288.338		2218		2		0
232.172		323.437		2230		2		0
232.751		362.432		2187		2		0
230.827		367.791		2187		2		0
296.576		284.195		2187		2		0
313.029		318.959		2177		2		0
315.367		374.126		2086		2		0
314.801		372.716		2093		2		0
272.567		319.981		3186		2		0
266.05		338.869		2823		1		0
270.623		347.873		2691		1		0
280.703		352.558		2587		1		0
290.611		314.273		3255		2		0
296.508		339.762		2775		1		0
295.94		345.937		2666		1		0
297.648		345.835		2661		1		0
275.497		282.22		0		2		0
229.383		372.208		2172		2		0
225.184		365.285		2257		2		0
308.498		378.499		2188		2		0
315.936		380.807		2066		2		0
Frame 63
283.345		337.591		2846		2		0
279.908		321.456		2288		2		0
275.652		301.47		1908		2		0
266.76		294.578		1934		2		0
239.966		306.66		2160		2		0
229.98		339.047		2208		2		0
237.816		374.611		2211		2		0
231.308		372.022		2195		1		0
304.918		314.611		2121		2		0
320.698		348.717		2141		2		0
294.227		377.682		2218		1		0
290.978		377.452		2213		1		0
274.148		337.916		2854		2		0
267.7		357.798		2432		1		0
272.197		364.964		2343		1		0
282.486		369.648		2280		1		0
292.683		337.263		2814		2		0
298.964		359.152		2394		1		0
298.088		363.154		2332		1		0
299.592		363.426		2338		1		0
276.808		306.898		1920		2		0
224		375		2300		2		0
228.227		374.058		2199		2		0
285.592		382.945		2168		1		0
291.632		385.451		2174		1		0
Frame 64
285.876		357.45		2437		2		0
282.113		343.163		0		2		0
277.387		325.187		1897		2		0
268.145		319.845		1826		2		0
241.947		328.999		2114		1		0
224.975		355.809		2239		2		0
227.894		394.042		2177		1		0
218.828		402.441		2082		1		0
308.584		337.43		2101		1		0
324.63		372.006		2149		1		0
298.785		371.41		2300		1		0
295.655		371.375		2285		1		0
276.465		357.425		2411		2		0
269.691		375.208		2240		1		0
274.042		380.572		2180		1		0
284.474		385.216		2136		1		0
295.444		357.476		2463		2		0
301.556		376.974		2249		1		0
300.351		378.884		2222		1		0
301.965		378.079		2222		1		0
278.678		330.099		1958		2		0
212.215		404.025		2064		1		0
215.798		404.451		2063		1		0
290.529		376.659		2223		1		0
296.345		378.667		2213		1		0
Frame 65
289.467		369.646		2276		2		0
284.594		357.976		2107		2		0
278.423		343.151		1779		2		0
266.912		338.976		1797		2		0
246.123		345.898		2089		1		0
220.074		349.402		2223		2		0
223.038		387.948		2211		1		0
213.917		396.4		2124		1		0
314.435		354.705		2086		1		0
324.641		365.927		2154		2		0
310.955		394.726		2125		1		0
307.473		394.047		2135		1		0
280.292		370.692		2264		2		0
273.267		388.311		2113		1		0
277.289		392.289		2075		1		0
287.852		396.898		2067		1		0
298.753		368.584		2298		2		0
305.75		390.374		2155		1		0
304.016		390.679		2152		1		0
306.018		389.209		2165		1		0
280.114		347.218		1835		2		0
207.479		398.248		2090		1		0
210.861		398.412		2106		1		0
301.958		398.601		2110		1		0
308.343		401.632		2088		1		0
Frame 66
290.463		388.086		2093		2		0
285.947		379.521		2128		2		0
280.261		368.689		1807		2		0
268.831		365.848		1739		1		0
247.784		369.451		2135		1		0
218.508		358.519		2189		2		0
221.612		397.311		2146		1		0
212.391		405.811		2049		1		0
316.13		378.409		2140		1		0
332.317		358.8		2459		2		0
316.72		393.828		2091		1		0
312.967		393.157		2091		1		0
281.427		388.978		2079		2		0
274.485		405.342		1904		1		0
278.367		407.419		1903		1		0
288.898		411.876		1910		1		0
299.606		387.176		2124		2		0
306.931		407.729		2023		1		0
305.061		405.942		2055		1		0
307.103		405.095		2056		1		0
281.816		371.656		1864		2		0
205.946		407.262		1996		1		0
209.298		407.849		2001		1		0
307.122		397.873		2099		1		0
313.96		400.951		2058		1		0
Frame 67
302.471		346.862		2448		2		0
309.174		334.982		2715		2		0
315.87		323.09		3019		2		0
305.786		326.244		2946		2		0
283.143		321.229		2983		1		0
258.436		329.606		2552		2		0
237.502		365.771		1997		1		0
229.779		373.018		2080		1		0
329.839		327.076		3417		1		0
328.038		338.787		2728		2		0
323.457		365.23		2097		1		0
321.707		375.122		2034		1		0
296.364		347.247		2381		2		0
296.21		357.737		2038		1		0
297.386		363.384		1990		1		0
305.422		367.075		1976		1		0
308.64		346.473		2458		2		0
320.653		358.754		2304		1		0
317.953		361.934		2115		1		0
319.883		359.939		2237		1		0
314.197		326.063		2934		2		0
223.713		375.476		2148		1		0
227.215		374.712		2110		1		0
315.967		380.126		2007		1		0
322.809		382.205		2088		1		0
Frame 68
299.92		365.769		2043		2		0
302.381		357.427		2364		2		0
305.169		347.928		2547		2		0
284.701		344.251		2371		2		0
265.983		345.569		2348		1		0
223.589		340.67		2585		2		0
226.01		374.282		2035		1		0
218.1		381.658		2109		1		0
321.899		352.751		2401		1		0
300.05		349.325		2413		2		0
331.929		355.282		2417		2		0
328.756		350.979		2452		1		0
292.15		366.027		2007		2		0
284.85		382.081		0		1		0
287.257		386.151		1800		1		0
296.433		390.207		1935		1		0
307.79		365.504		2281		2		0
312.877		383.709		1949		1		0
310.615		384.681		1941		1		0
312.576		383.197		1949		1		0
304.438		350.424		2480		2		0
212.33		383.832		2168		1		0
215.455		383.393		2128		1		0
335.158		351.461		2502		2		0
323.861		343.749		2487		2		0
Frame 69
284.08		342.248		2352		2		0
284.415		332.078		2422		2		0
284.769		321.205		2906		2		0
267.424		318.386		2977		1		0
251.201		319.345		0		1		0
228.051		334.189		2684		2		0
219.772		369.524		2050		1		0
211.671		377.059		2107		1		0
299.092		325.32		3043		1		0
316.76		340.271		2549		2		0
321.014		356.579		2438		2		0
321.161		356.929		2438		1		0
277.466		341.601		2348		2		0
270.895		357.215		2136		1		0
274.255		363.053		2049		1		0
282.563		366.849		2008		1		0
290.784		342.905		2364		2		0
295.514		358.269		2158		1		0
295.136		361.58		2055		1		0
296.408		359.519		2112		1		0
284.679		323.992		2846		2		0
206.015		379.451		2224		1		0
208.952		378.824		2223		1		0
322.994		359.002		2387		2		0
329.288		356.285		2418		2		0
Frame 70
283.461		339.179		2345		2		0
283.004		327.603		2432		2		0
282.715		316.358		2979		2		0
265.784		313.667		2961		1		0
249.913		314.574		3218		1		0
231.092		331.113		2772		2		0
221.46		370.398		2000		1		0
213.374		377.925		2089		1		0
296.709		320.368		3037		1		0
313.673		335.827		2678		2		0
323.556		349.433		2488		2		0
323.34		351.616		2467		2		0
277.165		339.603		2337		2		0
269.501		352.714		2119		1		0
272.924		358.843		2026		1		0
281.102		362.598		1995		1		0
289.727		338.528		2361		2		0
293.647		353.67		2214		1		0
293.451		357.361		2050		1		0
294.65		355.204		2142		1		0
282.789		319.227		2924		2		0
207.662		380.282		2265		1		0
210.663		379.689		2133		1		0
318.334		354.667		2447		2		0
330		351.833		2492		2		0
Frame 71
284.395		338.599		2330		2		0
284.62		327.98		2407		2		0
284.8		316.696		2919		2		0
267.402		313.929		0		1		0
251.13		314.859		0		1		0
232.533		332.655		2783		1		0
223.584		373.237		1980		1		0
215.267		380.982		2084		1		0
299.169		320.813		3146		1		0
317.318		336.839		2700		1		0
344.402		356.425		2815		2		0
353.924		363.253		2714		1		0
277.803		338.424		2326		2		0
270.887		353.735		2091		1		0
274.257		359.891		2001		1		0
282.586		363.713		1962		1		0
291.092		338.863		2341		2		0
295.574		354.73		2071		1		0
295.19		358.389		1987		1		0
296.467		356.222		2032		1		0
284.754		319.586		2846		2		0
209.323		383.286		2234		1		0
212.481		382.803		2179		1		0
349.428		366.499		2651		1		0
360.41		363.369		2716		1		0
Frame 72
304.385		384.942		1861		2		0
305.558		372.95		1880		2		0
306.955		358.319		1998		2		0
281.353		353.549		2087		1		0
271.894		355.099		2006		2		0
225.023		379.084		2018		2		0
237.033		375.557		1897		2		0
247.881		369.769		1912		1		0
327.94		364.356		1983		1		0
301.217		379.805		1858		2		0
313.289		364.167		1929		2		0
323.209		337.325		2735		1		0
293.566		385.808		1876		2		0
216.125		343.191		2625		2		0
226.772		352.544		2070		1		0
237.992		357.642		0		1		0
315.381		384.048		2017		2		0
315.59		397.972		2014		1		0
312.621		397.352		2021		1		0
315.003		396.135		2026		1		0
306.581		362.268		1926		2		0
256.017		375.185		1704		2		0
257.725		370.278		0		2		0
322.283		331.57		2863		2		0
314.496		337.993		2762		2		0
Frame 73
277.703		338.029		2307		2		0
277.03		326.757		2400		2		0
276.344		315.284		3193		2		0
260.551		312.781		2931		1		0
254.545		313.697		2948		1		0
246.531		323.294		3106		2		0
241.298		331.413		2856		1		0
227.645		368.542		1956		1		0
289.429		319.034		2874		1		0
291.616		329.311		2402		2		0
324.282		348.481		2588		1		0
336.175		355.408		2082		1		0
272.267		341.998		2284		2		0
215.955		343.356		2669		2		0
226.622		352.692		2067		1		0
237.845		357.789		2040		1		0
283.09		334.096		2350		2		0
287.812		350.855		2205		1		0
288.145		354.626		2037		1		0
289.131		352.493		2085		1		0
276.517		318.171		3148		2		0
233.037		377.038		1910		2		0
231.95		364.534		1954		2		0
334.674		348.684		2638		1		0
327.141		356.178		2020		1		0
Frame 74
286.625		364.777		1936		2		0
287.913		353.986		2141		2		0
289.381		341.58		2310		2		0
267.48		337.697		2314		1		0
272.404		355.426		2039		2		0
238.329		379.314		1897		2		0
256.018		373.622		1660		1		0
265.563		379.822		1669		1		0
302.567		348.421		2310		2		0
307.585		367.25		1911		1		0
356.497		397.934		2222		1		0
374.599		408.89		0		1		0
282.005		368.774		1894		2		0
216.329		344.096		2673		2		0
226.954		353.347		2064		1		0
238.175		358.441		0		1		0
291.213		360.802		1979		2		0
301.199		381.277		1854		1		0
300.112		382.579		1858		1		0
301.806		380.925		1850		1		0
288.995		344.851		2303		2		0
266.659		381.354		1749		2		0
279.177		379.537		1678		2		0
370.39		396.487		2264		1		0
361.637		410.533		2130		1		0
Frame 75
286.669		366.22		1938		2		0
287.693		355.788		2169		2		0
288.765		343.93		2306		2		0
266.771		339.991		2306		1		0
271.615		358.145		2018		1		0
236.545		382.242		1895		2		0
254.025		376.862		1747		1		0
266.2		390.162		1624		2		0
302.074		350		2295		2		0
307.046		369.168		1916		1		0
356.209		400.179		2144		1		0
374.401		411.235		2131		1		0
281.838		368.757		1914		2		0
215.786		347.58		2628		1		0
226.522		356.471		2054		1		0
237.795		361.571		2012		1		0
292.041		366.808		1927		2		0
300.76		383.209		1841		1		0
299.718		384.297		1851		1		0
301.403		382.702		1842		1		0
288.495		347.048		2293		2		0
273.668		391.665		1559		2		0
267.313		406.318		1626		2		0
370.194		398.646		0		1		0
361.358		412.909		2024		1		0
Frame 76
290.562		368.363		1923		2		0
290.253		357.392		2173		2		0
290.329		344.953		2312		2		0
268.303		340.996		2310		1		0
273.375		359.296		2047		1		0
236.187		382.766		1887		2		0
253.641		377.437		0		1		0
265.959		391.382		1628		1		0
303.511		350.744		2336		1		0
308.697		370.025		1920		1		0
358.024		401.077		2137		1		0
376.255		412.123		0		1		0
285.088		366.827		1956		2		0
217.497		348.534		2587		1		0
228.036		357.313		2053		1		0
239.299		362.407		2376		1		0
296.917		370.52		1912		2		0
301.966		383.984		1855		1		0
300.788		384.985		1853		1		0
302.513		383.416		1850		1		0
290.274		348.211		2296		2		0
263.816		400.404		1587		2		0
280.191		385.949		1724		2		0
371.952		399.504		0		1		0
363.228		413.817		0		1		0
Frame 77
279.027		370.314		1935		2		0
277.822		359.445		2087		2		0
276.418		346.771		2295		2		0
254.432		342.756		2360		1		0
257.478		361.507		2003		1		0
228.126		390.147		2038		2		0
251.144		379.065		1884		1		0
263.588		391.256		1697		2		0
295.01		347.476		2309		2		0
329.289		368.104		1965		2		0
307.403		378.813		1880		2		0
271.199		391.964		1659		2		0
272.976		368.969		1952		2		0
204.914		350.02		2647		1		0
216.965		358.681		2062		1		0
228.351		363.802		2010		1		0
285.146		371.671		1917		2		0
291.322		385.685		1849		1		0
291.341		386.499		1852		1		0
292.728		384.977		1848		1		0
276.79		350.131		2233		2		0
269.305		393.564		0		2		0
272.173		381.164		1718		2		0
261		398.502		1575		2		0
279.518		393.23		1599		2		0
Frame 78
288.272		369.379		1933		2		0
288.176		358.784		2135		2		0
288.057		346.489		2304		2		0
266.049		342.505		2303		1		0
270.792		361.041		2032		1		0
234.166		384.469		1891		2		0
251.348		379.34		1895		1		0
264.321		392.39		0		1		0
306.339		347.193		2650		1		0
294.364		360.881		2062		1		0
301.909		378.543		1879		1		0
292.666		386.31		1854		2		0
282.255		368.799		1958		2		0
215.508		349.744		2553		1		0
226.277		358.386		2060		1		0
237.551		363.476		2377		1		0
294.351		369.964		1927		2		0
300.215		385.187		1851		1		0
299.234		386.052		1850		1		0
300.903		384.523		1854		1		0
288.089		349.743		2280		2		0
266.328		397.217		1640		2		0
271.835		396.324		1736		2		0
281		391.506		1689		2		0
296.102		387.504		1849		2		0
Frame 79
276.18		370.552		1915		2		0
274.06		359.612		2038		2		0
271.604		346.904		2266		2		0
249.518		342.856		2461		1		0
271.127		363.048		1995		2		0
232.687		382.364		1910		2		0
266.578		358.526		2081		1		0
276		376		1752		1		0
285.09		354.711		2191		2		0
330.694		372.806		1960		2		0
276.596		365.063		1964		2		0
260.751		381.177		1674		2		0
272.104		367.729		1945		2		0
200.226		350.16		2715		1		0
212.897		358.86		2073		1		0
224.375		364.013		2008		1		0
280.325		373.417		1886		2		0
287.716		386.051		1851		1		0
288.145		386.829		1849		1		0
289.421		385.31		1848		1		0
272.254		350.268		2226		2		0
278.132		380.264		1725		1		0
276		376		1752		1		0
251		386		1666		2		0
263.783		379.888		1692		2		0
Frame 80
278.49		372.864		1795		2		0
276.881		362.054		1989		2		0
275.063		349.429		2231		2		0
252.646		345.287		2319		1		0
275.23		366.343		1939		1		0
235.335		383.853		1902		2		0
271.855		362.395		1995		1		0
274.497		376.693		0		1		0
288.839		357.414		2041		1		0
307.471		373.125		1900		2		0
277.072		383.251		0		2		0
263.774		394.151		1652		2		0
274.26		370.112		0		2		0
202.449		352.36		2620		1		0
214.981		360.884		2057		1		0
226.557		366.075		1980		1		0
282.798		375.661		1842		2		0
290.516		388.31		1863		1		0
290.627		388.834		1863		1		0
292.008		387.379		1871		1		0
275.54		352.78		2204		2		0
276.554		380.001		0		2		0
281.06		378.413		1756		2		0
255.999		393.01		1647		2		0
272.686		395.846		0		2		0
Frame 81
290.948		368.057		1903		2		0
290.571		357.527		2036		2		0
290.128		345.367		2319		2		0
268.195		341.42		2318		1		0
292.123		360.999		1971		1		0
255.464		378.431		1647		1		0
290.773		357.257		2036		1		0
302.615		371.268		1894		1		0
303.926		352.944		2319		1		0
314.003		369.629		1915		2		0
282.438		378.303		1729		1		0
263.045		388.618		1674		2		0
286.898		367.095		1903		2		0
217.62		348.759		2571		1		0
228.108		357.481		2077		1		0
239.332		362.557		1970		1		0
295.045		369.028		1904		2		0
301.773		384.178		1855		1		0
300.62		385.154		1850		1		0
302.335		383.596		1860		1		0
290.246		348.579		2298		2		0
311.501		370.999		1902		2		0
304.8		363.399		1951		2		0
251.834		383.498		1683		2		0
269.578		400.536		1654		2		0
Frame 82
258.588		401.652		1719		2		0
252.155		395.399		1751		2		0
244.546		387.962		1956		2		0
219.819		382.543		2072		1		0
239.79		412.745		0		1		0
9999		9999		9999		1		0
233.525		412.822		1990		1		0
241.733		423.889		1757		1		0
295.768		369.254		1890		2		0
334.626		380.525		1983		2		0
286.952		386.309		1898		1		0
280.324		382.504		1786		1		0
252.206		401.704		0		2		0
168.676		384.855		2432		1		0
186.705		390.066		2254		1		0
199.527		395.596		2151		1		0
265.02		401.594		1704		2		0
268.797		417.919		1819		1		0
272.051		416.699		1834		1		0
9999		9999		9999		1		0
246.576		389.95		1975		2		0
253.028		423.667		1755		1		0
246.435		412.643		1837		1		0
258.661		397.669		1710		2		0
263.503		394.866		1666		2		0
Frame 83
250.347		394.918		0		2		0
244.137		385.306		1984		2		0
236.769		373.82		1919		2		0
211.535		368.524		2040		1		0
230.579		397.422		2073		1		0
273.807		373.623		1708		2		0
253.55		341.253		2349		2		0
246.333		329.65		2935		1		0
289.144		353.908		2008		1		0
329.901		372.617		1963		2		0
287.818		380.662		1896		1		0
272.344		385.208		1722		1		0
243.976		393.122		2105		2		0
160.339		372.947		2621		1		0
179.816		379.825		2482		1		0
192.927		385.539		2355		1		0
256.853		396.745		1716		2		0
264.076		410.576		1857		1		0
267.548		408.352		1891		1		0
267.081		406.462		1908		2		0
238.737		376.895		1917		2		0
256.775		329.307		2553		1		0
250.584		321.551		2978		1		0
261.764		389.801		1701		2		0
273.245		391.013		1729		2		0
Frame 84
258.556		387.958		1690		2		0
253.991		377.404		1730		2		0
248.601		364.865		1740		2		0
222.919		365.944		1975		2		0
244.493		386.206		2101		1		0
285.372		363.662		1893		1		0
266.592		332.179		2410		1		0
259.921		320.948		2907		1		0
299.308		345.366		2346		1		0
335.49		374.843		1970		2		0
287.596		380.249		1932		1		0
269.169		381.835		1733		1		0
251.938		389.46		0		2		0
172.754		365.564		2725		1		0
190.135		373.161		0		1		0
202.837		378.743		2142		1		0
265.153		386.457		1718		2		0
272.118		403.02		1942		1		0
274.511		401.771		1957		1		0
277.283		402.532		1961		1		0
250.037		368.214		1728		2		0
269.887		320.622		3138		1		0
263.583		313.465		3045		1		0
260.164		383.63		1708		2		0
261.65		393.637		1744		2		0
Frame 85
256.332		381.675		1711		2		0
252.078		370.727		1737		2		0
247.132		357.922		1734		2		0
238.72		356.577		1954		2		0
242.953		377.505		1983		1		0
282.404		356.015		1909		1		0
264.2		325.323		2517		1		0
257.754		314.419		3004		1		0
296.049		338.809		2417		1		0
339.085		371.116		1983		2		0
291.546		376.255		1921		1		0
273.55		373.187		1747		1		0
247.803		399.085		2075		2		0
173.601		359.69		2786		1		0
190.454		367.828		2601		1		0
202.847		373.303		2075		1		0
264.203		365.448		1703		2		0
270.438		396.992		2018		1		0
272.984		396.497		2014		1		0
275.676		397.58		1997		1		0
248.442		361.32		1737		2		0
267.327		314.099		3218		1		0
261.337		307.401		3129		1		0
263.842		376.724		1725		2		0
264.826		386.687		1748		2		0
Frame 86
258.253		381.292		1735		2		0
254.612		370.008		1743		2		0
250.435		356.74		1734		2		0
240.264		355.323		1939		2		0
246.736		376.231		1968		1		0
286.184		354.7		1916		1		0
257.118		346.346		1738		2		0
257.957		351.884		1727		1		0
299.625		337.525		0		1		0
339.106		371.217		1995		2		0
291.616		376.359		1940		1		0
273.262		370.951		1770		1		0
249.635		398.793		2069		2		0
176.207		358.71		2791		1		0
192.78		366.987		2653		1		0
205.192		372.478		2075		1		0
266.217		364.968		1714		2		0
272.977		396.211		2005		1		0
275.22		395.808		2025		1		0
277.774		396.932		2005		1		0
251.536		360.269		1725		2		0
249.5		344.5		1701		2		0
260.33		336.497		1753		2		0
263.905		373.763		1732		2		0
262.668		384.669		1768		2		0
Frame 87
257.984		380.221		1746		2		0
252.981		369.308		1745		2		0
248.304		356.539		1742		2		0
238.879		354.822		1957		2		0
244.271		376.063		1997		1		0
283.935		354.47		1916		1		0
253.185		346.747		1727		1		0
257.339		349.009		1731		1		0
295.714		361.367		1900		2		0
339.668		369.732		2012		2		0
292.459		374.74		1948		1		0
275.662		368.176		1876		1		0
249.948		379.116		2005		2		0
174.218		358.536		2833		1		0
191.071		366.853		2636		1		0
203.517		372.359		2083		1		0
266.102		381.333		0		2		0
271.424		396.149		2003		1		0
273.86		395.753		2022		1		0
276.525		396.874		2002		1		0
249.569		359.966		1733		2		0
246		340		1722		2		0
270.422		340.558		0		2		0
264.939		372.704		1733		2		0
264.506		380.125		1771		2		0
Frame 88
259.096		379.662		1766		2		0
253.958		368.729		1744		2		0
248.875		355.942		1747		2		0
239.471		353.942		1956		2		0
244.95		375.277		1992		1		0
284.38		353.819		1926		1		0
253.545		346.082		1744		1		0
256.961		346.505		1740		1		0
295.906		361.385		1906		2		0
339.816		368.285		2001		2		0
292.757		373.172		1944		1		0
275.782		366.769		1891		1		0
251.024		378.619		0		2		0
174.999		358.028		2789		1		0
191.697		366.378		2646		1		0
204.098		371.866		2084		1		0
267.255		380.709		1991		2		0
271.772		395.57		2016		1		0
274.158		395.245		2015		1		0
276.761		396.358		1995		1		0
250.178		359.399		1758		2		0
247.501		338.99		1742		2		0
270.997		337.996		1749		2		0
265.03		370.85		1742		2		0
272.951		374.056		1921		2		0
Frame 89
259.946		379.195		1779		2		0
254.98		368.163		1728		2		0
249.768		355.395		1741		2		0
240.325		353.126		1954		2		0
245.999		374.537		1980		1		0
285.16		353.227		1921		1		0
254.512		345.612		1747		1		0
257.393		346.69		1744		1		0
295.945		361.419		1908		2		0
339.825		367.815		2014		2		0
292.814		372.662		1946		1		0
275.87		366.756		1892		2		0
251.9		378.024		0		2		0
176.091		357.56		2797		1		0
192.589		365.935		2620		1		0
204.938		371.404		2084		1		0
268.087		380.359		1997		2		0
272.354		395.009		2014		1		0
274.661		394.753		2034		1		0
277.192		395.878		2012		1		0
251.115		358.806		1760		2		0
252.495		334.003		1772		2		0
266.13		334.44		1779		2		0
262.881		373.042		1753		2		0
261.801		379.801		1785		2		0
Frame 90
260.658		379.508		1787		2		0
256.14		368.577		1723		2		0
251.22		355.909		1742		2		0
240.467		352.841		1957		2		0
247.638		375.283		1984		1		0
287.054		353.779		1923		1		0
256.228		346.215		1746		1		0
256.472		345.046		1748		1		0
296.095		361.266		1905		2		0
333.503		363.314		1994		2		0
285.804		367.829		1930		1		0
259.679		365.206		1740		2		0
252.7		378.321		1810		2		0
176.871		358.011		2785		1		0
193.362		366.374		2535		1		0
205.776		371.871		2089		1		0
268.72		380.694		1998		2		0
273.568		395.599		2007		1		0
275.74		395.27		2003		1		0
278.228		396.367		1999		1		0
252.505		359.272		1760		2		0
249.5		332		1742		2		0
266.468		336.732		1758		2		0
252.387		362.14		1763		2		0
253.587		376.998		1779		2		0
Frame 91
261.44		378.921		1790		2		0
257.009		367.726		1736		2		0
252.033		354.809		1743		2		0
241.121		351.828		1959		2		0
248.573		374.029		1987		1		0
287.953		352.561		1929		1		0
257.185		344.938		1753		1		0
255.946		344.836		1756		1		0
296.104		361.187		1904		2		0
333.592		363.45		2001		2		0
285.899		367.975		1930		1		0
259.754		364.645		1746		2		0
253.542		377.518		1800		2		0
177.561		357.085		2785		1		0
193.967		365.563		2540		1		0
206.379		371.064		2098		1		0
269.45		380.295		2007		2		0
274.18		394.789		2028		1		0
276.278		394.558		2017		1		0
278.73		395.705		2002		1		0
253.344		358.223		1756		2		0
252		330		1745		2		0
267.586		335.519		1746		2		0
252.505		361.363		1765		2		0
252.659		376.91		1801		2		0
Frame 92
286.338		380.77		1997		2		0
286.333		369.137		1937		2		0
286.314		355.535		1916		2		0
274.898		351.623		1813		2		0
288.051		375.387		1961		1		0
240.67		365.002		1952		2		0
202.504		346.435		2844		1		0
189.794		340.249		3065		1		0
296.154		361.547		1908		2		0
338.522		366.521		2009		2		0
291.59		371.25		1930		1		0
261.252		366.306		1751		1		0
282.539		378.39		1974		2		0
205.053		357.797		2109		1		0
218.306		366.34		2025		1		0
230.837		371.932		2042		1		0
290.204		383.186		2046		2		0
300.194		395.961		2047		1		0
299.122		395.581		2044		1		0
299.91		396.71		2040		2		0
286.32		359.145		1917		2		0
186.241		326.869		3321		1		0
200.467		331.354		3320		1		0
252.738		363.935		1765		2		0
254.032		377.139		1786		2		0
Frame 93
286.02		379.981		1981		2		0
285.9		368.041		1928		2		0
285.735		354.083		1924		2		0
274.89		350.94		1776		2		0
287.374		373.59		1944		1		0
240.443		366.073		1962		2		0
195.947		348.565		2914		1		0
181.493		342.874		3094		1		0
302.639		366.992		1910		2		0
339.21		366.225		2014		2		0
292.082		370.776		1928		1		0
276.027		365.966		1896		2		0
281.339		376.522		1957		2		0
204.978		356.557		2118		1		0
218.181		365.219		2021		1		0
230.657		370.793		2017		1		0
290.315		382.946		2010		2		0
299.704		394.723		2044		1		0
298.696		394.496		2042		1		0
299.507		395.695		2039		1		0
285.781		357.786		1915		2		0
178.036		329.908		3356		1		0
191.835		334.265		3247		1		0
262.687		372.011		1758		2		0
261.25		379.003		1783		2		0
Frame 94
286.176		380.015		1981		2		0
286.124		368.125		1921		2		0
286.072		354.252		1923		2		0
275.015		351.036		1750		2		0
287.765		373.815		1941		1		0
240.858		366.155		1957		2		0
196.017		348.496		0		1		0
181.477		342.766		3055		1		0
298.34		363.675		1906		2		0
339.976		372.261		1998		2		0
292.848		377.452		1979		1		0
276.004		368.7		1891		2		0
281.812		376.814		1959		2		0
205.162		356.703		2126		1		0
218.356		365.356		2018		1		0
230.846		370.936		2008		1		0
290.396		382.935		2010		2		0
299.971		394.889		2046		1		0
298.929		394.642		2043		1		0
299.722		395.831		2045		1		0
286.085		357.929		1912		2		0
178.023		329.808		3348		1		0
191.832		334.251		3243		1		0
262.857		373.242		1749		2		0
265.873		377.652		1803		2		0
Frame 95
285.748		380.253		1968		2		0
279.309		368.204		1908		2		0
272.35		352.252		1762		2		0
260.062		347.156		1740		2		0
237.205		360.823		1950		2		0
209.714		369.573		2079		2		0
188.591		352.406		2871		1		0
180.9		346.143		2998		1		0
298.301		363.601		1901		2		0
340.434		371.325		2006		2		0
293.427		376.439		1967		1		0
277.382		368.275		1906		1		0
274.555		379.485		1966		2		0
204.855		357.545		2121		1		0
218.147		366.13		2024		1		0
230.694		371.73		2017		1		0
293.548		382.382		2030		2		0
300.125		395.785		2050		1		0
299.06		395.427		2047		1		0
299.857		396.569		2046		2		0
274.255		356.627		1771		2		0
177.292		332.634		3243		1		0
191.677		337.181		3152		1		0
263.666		373.88		1754		2		0
272.681		375.805		1910		2		0
Frame 96
285.183		386.53		2032		2		0
285.646		375.869		1945		2		0
286.246		362.344		1910		2		0
270.94		353.623		1753		2		0
235.007		367.182		1954		1		0
210.912		372.351		2096		2		0
189.56		355.435		2827		1		0
181.79		349.264		2936		1		0
298.163		363.644		1895		2		0
340.543		371.086		2003		2		0
293.555		376.182		1951		1		0
277.309		369.301		1904		1		0
274.213		385.397		2020		2		0
201.553		363.599		2116		1		0
215.753		371.689		2089		1		0
228.758		377.452		2250		1		0
296.337		388.423		2082		2		0
300.627		402.326		2016		1		0
299.467		401.131		2015		1		0
300.315		401.889		2025		2		0
286.086		365.986		1908		2		0
178.181		335.776		3200		1		0
192.551		340.323		3161		1		0
264.733		377.217		1764		2		0
265.846		378.183		1773		2		0
Frame 97
284.83		378.523		1959		2		0
279.072		366.666		1899		2		0
271.763		351.54		1756		2		0
260.357		348.022		1740		2		0
238.596		358.315		1956		1		0
210.308		373.672		2089		2		0
190.718		356.336		2769		1		0
183.581		350.001		2925		1		0
298.026		363.676		1894		2		0
340.34		371.16		1997		2		0
293.33		376.261		1948		1		0
277.282		369.002		1895		1		0
275.103		377.452		1941		2		0
206.198		356.359		2129		1		0
219.206		365.019		2021		1		0
231.64		370.577		2002		1		0
294.772		379.609		1979		2		0
300.477		394.426		2052		1		0
299.378		394.236		2049		1		0
300.128		395.442		2046		1		0
273.768		355.697		1782		2		0
179.974		336.522		3152		1		0
194.336		341.066		3040		1		0
263.34		375.467		1755		2		0
261.802		381.401		1775		2		0
Frame 98
284.965		377.511		1954		2		0
279.518		367.264		1908		2		0
273.277		355.672		1763		2		0
260.432		348.324		1741		2		0
237.622		360.177		1953		2		0
210.043		370.7		2086		2		0
190.837		353.371		2893		1		0
183.832		347.034		2963		1		0
297.972		363.687		1902		2		0
340.112		371.152		1997		2		0
293.092		376.251		1946		1		0
276.454		369.96		1889		1		0
274.661		376.626		1928		2		0
200.728		365.287		2122		1		0
215.014		373.141		2093		1		0
228.003		378.886		2244		1		0
295.58		378.288		1967		2		0
299.744		403.717		2004		1		0
298.698		402.348		2005		1		0
299.611		402.995		2009		2		0
274.907		358.543		1763		2		0
180.23		333.546		3245		1		0
194.592		338.086		3146		1		0
264.17		377.471		1766		2		0
266.894		378.031		1786		2		0
Frame 99
286.302		372.211		1933		2		0
280.501		366.086		1903		2		0
273.833		355.874		1766		2		0
260.497		348.429		1742		2		0
237.804		359.387		1955		1		0
210.984		370.451		2084		2		0
189.692		353.439		2878		1		0
181.945		347.236		2952		1		0
297.95		363.868		1902		2		0
340.248		370.561		1990		2		0
293.236		375.617		1928		1		0
277.686		369.136		1897		1		0
275.373		370.576		1867		2		0
200.966		364.441		2121		1		0
215.24		372.418		2084		1		0
228.246		378.175		2246		1		0
297.426		373.837		1903		2		0
300.092		403.044		2006		1		0
299		401.758		2009		1		0
299.891		402.463		2006		2		0
275.547		358.592		1777		2		0
178.347		333.77		3266		1		0
192.915		338.623		3132		1		0
264.812		377.329		1758		2		0
263.005		380.376		1779		2		0
Frame 100
286.226		374.644		1944		2		0
280.649		366.529		1906		2		0
273.968		356.021		1769		2		0
260.573		348.466		1743		2		0
237.897		359.583		1954		1		0
211.019		369.811		2075		2		0
232.598		360.895		1968		2		0
237.655		361.869		1949		1		0
298.114		363.973		1903		2		0
340.336		370.415		1998		2		0
293.328		375.461		1939		1		0
276.996		369.488		1869		1		0
275.267		373.755		1900		2		0
201.121		364.51		2116		1		0
215.37		372.474		2096		1		0
228.371		378.229		2241		1		0
297.4		375.65		1939		2		0
300.192		403.087		2017		1		0
299.087		401.797		2017		1		0
299.969		402.497		2018		2		0
275.722		358.837		1778		2		0
249.501		372.003		1828		2		0
237.074		372.571		1973		2		0
264.126		377.182		1762		2		0
262.503		380.334		1781		2		0
Frame 101
286.197		374.799		1938		2		0
280.744		366.694		1903		2		0
274.177		356.21		1768		2		0
260.696		348.552		1742		2		0
237.979		359.706		1959		1		0
208.807		369.64		2083		2		0
230.537		362.059		1960		1		0
235.878		362.333		1948		1		0
299.103		362.732		1904		2		0
340.395		370.254		1996		2		0
293.394		375.287		1941		1		0
277.696		368.768		1893		1		0
275.229		374		1893		2		0
201.219		364.544		2112		1		0
215.454		372.504		2086		1		0
228.454		378.258		2243		1		0
297.384		375.715		1943		2		0
300.27		403.114		2010		1		0
299.156		401.82		2007		1		0
300.032		402.519		2012		2		0
275.924		359.045		1774		2		0
244.128		359.317		1940		2		0
242.41		374.312		1995		2		0
264.805		377.341		1762		2		0
264.008		379.999		1774		2		0
Frame 102
286.169		374.966		1942		2		0
280.797		366.809		1907		2		0
274.268		356.288		1765		2		0
260.759		348.589		1748		2		0
238.032		359.778		1954		1		0
208.645		369.313		2075		2		0
230.45		361.996		1966		1		0
236.053		362.208		1950		1		0
298.105		361.938		1904		2		0
340.681		371.288		1996		2		0
293.644		376.406		1949		1		0
275.082		370.658		1863		2		0
275.201		374.263		1913		2		0
201.303		364.559		2106		1		0
215.525		372.515		2098		1		0
228.523		378.269		2237		1		0
297.363		375.788		1943		2		0
300.329		403.12		2013		1		0
299.207		401.826		2023		1		0
300.079		402.525		2019		2		0
276.017		359.144		1795		2		0
244.156		357.932		1948		2		0
242.216		374.582		1998		2		0
264.588		377.145		1765		2		0
268.128		377.507		1813		2		0
Frame 103
286.3		387.848		2031		2		0
286.516		376.87		1950		2		0
286.764		363.529		1909		2		0
271.902		355.01		1751		2		0
238.105		359.834		1956		1		0
209.067		369.575		2074		2		0
231.038		362.507		1962		1		0
236.549		362.752		1954		1		0
298.684		362.784		1907		2		0
340.753		371.797		2001		2		0
293.685		376.957		1954		1		0
274.246		370.977		1825		2		0
275.196		385.975		2018		2		0
201.406		364.563		2100		1		0
215.613		372.518		2094		1		0
228.608		378.271		2249		1		0
297.707		389.754		2067		2		0
300.406		403.117		2015		1		0
299.275		401.824		2018		1		0
300.139		402.524		2021		2		0
286.699		367.124		1917		2		0
244.873		358.435		1951		2		0
242.906		374.566		1993		2		0
264.22		376.487		1764		2		0
268.8		377.023		1805		2		0
Frame 104
286.547		370.581		1927		2		0
281.794		363.955		1896		2		0
275.705		355.442		1793		2		0
260.913		348.623		1743		2		0
238.112		359.874		1955		2		0
210.31		369.585		2073		2		0
232.534		362.627		1961		1		0
237.308		362.851		1957		1		0
298.404		363.12		1904		2		0
340.825		372.069		2003		2		0
293.755		377.251		1955		1		0
272.304		371.481		1787		1		0
275.516		369.737		1862		2		0
201.545		363.939		2112		1		0
215.734		371.977		2084		1		0
228.73		377.734		2248		1		0
297.822		371.436		1916		2		0
300.535		402.585		2017		1		0
299.388		401.358		2025		1		0
300.246		402.103		2017		2		0
277.382		357.789		1822		2		0
245.333		358.222		1938		2		0
243.305		374.416		1982		2		0
264.092		376.962		1763		2		0
262.668		380.667		1780		2		0
Frame 105
286.37		373.153		1941		2		0
281.659		364.947		1907		2		0
275.647		355.55		1783		2		0
260.949		348.587		1742		2		0
238.206		360.875		1954		1		0
208.123		369.068		2084		2		0
230.093		362.2		1967		1		0
235.681		362.221		1947		1		0
298.299		363.166		1904		2		0
340.262		365.046		2018		2		0
293.509		369.668		1914		1		0
278.729		366.322		1893		2		0
275.338		372.749		1891		2		0
201.601		363.99		2117		1		0
215.782		372.02		2094		1		0
228.777		377.776		2247		1		0
297.645		373.6		1927		2		0
300.577		402.625		2013		1		0
299.424		401.393		2013		1		0
300.279		402.135		2013		2		0
277.303		358.038		1811		2		0
243.785		358.85		1947		2		0
242.122		374.336		1992		2		0
265.816		374.779		1766		2		0
270.368		374.795		1788		2		0
Frame 106
286.396		373.083		1934		2		0
281.668		364.953		1908		2		0
275.655		355.558		1776		2		0
261		348.538		1742		2		0
238.244		360.909		1955		1		0
207.693		369.271		2080		2		0
229.612		362.441		1969		1		0
235.189		362.083		1946		1		0
298.653		363.331		1904		2		0
341.412		372		1996		2		0
307.643		361.606		1914		2		0
291.236		360.457		1918		1		0
275.373		372.607		1895		2		0
201.713		363.859		2113		1		0
215.88		371.907		2093		1		0
228.875		377.665		2246		1		0
297.662		373.572		1923		2		0
300.684		402.516		2015		1		0
299.517		401.298		2013		1		0
300.365		402.049		2015		2		0
277.311		358.051		1816		2		0
243.726		359.279		1945		2		0
241.361		374.815		1999		2		0
278.003		352.998		1786		2		0
280.255		369.313		1905		2		0
Frame 107
286.39		372.664		1939		2		0
281.665		364.932		1903		2		0
275.65		355.573		1774		2		0
261.003		348.528		1743		2		0
238.207		360.896		1950		2		0
207.415		369.141		2087		2		0
229.292		362.317		1965		1		0
234.959		362.279		1947		1		0
298.542		363.38		1904		2		0
341.354		372.368		2000		2		0
307.587		361.656		1919		1		0
291.102		360.642		1921		1		0
275.368		372.094		1881		2		0
201.723		363.74		2119		1		0
215.892		371.806		2089		1		0
228.889		377.565		2250		1		0
297.654		373.234		1921		2		0
300.711		402.421		2012		1		0
299.541		401.215		2014		1		0
300.385		401.974		2021		2		0
277.308		358.058		1814		2		0
243.094		360.568		1946		2		0
241.685		374.339		1994		2		0
278.444		352.111		1796		2		0
280.741		369.191		1906		2		0
Frame 108
286.194		373.484		1939		2		0
281.528		365.533		1907		2		0
275.584		355.789		1775		2		0
261.087		348.525		1742		2		0
238.18		360.905		1954		2		0
207.312		369.114		2090		2		0
229.177		362.293		1969		1		0
234.846		362.296		1955		1		0
298.616		363.446		1899		2		0
341.372		372.523		1998		2		0
307.585		361.663		1914		1		0
291.1		360.661		1921		1		0
275.198		372.826		1884		2		0
201.666		363.935		2117		1		0
215.842		371.974		2096		1		0
228.839		377.732		2244		1		0
297.426		374.153		1930		2		0
300.658		402.587		2014		1		0
299.495		401.36		2018		1		0
300.346		402.107		2014		2		0
277.221		358.389		1818		2		0
242.611		360.998		1953		2		0
241.429		374.783		1992		2		0
278.001		353.704		1817		2		0
280.493		369.239		1902		2		0
Frame 109
286.127		373.811		1933		2		0
281.443		365.84		1905		2		0
275.499		355.956		1783		2		0
261.109		348.521		1745		2		0
238.149		360.914		1957		1		0
207.239		369.094		2080		2		0
229.097		362.275		1962		1		0
234.67		362.334		1949		1		0
298.804		363.593		1905		2		0
341.385		372.603		1997		2		0
307.583		361.661		1913		1		0
291.181		360.685		1919		1		0
275.141		373.054		1905		2		0
201.617		364.074		2106		1		0
215.8		372.095		2096		1		0
228.796		377.852		2240		1		0
297.351		374.597		1922		2		0
300.613		402.706		2016		1		0
299.456		401.464		2010		1		0
300.312		402.203		2016		2		0
277.131		358.61		1821		2		0
242.127		361.022		1947		2		0
240.814		374.765		1985		2		0
278.081		353.505		1823		2		0
280.303		369.308		1903		2		0
Frame 110
286.088		374.016		1947		2		0
281.407		366.049		1903		2		0
275.466		356.098		1776		2		0
261.154		348.55		1744		2		0
238.082		360.909		1951		2		0
207.16		369.11		2094		2		0
229.008		362.296		1960		1		0
234.638		362.403		1950		1		0
298.81		363.6		1903		2		0
341.408		372.748		1996		2		0
307.58		361.683		1914		1		0
291.141		360.719		1917		1		0
275.12		373.359		1891		2		0
201.619		364.166		2105		1		0
215.8		372.175		2091		1		0
228.796		377.931		2249		1		0
297.301		374.721		1923		2		0
300.609		402.783		2014		1		0
299.452		401.531		2015		1		0
300.311		402.266		2014		2		0
277.095		358.784		1817		2		0
242.269		360.997		1950		2		0
241.489		374.528		1998		2		0
277.91		353.634		1811		2		0
281.747		369.477		1909		2		0
Frame 111
286.001		374.743		1938		2		0
281.342		366.479		1912		2		0
275.425		356.234		1785		2		0
261.217		348.565		1742		2		0
238.084		360.911		1950		2		0
207.185		369.036		2086		2		0
229.037		362.219		1974		1		0
234.82		362.333		1950		1		0
298.992		363.626		1902		2		0
341.105		371.38		1996		2		0
307.192		359.687		1920		1		0
294.155		359.978		1920		1		0
275.058		374.001		1909		2		0
201.643		364.388		2102		1		0
215.817		372.364		2093		1		0
228.809		378.117		2243		1		0
297.186		375.515		1935		2		0
300.6		402.961		2020		1		0
299.444		401.687		2024		1		0
300.301		402.408		2020		2		0
277.048		358.994		1822		2		0
241.866		361.421		1949		2		0
241.538		374.381		1998		2		0
278.107		356.316		1832		2		0
289.31		355.847		1927		2		0
Frame 112
286.086		374.805		1939		2		0
281.377		366.543		1906		2		0
275.422		356.268		1771		2		0
261.241		348.577		1746		2		0
238.169		360.799		1953		1		0
209.19		377.147		2098		2		0
231.192		370.988		2005		1		0
236.786		367.842		1950		1		0
299.361		364.257		1901		2		0
340.211		365.281		2018		2		0
306.388		353.103		1953		1		0
293.109		358.3		1921		2		0
275.142		374.013		1915		2		0
201.694		364.406		2111		1		0
215.86		372.38		2097		1		0
228.851		378.132		2243		1		0
297.28		375.647		1935		2		0
300.636		402.973		2009		1		0
299.476		401.698		2012		1		0
300.332		402.419		2009		2		0
277.052		359.041		1817		2		0
243.311		365.416		1947		2		0
244.601		378.386		2021		2		0
278.274		356.329		1831		2		0
285.004		354.648		1927		2		0
Frame 113
285.944		373.063		1938		2		0
281.38		366.1		1910		2		0
275.434		356.269		1770		2		0
261.252		348.577		1743		2		0
238.361		360.267		1952		1		0
210.157		376.665		2089		2		0
232.314		370.435		2001		1		0
237.77		367.894		1961		1		0
299.175		364.245		1901		2		0
339.268		369.102		1991		2		0
305.293		357.188		1926		1		0
292.062		360.375		1919		1		0
275.201		372.521		1879		2		0
201.777		364.292		2109		1		0
215.934		372.281		2091		1		0
228.925		378.035		2244		1		0
296.896		373.556		1924		2		0
300.72		402.879		2014		1		0
299.549		401.615		2010		1		0
300.4		402.344		2014		2		0
277.07		359.012		1822		2		0
244.84		364.803		1945		2		0
244.761		377.898		2008		2		0
277.073		359.644		1822		2		0
286.908		355.628		1929		2		0
Frame 114
286.603		386.889		2023		2		0
286.856		375.694		1946		2		0
287.149		362.074		1911		2		0
271.654		354.002		1758		2		0
238.493		359.898		1957		1		0
210.385		376.976		2092		2		0
232.57		370.763		1983		1		0
237.931		367.828		1950		1		0
298.881		364.332		1906		2		0
340.172		371.01		1999		2		0
306.195		359.177		1921		1		0
292.704		360.763		1922		2		0
275.481		384.678		2003		2		0
201.864		364.152		2108		1		0
216.011		372.161		2103		1		0
229.003		377.916		2257		1		0
298.041		389.143		2067		2		0
300.806		402.762		2014		1		0
299.625		401.513		2016		1		0
300.468		402.252		2014		2		0
287.072		365.747		1920		2		0
245.199		363.734		1952		2		0
245.386		377.98		1997		2		0
277.437		358.819		1819		2		0
286.768		355.857		1923		2		0
Frame 115
286.592		386.868		2029		2		0
286.84		375.659		1939		2		0
287.124		362.016		1910		2		0
271.625		353.963		1750		2		0
238.462		359.99		1955		2		0
207.823		370.549		2086		2		0
229.725		363.859		1965		1		0
235.081		363.618		1951		1		0
298.811		364.391		1904		2		0
340.292		370.836		2000		2		0
306.331		358.995		1926		1		0
292.576		360.676		1924		1		0
275.471		384.697		1999		2		0
201.903		363.891		2124		1		0
216.047		371.936		2098		1		0
229.042		377.693		2245		1		0
298.005		388.994		2083		2		0
300.86		402.545		2007		1		0
299.671		401.323		2013		1		0
300.522		402.093		2007		2		0
287.049		365.695		1915		2		0
242.769		362.269		1955		2		0
242.077		375.656		1997		2		0
277.611		357.736		1820		2		0
285.058		357.237		1917		2		0
Frame 116
286.405		387.184		2025		2		0
286.566		376.167		1947		2		0
286.727		362.83		1909		2		0
271.67		354.404		1763		2		0
238.455		360.064		1957		2		0
210.396		374.585		2094		2		0
232.612		368.172		1972		1		0
237.654		366.12		1948		1		0
298.818		364.384		1904		2		0
340.137		370.918		2003		2		0
306.179		359.083		1924		1		0
292.525		360.445		1922		1		0
275.277		385.225		2014		2		0
201.821		364.246		2113		1		0
215.969		372.24		2100		1		0
228.958		377.993		2252		1		0
297.809		389.184		2065		2		0
300.739		402.831		2008		1		0
299.566		401.574		2006		1		0
300.424		402.32		2008		2		0
286.686		366.419		1912		2		0
245.624		362.753		1947		2		0
244.849		377.138		2006		2		0
278.003		357.926		1833		2		0
285.252		360.02		1920		2		0
Frame 117
286.748		375.434		1937		2		0
281.87		367.481		1905		2		0
275.644		357.293		1783		2		0
261.36		348.643		1742		2		0
238.565		360.098		1953		1		0
210.692		368.396		2077		2		0
233.534		361.338		1955		1		0
238.969		362.104		1951		1		0
298.712		364.4		1901		2		0
340.516		371.718		2000		2		0
306.557		359.922		1923		1		0
292.631		361.011		1914		1		0
275.84		374.49		1896		2		0
201.881		364.325		2111		1		0
216.021		372.309		2094		1		0
229.01		378.061		2244		1		0
297.902		376.39		1946		2		0
300.791		402.899		2016		1		0
299.612		401.633		2012		1		0
300.466		402.377		2016		2		0
277.356		360.098		1816		2		0
249.799		370.198		1826		2		0
239.736		369.73		1956		2		0
277.643		358.996		1818		2		0
285.027		359.903		1917		2		0
Frame 118
286.198		374.52		1940		2		0
281.741		367.245		1909		2		0
275.66		357.288		1776		2		0
261.459		348.719		1745		2		0
238.453		360.201		1952		2		0
210.008		373.988		2087		2		0
232.223		367.52		1973		1		0
237.684		365.872		1944		1		0
298.497		364.436		1899		2		0
340.66		372.193		1994		2		0
306.712		360.426		1921		1		0
293.277		361.327		1921		1		0
275.497		373.982		1881		2		0
201.896		364.35		2108		1		0
216.034		372.33		2107		1		0
229.021		378.082		2252		1		0
297.022		374.878		1922		2		0
300.8		402.919		2015		1		0
299.619		401.65		2014		1		0
300.472		402.393		2015		2		0
277.347		360.061		1816		2		0
245.368		361.58		1942		2		0
244.933		376.716		2008		2		0
277.775		358.954		1807		2		0
285.836		361.144		1922		2		0
Frame 119
286.211		374.932		1940		2		0
281.708		367.33		1910		2		0
275.638		357.302		1775		2		0
261.474		348.747		1744		2		0
238.31		360.484		1955		1		0
210.206		374.154		2096		2		0
232.437		367.698		1970		1		0
237.574		366.019		1945		1		0
298.48		364.514		1899		2		0
340.563		371.69		1994		2		0
306.625		359.898		1921		1		0
292.623		361.315		1919		1		0
275.47		374.307		1898		2		0
201.916		364.501		2117		1		0
216.05		372.46		2103		1		0
229.036		378.21		2247		1		0
297.119		375.485		1934		2		0
300.807		403.044		2007		1		0
299.626		401.76		2010		1		0
300.479		402.494		2007		2		0
277.321		360.086		1805		2		0
245.562		361.189		1943		2		0
245.044		376.727		1998		2		0
277.562		359.157		1812		2		0
287.155		355.742		1926		2		0
Frame 120
285.963		375.086		1939		2		0
281.603		367.374		1906		2		0
275.634		357.313		1770		2		0
261.553		348.753		1746		2		0
238.312		360.506		1953		2		0
211.062		369.723		2080		2		0
233.415		362.901		1956		1		0
237.989		363.211		1951		1		0
298.328		364.529		1907		2		0
340.593		371.411		1994		2		0
306.67		359.608		1928		1		0
292.907		361.023		1921		1		0
275.247		374.586		1902		2		0
201.907		364.68		2112		1		0
216.042		372.615		2103		1		0
229.027		378.364		2239		1		0
296.849		375.556		1927		2		0
300.795		403.195		2009		1		0
299.615		401.892		2011		1		0
300.47		402.619		2009		2		0
277.308		360.097		1807		2		0
250		372		1816		2		0
237.348		372.009		1970		2		0
278.003		358.877		1829		2		0
287.902		355.902		1929		2		0
Frame 121
286.035		375.28		1937		2		0
281.6		367.484		1907		2		0
275.62		357.413		1776		2		0
261.619		348.898		1746		2		0
238.348		360.494		1958		2		0
211.838		372.72		2086		2		0
234.215		366.141		1954		1		0
238.334		365.002		1953		1		0
298.277		364.524		1907		2		0
340.172		371.426		1989		2		0
306.238		359.624		1924		1		0
292.449		361.008		1926		1		0
275.304		374.747		1894		2		0
201.939		364.861		2113		1		0
216.068		372.771		2097		1		0
229.05		378.518		2251		1		0
296.95		375.799		1936		2		0
300.807		403.344		2019		1		0
299.626		402.023		2019		1		0
300.481		402.742		2021		2		0
277.293		360.197		1804		2		0
249		370		1822		2		0
248.833		375.834		1970		2		0
277.594		359.452		1810		2		0
286.799		356.641		1928		2		0
Frame 122
287.73		371.075		1926		2		0
282.619		365.38		1905		2		0
276.196		356.778		1792		2		0
261.672		348.91		1746		2		0
238.318		360.537		1960		2		0
211.561		375.368		2089		2		0
233.889		369.006		1970		1		0
238.396		367.048		1947		1		0
298.252		364.525		1904		2		0
340.101		371.482		1998		2		0
306.163		359.683		1925		1		0
292.401		361.137		1918		1		0
276.903		370.817		1890		2		0
203.209		363.197		2116		1		0
217.178		371.331		2087		1		0
230.16		377.089		2240		1		0
298.774		371.32		1904		2		0
301.97		401.93		2022		1		0
300.641		400.786		2024		1		0
301.412		401.62		2022		2		0
277.96		359.266		1812		2		0
246.09		361.728		1939		2		0
246.449		377.933		1994		2		0
277.82		359.272		1812		2		0
286.263		355.903		1931		2		0
Frame 123
288.108		369.786		1916		2		0
283.122		364.299		1908		2		0
276.633		356.435		0		2		0
261.796		349.064		1745		2		0
238.317		360.521		1954		2		0
208.704		370.437		2085		2		0
230.738		363.719		1965		1		0
236.157		363.844		1950		1		0
298.151		364.545		1903		2		0
338.009		371.673		1994		2		0
303.858		359.833		1925		1		0
290.361		361.327		1914		1		0
277.32		369.367		1887		2		0
203.632		362.471		2111		1		0
217.549		370.703		2074		1		0
230.533		376.466		2219		1		0
299.117		370.191		1898		2		0
302.369		401.316		2020		1		0
300.989		400.249		2018		1		0
301.736		401.142		2011		2		0
278.426		358.73		1834		2		0
244.566		361.23		1944		2		0
242.068		375.96		1999		2		0
276.941		360.245		1779		2		0
281.251		364.499		1880		2		0
Frame 124
285.728		388.677		2022		2		0
285.95		377.896		1942		2		0
286.204		364.818		1913		2		0
271.81		355.621		1757		2		0
238.319		360.555		1953		2		0
211.219		369.135		2081		2		0
233.685		362.229		1959		1		0
238.574		363.539		1953		1		0
300.138		365.983		1897		2		0
339.297		372.389		1995		2		0
305.216		360.599		1923		1		0
291.381		361.742		1917		1		0
274.877		387.078		2005		2		0
202.681		363.994		2114		1		0
216.72		372.023		2101		1		0
229.706		377.777		2244		1		0
296.849		390.3		2049		2		0
301.514		402.618		2019		1		0
300.242		401.387		2011		1		0
301.054		402.184		2019		2		0
286.137		368.34		1909		2		0
249.751		371.253		1836		2		0
242.312		374.208		1992		2		0
277.566		359.931		1784		2		0
285.886		356.936		1924		2		0
Frame 125
285.682		382.909		1977		2		0
280.283		370.209		1910		2		0
273.428		353.999		1746		2		0
261.915		349.329		1746		2		0
241.266		355.398		1966		1		0
206.918		368.509		2091		2		0
230.58		360.827		1969		1		0
237.078		362.762		1953		1		0
302.299		361.443		1911		1		0
341.637		372.242		1993		2		0
305.629		359.892		1927		1		0
291.357		361.61		1909		1		0
275.484		381.412		1945		2		0
205.55		360.649		2097		1		0
218.761		368.84		2050		1		0
231.308		374.424		2051		1		0
296.117		384.428		2035		2		0
300.756		398.468		2031		1		0
299.614		397.781		2031		1		0
300.393		398.785		2031		2		0
275.308		358.454		1770		2		0
245.147		360.809		1940		2		0
242.457		375.084		1984		2		0
277.877		359.331		1817		2		0
286.486		356.496		1925		2		0
Frame 126
285.726		389.492		2013		2		0
286.051		378.842		1939		2		0
286.429		365.931		1908		2		0
272.09		356.352		1759		2		0
237.206		363.369		1949		2		0
209.006		367.749		2080		2		0
231.061		360.821		1963		1		0
236.694		362.759		1948		1		0
297.378		366.606		1903		2		0
338.316		372.37		1990		2		0
304.229		360.587		1922		1		0
290.978		362.447		1909		1		0
274.854		388.333		2011		2		0
201.787		366.607		2105		1		0
215.946		374.292		2098		1		0
228.938		380.033		2229		1		0
296.862		390.664		2052		2		0
300.735		404.864		1999		1		0
299.563		403.351		2004		1		0
300.428		403.977		2011		2		0
286.328		369.407		1911		2		0
244.908		360.842		1941		2		0
242.068		375.57		1985		2		0
277.002		361.775		1799		2		0
285.744		357.078		1919		2		0
Frame 127
286.59		385.767		1984		2		0
281.492		373.474		1910		2		0
273.716		356.231		1764		2		0
262.07		350.001		1745		2		0
242.992		379.392		2029		2		0
203.504		363.495		2109		2		0
224.885		356.339		2015		1		0
231.262		361.241		1969		1		0
294.59		375.97		1916		2		0
339.292		371.717		2000		2		0
305.286		359.916		1934		1		0
291.143		362.15		1912		1		0
276.206		386.083		2008		2		0
205.085		362.944		2096		1		0
218.443		370.894		2068		1		0
231.076		376.502		0		1		0
297.176		385.435		2077		2		0
300.97		400.689		2015		1		0
299.796		399.724		2020		1		0
300.565		400.594		2015		2		0
275.692		360.786		1772		2		0
237.036		362.066		1955		2		0
233.735		373.254		1994		2		0
277.613		359.899		1819		2		0
283.666		353.999		1921		2		0
Frame 128
286.251		390.66		2021		2		0
285.498		379.2		1950		2		0
285.68		366.848		1906		2		0
271.637		357.135		1750		2		0
239.77		385.168		2168		1		0
203.503		363.487		2107		2		0
224.886		356.33		2015		1		0
230.99		361.347		1963		1		0
298.22		365.675		1903		2		0
339.9		372.141		1998		2		0
305.906		360.361		1919		1		0
292.173		362.591		1912		1		0
275.394		392.38		2041		2		0
201.086		367.375		2116		1		0
215.347		374.964		2094		1		0
228.353		380.705		2228		1		0
297.282		388.848		2087		2		0
300.19		405.552		1999		1		0
299.087		403.951		2006		1		0
299.988		404.533		2001		2		0
285.767		370.37		1904		2		0
236.596		362.377		1951		2		0
234.75		371.01		1965		2		0
277.553		361.495		1801		2		0
287.599		356.661		1929		2		0
Frame 129
285.798		382.643		1953		2		0
280.034		370.387		1895		2		0
272.653		354.608		1749		2		0
262.137		350.688		1742		2		0
242.756		375.806		1972		1		0
205.387		366.322		2102		2		0
226.988		359.352		1986		1		0
233.266		362.416		1959		1		0
298.077		357.205		1928		1		0
340.363		371.629		1999		2		0
306.422		359.833		1928		1		0
290.554		363.497		1908		1		0
275.766		384.386		1971		2		0
205.45		360.084		2098		1		0
218.586		368.293		2039		1		0
231.054		373.845		2007		1		0
295.977		380.868		1949		2		0
300.041		397.738		2031		1		0
298.993		397.143		2035		1		0
299.796		398.191		2030		2		0
274.685		358.96		1781		2		0
239.649		363.727		1952		2		0
236.218		375.475		1986		2		0
277.503		359.948		1813		2		0
283.238		374.028		1920		2		0
Frame 130
285.627		391.229		2034		2		0
285.318		380.51		1944		2		0
284.931		367.466		1906		2		0
271.074		357.605		1752		2		0
238.944		385.804		2170		1		0
205.782		366.869		2100		2		0
227.428		359.934		1984		1		0
233.681		362.745		1957		1		0
298.942		366.79		1902		2		0
340.66		372.091		1995		2		0
306.708		360.314		1930		1		0
292.701		362.9		1913		1		0
274.691		392.728		2040		2		0
200.314		367.891		2134		1		0
214.696		375.423		2097		1		0
227.725		381.17		2212		1		0
296.745		389.692		2070		2		0
299.659		406.053		1983		1		0
298.622		404.388		1995		1		0
299.563		404.951		1999		2		0
285.037		370.983		1908		2		0
240.713		363.807		1946		2		0
238.584		375.501		1977		2		0
278.498		361.027		1823		2		0
278.002		366.5		1813		2		0
Frame 131
285.814		384.821		1960		2		0
286.147		374.009		1907		2		0
286.52		361.476		1911		2		0
275.425		357.081		1828		2		0
242.419		379.208		1998		1		0
211.259		362.842		2074		1		0
232.445		355.872		1993		1		0
232.386		362.63		1960		1		0
299.022		366.773		1897		2		0
340.887		372.549		1988		2		0
306.928		360.793		1922		1		0
292.84		363.422		1914		1		0
276.167		387.412		1984		2		0
204.691		362.828		2111		1		0
218.068		370.774		2057		1		0
230.676		376.371		2052		1		0
295.417		382.354		1956		2		0
300.404		400.507		2017		1		0
299.302		399.567		2025		1		0
300.108		400.469		2017		2		0
286.422		364.82		1910		2		0
245.082		361.953		1935		2		0
229.638		374.707		2024		2		0
277.631		360.735		1828		2		0
303		372.001		1897		2		0
