front
Frame 0
270.02		192.122		3430		2		0
268.918		161.076		3412		2		0
267.777		129.41		3414		2		0
268.21		113.55		3284		2		0
251.225		141.196		3425		2		0
246.454		169.824		3480		2		0
244.542		192.781		3457		2		0
244.906		195.554		3448		2		0
284.538		140.486		3404		2		0
293.95		166.306		3475		2		0
299.747		188.549		3431		2		0
299.191		194.556		3434		2		0
262.616		192.292		3472		2		0
257.738		225.23		3564		2		0
258.943		255.048		3685		1		0
260.13		243.076		3633		1		0
277.426		191.946		3449		2		0
281.911		225.47		3528		2		0
281.093		267.241		3642		2		0
280.618		270.448		3502		2		0
268.066		137.388		3401		2		0
245.601		203.401		3481		2		0
248.462		197.066		3473		2		0
300		199.5		3451		2		0
302.144		193.429		3410		2		0
Frame 1
270.026		192.122		3435		2		0
268.903		161.083		3404		2		0
267.725		129.431		3422		2		0
268.194		113.553		3284		2		0
251.222		141.193		3422		2		0
246.466		169.851		3499		2		0
244.527		192.797		3463		2		0
244.57		195.607		3446		2		0
284.526		140.472		3418		2		0
293.959		166.268		3483		2		0
299.635		188.531		3428		2		0
299.236		194.545		3440		2		0
262.62		192.292		3482		2		0
257.961		225.26		3571		2		0
258.476		254.954		3688		1		0
259.972		243.221		3627		1		0
277.434		191.946		3453		2		0
281.976		225.472		3530		2		0
281.155		267.263		3646		2		0
280.637		270.473		0		2		0
268.025		137.404		3400		2		0
245.603		203.401		3480		2		0
248.32		197.145		3475		2		0
299.999		199.501		3452		2		0
301.498		197.752		3415		2		0
Frame 2
270.004		192.119		3433		2		0
268.887		161.085		3397		2		0
267.713		129.436		3415		2		0
268.178		113.554		3284		2		0
251.22		141.195		3422		2		0
246.362		169.893		3486		2		0
244.193		192.798		3444		2		0
245.131		197.963		3454		2		0
284.466		140.421		3417		2		0
293.919		166.21		3475		2		0
299.621		188.472		3419		2		0
299.196		194.284		3429		2		0
262.6		192.298		3484		2		0
257.712		225.315		3564		2		0
259.332		255.208		3667		1		0
260.212		243.216		3645		1		0
277.41		191.936		3466		2		0
282.074		225.522		3524		2		0
281.115		267.272		3637		2		0
280.628		270.489		0		2		0
268.012		137.409		3398		2		0
246.001		203.501		3483		2		0
248.833		199.335		3477		2		0
299.749		199.251		3449		2		0
301.666		196.536		3422		2		0
Frame 3
269.987		192.103		3444		2		0
268.87		161.069		3403		2		0
267.695		129.411		3421		2		0
268.171		113.558		3285		2		0
251.179		141.176		3424		2		0
246.358		169.893		3486		2		0
244.166		192.789		3452		2		0
245.127		197.87		3457		2		0
284.456		140.421		3413		2		0
293.925		166.192		3476		2		0
299.556		188.463		3423		2		0
299.236		194.326		3449		2		0
262.584		192.286		3469		2		0
257.579		225.25		3571		2		0
258.72		255.024		3679		1		0
259.971		243.121		3632		1		0
277.395		191.917		3471		2		0
281.994		225.486		3532		2		0
279.795		266.995		3656		2		0
279.712		270.254		0		2		0
267.995		137.388		3392		2		0
245.25		203.251		3490		2		0
248.11		199.781		3487		2		0
299.753		199.255		3456		2		0
301.556		194.779		3412		2		0
Frame 4
269.988		192.104		3446		2		0
268.87		161.074		3393		2		0
267.695		129.422		3420		2		0
268.172		113.6		3275		2		0
251.166		141.193		3406		2		0
246.328		169.857		3494		2		0
243.988		192.694		3451		2		0
244.837		197.781		3446		2		0
284.418		140.427		3418		2		0
293.924		166.2		3473		2		0
299.621		188.452		3428		2		0
299.093		194.512		3435		2		0
262.586		192.287		3479		2		0
258.04		225.289		3569		2		0
259.737		255.017		3675		1		0
260.42		243.088		3640		1		0
277.399		191.922		3466		2		0
281.985		225.494		3527		2		0
279.423		266.923		3640		2		0
279.451		270.193		0		2		0
267.994		137.397		3386		2		0
245.252		203.251		3484		2		0
248.443		198.761		3474		2		0
299.714		199.477		3462		2		0
301.496		195.412		3421		2		0
Frame 5
269.977		192.094		3434		2		0
268.861		161.068		3391		2		0
267.69		129.418		3416		2		0
268.162		113.607		3286		2		0
251.111		141.186		3418		2		0
246.289		169.797		3484		2		0
243.917		192.597		3461		2		0
244.423		195.337		3447		2		0
284.416		140.427		3411		2		0
293.911		166.204		3484		2		0
299.603		188.455		3422		2		0
299.062		194.489		3437		2		0
262.577		192.277		3467		2		0
258.045		225.283		3561		2		0
259.379		254.952		3667		1		0
259.866		242.991		3638		1		0
277.385		191.91		3459		2		0
282.053		225.49		3532		2		0
279.527		266.975		3639		2		0
279.539		270.243		0		2		0
267.988		137.393		3396		2		0
244.501		202.501		3471		2		0
248		196.702		3462		2		0
299.545		199.396		3465		2		0
301.5		194.001		3412		2		0
Frame 6
269.972		192.097		3437		2		0
268.862		161.07		3400		2		0
267.702		129.421		3423		2		0
268.133		113.625		3288		2		0
251.079		141.206		3416		2		0
246.288		169.784		3484		2		0
243.861		192.569		3456		2		0
244.345		195.364		3441		2		0
284.438		140.444		3408		2		0
293.836		166.209		3472		2		0
299.551		188.422		3421		2		0
299.093		194.525		3451		2		0
262.566		192.283		3483		2		0
257.761		225.22		3579		2		0
259.238		254.918		3673		1		0
259.759		242.992		3641		1		0
277.377		191.913		3454		2		0
282.048		225.497		3538		2		0
279.354		267.003		3636		2		0
279.417		270.269		0		2		0
267.996		137.395		3387		2		0
244.2		202.401		3467		2		0
248.19		198.107		3475		2		0
299.999		199.501		3459		2		0
296.5		194.501		3419		2		0
Frame 7
269.965		192.101		3425		2		0
268.854		161.074		3393		2		0
267.697		129.423		3409		2		0
268.126		113.584		3288		2		0
251.067		141.215		3416		2		0
246.158		169.681		3467		2		0
243.831		192.549		3446		2		0
244.872		197.812		3448		2		0
284.426		140.442		3410		2		0
293.823		166.203		3466		2		0
299.662		188.367		3428		2		0
299.12		194.524		3437		2		0
262.556		192.293		3482		2		0
257.777		225.26		3587		2		0
258.976		254.853		3669		1		0
259.552		243.002		3625		1		0
277.373		191.912		3468		2		0
282.065		225.497		3531		2		0
279.621		267.057		3646		2		0
279.62		270.313		3446		2		0
267.99		137.399		3394		2		0
245.252		203.251		3483		2		0
247.999		199.099		3475		2		0
299.598		199.601		3451		2		0
296.497		194.506		3417		2		0
Frame 8
269.947		192.098		3437		2		0
268.839		161.072		3415		2		0
267.688		129.422		3420		2		0
268.117		113.589		3289		2		0
251.041		141.226		3420		2		0
246.142		169.679		3490		2		0
243.663		192.522		3454		2		0
244.755		197.789		3454		2		0
284.395		140.43		3394		2		0
293.804		166.183		3477		2		0
299.642		188.359		3435		2		0
298.981		194.396		3437		2		0
262.542		192.292		3477		2		0
257.647		225.238		3581		2		0
259.754		254.792		3663		1		0
259.975		242.946		3632		1		0
277.352		191.909		3461		2		0
282.118		225.457		3535		2		0
279.554		267.021		3637		2		0
279.577		270.284		0		2		0
267.979		137.397		3392		2		0
245.252		203.251		3480		2		0
248.19		198.193		3477		2		0
299.998		199.502		3458		2		0
296.09		194.544		3440		2		0
Frame 9
269.939		192.095		3427		2		0
268.81		161.065		3408		2		0
267.627		129.405		3423		2		0
268.117		113.583		3288		2		0
251.029		141.234		3406		2		0
246.107		169.713		3477		2		0
243.695		192.523		3436		2		0
244.479		195.344		3428		2		0
284.379		140.432		3413		2		0
293.79		166.205		3472		2		0
299.609		188.343		3427		2		0
298.983		194.572		3424		2		0
262.539		192.29		3475		2		0
257.939		225.305		3586		2		0
259.823		254.884		3663		1		0
260.049		243.001		3644		1		0
277.34		191.904		3463		2		0
282.13		225.446		3543		2		0
280.262		267.027		3638		2		0
280.094		270.276		0		2		0
267.927		137.383		3398		2		0
244.717		202.429		3460		2		0
246.999		201.001		0		2		0
299.5		199.501		3449		2		0
298.6		199.001		3454		2		0
Frame 10
269.861		192.11		3438		2		0
268.766		161.08		3403		2		0
267.61		129.419		3415		2		0
268.102		113.578		3281		2		0
251.022		141.244		3412		2		0
246.089		169.677		3479		2		0
243.536		192.461		3449		2		0
244.5		195.529		3437		2		0
284.369		140.431		3405		2		0
293.786		166.203		3486		2		0
299.525		188.375		3429		2		0
299.015		194.314		3437		2		0
262.475		192.301		3481		2		0
257.826		225.292		3564		2		0
259.996		254.971		3680		1		0
260.26		243.04		3642		1		0
277.249		191.922		3468		2		0
282.157		225.442		3533		2		0
280.702		267.187		3634		2		0
280.362		270.417		0		2		0
267.902		137.398		3395		2		0
244.502		202.501		3465		2		0
248.501		198.001		3466		2		0
299.399		199.401		3447		2		0
300.328		198.671		3435		2		0
Frame 11
269.846		192.115		3438		2		0
268.749		161.087		3396		2		0
267.593		129.429		3415		2		0
268.078		113.581		3283		2		0
250.941		141.217		3421		2		0
246.051		169.666		3485		2		0
243.55		192.467		3465		2		0
244.775		197.827		3448		2		0
284.35		140.442		3412		2		0
293.774		166.212		3477		2		0
299.51		188.385		3424		2		0
299.08		194.394		3446		2		0
262.458		192.305		3483		2		0
257.658		225.311		3569		2		0
260.182		254.985		3657		1		0
260.352		243.028		3647		1		0
277.237		191.927		3464		2		0
282.159		225.445		3530		2		0
280.503		267.141		3635		2		0
280.223		270.377		0		2		0
267.886		137.407		3401		2		0
245.667		203.334		3482		2		0
248.323		199.372		3470		2		0
299.749		199.251		3456		2		0
301.552		195.787		3419		2		0
Frame 12
269.845		192.105		3441		2		0
268.725		161.083		3396		2		0
267.516		129.435		3414		2		0
268.057		113.573		3288		2		0
250.891		141.185		3411		2		0
246.057		169.686		3496		2		0
243.591		192.502		3447		2		0
244.722		197.679		3447		2		0
284.326		140.462		3409		2		0
293.794		166.271		3469		2		0
299.567		188.434		3433		2		0
298.935		194.547		3435		2		0
262.462		192.29		3478		2		0
257.4		225.284		3572		2		0
260.471		254.891		3667		1		0
260.541		242.873		3631		1		0
277.233		191.922		3476		2		0
282.134		225.447		3523		2		0
280.401		267.107		3638		2		0
279.895		270.335		0		2		0
267.825		137.41		3392		2		0
244.887		202.815		3472		2		0
247.984		199.162		3479		2		0
299.219		199.595		3450		2		0
301.197		196.279		3427		2		0
Frame 13
269.86		192.105		3437		2		0
268.72		161.086		3395		2		0
267.496		129.441		3411		2		0
268.006		113.575		3276		2		0
250.84		141.234		3409		2		0
246.045		169.693		3482		2		0
243.607		192.521		3450		2		0
244.853		197.934		3441		2		0
284.297		140.451		3408		2		0
293.708		166.25		3476		2		0
299.553		188.388		3423		2		0
298.841		194.641		3436		2		0
262.474		192.3		3470		2		0
257.269		225.255		3563		2		0
260.576		254.863		3676		1		0
260.568		242.868		3632		1		0
277.251		191.915		3458		2		0
282.073		225.435		3541		2		0
280.361		267.08		3640		2		0
279.965		270.316		0		2		0
267.808		137.415		3396		2		0
245.201		203.401		3475		2		0
248.8		199.801		3475		2		0
298.333		200.335		3452		2		0
298		201		3473		2		0
Frame 14
269.846		192.116		3439		2		0
268.711		161.095		3388		2		0
267.495		129.447		3411		2		0
267.956		113.65		3282		2		0
250.822		141.234		3417		2		0
246.054		169.688		3479		2		0
243.613		192.521		3450		2		0
244.494		195.455		3438		2		0
284.305		140.539		3408		2		0
293.683		166.224		3477		2		0
299.439		188.402		3426		2		0
299.064		194.49		3447		2		0
262.46		192.305		3462		2		0
257.287		225.258		3563		2		0
259.875		254.855		3656		1		0
260.167		242.93		3629		1		0
277.236		191.931		3456		2		0
282.067		225.457		3521		2		0
279.538		267.08		3637		2		0
279.402		270.337		0		2		0
267.806		137.422		3393		2		0
245.601		203.4		3470		2		0
247.772		194.547		3447		2		0
299.999		199.501		3459		2		0
300.499		199.501		3446		2		0
Frame 15
269.828		192.113		3438		2		0
268.697		161.102		3388		2		0
267.489		129.465		3405		2		0
267.894		113.65		3281		2		0
250.868		141.085		3423		2		0
246.078		169.742		3477		2		0
243.619		192.608		3456		2		0
244.392		195.32		3435		2		0
284.27		140.519		3409		2		0
293.639		166.223		3471		2		0
299.363		188.433		3432		2		0
298.983		194.363		3425		2		0
262.446		192.301		3477		2		0
257.185		225.257		3563		2		0
259.291		254.893		3678		1		0
259.778		243.005		3636		1		0
277.216		191.929		3446		2		0
282.059		225.448		3542		2		0
279.541		267.022		3641		2		0
279.509		270.273		0		2		0
267.797		137.437		3394		2		0
245.251		203.25		3479		2		0
248.6		198.2		3474		2		0
298.998		199.667		3453		2		0
300.66		195.674		3429		2		0
Frame 16
269.828		192.14		3437		2		0
268.684		161.116		3384		2		0
267.471		129.473		3415		2		0
267.838		113.748		3291		2		0
250.846		141.097		3410		2		0
246.078		169.772		3479		2		0
243.676		192.644		3428		2		0
244.776		195.622		3438		2		0
284.261		140.543		3415		2		0
293.594		166.427		3471		2		0
299.437		188.612		3426		2		0
299.076		194.713		3450		2		0
262.443		192.323		3464		2		0
257.21		225.32		3558		2		0
258.847		254.976		3674		1		0
259.65		243.072		3627		1		0
277.219		191.96		3458		2		0
282.152		225.472		3527		2		0
279.498		267.021		3638		2		0
279.442		270.278		0		2		0
267.78		137.446		3389		2		0
245.2		203.4		3475		2		0
248.232		195.847		3457		2		0
299.599		199.6		3453		2		0
300.862		196.945		3426		2		0
Frame 17
269.794		192.173		3439		2		0
268.644		161.14		3398		2		0
267.436		129.486		3413		2		0
267.844		113.782		3283		2		0
250.816		141.112		3406		2		0
246.091		169.797		3479		2		0
243.668		192.662		3449		2		0
244.639		195.484		3443		2		0
284.285		140.608		3393		2		0
293.519		166.424		3474		2		0
299.453		188.584		3433		2		0
298.998		194.486		3440		2		0
262.412		192.364		3469		2		0
258.486		225.529		3544		2		0
259.053		255.019		3675		1		0
259.886		243.24		3637		1		0
277.184		191.987		3459		2		0
282.124		225.485		3529		2		0
279.717		267.002		3637		2		0
279.348		270.22		0		2		0
267.743		137.462		3389		2		0
245.2		203.401		3477		2		0
248.286		198.144		3472		2		0
300		199.501		3464		2		0
301.568		196.156		3425		2		0
Frame 18
269.796		192.186		3442		2		0
268.63		161.165		3384		2		0
267.403		129.522		3408		2		0
267.817		113.791		3281		2		0
250.77		141.14		3413		2		0
246.056		169.781		3474		2		0
243.691		192.677		3449		2		0
244.618		195.295		3440		2		0
284.244		140.595		3410		2		0
293.5		166.424		3478		2		0
299.613		188.491		3430		2		0
299.015		194.764		3435		2		0
262.423		192.382		3459		2		0
257.838		225.544		3568		2		0
258.602		255.132		3670		1		0
259.352		243.294		3627		1		0
277.178		191.996		3443		2		0
282.116		225.51		3520		2		0
280.073		266.912		3647		2		0
279.751		270.147		0		2		0
267.715		137.495		3383		2		0
244.201		202.401		3460		2		0
248.309		197.671		3464		2		0
298.753		200.247		3465		2		0
301.097		195.521		3430		2		0
Frame 19
269.793		192.21		3418		2		0
268.606		161.177		3396		2		0
267.36		129.515		3409		2		0
267.812		113.813		3278		2		0
250.767		141.205		3414		2		0
246.05		169.857		3484		2		0
243.699		192.781		3453		2		0
245.262		198.055		3464		2		0
284.224		140.606		3401		2		0
293.533		166.508		3463		2		0
299.64		188.601		3425		2		0
298.933		194.418		3432		2		0
262.421		192.407		3464		2		0
257.355		225.475		3548		2		0
258.707		255.331		3674		1		0
259.224		243.5		3621		1		0
277.175		192.016		3455		2		0
282.1		225.538		3517		2		0
279.907		266.935		3647		2		0
279.671		270.173		0		2		0
267.677		137.494		3388		2		0
245.801		203.601		3480		2		0
248.428		199.077		3476		2		0
299.598		199.601		3465		2		0
300.953		195.947		3425		2		0
Frame 20
269.784		192.243		3415		2		0
268.581		161.198		3378		2		0
267.322		129.511		3406		2		0
267.757		113.856		3271		2		0
250.739		141.239		3394		2		0
246.038		169.957		3471		2		0
243.753		192.904		3449		2		0
245.191		198.111		3458		2		0
284.137		140.598		3395		2		0
293.438		166.433		3469		2		0
299.582		188.516		3429		2		0
298.873		194.913		3431		2		0
262.42		192.433		3474		2		0
257.444		225.548		3554		2		0
258.298		255.468		3677		1		0
259.206		243.597		3623		1		0
277.16		192.055		3462		2		0
282.047		225.575		3527		2		0
279.729		266.97		3649		2		0
279.596		270.217		0		2		0
267.641		137.497		3379		2		0
245.502		203.501		3471		2		0
248.358		198.575		3469		2		0
299.196		200.002		3446		2		0
300.833		195.251		3421		2		0
Frame 21
269.781		192.281		3434		2		0
268.589		161.286		3390		2		0
267.367		129.64		3405		2		0
267.741		113.867		3274		2		0
250.695		141.236		3421		2		0
246.049		169.999		3474		2		0
243.908		193.002		3452		2		0
244.679		195.849		3454		2		0
284.158		140.67		3394		2		0
293.417		166.461		3471		2		0
299.764		188.46		3433		2		0
298.878		194.63		3437		2		0
262.418		192.482		3467		2		0
258.485		225.774		3545		2		0
259.983		256.048		3671		1		0
260.016		243.893		3625		1		0
277.156		192.082		3453		2		0
282.091		225.61		3520		2		0
280.312		267.089		3632		2		0
280.017		270.32		0		2		0
267.675		137.618		3380		2		0
245.201		203.401		3467		2		0
248.249		196.923		3454		2		0
299.598		199.601		3466		2		0
300.711		198.145		3434		2		0
Frame 22
269.781		192.34		3440		2		0
268.601		161.356		3391		2		0
267.395		129.704		3394		2		0
267.696		113.986		3260		2		0
250.635		141.264		3398		2		0
246.045		170.027		3462		2		0
243.912		193.045		3455		2		0
244.66		195.709		3439		2		0
284.155		140.674		3403		2		0
293.368		166.514		3478		2		0
299.73		188.62		3430		2		0
298.727		195.056		3453		2		0
262.412		192.536		3464		2		0
257.142		225.771		3551		2		0
259.384		255.757		3686		1		0
260.014		243.699		3624		1		0
277.163		192.145		3435		2		0
282.108		225.64		3526		2		0
280.236		267.101		3630		2		0
279.972		270.332		0		2		0
267.698		137.686		3372		2		0
244.333		203.334		3478		2		0
248.323		197.883		3469		2		0
298.8		200.401		3446		2		0
300.853		197.107		3439		2		0
Frame 23
269.78		192.438		3434		2		0
268.551		161.435		3379		2		0
267.283		129.728		3390		2		0
267.717		114.05		3264		2		0
250.663		141.341		3397		2		0
246.075		170.14		3477		2		0
243.917		193.168		3439		2		0
244.655		195.848		3442		2		0
284.166		140.712		3398		2		0
293.351		166.544		3462		2		0
299.775		188.661		3424		2		0
298.623		194.819		3434		2		0
262.41		192.625		3451		2		0
257.049		225.777		3548		2		0
259.156		255.767		3666		1		0
259.682		243.749		3622		1		0
277.167		192.25		3441		2		0
282.114		225.697		3528		2		0
279.523		267.145		3623		2		0
279.479		270.378		0		2		0
267.603		137.727		3385		2		0
245.001		203.5		3471		2		0
248.134		196.273		3463		2		0
298.749		200.251		3456		2		0
300.806		197.057		3429		2		0
Frame 24
269.708		192.552		3414		2		0
268.522		161.507		3379		2		0
267.319		129.721		3385		2		0
267.609		114.011		3265		2		0
250.59		141.455		3386		2		0
246.007		170.468		3464		2		0
243.93		193.569		3446		2		0
244.806		196.163		3437		2		0
284.115		140.691		3381		2		0
293.447		166.847		3452		2		0
299.997		189.007		3430		2		0
298.666		195.497		3438		2		0
262.339		192.77		3452		2		0
257.329		225.897		3553		2		0
259.139		255.811		3670		1		0
259.549		243.851		3627		1		0
277.095		192.336		3451		2		0
282.173		225.777		3512		2		0
279.943		267.176		3644		2		0
279.766		270.4		0		2		0
267.621		137.743		3380		2		0
245.001		203.5		3469		2		0
248.437		196.836		3458		2		0
299.25		200.751		3459		2		0
299.595		198.001		3473		2		0
Frame 25
269.637		192.585		3421		2		0
268.411		161.499		3373		2		0
267.161		129.632		3373		2		0
267.487		113.91		3241		2		0
250.344		141.423		3383		2		0
245.976		170.441		3468		2		0
243.915		193.668		3434		2		0
244.765		196.514		3436		2		0
284.044		140.836		3379		2		0
293.392		166.926		3455		2		0
300.191		189.036		3425		2		0
298.497		195.273		3442		2		0
262.261		192.808		3451		2		0
257.949		226.152		3559		2		0
258.723		255.8		3677		1		0
259.629		243.907		3623		1		0
277.032		192.361		3449		2		0
282.221		225.793		3523		2		0
279.066		267.315		3639		2		0
279.183		270.547		0		2		0
267.476		137.678		3372		2		0
245.601		204.4		3483		2		0
248.499		196.51		3460		2		0
299.332		200.334		3457		2		0
297.001		198.752		3432		2		0
Frame 26
269.586		192.676		3414		2		0
268.41		161.612		3359		2		0
267.215		129.769		3368		2		0
267.498		114.007		3246		2		0
250.239		141.407		3362		2		0
245.92		170.506		3456		2		0
243.962		193.8		3443		2		0
244.643		196.638		3431		2		0
284.001		140.779		3376		2		0
293.311		167.078		3459		2		0
300.037		189.282		3417		2		0
298.667		195.52		3417		2		0
262.197		192.908		3443		2		0
258.715		226.223		3514		2		0
258.812		255.722		3672		1		0
259.694		243.945		3613		1		0
276.991		192.444		3425		2		0
282.173		225.788		3510		2		0
278.799		267.078		3646		2		0
278.987		270.347		3442		2		0
267.516		137.809		3349		2		0
245.201		204.4		3472		2		0
248.425		197.323		3472		2		0
298.799		200.801		3460		2		0
296.466		195.268		3413		2		0
Frame 27
269.586		192.799		3408		2		0
268.382		161.756		3363		2		0
267.149		129.908		3363		2		0
267.512		114.088		3236		2		0
250.217		141.434		3373		2		0
245.785		170.684		3455		2		0
244.009		194.049		3437		2		0
244.674		196.759		3428		2		0
284.099		140.926		3362		2		0
293.464		167.458		3433		2		0
300.101		189.879		3424		2		0
298.637		195.961		3430		2		0
262.19		193.004		3441		2		0
257.931		226.27		3546		2		0
257.718		255.836		3696		1		0
259.343		244.102		3606		1		0
277.001		192.595		3427		2		0
282.208		225.863		3515		2		0
279.124		267.03		3642		2		0
279.175		270.307		0		2		0
267.461		137.952		3345		2		0
244.836		204.334		3453		2		0
248.35		196.991		3457		2		0
298.75		201.251		3428		2		0
295.906		194.663		3419		2		0
Frame 28
269.615		193.017		3402		2		0
268.337		161.876		3349		2		0
267.012		129.874		3359		2		0
267.412		114.064		3222		2		0
250.452		141.411		3360		2		0
245.626		170.835		3443		2		0
244.01		194.325		3426		2		0
244.455		196.801		3428		2		0
284.123		141.023		3345		2		0
293.507		167.737		3441		2		0
300.268		190.061		3406		2		0
298.877		196.528		3424		2		0
262.19		193.21		3441		2		0
258.062		226.334		3532		2		0
257.703		255.886		3689		1		0
259.33		244.177		3620		1		0
277.062		192.825		3416		2		0
282.278		226.045		3523		2		0
279.215		267.025		3641		2		0
279.257		270.287		0		2		0
267.348		137.962		3343		2		0
245.002		204.501		3449		2		0
248.215		197.721		3447		2		0
299.399		201.401		3438		2		0
296.383		195.224		3413		2		0
Frame 29
269.575		193.14		3392		2		0
268.366		162.001		3338		2		0
267.165		129.926		3337		2		0
267.401		114.088		3197		2		0
250.324		141.443		3346		2		0
245.544		171.235		3429		2		0
243.943		194.78		3432		2		0
244.242		197.235		3437		2		0
284.172		140.876		3339		2		0
293.771		168.006		3424		2		0
300.371		190.572		3400		2		0
299.046		196.743		3421		2		0
262.123		193.327		3430		2		0
258.221		226.429		3522		2		0
257.663		255.846		3681		1		0
259.316		244.143		3626		1		0
277.048		192.952		3423		2		0
282.412		226.129		3496		2		0
279.361		266.935		3633		2		0
279.365		270.22		0		2		0
267.465		138.04		3326		2		0
245.143		205.429		3466		2		0
248.086		197.344		3446		2		0
299.165		201.667		3435		2		0
296.811		195.378		3405		2		0
Frame 30
269.621		193.29		3393		2		0
268.389		162.139		3331		2		0
267.138		130.006		3328		2		0
267.451		114.044		3195		2		0
250.215		141.489		3341		2		0
245.447		171.404		3421		2		0
243.71		195.066		3428		2		0
244.455		198.041		3426		2		0
284.231		140.849		3324		2		0
293.889		168.006		3424		2		0
300.35		190.76		3404		2		0
298.999		197.043		3402		2		0
262.178		193.474		3420		2		0
258.71		226.443		3520		2		0
258.108		256.03		3684		1		0
259.375		244.227		3608		1		0
277.084		193.103		3398		2		0
282.47		226.194		3505		2		0
279.591		266.838		3643		2		0
279.531		270.14		0		2		0
267.453		138.138		3317		2		0
245.224		205.445		3446		2		0
247.999		200.285		3450		2		0
298.75		202.251		3446		2		0
296.5		197.501		3403		2		0
Frame 31
269.54		193.552		3377		2		0
268.318		162.333		3316		2		0
267.081		130.054		3320		2		0
267.45		114.168		3180		2		0
250.233		141.747		3317		2		0
245.107		171.592		3424		2		0
243.745		195.411		3404		2		0
244.033		198		3421		2		0
284.333		141.128		3318		2		0
293.962		168.256		3409		2		0
300.465		191.15		3383		2		0
299.289		197.238		3451		2		0
262.118		193.709		3414		2		0
258.741		226.626		3511		2		0
258.098		256.196		3658		1		0
259.419		244.381		3606		1		0
276.978		193.393		3409		2		0
282.658		226.448		3489		2		0
279.717		266.878		3647		2		0
279.641		270.169		0		2		0
267.393		138.231		3299		2		0
244.716		205.429		3429		2		0
247.693		199.005		3435		2		0
299.749		202.251		3429		2		0
296.833		197.833		3387		2		0
Frame 32
269.627		193.964		3359		2		0
268.51		162.701		3307		2		0
267.387		130.322		3305		2		0
267.44		114.203		3157		2		0
250.211		141.745		3297		2		0
244.759		171.739		3407		2		0
244.037		195.675		3395		2		0
244.203		198.468		3396		2		0
284.473		141.441		3295		2		0
293.952		168.684		3407		2		0
300.462		191.516		3375		2		0
299.656		197.477		3395		2		0
262.182		194.097		3411		2		0
258.013		226.786		3503		2		0
258.196		256.077		3666		1		0
259		244.673		3609		1		0
277.088		193.829		3406		2		0
282.675		226.855		3477		2		0
279.65		266.933		3641		2		0
279.597		270.212		0		2		0
267.669		138.529		3277		2		0
245.5		206.334		3439		2		0
248.503		198.34		3419		2		0
300		202.5		3400		2		0
297.416		197.585		3370		2		0
Frame 33
269.688		194.23		3359		2		0
268.501		162.903		3290		2		0
267.284		130.431		3283		2		0
267.421		114.652		3136		2		0
250.01		141.798		3283		2		0
244.652		172.098		3370		2		0
243.971		196.144		3394		2		0
244.092		198.857		3383		2		0
284.509		141.584		3286		2		0
294.208		169.114		3387		2		0
300.621		192.122		3358		2		0
299.836		198.205		3399		2		0
262.238		194.395		3390		2		0
258.26		227.132		3493		2		0
258.142		255.859		3664		1		0
259.134		244.668		3601		1		0
277.155		194.064		3377		2		0
282.838		226.95		3482		2		0
280.007		266.965		3626		2		0
279.714		270.201		0		2		0
267.591		138.664		3270		2		0
245.147		206.286		3427		2		0
248.336		197.501		3405		2		0
299.749		203.251		3414		2		0
297.5		198.333		3387		2		0
Frame 34
269.698		194.436		3359		2		0
268.509		163.179		3278		2		0
267.286		130.756		3273		2		0
267.529		114.949		3121		2		0
249.818		142.113		3278		2		0
244.488		172.368		3366		2		0
243.904		196.479		3369		2		0
243.955		199.03		3389		2		0
284.601		141.707		3281		2		0
294.4		169.442		3385		2		0
300.831		192.477		3354		2		0
300.156		198.446		0		2		0
262.259		194.59		3381		2		0
257.853		227.182		3504		2		0
258.539		255.818		3662		1		0
259.22		244.603		3603		1		0
277.152		194.281		3377		2		0
282.97		227.026		3485		2		0
280.141		266.899		3637		2		0
279.804		270.163		0		2		0
267.596		138.979		3257		2		0
245.144		207.286		3414		2		0
248.101		201.504		3393		2		0
300		203.5		3389		2		0
297.5		198.001		3360		2		0
Frame 35
269.871		194.864		3363		2		0
268.61		163.607		3267		2		0
267.281		131.081		3262		2		0
267.631		114.948		3099		2		0
249.609		142.34		3260		2		0
244.34		172.578		3363		2		0
243.829		196.823		3359		2		0
243.805		199.696		3369		2		0
284.688		141.977		3258		2		0
294.646		169.537		3359		2		0
301.023		192.716		3338		2		0
300.253		198.714		3371		2		0
262.41		195.111		3372		2		0
257.419		227.429		3498		2		0
258.676		255.792		3671		1		0
258.909		244.876		3601		1		0
277.35		194.617		3363		2		0
283.149		227.25		3466		2		0
279.957		267.161		3648		2		0
279.829		270.487		0		2		0
267.621		139.341		3238		2		0
245.146		207.286		3405		2		0
246.868		199.669		3358		2		0
300.499		203.75		3385		2		0
297.874		199.876		3360		2		0
Frame 36
269.819		195.316		3338		2		0
268.761		164.029		3248		2		0
267.693		131.418		3229		2		0
267.533		114.952		3085		2		0
249.665		142.799		3228		2		0
244.187		173.628		3343		2		0
243.759		198.03		3338		2		0
243.811		200.151		3341		2		0
284.823		142.125		3245		2		0
294.722		169.724		3343		2		0
301.484		193.025		3321		2		0
300.591		199.503		0		2		0
262.284		195.672		3345		2		0
258.287		227.793		3476		2		0
258.579		256.537		3676		1		0
259.063		245.345		3586		1		0
277.351		194.97		3340		2		0
283.333		227.611		3458		2		0
280.202		266.997		3649		2		0
280.006		270.369		0		2		0
267.961		139.704		3220		2		0
244.603		208.2		3364		2		0
247.601		201.542		3357		2		0
300.599		204.601		3365		2		0
298.128		200.883		3339		2		0
Frame 37
270.003		196.055		3298		2		0
268.862		164.441		3232		2		0
267.718		131.596		3213		2		0
267.698		115.194		3058		2		0
249.556		143.433		3213		2		0
244.089		174.291		3313		2		0
243.593		198.839		3321		2		0
243.656		201.207		3314		2		0
285.108		142.502		3227		2		0
294.839		170.329		3332		2		0
301.598		193.601		3313		2		0
300.975		197.62		3304		2		0
262.38		196.419		3351		2		0
258.353		227.989		3462		2		0
258.515		256.424		3650		1		0
259.156		245.36		3576		1		0
277.628		195.686		3341		2		0
283.514		227.943		3451		2		0
279.744		266.942		3641		2		0
279.669		270.348		0		2		0
268.004		139.932		3207		2		0
245.503		209.333		3350		2		0
246.78		200.783		3316		2		0
301.285		204.429		3348		2		0
298.615		199.309		3313		2		0
Frame 38
270.099		196.51		3295		2		0
268.939		165.14		3213		2		0
267.716		132.399		3196		2		0
267.768		115.388		3030		2		0
249.387		143.807		3181		2		0
243.886		174.227		3282		2		0
243.468		198.929		3299		2		0
243.51		201.878		3287		2		0
285.238		142.734		3202		2		0
295.005		170.65		3311		2		0
301.991		194.244		3294		2		0
301.342		200.643		0		2		0
262.503		196.943		3318		2		0
258.293		228.42		3460		2		0
259.549		256.179		3626		1		0
260.044		245.328		3577		1		0
277.697		196.08		3317		2		0
283.489		228.479		3432		2		0
279.313		266.834		3640		2		0
279.476		270.31		0		2		0
268.029		140.728		3177		2		0
244.669		209.5		3329		2		0
246.602		201.606		3300		2		0
301.597		205.601		3351		2		0
298.4		202.199		3309		2		0
Frame 39
270.451		197.18		3263		2		0
269.032		165.697		3176		2		0
267.54		132.711		3160		2		0
267.803		115.895		3001		2		0
249.365		144.238		3170		2		0
243.647		174.631		3273		2		0
243.424		199.518		3272		2		0
243.318		202.714		3269		2		0
285.467		143.491		3185		2		0
295.198		171.473		3292		2		0
302.462		195.138		3275		2		0
301.76		201.424		0		2		0
262.809		197.575		3305		2		0
258.007		228.692		3434		2		0
259.878		257.075		3643		1		0
260.323		246.382		3561		1		0
278.099		196.785		3297		2		0
283.555		228.819		3420		2		0
279.262		266.664		3638		2		0
279.254		270.21		0		2		0
267.918		141.107		3158		2		0
244.716		210.429		3309		2		0
246.803		203.474		3284		2		0
301.999		206.501		3318		2		0
298.75		200.751		3316		2		0
Frame 40
270.344		198.272		3268		2		0
268.876		166.757		3156		2		0
267.332		133.549		3146		2		0
267.946		116.464		2978		2		0
249.149		144.616		3131		2		0
243.613		175.479		3251		2		0
243.304		200.545		3243		2		0
243.944		206.436		3262		2		0
285.76		143.894		3141		2		0
295.346		172.096		3272		2		0
302.649		195.833		3258		2		0
301.93		199.682		3262		2		0
262.619		198.641		3286		2		0
258.456		229.868		3426		2		0
258.648		258.716		3650		1		0
260.767		247.907		3551		2		0
278.066		197.9		3272		2		0
283.828		229.788		3410		2		0
282.244		266.99		3657		2		0
280.478		270.343		0		2		0
267.725		142.025		3125		2		0
245.001		211.5		3307		2		0
246.397		208.608		3330		2		0
301.799		207.401		3293		2		0
299.428		202.287		3260		2		0
Frame 41
269.987		199.255		3247		2		0
268.76		167.551		3142		2		0
267.476		134.104		3117		2		0
268.022		117.296		2955		2		0
248.81		145.166		3124		2		0
243.441		176.146		3218		2		0
242.951		201.408		3207		2		0
243.019		204.208		3220		2		0
285.761		144.635		3125		2		0
296.092		173.508		3248		2		0
303.619		197.494		3230		2		0
302.193		203.589		0		2		0
262.172		199.555		3257		2		0
258.648		230.73		3407		2		0
262.163		258.807		3614		1		0
260.368		247.204		3543		2		0
277.803		198.953		3256		2		0
283.553		230.705		3398		2		0
281.889		266.937		3641		2		0
280.681		270.387		3496		2		0
267.804		142.642		3099		2		0
244.503		212.333		3247		2		0
246.766		204.475		3224		2		0
301.997		208.668		3283		2		0
299.599		201.602		3239		2		0
Frame 42
269.852		200.453		3216		2		0
268.571		168.575		3119		2		0
267.22		134.822		3077		2		0
267.98		118.327		2928		2		0
249.018		145.837		3072		2		0
242.864		177.566		3183		2		0
242.608		203.056		3183		2		0
242.738		205.815		3189		2		0
285.788		145.125		3100		2		0
296.074		173.436		3223		2		0
303.599		197.576		3216		2		0
302.655		204.127		3243		2		0
261.957		200.766		3254		2		0
258.664		230.795		3406		2		0
261.858		258.23		3611		2		0
259.944		247.161		3519		1		0
277.739		200.14		3246		2		0
283.441		231.494		3375		2		0
280.896		263.363		3602		2		0
279.783		268.398		3617		2		0
267.566		143.451		3075		2		0
244.001		213.751		3232		2		0
246.377		205.381		3202		2		0
302.999		209.501		3256		2		0
301.007		205.808		3232		2		0
Frame 43
270.003		201.689		3188		2		0
268.687		169.646		3075		2		0
267.297		135.642		3054		2		0
267.949		118.821		2899		2		0
248.761		147.149		3054		2		0
242.641		178.696		3171		2		0
242.258		204.372		3164		2		0
242.978		209.757		3171		2		0
286.046		146.123		3076		2		0
296.16		174.28		3199		2		0
304.5		198.356		3200		2		0
303.312		205.263		3232		2		0
262.169		202.115		3209		2		0
257.689		232.04		3387		2		0
261.858		258.376		3589		2		0
259.55		247.802		3513		1		0
277.833		201.265		3211		2		0
283.687		232.579		3370		2		0
281.072		263.457		3607		2		0
279.851		268.506		3616		2		0
267.652		144.341		3045		2		0
244.501		215.499		3218		2		0
246.831		210.681		3191		2		0
303.398		210.401		3232		2		0
303.625		207.376		3244		2		0
Frame 44
269.468		203.326		3164		2		0
268.262		171.298		3053		2		0
267.021		137.227		3027		2		0
268.138		120.666		2863		2		0
249.15		148.223		3010		2		0
242.144		179.909		3133		2		0
241.702		205.962		3133		2		0
242.141		208.926		3128		2		0
286.413		147.276		3040		2		0
297.242		176.395		3168		2		0
305.255		200.926		3165		2		0
303.934		207.522		3183		2		0
261.588		203.729		3214		2		0
259.087		233.601		3377		2		0
260.858		261.411		3602		2		0
258.579		250.3		3519		1		0
277.341		202.92		3174		2		0
283.398		234.329		3334		2		0
280.946		263.408		3603		2		0
280.002		268.486		3616		2		0
267.335		145.953		3012		2		0
243.604		217.2		3163		2		0
246.144		210.219		3152		2		0
303.999		212.668		3206		2		0
304.998		208.999		3217		2		0
Frame 45
269.207		204.469		3141		2		0
268.118		172.295		3026		2		0
266.995		137.941		2965		2		0
268.308		121.224		2830		2		0
248.72		149.463		2986		2		0
241.857		181.014		3106		2		0
241.531		207.183		3112		2		0
241.409		210.488		3100		2		0
286.658		148.666		3005		2		0
297.187		176.69		3142		2		0
305.63		201.223		3142		2		0
304.701		208.2		3162		2		0
261.29		204.853		3167		2		0
258.748		234.087		3359		2		0
259.739		257.837		3601		2		0
259.467		265.839		3656		2		0
277.125		204.085		3169		2		0
282.656		235.753		3318		2		0
280.427		262.974		3586		2		0
279.729		268.369		3617		2		0
267.28		146.752		2979		2		0
242.717		218.429		3140		2		0
245.052		210.755		3120		2		0
304.399		213.401		3173		2		0
305.796		210.2		3198		2		0
Frame 46
268.957		207.102		3119		2		0
268.414		174.543		2996		2		0
267.871		139.771		2928		2		0
268.205		123.245		2793		2		0
248.391		151.424		2961		2		0
241.05		183.481		3075		2		0
240.448		210.037		3060		2		0
240.502		211.396		3057		2		0
286.872		151.234		2973		2		0
297.624		178.681		3110		2		0
306.43		203.415		3103		2		0
305.288		208.115		3108		2		0
260.854		207.389		3155		2		0
258.926		234.527		3338		2		0
260.094		257.262		3581		2		0
259.653		265.465		3656		2		0
277.046		206.814		3133		2		0
283.508		238.201		3295		2		0
280.064		262.738		3580		2		0
279.552		268.314		3604		2		0
268.005		148.691		2949		2		0
241.002		220.501		3090		2		0
244.213		212.738		3074		2		0
305.857		215.144		3131		2		0
308.068		208.27		3103		2		0
Frame 47
269.017		208.822		3109		2		0
268.194		176.84		2959		2		0
267.235		142.583		2911		2		0
268.389		125.372		2755		2		0
248.438		153.485		2917		2		0
239.953		184.932		3027		2		0
239.005		211.844		3016		2		0
239.915		217.71		3019		2		0
287.078		153.035		2947		2		0
298.2		179.871		3081		2		0
307.133		204.867		3069		2		0
306.396		211.846		3077		2		0
260.81		209.007		3136		2		0
258.222		236.825		3304		2		0
263.348		262.813		3586		2		0
261.485		268.674		3638		2		0
277.238		208.638		3090		2		0
283.791		238.63		3306		2		0
280.224		262.718		3566		2		0
279.769		268.459		3613		2		0
267.489		151.384		2910		2		0
240.335		223.333		3040		2		0
244.201		218.902		3031		2		0
306.597		217.601		3113		2		0
309.267		211.605		3059		2		0
Frame 48
269.106		211.851		3064		2		0
268.083		179.869		2919		2		0
266.995		145.435		2872		2		0
268.347		127.866		2700		2		0
248.12		156.308		2879		2		0
239.826		186.845		2991		2		0
238.067		213.941		2961		2		0
238.164		217.068		2961		2		0
287.637		156.014		2903		2		0
299.389		183.018		3037		2		0
307.69		208.619		3014		2		0
307.457		214.92		3052		2		0
260.67		212.069		3100		2		0
258.143		237.696		3284		2		0
263.424		262.835		3582		2		0
261.467		268.713		3628		2		0
277.544		211.634		3061		2		0
284.257		240.434		3268		2		0
281.109		266.222		3595		2		0
280.335		270.311		3487		2		0
267.274		154.295		2866		2		0
238.226		226.445		2976		2		0
242.144		216.617		2977		2		0
307.998		220.502		3054		2		0
310.391		215.413		3003		2		0
Frame 49
269.392		213.739		3059		2		0
268.429		182.726		2881		2		0
267.32		148.675		2803		2		0
268.383		130.812		2655		2		0
247.901		159.29		2833		2		0
238.414		190.324		2939		2		0
237.103		217.967		2900		2		0
237.257		224.775		2896		2		0
287.571		159.283		2841		2		0
301.135		185.261		2999		2		0
308.475		211.671		2949		2		0
308.564		217.506		2993		2		0
261.018		214.056		3056		2		0
258.397		240.557		3270		2		0
263.243		262.715		3563		2		0
261.173		268.99		3644		2		0
277.766		213.429		3042		2		0
284.275		241.682		3255		2		0
281.177		266.556		3607		2		0
280.385		270.516		3486		2		0
267.617		157.565		2820		2		0
238.379		231.375		2917		2		0
241.571		224.432		2909		2		0
309.333		223.334		2986		2		0
311.588		220.816		2944		2		0
Frame 50
269.81		218.403		3015		2		0
268.511		187.034		2850		2		0
267.096		152.556		2739		2		0
268.256		134.718		2598		2		0
247.291		163.461		2777		2		0
237.614		193.964		2881		2		0
236.458		222.127		2830		2		0
236.579		228.145		2810		2		0
287.569		162.422		2792		2		0
301.903		188.699		2920		2		0
309.455		215.397		2883		2		0
309.589		221.384		2953		2		0
261.38		219.219		3034		2		0
257.75		242.616		3261		2		0
262.83		262.97		3536		2		0
260.825		269.485		0		2		0
278.21		217.364		3004		2		0
284.627		243.161		3261		2		0
281.097		266.782		3607		2		0
280.331		270.66		0		2		0
267.462		161.5		2767		2		0
237.126		237.127		2842		2		0
236		230.923		2812		2		0
312.169		226.334		2883		2		0
314.223		223.118		2871		2		0
Frame 51
269.21		221.497		2990		2		0
268.216		191.599		2798		2		0
267.27		157.586		2685		2		0
268.163		139.191		2543		2		0
246.513		169.257		2736		2		0
236.224		199.075		2812		2		0
235.295		227.825		2766		2		0
236.098		236.14		2740		2		0
287.617		167.051		2739		2		0
302.971		192.387		2857		2		0
310.286		219.588		2804		2		0
310.552		226.826		2838		2		0
260.852		222.125		3006		2		0
257.944		244.743		3227		2		0
262.61		263.292		3533		2		0
260.527		269.841		3600		2		0
277.499		221.069		2993		2		0
286.537		245.429		3227		2		0
281.932		266.915		3596		2		0
280.815		270.803		3476		2		0
267.516		166.45		2730		2		0
236.798		243.203		2775		2		0
241.002		234.372		2766		2		0
311.778		233.446		2805		2		0
315.417		229.007		2787		2		0
Frame 52
268.707		226.303		2964		2		0
267.966		195.793		2750		2		0
267.147		161.091		2569		2		0
268.061		145.304		2482		2		0
246.523		176.252		2665		2		0
234.97		205.563		2739		2		0
235.299		235.11		2662		2		0
235.704		243.819		2647		2		0
288.267		172.627		2690		2		0
304.248		197.916		2783		2		0
309.682		226.132		2715		2		0
310.554		233.907		2689		2		0
260.134		227.08		2995		2		0
258.02		247.343		3207		2		0
262.417		263.701		3529		2		0
260.353		270.628		3529		2		0
277.253		225.219		2943		2		0
284.982		248.963		3228		2		0
280.651		263.499		3537		2		0
279.833		269.55		0		2		0
267.361		170.205		2677		2		0
236.499		250.43		2672		2		0
238.856		248.571		2691		2		0
312.271		240.456		2719		2		0
315.351		234.962		2688		2		0
Frame 53
267.934		230.5		2912		2		0
267.047		202.774		2709		2		0
266.083		170.991		2547		2		0
267.791		153.005		2416		2		0
246.357		183.326		2597		2		0
234.242		213.035		2659		2		0
235.272		243.425		2581		2		0
235.871		252.536		2545		2		0
288.793		177.881		2615		2		0
305.105		204.838		2699		2		0
309.117		233.822		2634		2		0
309.184		241.979		2578		2		0
259.505		231.559		2968		2		0
259.664		249.726		3193		2		0
261.845		264.008		3529		2		0
260.6		270.877		3533		2		0
276.262		229.714		2885		2		0
289.502		250.851		3209		2		0
280.806		264.017		3539		2		0
279.944		270.119		3467		2		0
266.336		179.35		2605		2		0
237.624		260.502		2591		2		0
240.942		252.171		2584		2		0
310.67		248.623		2604		2		0
315.249		244.01		2593		2		0
Frame 54
267.19		235.409		2859		2		0
267		209.16		2656		2		0
266.787		178.57		2454		2		0
267.554		161.199		2348		2		0
245.869		190.768		2529		2		0
234.669		220.28		2578		2		0
234.906		251.869		2516		2		0
235.917		261.992		2464		2		0
288.923		187.978		2544		2		0
306.034		213.251		2608		2		0
308.053		243.558		2527		2		0
307.212		251.922		2473		2		0
258.553		234.709		2902		2		0
258.973		254.717		3183		1		0
260.037		268.512		3614		2		0
259.967		272.326		3450		2		0
275.902		235.713		2855		2		0
288.663		254.736		3187		1		0
281.46		266.668		3575		2		0
280.297		271.064		3405		2		0
266.842		186.688		2550		2		0
236.151		270.108		2476		2		0
241.954		260.671		2486		2		0
308.893		260.002		2527		2		0
313.251		252.564		2487		2		0
Frame 55
268.481		239.905		2796		2		0
268.324		216.319		2577		2		0
268.148		188.597		2374		2		0
267.138		170.781		2279		2		0
245.23		198.682		2458		2		0
234.008		231.897		2493		2		0
236.052		266.591		2421		2		0
235.984		274.394		2377		2		0
290.028		197.063		2479		2		0
306.246		224.521		2518		2		0
306.129		255.835		2441		2		0
305.769		264.76		2383		2		0
259.889		239.756		2827		2		0
258.195		258.479		3187		1		0
260.823		266.179		3586		2		0
262.712		272.352		3443		2		0
277.044		240.057		2807		2		0
291.501		259.831		0		1		0
281.455		267.847		3583		1		0
279.998		272.687		3372		2		0
268.194		195.978		2488		2		0
236.523		284.099		2377		2		0
241.625		271.999		2390		2		0
307.611		271.669		2406		2		0
311.848		263.92		2394		2		0
Frame 56
268.426		245.029		2762		2		0
268.748		225.056		2502		2		0
269.139		201.154		2316		2		0
266.761		182.844		2202		2		0
244.606		212.463		2376		2		0
234.746		246.233		2410		2		0
235.616		282.756		2336		2		0
236.184		291.709		2296		2		0
290.3		208.905		2407		2		0
306.891		237.975		2438		2		0
306.124		271.414		2364		2		0
305.947		280.746		2289		2		0
260.249		242.619		2774		2		0
252.32		262.68		0		1		0
253.006		275.583		3345		2		0
264.447		278.56		3265		2		0
276.512		246.88		2758		2		0
293.066		268.062		0		1		0
272.267		274.865		3361		2		0
276.844		278.275		3257		2		0
269.033		207.562		2422		2		0
236.291		302.825		2273		2		0
242.318		292.945		2320		2		0
307.049		288.253		2299		2		0
311.876		282.056		2292		2		0
Frame 57
267.507		256.109		2743		2		0
268.053		238.117		2426		2		0
268.716		216.45		2212		2		0
266.145		198.78		2136		2		0
243.381		227.64		2315		2		0
234.998		263.626		2329		2		0
235.367		302.688		2270		2		0
234.943		313.312		2222		2		0
291.153		224.5		2336		2		0
307.619		255.305		2347		2		0
308.327		290.95		2268		2		0
309.126		301.39		2217		2		0
259.36		255.152		2778		2		0
253.227		269.676		3494		1		0
252.827		284.548		3146		1		0
262.236		282.567		3203		2		0
275.619		257.067		2754		2		0
293.286		280.746		3189		1		0
272.039		286.726		3109		1		0
275.759		290.912		3031		1		0
268.538		222.273		2352		2		0
232.831		323.585		2194		2		0
243.374		315.245		2242		2		0
311.939		308.883		2191		2		0
315.709		303.582		2219		2		0
Frame 58
267.357		272.489		3408		2		0
267.651		255.458		2356		2		0
268.009		234.873		2139		2		0
265.04		217.569		2065		2		0
242.394		245.839		2258		2		0
235.245		282.714		2263		2		0
234.187		321.695		2212		2		0
233.293		335.297		2169		2		0
291.35		241.038		2259		2		0
307.103		274.738		2272		2		0
308.709		312.721		2206		2		0
311.436		323.928		2167		2		0
259.181		271.793		0		2		0
252.623		285.693		3125		1		0
252.268		299.457		2859		1		0
261.844		297.862		2894		1		0
275.491		273.186		3368		2		0
293.51		296.904		2900		1		0
274.704		301.105		2824		1		0
276.251		307.431		2702		1		0
267.912		240.412		2215		2		0
232.149		346.468		2162		2		0
238.685		338.569		2170		2		0
313.399		336.803		2133		2		0
308		331.502		2254		2		0
Frame 59
267.366		290.642		3026		2		0
267.942		274.791		2280		2		0
268.644		255.472		2058		2		0
265.215		238.961		1980		2		0
241.163		266.699		2200		2		0
231.737		301.597		2230		2		0
237.602		340.223		2184		2		0
233.7		342.199		2169		1		0
299.706		268.532		2205		2		0
312.725		303.911		2199		2		0
298.617		338.851		2254		1		0
293.878		350.529		2141		1		0
258.938		290.027		3036		2		0
252.977		302.906		2799		1		0
252.583		315.443		2566		1		0
262.39		314.279		2582		1		0
275.738		291.258		3009		2		0
294.861		314.285		2579		1		0
275.535		317.385		2550		1		0
277.148		324.452		2433		1		0
268.454		260.687		2131		2		0
235		343		2165		2		0
235		343		2165		2		0
295.494		363.649		2013		1		0
291.078		357.076		2072		1		0
Frame 60
270.559		308.762		2659		2		0
271.371		295.365		0		2		0
272.362		278.995		1986		2		0
265.801		264.692		1932		2		0
240.432		283.054		2163		2		0
232.669		316.06		2227		2		0
235.982		355.059		2161		1		0
237.128		368.279		2085		1		0
294.663		281.13		2144		2		0
313.025		310.509		2218		2		0
302.24		348.487		2210		1		0
298.494		361.546		2130		1		0
262.126		308.108		2671		2		0
256.218		320.505		2457		1		0
255.522		331.672		2342		1		0
265.614		330.972		2338		1		0
278.96		309.418		2639		2		0
298.976		331.999		2347		1		0
278.978		333.917		2307		1		0
280.751		341.728		2238		1		0
272.094		283.418		2083		2		0
238.428		369.123		2048		1		0
238.428		369.123		2048		1		0
300.228		375.226		1816		1		0
295.434		367.879		2001		1		0
Frame 61
275.691		321.199		2437		2		0
276.201		308.711		2133		2		0
276.834		293.19		1942		2		0
264.32		284.666		1844		2		0
239.518		295.926		2141		2		0
226.677		330.315		2240		1		0
229.671		368.818		2063		1		0
230.714		381.795		1802		1		0
295.646		295.47		2112		2		0
315.608		327.287		2208		2		0
317.957		365.356		2082		1		0
317.417		373.303		1850		1		0
266.984		320.199		0		2		0
261.55		330.491		2358		1		0
260.352		340.894		2264		1		0
270.751		340.464		2244		1		0
284.397		322.203		2448		2		0
304.998		342.092		2264		1		0
284.257		343.324		2225		1		0
286.256		351.597		2164		1		0
276.662		297.412		1998		2		0
231.98		382.648		1791		1		0
231.98		382.648		1791		1		0
319.374		386.653		1694		1		0
313.766		379.013		1772		1		0
Frame 62
278.363		333.169		2199		2		0
277.993		321.59		2075		2		0
277.523		306.986		1961		2		0
262.859		302.136		1853		2		0
241.377		312.355		2092		2		0
225.873		328.895		2248		2		0
230.691		368.145		2068		1		0
232.372		381.519		1808		1		0
299.222		311.162		2081		2		0
317.96		329.659		2200		2		0
317.504		368.687		2060		1		0
317.311		373.248		1950		1		0
269.294		331.476		0		2		0
263.297		340.126		2249		1		0
261.922		349.725		2184		1		0
272.487		349.56		2180		1		0
287.457		334.868		2312		2		0
307.251		351.761		2165		1		0
286.12		352.32		2151		1		0
288.208		361.005		2073		1		0
277.652		310.982		1926		2		0
233.665		382.388		1794		1		0
233.665		382.388		1794		1		0
319.266		386.597		1704		1		0
313.759		379.009		1783		1		0
Frame 63
275.674		340.419		2044		2		0
276.235		330.677		1905		2		0
276.938		318.414		1864		2		0
261.604		319.785		1804		2		0
240.563		325.599		2047		2		0
224.57		341.579		2218		1		0
229.929		381.785		1804		1		0
231.807		395.45		1671		1		0
299.939		324.76		2042		2		0
322.128		326.636		2240		2		0
323.758		364.523		2107		1		0
323.293		372.017		2019		1		0
266.499		339.388		1842		2		0
261.292		346.725		1900		1		0
260.088		355.813		2137		1		0
270.745		355.834		2126		1		0
284.835		341.45		2066		2		0
305.909		358.451		2139		1		0
284.588		358.538		2068		1		0
286.642		367.564		2018		1		0
276.746		321.768		1888		2		0
233.126		396.359		1652		1		0
233.126		396.359		1652		1		0
325.316		385.177		1746		1		0
319.479		377.705		1870		1		0
Frame 64
270.09		295.73		2513		2		0
265.567		284.871		3118		2		0
260.801		273.429		3242		2		0
250.968		272.297		3043		1		0
238.584		279.312		3206		1		0
228.423		291.42		2970		1		0
225.545		297.25		2813		2		0
220.479		309.695		2546		1		0
285.755		273.76		3106		2		0
309.379		277.613		3174		2		0
313.739		288.622		2899		2		0
311.132		293.639		2774		1		0
265.521		294.527		2501		2		0
253.195		301.817		2499		1		0
252.883		311.337		2447		1		0
260.226		310.376		0		1		0
274.664		296.937		2492		2		0
284.052		310.198		2326		1		0
270.11		312.742		0		1		0
271.162		317.873		1875		1		0
262.016		276.347		3228		2		0
220.882		312.529		2517		2		0
226.198		309.075		2551		2		0
314.141		296.071		2700		2		0
309.676		297.448		2762		2		0
Frame 65
277.874		296.702		2450		2		0
274.568		285.667		3121		2		0
271.078		274.017		3238		2		0
261.674		272.901		3262		1		0
248.509		279.875		2962		1		0
237.941		291.975		2948		1		0
235.982		297.869		2811		1		0
235.242		300.096		2765		1		0
296.338		274.381		3220		1		0
319.818		278.241		3647		1		0
301.368		269.76		3254		1		0
295.639		267.128		3236		1		0
273.23		295.836		2465		2		0
261.443		302.327		2421		1		0
260.578		311.826		2326		1		0
268.099		310.878		2326		1		0
282.516		297.569		2452		2		0
292.318		310.735		2359		1		0
277.925		313.248		2249		1		0
279.192		318.4		2195		1		0
271.969		276.99		3228		2		0
235.742		302.367		2744		1		0
240		299.607		2824		1		0
297.735		268.518		3236		1		0
294.31		269.967		3219		1		0
Frame 66
277.422		299.346		2402		2		0
274.073		287.96		3082		2		0
270.666		275.607		3217		2		0
261.152		274.55		3207		1		0
247.907		281.47		2940		1		0
237.271		293.611		2938		1		0
244.779		283.871		3140		2		0
244.332		285.493		3105		2		0
296.154		276.013		3224		1		0
317.944		273.389		0		1		0
300.318		272.383		3220		1		0
294.858		272.074		3198		2		0
272.639		299.623		2392		2		0
261.041		303.813		2368		1		0
260.196		313.277		2286		1		0
267.763		312.354		2289		1		0
282.178		299.072		2420		2		0
292.144		312.276		2324		1		0
277.66		314.726		2225		1		0
278.929		319.956		2166		1		0
271.533		278.739		3213		2		0
244.501		286.499		3075		2		0
244.663		284.994		3121		2		0
296.926		273.564		3202		1		0
293.53		274.945		0		1		0
Frame 67
277.673		298.568		2404		2		0
275.322		286.26		3094		2		0
274.24		272.051		3237		2		0
271.826		266.623		4098		2		0
248.155		280.194		2905		1		0
237.519		292.375		2966		1		0
244.521		283.757		3138		1		0
244.4		284.798		3117		2		0
296.372		274.671		3198		1		0
311.554		277.679		3203		2		0
288.112		275.469		2899		1		0
280.626		274.769		2936		2		0
272.895		298.993		2398		2		0
261.237		302.741		2360		1		0
260.38		312.271		2295		1		0
267.945		311.327		2291		1		0
282.424		298.141		2395		2		0
292.317		311.203		2309		1		0
277.833		313.707		2236		1		0
279.107		318.906		2181		1		0
274.361		275.749		3225		2		0
244		286		3088		2		0
244.4		284.798		3117		1		0
282.408		276.336		2910		1		0
279.145		277.705		2916		1		0
Frame 68
274.772		304.257		2313		2		0
274.275		292.478		2428		2		0
273.763		280.336		3198		2		0
271.18		275.308		3214		1		0
247.459		287.062		2852		1		0
236.7		299.137		2833		1		0
244.066		284.331		3125		2		0
244.334		284.332		3125		2		0
296.389		281.844		3165		1		0
283.092		278.446		2862		2		0
266.798		277.547		3203		1		0
266.66		282.098		3165		1		0
269.902		306.017		2308		2		0
260.822		308.686		2317		1		0
259.983		317.915		2198		1		0
267.627		317.086		2194		1		0
279.584		302.52		2320		2		0
292.28		317.219		2259		1		0
277.633		319.436		2145		1		0
278.915		324.852		2091		1		0
273.893		283.406		3142		2		0
244		285		3101		2		0
244.334		284.332		3125		1		0
263		277.499		3178		2		0
263		277		3178		2		0
Frame 69
274.51		301.75		2350		2		0
274.503		289.786		2512		2		0
274.604		278.158		3201		2		0
271.699		273.49		3225		1		0
247.7		284.749		0		1		0
251.777		269.303		2875		2		0
251.991		233.665		2996		2		0
251.173		232.137		2995		2		0
296.406		279.425		3205		1		0
281.624		286.4		2680		1		0
280.948		252.013		2997		2		0
281.326		245.212		3023		2		0
269.764		304.988		2316		2		0
260.97		306.693		2318		1		0
260.125		316.026		2200		1		0
267.744		315.158		2194		1		0
279.138		297.959		2394		2		0
292.309		315.205		2273		1		0
277.713		317.519		2172		1		0
278.992		322.863		2099		1		0
274.581		281.058		3174		2		0
249.499		228.167		3004		2		0
247.561		232.002		3026		2		0
278.859		237.005		3088		2		0
284.08		239.791		3071		2		0
Frame 70
274.779		300.285		2378		2		0
274.581		288.088		0		2		0
274.296		274.521		3226		2		0
271.636		269.813		0		1		0
248.134		281.816		2892		1		0
252.359		263.88		2898		2		0
252.815		233.899		2981		2		0
251.896		231.025		2988		1		0
296.557		276.361		3211		1		0
285.681		279.023		2811		2		0
281.875		246.009		3020		2		0
281.527		238.748		3058		2		0
270.148		301.096		2356		2		0
261.263		304.159		2323		1		0
260.402		313.622		2261		1		0
267.992		312.705		2274		1		0
279.233		297.887		2396		2		0
292.448		312.642		2288		1		0
277.911		315.079		2204		1		0
279.191		320.331		2135		1		0
274.401		278.03		3199		2		0
251.5		229		3005		2		0
248.571		230.715		3009		2		0
276.747		230.251		3114		2		0
285.191		235.825		3085		2		0
Frame 71
269.948		297.256		2398		2		0
268.41		284.84		3119		2		0
266.847		272.22		3364		2		0
264.077		267.069		0		1		0
241.871		278.857		3242		1		0
248.867		269.916		2903		2		0
252.463		237.045		2989		2		0
253.383		232.249		2991		1		0
288.211		273.41		2837		1		0
287.073		265.93		2869		2		0
280.854		236.988		3074		2		0
280.402		233.101		3066		2		0
265.241		298.512		2390		2		0
255.682		301.06		2398		1		0
255.211		310.48		2318		1		0
262.485		309.517		2305		1		0
274.608		296.014		2395		2		0
286.01		309.309		2293		1		0
272.191		311.856		2282		1		0
273.281		316.879		2203		1		0
267.241		275.394		3240		2		0
256		230		2979		2		0
249.798		230.8		3045		2		0
279.004		229.127		3083		2		0
284.058		233.227		3070		2		0
Frame 72
285.418		307.638		2297		2		0
287.933		295.723		2431		2		0
290.619		282.997		2829		2		0
282.516		273.514		2858		2		0
259.96		289.071		2807		1		0
254.225		260.75		2918		2		0
252.858		233.613		3009		2		0
253.164		232.666		3010		1		0
316.39		283.34		3175		1		0
288.174		265.351		2901		2		0
280.917		237.948		3057		2		0
280.308		234.96		3068		1		0
280.212		311.356		2290		2		0
272.297		312.542		2282		1		0
270.52		322.356		2139		1		0
279.167		321.56		2139		1		0
290.522		303.995		2377		2		0
306.931		321.946		2085		1		0
290.017		324.095		2102		1		0
291.806		330.186		2014		1		0
289.93		286.259		2747		2		0
251		232		3022		2		0
250.666		232.667		3044		2		0
278		230.667		0		2		0
280.4		231.201		3066		2		0
Frame 73
274.577		299.77		2401		2		0
274.469		287.353		3050		2		0
274.359		274.832		3232		2		0
267.854		266.842		0		1		0
247.889		280.257		0		1		0
253.19		268.857		2914		1		0
259.777		242.258		3033		2		0
256.08		237.786		3023		2		0
295.894		274.758		0		1		0
286.221		266.659		2927		2		0
281.145		239.597		3074		2		0
280.429		237.98		3083		1		0
269.842		303.092		2340		2		0
260.974		302.72		2384		1		0
260.137		312.223		2301		1		0
267.674		311.281		2301		1		0
279.221		296.514		2400		2		0
291.957		311.155		2287		1		0
277.536		313.655		2268		1		0
278.797		318.835		2181		1		0
274.387		277.972		3214		2		0
256.501		234.25		3013		2		0
254.362		239.545		3003		2		0
279.14		235.572		3094		2		0
283.272		237.178		3082		2		0
Frame 74
276.55		312.589		2275		2		0
277.148		301.616		2378		2		0
277.786		289.914		3015		2		0
270.224		280.19		3175		1		0
247.426		295.893		2802		1		0
256.108		263.778		2956		2		0
259.002		238.519		3069		2		0
256.888		237.04		3056		1		0
302.816		290.573		2971		1		0
285.569		269.17		2946		2		0
283.32		246.776		3079		2		0
281.176		244.805		3082		2		0
271.099		316.888		2215		2		0
262.133		317.984		2200		1		0
261.119		327.365		2073		1		0
269.515		326.689		2074		1		0
281.878		308.389		2300		2		0
296.715		327.312		2122		1		0
280.438		329.154		2046		1		0
281.929		335.381		1971		1		0
277.622		292.912		2507		2		0
260		236		3086		2		0
253.283		237.573		3095		2		0
279.537		239.848		3115		2		0
284.908		244.447		3096		2		0
Frame 75
275.368		299.671		2395		2		0
275.482		287.254		3052		2		0
275.597		274.698		3226		2		0
276.834		269.828		0		2		0
249.078		280.129		0		1		0
255.795		266.471		2968		1		0
260.657		240.568		3122		2		0
257.805		238.767		3107		1		0
297.213		274.62		3208		1		0
281.109		264.246		3052		2		0
283.406		248.436		3118		2		0
280.528		245.112		3131		2		0
270.672		303.764		2328		2		0
261.972		302.638		2384		1		0
261.068		312.155		2277		1		0
268.632		311.211		2288		1		0
279.955		295.676		2421		2		0
292.982		311.083		2305		1		0
278.494		313.588		2255		1		0
279.782		318.772		2178		1		0
275.568		277.85		3191		2		0
261.501		238.501		3146		2		0
255.199		238.501		3122		2		0
281.669		243.334		3123		2		0
284		245.544		3148		2		0
Frame 76
275.718		299.208		2392		2		0
275.549		287.133		3063		2		0
275.584		274.696		3225		2		0
276.821		269.826		0		1		0
249.067		280.126		0		1		0
256.024		263.039		3018		2		0
260.338		240.213		3169		2		0
261.694		233.043		6236		1		0
297.199		274.618		3207		1		0
279.112		263.235		3138		2		0
282.452		250.715		3164		2		0
281.425		249.114		3165		2		0
271.393		299.835		2392		2		0
261.962		302.635		2370		1		0
261.058		312.152		2272		1		0
268.622		311.208		2277		1		0
280.3		296.29		2423		2		0
292.971		311.08		2307		1		0
278.484		313.585		2252		1		0
279.772		318.769		2168		1		0
275.56		277.837		3189		2		0
265.232		232.84		6190		1		0
259.176		232.781		6200		1		0
282		245		0		2		0
285.668		251.831		3177		2		0
Frame 77
271.885		297.077		2420		2		0
269.9		285.027		3102		2		0
267.903		272.9		3344		2		0
268.82		268.092		3971		1		0
242.15		278.231		3224		1		0
248.592		261.6		0		1		0
268.598		245.181		0		1		0
280.335		247.833		0		1		0
288.618		272.738		2997		1		0
284.544		264.888		3088		2		0
282.892		252.161		3199		2		0
281.598		251.214		3212		2		0
267.19		297.898		2415		2		0
255.94		300.582		2428		1		0
255.452		310.051		2333		1		0
262.744		309.077		2306		1		0
276.543		296.265		2416		2		0
286.325		308.849		2311		1		0
272.465		311.423		2287		1		0
273.565		316.444		2206		1		0
268.403		275.939		3203		2		0
282		247		3245		2		0
280.09		245.744		0		1		0
280.599		248.2		3222		2		0
283.427		247.996		3249		2		0
Frame 78
274.026		298.849		2399		2		0
273.321		287.391		3059		2		0
272.475		275.632		3212		2		0
273.59		270.809		0		1		0
246.06		281.043		3203		1		0
252.95		264.202		0		1		0
264.283		255.525		3234		2		0
264.1		251.023		3247		1		0
293.901		275.589		3015		1		0
289.821		267.281		3081		1		0
283.051		259.742		3203		2		0
282.472		255.302		3220		2		0
269.355		300.208		2382		2		0
259.446		303.35		2361		1		0
258.713		312.802		2294		1		0
266.212		311.872		2279		1		0
278.65		297.558		2418		2		0
290.405		311.77		2302		1		0
276.078		314.237		2248		1		0
277.298		319.429		2165		1		0
272.688		278.59		3191		2		0
267		258		3321		2		0
263.002		247.501		3242		2		0
281.509		251		3246		2		0
282.859		250.144		3246		2		0
Frame 79
275.722		298.847		2415		2		0
275.71		287.306		3068		2		0
275.866		275.515		3235		2		0
277.11		270.69		0		1		0
249.418		280.919		3216		1		0
256.55		264.079		3188		1		0
261.265		258.541		3225		2		0
262.487		253.385		3272		1		0
297.43		275.472		3215		1		0
275.368		260.718		0		2		0
279.296		258.1		3266		1		0
282		251.998		3305		1		0
270.95		300.216		2382		2		0
262.224		303.24		2352		1		0
261.304		312.697		2283		1		0
268.857		311.766		2288		1		0
280.453		297.515		2418		2		0
293.161		311.664		2312		1		0
278.695		314.133		2238		1		0
279.987		319.32		2162		1		0
275.811		278.481		3196		2		0
263.499		250.499		3305		2		0
257.6		252.599		3315		2		0
283.5		251		0		2		0
284		252.333		3297		2		0
Frame 80
275.068		299.153		2413		2		0
274.518		287.382		3067		2		0
273.716		275.382		3222		2		0
260.903		270.264		3130		2		0
247.203		280.812		3222		1		0
254.2		263.899		0		1		0
260.539		260.237		3263		2		0
261.73		257.154		3271		1		0
295.266		275.331		3210		1		0
272.431		261.809		0		1		0
275.9		257.891		0		1		0
279.249		255.75		3304		2		0
270.421		299.906		2400		2		0
260.427		303.215		2356		1		0
259.626		312.699		2280		1		0
267.163		311.766		2293		1		0
279.62		298.808		2414		2		0
291.461		311.66		2315		1		0
277.044		314.138		2234		1		0
278.294		319.339		2159		1		0
273.953		278.406		3190		2		0
265		256		3322		2		0
259.751		253.748		3328		2		0
280.497		254.001		3294		2		0
283		253		3310		2		0
Frame 81
274.152		299.558		2412		2		0
274.183		287.617		3074		2		0
273.708		275.495		3237		2		0
272.278		259.774		0		2		0
247.191		280.924		3228		1		0
254.188		264.016		4212		1		0
260.788		260.453		3306		1		0
261.976		260.5		3306		1		0
295.262		275.448		3224		1		0
272.429		261.892		0		1		0
275.945		258.006		0		1		0
280.499		256.361		3315		1		0
268.808		302.24		2355		2		0
260.419		303.311		2362		1		0
259.619		312.79		2289		1		0
267.156		311.858		2297		1		0
278.917		298.183		2416		2		0
291.457		311.756		2322		1		0
277.039		314.229		2233		1		0
278.288		319.434		2152		1		0
273.894		278.537		3196		2		0
265		256		3358		2		0
259.002		258.795		3331		2		0
280.998		254.5		0		2		0
282.5		254.499		3320		2		0
Frame 82
274.116		299.84		2401		2		0
274.12		287.792		3079		2		0
273.782		275.615		3245		2		0
272.7		259.911		0		2		0
247.311		281.033		3209		1		0
254.304		264.165		0		1		0
261.327		260.655		3316		1		0
261.973		262.212		3306		1		0
295.299		275.574		3233		1		0
283.218		260.671		3284		2		0
280.05		255.689		3341		1		0
279.082		254.167		4590		1		0
269.09		303.776		2353		2		0
260.499		303.369		2365		1		0
259.694		312.83		2284		1		0
267.223		311.901		2288		1		0
278.659		295.938		2447		2		0
291.491		311.801		2323		1		0
277.091		314.269		2222		1		0
278.34		319.467		2152		1		0
273.907		278.67		3206		2		0
266		262		3348		2		0
259.474		259.144		3347		2		0
279.55		252.458		4676		1		0
280.931		252.448		0		1		0
Frame 83
273.651		300.076		2379		2		0
273.7		288.002		3067		2		0
273.534		275.771		3248		2		0
269.823		260.464		0		2		0
247.05		281.106		3214		1		0
254.02		264.251		4168		1		0
261.18		260.707		3339		1		0
262.34		262.661		3318		1		0
295.001		275.652		3237		1		0
282.908		260.689		3285		1		0
279.759		255.704		0		1		0
278.797		254.181		0		1		0
268.75		304.286		2345		2		0
260.302		303.484		2359		1		0
259.51		312.934		2296		1		0
267.032		312.007		2271		1		0
278.337		295.914		2447		2		0
291.282		311.912		2320		1		0
276.898		314.373		2230		1		0
278.141		319.572		2159		1		0
273.604		278.842		3213		2		0
265.4		260.4		3361		2		0
260.4		258.4		3361		2		0
279.266		252.472		0		1		0
280.843		252.452		0		1		0
Frame 84
273.15		300.147		2373		2		0
273.475		288.058		3065		2		0
273.437		275.838		3252		2		0
270.042		260.446		4212		2		0
246.907		281.115		3209		1		0
253.865		264.265		4222		1		0
261.093		260.713		3327		1		0
261.922		262.051		3308		1		0
294.878		275.682		3250		1		0
282.84		260.713		3290		2		0
279.697		255.729		0		1		0
278.736		254.206		0		1		0
268.413		304.145		2347		2		0
260.225		303.533		2363		1		0
259.439		312.978		2287		1		0
266.958		312.052		2277		1		0
277.482		296.429		2441		2		0
291.199		311.959		2326		1		0
276.823		314.417		2241		1		0
278.064		319.616		2159		1		0
273.498		278.896		3219		2		0
265.825		261.412		3354		2		0
258.556		260.882		3374		2		0
279.206		252.497		0		1		0
280.813		252.461		0		1		0
Frame 85
273.029		300.147		2369		2		0
273.313		288.065		3065		2		0
273.265		275.862		3249		2		0
270.243		260.385		4248		2		0
246.727		281.093		3194		1		0
253.67		264.245		4180		1		0
260.959		260.693		3320		1		0
261.547		262.036		3304		1		0
294.689		275.668		3236		1		0
282.721		260.697		3285		1		0
279.586		255.715		0		1		0
278.628		254.193		0		1		0
268.304		304.066		2340		2		0
260.089		303.545		2357		1		0
259.312		312.986		2288		1		0
266.826		312.061		2276		1		0
277.421		296.47		2437		2		0
291.054		311.968		2321		1		0
276.689		314.425		2239		1		0
277.926		319.622		2155		1		0
273.328		278.915		3213		2		0
262.28		259.712		3327		2		0
257.6		264.598		3330		2		0
279.098		252.484		0		1		0
280.725		252.46		0		1		0
Frame 86
273.087		300.371		2383		2		0
273.268		288.122		3061		2		0
273.241		275.871		3251		2		0
270.335		260.371		0		2		0
246.675		281.085		3208		1		0
253.614		264.238		0		1		0
260.925		260.685		3334		1		0
261.456		262.266		3319		1		0
294.629		275.66		3240		1		0
282.909		260.714		3286		1		0
279.764		255.734		0		1		0
278.804		254.213		0		1		0
268.344		303.867		2352		2		0
260.07		303.549		2359		1		0
259.295		312.99		2295		1		0
266.807		312.064		2285		1		0
277.656		297.39		2427		2		0
291.032		311.972		2316		1		0
276.67		314.428		2240		1		0
277.906		319.625		2172		1		0
273.31		278.923		3218		2		0
265		261.5		3359		2		0
258.625		259.622		3358		2		0
279.274		252.505		0		1		0
280.803		252.469		0		1		0
Frame 87
272.898		300.178		2378		2		0
273.153		288.081		3066		2		0
273.169		275.873		3244		2		0
271.398		260.237		4298		2		0
246.59		281.073		3208		1		0
253.522		264.227		0		1		0
260.857		260.673		3322		1		0
261.323		262.312		3305		1		0
294.524		275.646		3235		1		0
282.622		260.694		3290		1		0
279.503		255.727		0		1		0
278.549		254.209		0		1		0
268.254		303.882		2350		2		0
260.014		303.544		2361		1		0
259.243		312.983		2294		1		0
266.753		312.058		2283		1		0
277.309		296.401		2442		2		0
290.969		311.965		2313		1		0
276.613		314.421		2246		1		0
277.848		319.617		2168		1		0
273.217		278.92		3217		2		0
264.249		259.499		3347		2		0
260.836		258.333		3326		2		0
279.238		252.486		6194		1		0
280.393		252.495		6138		1		0
Frame 88
270.098		301.373		2357		2		0
268.694		289.374		3048		2		0
267.643		277.061		3216		2		0
273.636		264.474		0		2		0
240.545		282.247		3174		1		0
247.139		265.214		0		1		0
255.121		261.511		0		1		0
260.682		263.392		3297		1		0
288.862		276.769		3041		1		0
282.572		260.712		3290		1		0
279.456		255.744		0		1		0
278.504		254.226		0		1		0
265.31		304.731		2348		2		0
255.355		304.84		2387		1		0
254.892		314.292		2300		1		0
262.389		313.383		2268		1		0
274.647		298.178		2415		2		0
286.685		313.341		2295		1		0
272.399		315.756		2219		1		0
273.53		321.047		2149		1		0
267.907		280.154		3178		2		0
265		260.5		3350		2		0
258.445		259.997		3330		2		0
279.133		252.503		0		1		0
280.347		252.512		0		1		0
Frame 89
269.841		301.299		2364		2		0
268.659		289.345		3050		2		0
267.676		277.063		3217		2		0
273.626		264.423		0		2		0
240.556		282.247		3179		1		0
247.15		265.215		0		1		0
255.13		261.513		0		1		0
260.543		263.698		3294		1		0
287.797		278.304		3024		2		0
282.623		260.722		3289		1		0
279.504		255.754		0		1		0
278.551		254.236		0		1		0
265.113		304.675		2342		2		0
255.386		304.833		2387		1		0
254.921		314.282		2308		1		0
262.416		313.373		2274		1		0
274.383		298.071		2414		2		0
286.705		313.331		2298		1		0
272.423		315.746		2225		1		0
273.554		321.035		2147		1		0
267.917		280.146		3179		2		0
261.197		260		3325		2		0
258.964		258.954		0		2		0
279.112		252.517		0		1		0
280.451		252.513		0		1		0
Frame 90
272.429		300.572		2391		2		0
273.249		288.435		3067		2		0
273.564		276.385		3249		2		0
271.736		260.887		4210		2		0
246.774		281.47		3213		1		0
253.699		264.7		4126		1		0
261.09		261.1		3313		1		0
261.652		262.101		3314		1		0
287.451		276.745		3045		2		0
282.679		260.766		3299		1		0
279.556		255.794		0		1		0
278.602		254.275		0		1		0
268.289		303.962		2342		2		0
260.388		303.858		2362		1		0
259.594		313.242		2285		1		0
267.084		312.326		2280		1		0
276.61		297.24		2433		2		0
291.223		312.245		2317		1		0
276.906		314.678		2245		1		0
278.144		319.862		2176		1		0
273.485		279.403		3210		2		0
265		261.5		3343		2		0
259.498		258.501		3345		2		0
279.096		252.561		0		1		0
280.522		252.532		0		1		0
Frame 91
272.71		300.498		2383		2		0
273.397		288.41		3065		2		0
273.768		276.365		3243		2		0
271.816		260.888		0		2		0
246.825		281.465		3207		1		0
253.754		264.695		0		1		0
261.141		261.095		3312		1		0
262.056		262.269		3295		1		0
287.429		277.319		3034		2		0
282.876		261.707		3285		1		0
279.723		256.648		0		1		0
278.76		255.103		0		1		0
268.611		303.838		2342		2		0
260.555		303.84		2357		1		0
259.75		313.225		2283		1		0
267.244		312.308		2280		1		0
276.81		297.212		2417		2		0
291.389		312.228		2313		1		0
277.064		314.661		2248		1		0
278.306		319.844		2179		1		0
273.672		279.381		3208		2		0
258		261		3364		2		0
260.5		258.5		3352		2		0
279.231		253.386		6117		1		0
280.614		253.38		0		1		0
Frame 92
270.08		300.891		2385		2		0
268.531		289.002		3036		2		0
267.871		276.8		3226		2		0
273.902		264.335		0		2		0
240.13		282.036		3177		1		0
246.694		264.985		0		1		0
254.708		261.298		0		1		0
260.972		263.606		3299		1		0
288.513		275.807		3063		2		0
282.468		260.457		3298		1		0
282.824		267.278		3262		1		0
282.933		269.383		3237		1		0
264.392		304.614		2346		2		0
255.554		304.599		2382		1		0
255.078		314.058		2297		1		0
262.571		313.145		2275		1		0
275.282		297.357		2430		2		0
286.851		313.093		2294		1		0
272.57		315.519		2226		1		0
273.704		320.798		2171		1		0
268.037		279.867		3191		2		0
258.499		259.501		0		2		0
258		260		3341		2		0
283.385		267.592		3252		1		0
284.791		267.647		3250		1		0
Frame 93
263.896		300.031		2409		2		0
261.747		288.407		2873		2		0
259.506		276.292		3092		2		0
270.471		268.056		3987		2		0
230.863		281.74		3210		1		0
236.965		264.005		0		1		0
245.976		260.253		0		1		0
248.694		259.122		0		1		0
289.33		278.004		3033		2		0
282.911		261.651		3290		2		0
279.761		256.604		0		1		0
278.799		255.062		0		1		0
258.329		300.847		2417		2		0
248.415		305.005		2474		1		0
248.424		314.693		2363		1		0
255.975		313.766		2312		1		0
269.405		299.225		2405		2		0
280.651		313.73		2256		1		0
266.313		316.193		2221		1		0
267.301		321.641		2144		1		0
260.075		279.369		3017		2		0
246.306		254.952		5886		1		0
245.808		255.473		0		1		0
279.268		253.348		0		1		0
280.649		253.341		0		1		0
Frame 94
263.759		299.995		2420		2		0
261.699		288.405		2878		2		0
259.516		276.312		3087		2		0
273.701		272.046		0		2		0
245.075		290.261		3024		2		0
252.506		272.639		0		1		0
260.618		268.135		3237		1		0
263.058		266.781		3284		1		0
286.981		280.627		2984		2		0
282.836		261.771		3302		1		0
279.692		256.717		0		1		0
278.731		255.174		0		1		0
258.206		300.683		2418		2		0
248.425		305.015		2480		1		0
248.433		314.701		2357		1		0
255.983		313.773		2309		1		0
269.241		299.272		2404		2		0
280.655		313.738		2269		1		0
266.319		316.201		2225		1		0
267.307		321.647		2155		1		0
260.072		279.383		3021		2		0
260.409		262.385		3314		1		0
259.877		262.911		3321		1		0
279.201		253.46		0		1		0
280.637		253.361		0		1		0
Frame 95
262.661		300.145		2405		2		0
261.441		288.443		2878		2		0
259.521		276.312		3078		2		0
266.23		271.73		3243		2		0
245.076		290.259		3026		1		0
252.508		272.636		0		1		0
260.62		268.132		3259		1		0
263.06		266.778		3278		1		0
286.978		281.02		2968		2		0
282.803		261.88		3299		1		0
279.661		256.819		0		1		0
278.701		255.274		0		1		0
256.976		301.22		2425		2		0
248.43		305.015		2486		1		0
248.438		314.701		2370		1		0
255.987		313.774		2318		1		0
268.193		299.108		2409		2		0
280.659		313.738		2267		1		0
266.323		316.201		2222		1		0
267.311		321.648		2164		1		0
260.064		279.386		3012		2		0
260.411		262.383		3317		1		0
259.877		262.911		3333		1		0
279.171		253.559		0		1		0
280.623		253.398		0		1		0
Frame 96
262.591		300.23		2411		2		0
261.407		288.462		2885		2		0
259.562		276.286		3085		2		0
266.508		271.726		3247		2		0
245.081		290.254		3038		1		0
252.512		272.63		0		1		0
260.624		268.127		3250		1		0
263.065		266.773		3282		1		0
286.948		281.005		2979		2		0
282.728		261.953		3306		1		0
279.591		256.889		0		1		0
278.633		255.342		0		1		0
256.957		301.241		2413		2		0
248.465		304.99		2497		1		0
248.47		314.675		2351		1		0
256.019		313.748		2310		1		0
268.065		299.29		2403		2		0
280.689		313.711		2268		1		0
266.354		316.175		2218		1		0
267.342		321.62		2158		1		0
260.072		279.377		3023		2		0
260.415		262.378		3305		1		0
259.877		262.911		3321		1		0
279.103		253.627		0		1		0
280.585		253.449		0		1		0
Frame 97
262.42		300.26		2411		2		0
261.32		288.465		2883		2		0
259.577		276.273		3075		2		0
266.673		271.663		3235		2		0
245.081		290.253		3034		1		0
252.513		272.629		0		1		0
260.624		268.126		3242		1		0
263.065		266.772		3289		1		0
286.96		280.94		2984		2		0
282.713		261.979		3287		1		0
279.578		256.913		0		1		0
278.62		255.365		0		1		0
256.744		301.485		2428		2		0
248.477		304.977		2499		1		0
248.482		314.663		2355		1		0
256.031		313.736		2309		1		0
267.887		299.075		2409		2		0
280.7		313.698		2266		1		0
266.365		316.163		2223		1		0
267.354		321.607		2150		1		0
260.071		279.367		3028		2		0
260.416		262.377		3306		1		0
259.877		262.911		3318		1		0
279.089		253.651		0		1		0
280.575		253.466		0		1		0
Frame 98
262.328		300.101		2414		2		0
261.232		288.373		2885		2		0
259.596		276.227		3087		2		0
266.847		271.764		3250		2		0
245.08		290.248		3033		1		0
252.51		272.625		0		1		0
260.622		268.122		3252		1		0
263.062		266.768		3277		1		0
286.965		280.949		2979		2		0
282.63		262.015		3282		1		0
279.5		256.948		0		1		0
278.544		255.4		0		1		0
256.682		301.342		2418		2		0
248.497		304.93		2495		1		0
248.5		314.616		2360		1		0
256.047		313.688		2307		1		0
267.799		298.909		2431		2		0
280.707		313.648		2270		1		0
266.377		316.115		2219		1		0
267.366		321.556		2157		1		0
260.056		279.311		3023		2		0
260.413		262.373		3314		1		0
259.877		262.911		3323		1		0
279.014		253.685		0		1		0
280.522		253.51		0		1		0
Frame 99
262.286		300.126		2409		2		0
261.087		288.313		2883		2		0
259.405		275.872		3107		2		0
266.672		272.047		3232		2		0
244.899		289.978		3057		1		0
266.324		277.646		3168		2		0
267.084		276.869		3230		1		0
271.334		276.463		3244		1		0
287.287		280.989		2986		2		0
282.932		262.515		3287		1		0
279.773		257.4		0		1		0
278.809		255.839		0		1		0
256.676		301.326		2428		2		0
248.371		304.565		2496		1		0
248.383		314.252		2355		1		0
255.908		313.318		2319		1		0
267.689		299.05		2401		2		0
280.496		313.261		2273		1		0
266.213		315.742		2238		1		0
267.195		321.159		2155		1		0
259.845		279.048		3012		2		0
271		275		3267		2		0
269.506		275.996		3327		2		0
279.279		254.117		0		1		0
280.663		254.114		0		1		0
Frame 100
262.558		299.989		2416		2		0
261.176		288.26		2892		2		0
259.449		275.872		3111		2		0
267.228		272.664		0		2		0
244.928		289.995		3054		1		0
266.272		278.107		3158		1		0
267.305		277.041		3209		1		0
271.413		276.703		3238		1		0
287.289		280.976		2994		2		0
282.77		262.53		3282		1		0
279.624		257.418		0		1		0
278.663		255.857		0		1		0
257.195		300.833		2426		2		0
248.407		304.565		2498		1		0
248.417		314.253		2361		1		0
255.943		313.318		2325		1		0
267.882		299.065		2402		2		0
280.533		313.262		2268		1		0
266.248		315.743		2235		1		0
267.23		321.16		2153		1		0
259.892		279.037		3004		2		0
273		275		3258		2		0
270.001		276.427		3247		2		0
279.133		254.136		0		1		0
280.554		253.949		0		1		0
Frame 101
262.484		300.07		2404		2		0
261.141		288.271		2882		2		0
259.456		275.86		3114		2		0
265.52		271.834		3221		2		0
244.929		290.002		3034		1		0
266.232		278.248		3152		1		0
267.345		277.101		3214		1		0
271.472		276.586		3246		1		0
287.228		280.914		2993		1		0
282.761		262.503		3287		1		0
279.616		257.393		0		1		0
278.655		255.833		0		1		0
257.036		301.062		2421		2		0
248.413		304.554		2500		1		0
248.422		314.242		2353		1		0
255.948		313.307		2321		1		0
267.853		299.083		2408		2		0
280.537		313.25		2264		1		0
266.252		315.732		2239		1		0
267.235		321.148		2155		1		0
259.89		279.028		3004		2		0
271		275		3265		2		0
268		277		3231		2		0
279.126		254.113		0		1		0
280.558		253.892		0		1		0
Frame 102
262.416		299.961		2422		2		0
261.116		288.24		2886		2		0
259.472		275.871		3091		2		0
262.023		267.348		3261		2		0
244.946		290.061		3032		1		0
266.196		278.486		3155		1		0
267.424		277.223		3211		1		0
271.637		275.4		3259		1		0
287.237		280.919		2987		2		0
282.68		262.718		3286		1		0
279.537		257.589		0		1		0
278.577		256.023		0		1		0
256.967		300.992		2436		2		0
248.424		304.568		2491		1		0
248.433		314.256		2358		1		0
255.96		313.322		2326		1		0
267.793		298.928		2414		2		0
280.553		313.265		2267		1		0
266.266		315.746		2234		1		0
267.249		321.164		2155		1		0
259.891		279.025		3031		2		0
270.488		271.493		3427		2		0
263.723		269.142		3242		2		0
279.049		254.3		0		1		0
280.446		254.246		0		1		0
Frame 103
262.172		300.01		2409		2		0
261.063		288.247		2887		2		0
259.526		275.883		3104		2		0
263.091		268.01		3257		2		0
244.979		290.093		3031		1		0
266.217		278.59		3155		1		0
267.491		277.277		3213		1		0
271.58		276.61		3239		1		0
287.251		280.919		2988		2		0
282.624		262.63		3290		1		0
279.486		257.51		0		1		0
278.528		255.947		0		1		0
256.607		301.199		2418		2		0
248.466		304.583		2493		1		0
248.471		314.272		2354		1		0
256.001		313.337		2306		1		0
267.611		298.878		2419		2		0
280.601		313.282		2272		1		0
266.308		315.763		2231		1		0
267.292		321.181		2153		1		0
259.905		279.031		3035		2		0
272		274		3267		2		0
267.5		275.001		3236		2		0
278.999		254.225		0		1		0
280.464		254.021		0		1		0
Frame 104
262.733		299.35		2419		2		0
261.154		288.052		2900		2		0
259.521		275.878		3092		2		0
263.075		267.973		3259		2		0
244.974		290.098		3027		1		0
266.204		278.614		3163		1		0
267.491		277.289		3217		1		0
271.11		276.388		3238		1		0
287.235		280.896		2999		2		0
282.628		262.621		3283		1		0
279.49		257.502		0		1		0
278.532		255.939		0		1		0
257.2		300.496		2430		2		0
248.461		304.579		2503		1		0
248.467		314.269		2355		1		0
255.997		313.334		2323		1		0
268.181		298.229		2424		2		0
280.597		313.279		2275		1		0
266.304		315.76		2232		1		0
267.288		321.179		2153		1		0
259.906		279.015		3021		2		0
272.5		274		3264		2		0
265.5		271.5		3234		2		0
279.003		254.218		0		1		0
280.471		254.006		0		1		0
Frame 105
262.584		299.769		2421		2		0
261.143		288.105		2889		2		0
259.535		275.883		3117		2		0
262.84		267.852		3268		2		0
244.99		290.105		3036		2		0
266.219		278.642		3158		1		0
267.518		277.303		3218		1		0
271.391		277.064		3240		1		0
287.174		280.745		2991		2		0
282.649		262.565		3282		1		0
279.514		257.455		0		1		0
278.556		255.894		6086		1		0
257.039		300.961		2430		2		0
248.473		304.584		2497		1		0
248.478		314.273		2353		1		0
256.008		313.339		2307		1		0
268.051		298.601		2422		2		0
280.608		313.284		2272		1		0
266.315		315.764		2240		1		0
267.3		321.183		2154		1		0
259.915		279.022		3029		2		0
268		275		3295		2		0
262.448		275.754		3116		1		0
279.026		254.175		0		1		0
280.498		253.944		0		1		0
Frame 106
262.661		299.923		2419		2		0
261.17		288.186		2890		2		0
259.557		275.954		3113		2		0
262.656		267.81		3258		2		0
244.999		290.146		3030		1		0
266.225		278.715		3147		1		0
267.542		277.353		3201		1		0
271.443		276.995		3236		1		0
287.156		280.728		2981		2		0
282.628		262.54		3291		1		0
279.494		257.433		0		1		0
278.537		255.873		0		1		0
257.12		301.086		2415		2		0
248.487		304.651		2487		1		0
248.491		314.339		2358		1		0
256.025		313.406		2308		1		0
268.129		298.784		2416		2		0
280.634		313.354		2264		1		0
266.334		315.831		2227		1		0
267.32		321.254		2158		1		0
259.942		279.085		3021		2		0
268		275		3284		2		0
268		275		3284		2		0
279.008		254.154		0		1		0
280.488		253.936		0		1		0
Frame 107
262.408		299.907		2411		2		0
261.126		288.167		2886		2		0
259.616		275.925		3110		2		0
262.656		267.764		3248		2		0
245.015		290.139		3024		1		0
266.24		278.712		3155		1		0
267.558		277.348		3199		1		0
271.585		276.788		3244		1		0
287.277		280.724		2968		2		0
282.519		262.515		3293		1		0
279.393		257.41		0		1		0
278.438		255.851		0		1		0
256.85		301.142		2420		2		0
248.536		304.623		2489		1		0
248.537		314.312		2363		1		0
256.071		313.378		2309		1		0
267.877		298.694		2421		2		0
280.679		313.325		2259		1		0
266.379		315.804		2221		1		0
267.365		321.225		2150		1		0
259.973		279.057		3011		2		0
271		275		3264		2		0
266.999		274.497		3211		2		0
278.909		254.133		0		1		0
280.424		253.952		0		1		0
Frame 108
262.339		300.047		2404		2		0
261.108		288.314		2890		2		0
259.758		276.11		3055		2		0
262.577		268.227		3248		2		0
245.039		290.234		3033		1		0
266.27		278.834		3153		1		0
267.607		277.442		3205		1		0
271.681		277.173		3233		1		0
287.277		280.712		2990		2		0
282.54		262.481		3292		1		0
279.413		257.379		0		1		0
278.458		255.82		0		1		0
256.654		301.666		2421		2		0
248.634		304.818		2497		1		0
248.628		314.506		2361		1		0
256.175		313.576		2311		1		0
267.871		298.695		2424		2		0
280.825		313.532		2271		1		0
266.497		316.003		2217		1		0
267.488		321.438		2156		1		0
260.067		279.225		3008		2		0
274		275		3261		2		0
270.004		275.997		3283		2		0
278.928		254.102		0		1		0
280.438		253.93		0		1		0
Frame 109
262.254		300.117		2401		2		0
261.093		288.318		2897		2		0
259.764		276.074		3082		2		0
262.615		268.137		3242		2		0
245.038		290.218		3033		1		0
266.265		278.825		3164		1		0
267.605		277.431		3204		1		0
271.611		276.744		3240		1		0
287.236		280.656		2982		2		0
282.558		262.485		3300		1		0
279.431		257.384		0		1		0
278.476		255.826		0		1		0
256.622		301.664		2420		2		0
248.641		304.784		2483		1		0
248.634		314.473		2353		1		0
256.18		313.542		2313		1		0
267.747		298.831		2421		2		0
280.826		313.496		2272		1		0
266.5		315.969		2237		1		0
267.491		321.402		2166		1		0
260.067		279.205		3020		2		0
272.001		274.5		0		2		0
266.999		274.499		3208		2		0
278.948		254.107		0		1		0
280.434		253.95		0		1		0
Frame 110
262.271		300.176		2414		2		0
261.103		288.34		2906		2		0
259.796		276.061		3085		2		0
263.33		268.259		3252		2		0
245.044		290.22		3031		1		0
266.268		278.829		3150		1		0
267.611		277.434		3217		1		0
271.126		276.57		3241		1		0
287.227		280.622		2989		2		0
282.793		262.024		3296		1		0
279.662		256.824		6103		1		0
278.706		255.235		0		1		0
256.641		301.683		2417		2		0
248.671		304.764		2500		1		0
248.662		314.452		2359		1		0
256.206		313.52		2316		1		0
267.763		298.902		2426		2		0
280.846		313.474		2264		1		0
266.523		315.947		2231		1		0
267.514		321.377		2162		1		0
260.097		279.202		3019		2		0
272.012		274.753		3270		2		0
267.27		275.004		3237		2		0
279.126		253.761		0		1		0
280.552		253.519		0		1		0
