sit
Frame 0
296.004		222.957		1824		2		0
294.702		161.387		1808		2		0
293.501		99.5659		1846		2		0
290.458		67.7242		1752		2		0
257.177		124.651		1862		2		0
247.674		181.048		1922		1		0
247.703		235.446		1849		1		0
250.975		253.282		1809		1		0
329.404		125.108		1842		2		0
341.449		177.824		1908		1		0
342.657		229.561		1842		1		0
337.842		247.065		1826		1		0
279.803		223.658		1855		2		0
278.083		301.467		1980		2		0
281.152		363.154		2066		2		0
273.2		383.107		2031		2		0
312.314		222.256		1833		2		0
317.433		299.689		1970		2		0
315.061		360.283		2088		2		0
325.723		378.725		2053		2		0
293.797		115.061		1846		2		0
256.31		269.458		1803		2		0
244.115		258.173		1821		2		0
336.437		266.568		1798		2		0
343.863		255.524		1804		2		0
Frame 1
296.008		222.968		1818		2		0
294.708		161.392		1807		2		0
293.511		99.5622		1849		2		0
290.479		67.7148		1755		2		0
257.184		124.638		1861		2		0
247.668		181.033		1921		1		0
247.695		235.455		1852		1		0
250.996		253.303		1802		1		0
329.427		125.106		1842		2		0
341.468		177.835		1910		1		0
342.677		229.58		1848		1		0
337.727		247.125		1824		1		0
279.806		223.666		1853		2		0
278.043		301.326		1975		2		0
281.141		363.142		2072		2		0
273.094		383.108		2036		2		0
312.319		222.271		1832		2		0
317.427		299.635		1973		2		0
315.062		360.284		2085		2		0
325.676		378.784		2049		2		0
293.806		115.06		1849		2		0
256.335		269.543		1805		2		0
244.271		257.506		1824		2		0
336.437		266.568		1797		2		0
344.171		255.359		1809		2		0
Frame 2
296.008		222.983		1818		2		0
294.713		161.399		1805		2		0
293.524		99.5542		1845		2		0
290.504		67.7061		1753		2		0
257.193		124.619		1864		2		0
247.639		181.039		1921		1		0
247.662		235.4		1849		1		0
251.088		253.297		1807		1		0
329.445		125.109		1838		2		0
341.494		177.845		1906		1		0
342.71		229.573		1844		1		0
337.705		247.112		1822		1		0
279.805		223.676		1851		2		0
278.046		301.33		1980		2		0
281.168		363.189		2074		2		0
273.228		383.453		2033		2		0
312.321		222.291		1833		2		0
317.452		299.683		1976		2		0
315.049		360.281		2087		2		0
325.664		378.785		2057		2		0
293.817		115.056		1843		2		0
256.554		269.961		1804		2		0
244.997		258.907		1820		2		0
336.436		266.568		1799		2		0
343.684		255.484		1803		2		0
Frame 3
296.009		223.002		1819		2		0
294.714		161.404		1807		2		0
293.526		99.5418		1845		2		0
290.535		67.7141		1752		2		0
257.206		124.623		1860		2		0
247.631		181.057		1924		1		0
247.673		235.408		1851		1		0
251.122		253.492		1807		1		0
329.467		125.107		1837		2		0
341.529		177.851		1908		1		0
342.731		229.592		1845		1		0
337.783		247.181		1823		1		0
279.805		223.697		1853		2		0
278.057		301.389		1983		2		0
281.207		363.212		2069		2		0
273.352		383.489		2036		2		0
312.323		222.309		1833		2		0
317.447		299.656		1975		2		0
315.045		360.278		2090		2		0
325.887		378.549		2048		2		0
293.819		115.049		1843		2		0
256.617		270.071		1807		2		0
244.446		258.35		1825		2		0
336.935		266.562		1798		2		0
344.239		255.26		1808		2		0
Frame 4
296.021		223.028		1823		2		0
294.719		161.409		1803		2		0
293.523		99.5226		1845		2		0
290.54		67.6934		1755		2		0
257.209		124.609		1861		2		0
247.623		181.052		1922		1		0
247.673		235.432		1844		1		0
251.065		253.273		1806		1		0
329.481		125.105		1840		2		0
341.549		177.844		1906		1		0
342.753		229.611		1845		1		0
337.818		247.23		1824		1		0
279.811		223.712		1850		2		0
278.072		301.573		1976		2		0
281.218		363.168		2069		2		0
273.353		383.41		2038		2		0
312.345		222.347		1836		2		0
317.452		299.67		1970		2		0
315.05		360.29		2090		2		0
325.746		378.642		2041		2		0
293.818		115.036		1841		2		0
256.724		270.04		1810		2		0
244.34		258.148		1825		2		0
336.558		266.606		1798		2		0
344.152		255.542		1805		2		0
Frame 5
296.037		223.039		1820		2		0
294.73		161.414		1805		2		0
293.526		99.5139		1844		2		0
290.548		67.6633		1751		2		0
257.211		124.602		1861		2		0
247.6		181.006		1924		1		0
247.656		235.458		1848		1		0
250.95		253.288		1806		1		0
329.504		125.107		1838		2		0
341.601		177.866		1907		1		0
342.765		229.608		1841		1		0
337.902		247.06		1820		1		0
279.825		223.722		1849		2		0
278.075		301.571		1981		2		0
281.223		363.201		2077		2		0
273.316		383.438		2035		2		0
312.364		222.358		1831		2		0
317.461		299.68		1972		2		0
315.079		360.312		2085		2		0
325.934		378.42		2053		2		0
293.823		115.032		1840		2		0
256.512		270.036		1814		2		0
244.462		258.058		1821		2		0
336.558		266.606		1796		2		0
343.614		255.066		1801		2		0
Frame 6
296.04		223.046		1822		2		0
294.734		161.414		1806		2		0
293.533		99.5014		1847		2		0
290.555		67.6778		1752		2		0
257.225		124.59		1860		2		0
247.581		181.006		1924		1		0
247.655		235.453		1852		1		0
251.078		253.44		1805		1		0
329.517		125.106		1841		2		0
341.603		177.867		1909		1		0
342.777		229.626		1842		1		0
337.824		247.068		1823		1		0
279.828		223.728		1854		2		0
278.078		301.59		1979		2		0
281.218		363.204		2070		2		0
273.213		383.037		2033		2		0
312.368		222.367		1834		2		0
317.457		299.673		1974		2		0
315.093		360.289		2089		2		0
325.922		378.458		2039		2		0
293.83		115.023		1842		2		0
256.278		269.971		1799		2		0
243.565		255.116		1866		2		0
336.699		266.616		1799		2		0
344.279		255.293		1806		2		0
Frame 7
296.048		223.053		1819		2		0
294.741		161.419		1806		2		0
293.539		99.5028		1845		2		0
290.573		67.6855		1750		2		0
257.236		124.582		1857		2		0
247.581		180.998		1919		1		0
247.659		235.51		1849		1		0
250.991		253.566		1806		1		0
329.542		125.107		1839		2		0
341.642		177.894		1910		1		0
342.805		229.673		1845		1		0
337.827		247.132		1824		1		0
279.831		223.731		1850		2		0
278.039		301.59		1979		2		0
281.264		363.085		2069		2		0
273.633		383.268		2038		2		0
312.383		222.38		1831		2		0
317.47		299.682		1968		2		0
315.1		360.286		2087		2		0
325.873		378.466		2053		2		0
293.836		115.025		1844		2		0
256.214		269.542		1801		2		0
244.417		258.195		1824		2		0
336.555		266.606		1797		2		0
343.98		255.417		1799		2		0
Frame 8
296.066		223.07		1823		2		0
294.755		161.436		1803		2		0
293.548		99.5141		1845		2		0
290.597		67.6993		1745		2		0
257.242		124.571		1861		2		0
247.57		181.016		1920		1		0
247.649		235.546		1849		1		0
251.102		253.447		1806		1		0
329.56		125.106		1838		2		0
341.666		177.909		1905		1		0
342.82		229.665		1846		1		0
337.842		247.099		1821		1		0
279.846		223.747		1850		2		0
278.052		301.536		1981		2		0
281.26		363.186		2068		2		0
273.494		383.398		2032		2		0
312.406		222.399		1835		2		0
317.473		299.702		1973		2		0
315.095		360.28		2086		2		0
325.748		378.648		2044		2		0
293.846		115.038		1845		2		0
256.58		270.098		1809		2		0
244.116		256.92		1836		2		0
336.903		266.54		1795		2		0
344.03		255.226		1804		2		0
Frame 9
296.07		223.088		1816		2		0
294.761		161.449		1803		2		0
293.558		99.5224		1846		2		0
290.596		67.7153		1750		2		0
257.24		124.568		1859		2		0
247.561		181.014		1919		1		0
247.653		235.533		1848		1		0
251.216		253.637		1805		1		0
329.581		125.108		1835		2		0
341.707		177.921		1905		1		0
342.847		229.689		1841		1		0
337.796		247.198		1820		1		0
279.85		223.773		1851		2		0
278.145		301.979		1979		2		0
281.274		363.195		2073		2		0
273.699		383.677		2034		2		0
312.409		222.408		1827		2		0
317.477		299.714		1966		2		0
315.087		360.264		2081		2		0
325.66		378.574		2043		2		0
293.855		115.047		1839		2		0
256.543		270.174		1807		2		0
244.687		259.596		1821		2		0
336.643		266.564		1797		2		0
344.014		255.728		1806		2		0
Frame 10
296.086		223.094		1825		2		0
294.777		161.46		1807		2		0
293.573		99.5383		1845		2		0
290.584		67.7048		1747		2		0
257.246		124.565		1860		2		0
247.564		181.021		1922		1		0
247.829		235.925		1850		1		0
251.297		253.851		1803		1		0
329.597		125.103		1840		2		0
341.721		177.922		1909		1		0
342.858		229.725		1839		1		0
337.785		247.266		1823		1		0
279.867		223.787		1851		2		0
278.191		301.794		1983		2		0
281.322		363.826		2065		2		0
273.454		384.317		2028		2		0
312.425		222.409		1835		2		0
317.477		299.75		1970		2		0
315.087		360.269		2094		2		0
325.674		378.495		2044		2		0
293.871		115.062		1843		2		0
256.306		270.19		1811		2		0
244.08		255.857		1834		2		0
336.642		266.565		1798		2		0
343.996		255.449		1806		2		0
Frame 11
296.086		223.103		1817		2		0
294.778		161.463		1803		2		0
293.578		99.5154		1843		2		0
290.563		67.6465		1745		2		0
257.241		124.571		1860		2		0
247.557		181.038		1920		1		0
247.823		235.903		1847		1		0
251.209		253.761		1807		1		0
329.625		125.094		1836		2		0
341.736		177.932		1905		1		0
342.87		229.731		1843		1		0
337.813		247.105		1825		1		0
279.869		223.798		1849		2		0
278.173		301.781		1980		2		0
281.293		363.788		2069		2		0
273.469		384.293		2026		2		0
312.424		222.415		1832		2		0
317.475		299.76		1968		2		0
315.099		360.271		2086		2		0
325.603		378.591		2043		2		0
293.875		115.048		1843		2		0
256.369		270.19		1808		2		0
243.755		255.47		1853		2		0
336.556		266.606		1795		2		0
344.055		255.456		1803		2		0
Frame 12
296.101		223.102		1821		2		0
294.792		161.444		1805		2		0
293.59		99.4686		1842		2		0
290.571		67.5742		1744		2		0
257.239		124.56		1861		2		0
247.557		181.054		1920		1		0
247.824		235.888		1850		1		0
251.167		253.822		1807		1		0
329.653		125.062		1838		2		0
341.753		177.943		1906		1		0
342.874		229.797		1841		1		0
337.852		247.922		1821		1		0
279.884		223.797		1851		2		0
278.167		301.79		1979		2		0
281.323		363.845		2063		2		0
273.556		384.393		2024		2		0
312.439		222.414		1834		2		0
317.452		299.74		1974		2		0
315.107		360.261		2078		2		0
325.542		378.625		2051		2		0
293.888		115.009		1840		2		0
256.282		270.163		1808		2		0
244.038		256.789		1833		2		0
336.416		267.49		1800		2		0
343.772		255.495		1804		2		0
Frame 13
296.134		223.084		1822		2		0
294.822		161.43		1802		2		0
293.618		99.4569		1843		2		0
290.594		67.5376		1745		2		0
257.269		124.523		1859		2		0
247.557		181.132		1922		1		0
247.819		235.855		1847		1		0
251.29		253.89		1804		1		0
329.678		125.026		1837		2		0
341.779		177.939		1903		1		0
342.892		229.78		1842		1		0
337.839		247.907		1822		1		0
279.911		223.792		1849		2		0
278.14		301.616		1975		2		0
281.194		363.364		2072		2		0
273.783		383.959		2029		2		0
312.479		222.382		1833		2		0
317.489		299.766		1974		2		0
315.087		360.252		2082		2		0
325.291		378.886		2050		2		0
293.916		114.997		1843		2		0
256.266		270.244		1802		2		0
244.505		257.777		1824		2		0
336.415		267.489		1802		2		0
344.072		255.384		1806		2		0
Frame 14
296.145		223.081		1821		2		0
294.824		161.435		1800		2		0
293.609		99.4694		1842		2		0
290.614		67.5564		1744		2		0
257.295		124.522		1855		2		0
247.584		181.085		1917		1		0
247.833		235.839		1847		1		0
251.305		253.594		1803		1		0
329.712		124.999		1834		2		0
341.845		177.929		1904		1		0
342.892		229.807		1841		1		0
337.736		247.933		1823		1		0
279.919		223.789		1848		2		0
278.186		302.03		1980		2		0
281.199		363.339		2070		2		0
273.719		383.941		2033		2		0
312.491		222.378		1832		2		0
317.488		299.768		1970		2		0
315.087		360.251		2083		2		0
325.304		378.871		2038		2		0
293.91		115.007		1838		2		0
256.766		270.135		1801		2		0
244.215		257.279		1825		2		0
336.416		267.488		1796		2		0
344.177		255.303		1803		2		0
Frame 15
296.152		223.087		1815		2		0
294.829		161.446		1802		2		0
293.611		99.488		1843		2		0
290.644		67.616		1743		2		0
257.315		124.511		1857		2		0
247.597		181.09		1921		1		0
247.835		235.826		1845		1		0
251.364		253.62		1808		1		0
329.738		124.983		1835		2		0
341.884		177.954		1903		1		0
342.909		229.813		1845		1		0
337.832		247.829		1823		1		0
279.926		223.794		1851		2		0
278.18		302.023		1983		2		0
281.191		363.323		2073		2		0
273.658		383.885		2033		2		0
312.498		222.384		1835		2		0
317.491		299.759		1978		2		0
315.088		360.244		2092		2		0
324.918		379.481		2034		2		0
293.913		115.023		1839		2		0
256.996		270.207		1812		2		0
245.056		259.853		1818		2		0
336.322		267.448		1797		2		0
344.009		255.401		1803		2		0
Frame 16
296.166		223.106		1815		2		0
294.844		161.486		1799		2		0
293.628		99.5512		1839		2		0
290.685		67.7053		1741		2		0
257.333		124.492		1855		2		0
247.602		181.112		1915		1		0
247.826		235.803		1846		1		0
251.237		253.469		1804		1		0
329.8		124.976		1835		2		0
341.911		177.974		1903		1		0
342.917		229.834		1840		1		0
337.764		247.936		1820		1		0
279.935		223.804		1850		2		0
278.19		301.972		1979		2		0
281.189		363.291		2068		2		0
273.36		383.602		2035		2		0
312.517		222.411		1825		2		0
317.495		299.692		1969		2		0
315.089		360.259		2081		2		0
325.097		379.373		2040		2		0
293.93		115.08		1838		2		0
256.514		269.889		1801		2		0
244.333		256.8		1818		2		0
336.267		267.502		1794		2		0
344.15		255.433		1808		2		0
Frame 17
296.183		223.12		1815		2		0
294.891		161.521		1801		2		0
293.721		99.6068		1842		2		0
290.676		67.7947		1745		2		0
257.348		124.483		1857		2		0
247.607		181.119		1918		1		0
247.836		235.83		1844		1		0
251.244		253.382		1804		1		0
329.824		124.971		1835		2		0
341.928		177.977		1903		1		0
342.936		229.914		1841		1		0
337.854		247.959		1819		1		0
279.949		223.815		1844		2		0
278.108		301.648		1980		2		0
281.24		363.053		2066		2		0
273.649		383.531		2036		2		0
312.536		222.43		1835		2		0
317.488		299.691		1974		2		0
315.082		360.255		2078		2		0
325.402		379.115		2043		2		0
294.009		115.131		1839		2		0
256.322		269.412		1798		2		0
245.327		257.921		1817		2		0
336.413		267.489		1794		2		0
343.889		255.182		1799		2		0
Frame 18
296.192		223.132		1816		2		0
294.921		161.554		1801		2		0
293.781		99.6605		1843		2		0
290.593		67.8332		1740		2		0
257.347		124.484		1858		2		0
247.613		181.104		1916		1		0
247.852		235.849		1846		1		0
251.136		253.528		1805		1		0
329.835		124.956		1838		2		0
341.956		177.951		1906		1		0
342.97		229.942		1839		1		0
337.848		247.793		1820		1		0
279.954		223.82		1851		2		0
278.124		301.671		1979		2		0
281.221		363.047		2074		2		0
273.454		383.358		2041		2		0
312.553		222.449		1836		2		0
317.466		299.702		1972		2		0
315.081		360.251		2086		2		0
325.647		378.915		2044		2		0
294.061		115.18		1840		2		0
256.43		270.068		1806		2		0
244.703		257.822		1822		2		0
336.529		267.448		1796		2		0
344.323		255.798		1802		2		0
Frame 19
296.199		223.151		1814		2		0
294.938		161.573		1805		2		0
293.808		99.6628		1838		2		0
290.46		67.8428		1739		2		0
257.361		124.482		1855		2		0
247.62		181.109		1913		1		0
247.859		235.832		1845		1		0
251.191		253.717		1804		1		0
329.842		124.945		1835		2		0
341.979		177.96		1903		1		0
342.976		229.944		1840		1		0
337.922		247.813		1822		1		0
279.959		223.838		1850		2		0
278.118		301.708		1980		2		0
281.282		363.156		2072		2		0
273.29		383.351		2040		2		0
312.562		222.468		1829		2		0
317.48		299.686		1968		2		0
315.122		360.163		2080		2		0
326.015		378.214		2047		2		0
294.086		115.188		1840		2		0
256.366		270.345		1807		2		0
244.728		257.158		1819		2		0
336.671		267.463		1791		2		0
343.929		255.787		1799		2		0
Frame 20
296.2		223.156		1823		2		0
294.946		161.593		1804		2		0
293.829		99.6639		1836		2		0
290.247		67.8866		1738		2		0
257.346		124.493		1860		2		0
247.628		181.084		1917		1		0
247.853		235.856		1844		1		0
251.092		253.546		1807		1		0
329.843		124.932		1835		2		0
341.997		177.975		1907		1		0
342.99		229.932		1850		1		0
338.022		247.886		1824		1		0
279.96		223.841		1849		2		0
278.21		302.027		1980		2		0
281.295		363.146		2064		2		0
273.097		383.194		2038		2		0
312.563		222.476		1830		2		0
317.545		299.557		1972		2		0
315.114		360.18		2086		2		0
326.731		376.85		2064		2		0
294.104		115.199		1838		2		0
256.994		270.216		1808		2		0
244.42		256.96		1832		2		0
336.651		267.488		1798		2		0
344.032		255.968		1804		2		0
Frame 21
296.209		223.161		1815		2		0
294.957		161.601		1802		2		0
293.833		99.6604		1838		2		0
290.077		67.8663		1738		2		0
257.324		124.5		1855		2		0
247.644		181.087		1917		1		0
247.85		235.852		1845		1		0
251.163		253.615		1804		1		0
329.83		124.906		1834		2		0
342.015		177.977		1902		1		0
343		229.931		1842		1		0
338.088		247.912		1825		1		0
279.971		223.847		1851		2		0
278.202		302.053		1979		2		0
281.297		363.129		2066		2		0
273.731		383.718		2039		2		0
312.57		222.48		1832		2		0
317.535		299.549		1971		2		0
315.085		360.209		2088		2		0
326.27		377.659		2058		2		0
294.111		115.2		1837		2		0
255.891		269.566		1805		2		0
249.725		256.781		1802		2		0
336.53		267.528		1800		2		0
343.416		257.026		1797		2		0
Frame 22
296.235		223.173		1822		2		0
294.981		161.61		1800		2		0
293.852		99.6407		1839		2		0
290.011		67.8569		1737		2		0
257.329		124.498		1855		2		0
247.658		181.088		1916		1		0
247.852		235.849		1849		1		0
251.267		253.598		1805		1		0
329.83		124.88		1833		2		0
342.043		177.981		1897		1		0
343.014		229.952		1840		1		0
337.961		247.965		1830		1		0
280.001		223.867		1850		2		0
278.224		301.898		1975		2		0
281.309		363.119		2071		2		0
273.307		383.433		2030		2		0
312.596		222.486		1833		2		0
317.539		299.552		1974		2		0
315.085		360.207		2083		2		0
325.939		378.18		2049		2		0
294.132		115.191		1834		2		0
256.995		270.084		1810		2		0
244.286		256.663		1830		2		0
336.519		267.458		1803		2		0
344.922		255.227		1808		2		0
Frame 23
296.24		223.181		1818		2		0
295.005		161.619		1804		2		0
293.91		99.6232		1836		2		0
289.965		67.8452		1736		2		0
257.33		124.519		1858		2		0
247.666		181.097		1917		1		0
247.857		235.844		1847		1		0
251.308		253.734		1805		1		0
329.846		124.87		1835		2		0
342.068		177.993		1903		1		0
343.033		229.938		1843		1		0
337.992		247.992		1832		1		0
280.006		223.875		1852		2		0
278.216		301.87		1982		2		0
281.306		363.129		2070		2		0
272.721		382.876		2043		2		0
312.6		222.493		1831		2		0
317.521		299.504		1976		2		0
315.086		360.207		2090		2		0
325.789		378.311		2054		2		0
294.18		115.183		1838		2		0
256.603		270.26		1803		2		0
244.607		256.839		1820		2		0
336.582		267.353		1807		2		0
344.463		255.53		1813		2		0
Frame 24
296.257		223.182		1817		2		0
295.023		161.615		1801		2		0
293.923		99.6024		1838		2		0
289.969		67.8116		1736		2		0
257.342		124.519		1858		2		0
247.676		181.108		1920		1		0
247.857		235.83		1846		1		0
251.49		253.79		1807		1		0
329.865		124.848		1835		2		0
342.09		177.979		1902		1		0
343.077		229.898		1847		1		0
338.031		247.986		1829		1		0
280.019		223.879		1852		2		0
278.229		301.851		1985		2		0
281.304		363.113		2071		2		0
273.312		383.417		2030		2		0
312.627		222.489		1834		2		0
317.501		299.488		1968		2		0
315.07		360.206		2085		2		0
325.716		378.462		2046		2		0
294.195		115.168		1838		2		0
256.849		270.18		1806		2		0
244.695		257.231		1829		2		0
336.612		267.41		1809		2		0
344.164		256.247		1811		2		0
Frame 25
296.279		223.184		1813		2		0
295.062		161.616		1801		2		0
293.97		99.5855		1836		2		0
289.976		67.758		1739		2		0
257.349		124.516		1854		2		0
247.738		181.129		1914		1		0
247.892		235.861		1850		1		0
251.456		253.692		1809		1		0
329.902		124.837		1834		2		0
342.13		177.973		1900		1		0
343.09		229.894		1844		1		0
338.022		247.887		1827		1		0
280.036		223.879		1849		2		0
278.194		301.787		1986		2		0
281.303		363.061		2068		2		0
273.326		383.342		2039		2		0
312.654		222.493		1828		2		0
317.512		299.454		1976		2		0
315.07		360.207		2085		2		0
325.646		378.499		2052		2		0
294.241		115.157		1834		2		0
256.628		270.235		1808		2		0
245.196		258.314		1819		2		0
336.619		267.423		1809		2		0
344.697		257.197		1810		2		0
Frame 26
296.295		223.187		1815		2		0
295.094		161.625		1802		2		0
294.019		99.5828		1834		2		0
289.982		67.7325		1736		2		0
257.362		124.521		1855		2		0
247.797		181.114		1916		1		0
247.919		235.878		1852		1		0
251.603		253.807		1811		1		0
329.927		124.82		1832		2		0
342.157		177.952		1901		1		0
343.098		229.89		1845		1		0
337.958		247.884		1831		1		0
280.051		223.888		1848		2		0
278.195		301.788		1979		2		0
281.263		363.119		2063		2		0
270.781		381.159		2055		2		0
312.674		222.491		1832		2		0
317.521		299.488		1970		2		0
315.072		360.213		2083		2		0
325.782		378.389		2038		2		0
294.286		115.159		1837		2		0
255.915		269.66		1807		2		0
244.89		256.925		1836		2		0
336.503		267.502		1808		2		0
345.121		254.531		1820		2		0
Frame 27
296.323		223.176		1819		2		0
295.111		161.625		1807		2		0
294.032		99.5848		1838		2		0
289.984		67.7289		1741		2		0
257.371		124.522		1859		2		0
247.878		181.12		1920		1		0
248.148		236.155		1856		1		0
251.749		254.008		1810		1		0
329.941		124.812		1838		2		0
342.19		177.957		1906		1		0
343.139		229.753		1850		1		0
337.886		247.996		1837		1		0
280.076		223.877		1850		2		0
278.194		301.781		1985		2		0
281.222		363.177		2075		2		0
272.343		382.743		2047		2		0
312.705		222.479		1832		2		0
317.529		299.461		1973		2		0
315.035		360.164		2089		2		0
326.199		377.605		2061		2		0
294.299		115.161		1837		2		0
256.501		269.973		1813		2		0
250.303		256.992		1807		2		0
336.645		267.473		1807		2		0
344.978		254.699		1821		2		0
Frame 28
296.335		223.185		1815		2		0
295.139		161.634		1804		2		0
294.075		99.5791		1836		2		0
289.999		67.7182		1736		2		0
257.386		124.542		1856		2		0
247.92		181.077		1918		1		0
248.19		236.129		1852		1		0
251.932		253.996		1813		1		0
329.981		124.816		1831		2		0
342.213		177.953		1902		1		0
343.149		229.759		1850		1		0
338.028		247.803		1830		1		0
280.092		223.89		1850		2		0
278.126		301.952		1978		2		0
281.253		363.308		2069		2		0
272.299		382.878		2041		2		0
312.717		222.486		1827		2		0
317.546		299.445		1972		2		0
315.046		360.181		2087		2		0
326.041		377.742		2064		2		0
294.339		115.159		1834		2		0
257.201		270.381		1806		2		0
246.292		259.665		1823		2		0
336.769		267.528		1806		2		0
344.974		255.139		1815		2		0
Frame 29
296.395		223.183		1816		2		0
295.187		161.636		1802		2		0
294.108		99.5773		1833		2		0
290.026		67.6996		1736		2		0
257.42		124.544		1857		2		0
247.984		181.042		1917		1		0
248.243		236.154		1856		1		0
251.934		254.029		1811		1		0
330.018		124.793		1833		2		0
342.246		177.946		1902		1		0
343.153		229.764		1845		1		0
338.031		247.821		1827		1		0
280.142		223.884		1845		2		0
278.093		302.104		1975		2		0
281.242		363.305		2069		2		0
272.348		382.893		2035		2		0
312.787		222.488		1825		2		0
317.556		299.456		1972		2		0
315.127		360.261		2091		2		0
325.924		378.01		2054		2		0
294.376		115.159		1838		2		0
256.757		270.334		1815		2		0
245.464		257.252		1828		2		0
336.65		267.489		1808		2		0
345.596		253.215		1828		2		0
Frame 30
296.406		223.179		1817		2		0
295.211		161.636		1803		2		0
294.144		99.5801		1836		2		0
290.046		67.6737		1736		2		0
257.432		124.543		1858		2		0
248.055		181.024		1922		1		0
248.292		236.149		1852		1		0
252.041		253.934		1812		1		0
330.061		124.789		1834		2		0
342.262		177.936		1901		1		0
343.173		229.793		1847		1		0
338.134		247.836		1828		1		0
280.151		223.884		1849		2		0
278.091		302.118		1976		2		0
281.229		363.313		2064		2		0
273.261		383.648		2033		2		0
312.802		222.478		1833		2		0
317.551		299.374		1974		2		0
315.105		360.233		2082		2		0
325.705		378.211		2041		2		0
294.409		115.161		1839		2		0
256.616		270.071		1822		2		0
245.138		256.253		1832		2		0
336.794		267.501		1807		2		0
345.17		256.366		1809		2		0
Frame 31
296.433		223.19		1816		2		0
295.259		161.655		1802		2		0
294.21		99.6015		1833		2		0
290.069		67.6756		1735		2		0
257.443		124.54		1857		2		0
248.161		181.022		1920		1		0
248.183		234.903		1854		1		0
251.746		253.115		1810		1		0
330.091		124.794		1833		2		0
342.298		177.939		1899		1		0
343.226		229.817		1841		1		0
338.166		247.868		1823		1		0
280.173		223.891		1848		2		0
278.06		302.093		1981		2		0
281.216		363.219		2067		2		0
273.607		383.735		2036		2		0
312.839		222.496		1831		2		0
317.551		299.379		1972		2		0
315.151		360.234		2089		2		0
325.716		378.302		2045		2		0
294.47		115.182		1836		2		0
256.565		269.966		1812		2		0
245.17		257.313		1835		2		0
337.005		267.502		1802		2		0
344.378		255.701		1805		2		0
Frame 32
296.441		223.19		1818		2		0
295.287		161.656		1804		2		0
294.268		99.5991		1838		2		0
290.11		67.6335		1738		2		0
257.463		124.539		1860		2		0
248.261		180.969		1919		1		0
248.24		234.761		1853		1		0
251.879		253.14		1811		1		0
330.124		124.794		1835		2		0
342.331		177.888		1903		1		0
343.242		229.826		1842		1		0
338.22		247.836		1828		1		0
280.186		223.886		1851		2		0
278.069		302.092		1978		2		0
281.225		363.345		2064		2		0
273.691		383.954		2040		2		0
312.847		222.499		1833		2		0
317.588		299.414		1975		2		0
315.122		360.22		2084		2		0
325.632		377.695		2063		2		0
294.52		115.181		1838		2		0
256.786		270.001		1816		2		0
246.091		261.089		1832		2		0
336.901		267.54		1805		2		0
344.357		256.67		1803		2		0
Frame 33
296.447		223.188		1815		2		0
295.321		161.655		1803		2		0
294.352		99.6014		1837		2		0
290.148		67.6293		1740		2		0
257.504		124.542		1858		2		0
248.418		180.952		1918		1		0
248.25		234.502		1859		1		0
251.895		252.975		1810		1		0
330.193		124.801		1834		2		0
342.356		177.879		1902		1		0
343.267		229.826		1846		1		0
338.226		247.754		1824		1		0
280.196		223.878		1852		2		0
278.253		302.507		1976		2		0
281.221		363.349		2072		2		0
273.271		383.66		2034		2		0
312.85		222.5		1833		2		0
317.603		299.379		1971		2		0
315.128		360.221		2087		2		0
325.686		378.022		2048		2		0
294.589		115.182		1836		2		0
256.177		269.581		1814		2		0
245.497		257.245		1827		2		0
337.129		267.489		1800		2		0
344.68		256.044		1805		2		0
Frame 34
296.503		223.171		1818		2		0
295.369		161.649		1802		2		0
294.392		99.6065		1840		2		0
290.248		67.6005		1741		2		0
257.569		124.53		1861		2		0
248.475		180.924		1921		1		0
248.299		234.441		1857		1		0
251.877		252.598		1812		1		0
330.259		124.791		1835		2		0
342.41		177.86		1904		1		0
343.299		229.786		1843		1		0
338.371		247.906		1826		1		0
280.26		223.854		1849		2		0
278.215		302.417		1975		2		0
281.248		363.407		2073		2		0
273.423		383.844		2031		2		0
312.901		222.489		1830		2		0
317.604		299.379		1970		2		0
315.133		360.243		2084		2		0
324.769		379.454		2040		2		0
294.631		115.184		1837		2		0
256.413		269.227		1807		2		0
246.162		260.145		1828		2		0
337.188		267.515		1799		2		0
344.898		256.251		1801		2		0
Frame 35
296.583		223.147		1822		2		0
295.441		161.65		1803		2		0
294.457		99.6241		1838		2		0
290.342		67.6046		1746		2		0
257.675		124.504		1863		2		0
248.595		180.903		1920		1		0
248.288		233.935		1854		1		0
251.974		252.41		1811		1		0
330.326		124.765		1836		2		0
342.456		177.824		1906		1		0
343.323		229.788		1846		1		0
338.378		247.835		1826		1		0
280.337		223.83		1852		2		0
278.225		302.424		1981		2		0
281.232		363.714		2068		2		0
273.675		384.225		2029		2		0
312.981		222.466		1829		2		0
317.725		299.154		1970		2		0
315.133		360.252		2082		2		0
325.855		378.306		2044		2		0
294.698		115.198		1840		2		0
256.221		269.13		1812		2		0
248.46		262.98		1822		2		0
337.129		267.488		1796		2		0
344.577		255.26		1799		2		0
Frame 36
296.624		223.113		1823		2		0
295.491		161.64		1805		2		0
294.519		99.6459		1843		2		0
290.526		67.6422		1745		2		0
257.813		124.492		1865		2		0
248.717		180.838		1922		1		0
248.354		233.892		1853		1		0
252.153		252.458		1809		1		0
330.381		124.753		1836		2		0
342.526		177.785		1906		1		0
343.367		229.766		1844		1		0
338.37		247.831		1821		1		0
280.38		223.769		1854		2		0
278.224		302.424		1981		2		0
281.272		363.628		2071		2		0
273.559		383.903		2038		2		0
313.02		222.451		1836		2		0
317.738		299.181		1970		2		0
315.144		360.244		2086		2		0
326.099		377.956		2065		2		0
294.757		115.21		1842		2		0
256.369		269.095		1813		2		0
246.398		259.056		1826		2		0
337.181		267.437		1799		2		0
344.803		255.3		1798		2		0
Frame 37
296.673		223.098		1824		2		0
295.575		161.64		1809		2		0
294.647		99.6896		1841		2		0
290.767		67.7226		1741		2		0
257.942		124.48		1865		2		0
248.815		180.785		1920		1		0
248.399		233.818		1853		1		0
252.189		252.114		1809		1		0
330.474		124.747		1838		2		0
342.605		177.709		1908		1		0
343.414		229.734		1842		1		0
338.496		247.843		1826		1		0
280.424		223.754		1857		2		0
278.212		302.359		1975		2		0
281.242		363.45		2073		2		0
273.697		383.773		2033		2		0
313.072		222.436		1834		2		0
317.775		299.21		1965		2		0
315.159		360.274		2089		2		0
325.934		378.192		2050		2		0
294.873		115.239		1842		2		0
256.565		268.603		1803		2		0
246.089		256.592		1827		2		0
337.182		267.437		1797		2		0
344.779		255.377		1798		2		0
Frame 38
296.798		223.031		1830		2		0
295.733		161.658		1812		2		0
294.841		99.8258		1847		2		0
291.089		67.8983		1742		2		0
258.159		124.441		1871		2		0
248.919		180.843		1924		1		0
248.448		233.798		1855		1		0
252.189		252.146		1811		1		0
330.605		124.739		1838		2		0
342.666		177.658		1909		1		0
343.452		229.699		1845		1		0
338.472		247.285		1821		1		0
280.542		223.686		1861		2		0
278.187		302.305		1975		2		0
281.24		363.469		2072		2		0
274.037		384.135		2033		2		0
313.201		222.373		1837		2		0
317.882		299.309		1967		2		0
315.199		360.26		2080		2		0
325.773		378.494		2050		2		0
295.058		115.342		1845		2		0
256.215		268.363		1807		2		0
246.148		257.973		1822		2		0
337.555		266.626		1796		2		0
344.904		254.389		1803		2		0
Frame 39
296.877		223.003		1822		2		0
295.819		161.719		1813		2		0
294.932		99.9929		1847		2		0
291.55		68.1579		1740		2		0
258.366		124.402		1869		2		0
249.025		180.806		1928		1		0
248.507		233.648		1856		1		0
252.264		251.73		1810		1		0
330.739		124.771		1838		2		0
342.71		177.641		1910		1		0
343.544		229.505		1833		1		0
338.712		247.122		1821		1		0
280.61		223.643		1863		2		0
278.188		302.302		1973		2		0
281.34		363.513		2054		2		0
273.687		383.92		2031		2		0
313.289		222.363		1836		2		0
317.944		299.345		1964		2		0
315.28		360.198		2086		2		0
326.076		378.289		2054		2		0
295.148		115.48		1846		2		0
256.664		268.167		1808		2		0
246.719		257.478		1820		2		0
337.052		266.525		1794		2		0
345.098		255.974		1803		2		0
Frame 40
296.97		222.837		1834		2		0
295.954		161.827		1817		2		0
295.096		100.317		1852		2		0
292.013		68.4011		1734		2		0
258.658		124.284		1874		2		0
249.217		180.623		1937		1		0
248.606		233.129		1863		1		0
252.292		251.307		1813		1		0
330.895		124.764		1845		2		0
342.818		177.551		1914		1		0
343.625		229.421		1852		1		0
338.876		247.432		1828		1		0
280.723		223.437		1873		2		0
278.197		302.219		1977		2		0
281.398		363.948		2065		2		0
273.602		384.443		2031		2		0
313.356		222.238		1842		2		0
318.017		299.406		1970		2		0
315.308		360.256		2093		2		0
326.547		377.683		2059		2		0
295.305		115.753		1849		2		0
256.391		267.554		1808		2		0
246.466		256.523		1829		2		0
337.18		266.539		1802		2		0
344.643		255.465		1803		2		0
Frame 41
297.071		222.679		1841		2		0
296.101		161.934		1822		2		0
295.272		100.586		1852		2		0
292.548		68.8075		1709		2		0
258.885		124.184		1876		2		0
249.343		180.517		1935		1		0
248.675		232.801		1868		1		0
252.358		251.049		1817		1		0
330.991		124.776		1844		2		0
342.945		177.443		1919		1		0
343.686		229.376		1849		1		0
338.868		247.524		1823		1		0
280.864		223.252		1879		2		0
278.201		302.081		1975		2		0
281.397		364.08		2062		2		0
273.368		384.405		2026		2		0
313.411		222.109		1848		2		0
318.138		299.568		1968		2		0
315.386		360.333		2080		2		0
327.068		376.99		2071		2		0
295.474		115.988		1852		2		0
256.538		267.401		1814		2		0
247.497		260.816		1832		2		0
337.032		266.685		1808		2		0
344.733		255.527		1806		2		0
Frame 42
297.131		222.385		1853		2		0
296.189		162.094		1827		2		0
295.36		100.889		1847		2		0
293.094		69.3215		1700		2		0
259.045		124.117		1874		2		0
249.442		180.348		1942		1		0
248.854		233.013		1868		1		0
252.508		251.049		1822		1		0
331.133		124.775		1849		2		0
342.964		177.392		1923		1		0
343.773		229.31		1853		1		0
339.205		247.841		1832		1		0
281.008		222.915		1881		2		0
278.142		301.665		1986		2		0
281.461		363.934		2064		2		0
273.731		384.438		2027		2		0
313.382		221.857		1856		2		0
318.205		299.562		1966		2		0
315.425		360.332		2079		2		0
326.635		377.656		2055		2		0
295.561		116.267		1851		2		0
256.098		266.685		1821		2		0
256.666		255.332		1892		2		0
336.934		266.668		1814		2		0
345.091		254.015		1818		2		0
Frame 43
297.127		222.135		1860		2		0
296.277		162.349		1833		2		0
295.489		101.313		1838		2		0
293.822		70.0628		1687		2		0
259.218		124.016		1876		2		0
249.56		180.026		1949		1		0
248.942		232.133		1873		1		0
252.473		250.238		1830		1		0
331.182		124.816		1846		2		0
342.992		177.224		1927		1		0
343.898		229.266		1857		1		0
339.53		248.176		1829		1		0
281.109		222.645		1898		2		0
278.151		301.617		1978		2		0
281.481		364.405		2071		2		0
273.567		384.918		2035		2		0
313.268		221.627		1868		2		0
318.325		299.581		1965		2		0
315.522		360.327		2086		2		0
325.903		378.924		2040		2		0
295.677		116.649		1850		2		0
256.208		266.833		1828		2		0
260.163		248.481		1854		2		0
337.053		266.536		1816		2		0
345.149		254.248		1820		2		0
Frame 44
297.118		221.813		1882		2		0
296.339		162.773		1842		2		0
295.605		102.06		1819		2		0
294.343		71.01		1683		2		0
259.393		123.975		1880		2		0
249.594		179.848		1954		1		0
249.003		230.816		1884		1		0
252.498		249.423		1836		1		0
331.243		124.845		1849		2		0
343.186		177		1921		1		0
344.024		229.181		1854		1		0
339.973		248.276		1837		1		0
281.215		222.288		1895		2		0
278.087		301.49		1979		2		0
281.476		364.283		2071		2		0
273.504		384.697		2030		2		0
313.142		221.34		1879		2		0
318.453		299.607		1969		2		0
315.566		360.315		2082		2		0
326.111		378.56		2055		2		0
295.773		117.29		1852		2		0
256.067		265.563		1831		2		0
259.212		245.299		1865		2		0
337.019		265.918		1824		2		0
344.491		254.942		1826		2		0
Frame 45
297.037		221.342		1888		2		0
296.289		163.297		1852		2		0
295.577		103.035		1794		2		0
294.928		72.4484		1664		2		0
259.545		124.022		1878		2		0
249.409		179.647		1962		1		0
249.069		230.512		1895		1		0
252.65		249.054		1851		1		0
331.251		124.869		1852		2		0
343.475		176.813		1932		1		0
344.167		229.195		1869		1		0
340.085		248.461		1843		1		0
281.232		221.807		1917		2		0
278.019		301.359		1975		2		0
281.596		364.641		2061		2		0
273.348		384.947		2033		2		0
312.958		220.878		1896		2		0
318.589		299.528		1974		2		0
315.684		360.37		2077		2		0
326.339		378.32		2051		2		0
295.749		118.104		1853		2		0
256.525		265.701		1845		2		0
259.51		245.398		1876		2		0
337.482		265.6		1832		2		0
345.084		256.035		1839		2		0
Frame 46
296.995		220.922		1918		2		0
296.267		163.316		1861		2		0
295.489		102.764		1768		2		0
295.466		74.7163		1650		2		0
259.66		124.12		1879		2		0
249.086		179.612		1969		1		0
248.987		230.216		1908		1		0
252.563		249.103		1858		1		0
331.252		125.031		1852		2		0
343.931		176.891		1939		1		0
344.239		229.009		1881		1		0
340.471		247.876		1856		1		0
281.264		221.229		1943		2		0
277.746		300.819		1978		2		0
281.662		364.615		2043		2		0
273.494		384.974		2021		2		0
312.841		220.617		1912		2		0
318.996		299.143		1973		2		0
315.758		360.421		2081		2		0
326.086		378.574		2042		2		0
295.697		118.106		1856		2		0
256.447		265.489		1862		2		0
259.292		245.093		1889		2		0
337.703		264.86		1838		2		0
345.05		255.316		1839		2		0
Frame 47
296.577		220.868		1942		2		0
296.127		163.841		1871		2		0
295.379		103.676		1713		2		0
295.935		78.2697		1640		2		0
259.782		124.569		1878		2		0
248.49		180.055		1975		1		0
248.69		230.443		1915		1		0
252.302		249.837		1874		1		0
331.206		125.58		1852		2		0
344.485		177.309		1942		1		0
344.528		229.144		1886		1		0
340.974		247.948		1864		1		0
280.977		221.122		1956		2		0
277.487		300.631		1969		2		0
281.794		364.919		2053		2		0
273.321		385.123		2019		2		0
312.27		220.62		1940		2		0
319.553		298.988		1963		2		0
315.847		360.409		2076		2		0
326.155		378.223		2040		2		0
295.576		118.961		1859		2		0
256.231		265.684		1861		2		0
258.988		245.514		1903		2		0
338.699		264.828		1844		2		0
344.711		255.672		1845		2		0
Frame 48
296.152		221.475		1963		2		0
296.002		165.824		1884		2		0
295.673		106.344		1694		2		0
296.645		83.3562		1622		2		0
260.314		126.162		1875		2		0
247.669		181.257		1972		1		0
248.294		235.288		1921		1		0
251.895		252.629		1879		1		0
331.221		127.268		1853		2		0
345.537		178.898		1943		1		0
345.169		229.436		1898		1		0
342.05		248.452		1866		1		0
280.635		221.729		1985		2		0
276.798		300.615		1958		2		0
282.074		364.81		2047		2		0
273.618		385.093		2018		2		0
311.757		221.225		1963		2		0
320.713		297.5		1948		2		0
315.997		360.469		2077		2		0
325.483		379.524		2028		2		0
295.731		121.469		1854		2		0
256.281		267.773		1882		2		0
258.782		248.432		1909		2		0
339.707		265.656		1848		2		0
345.224		257.339		1849		2		0
Frame 49
295.909		223.262		1978		2		0
295.99		170.356		1904		2		0
296.154		112.871		1682		2		0
297.105		90.1064		1615		2		0
261.606		131.137		1874		2		0
246.629		183.038		1975		1		0
247.441		236.145		1930		1		0
253.304		255.059		1894		1		0
330.862		131.538		1849		2		0
347.06		181.37		1943		2		0
346.172		231.136		1901		2		0
338.614		249.353		1893		2		0
280.518		223.492		2008		2		0
275.795		300.257		1944		2		0
281.763		365.174		2040		2		0
273.798		385.971		2011		2		0
311.401		223.037		1991		2		0
321.276		297.455		1942		2		0
316.368		360.743		2075		2		0
325.607		379.76		2023		2		0
296.077		127.673		1853		2		0
256.597		271.254		1897		2		0
264.524		250.848		1997		2		0
338.993		266.041		1863		2		0
346.299		256.51		1856		2		0
Frame 50
295.763		226.868		2014		2		0
296.144		178.063		1925		2		0
296.732		122.535		1690		2		0
297.855		101.232		1615		2		0
262.247		138.082		1876		2		0
244.327		188.259		1984		1		0
245.446		239.739		1933		1		0
251.757		259.148		1892		1		0
330.223		140.107		1855		2		0
349.147		186.768		1945		2		0
348.082		237.301		1898		2		0
339.974		255.436		1883		2		0
280.427		226.995		2037		2		0
273.233		298.794		1924		2		0
281.557		365.48		2023		2		0
273.195		385.871		2009		2		0
311.173		226.746		2025		2		0
321.991		297.974		1934		2		0
316.486		360.672		2074		2		0
325.578		379.631		2034		2		0
296.568		137.209		1859		2		0
254.69		274.716		1887		2		0
263.802		252.588		2010		2		0
340.27		272.692		1842		2		0
330.072		257.134		1969		2		0
Frame 51
296.378		219.942		2052		2		0
297.004		180.514		1936		2		0
297.802		131.78		1677		2		0
297.998		112.003		1617		2		0
263.23		147.071		1883		2		0
242.795		193.237		1984		2		0
243.175		249.598		1923		2		0
249.914		266.893		1894		2		0
330.312		149.438		1865		2		0
350.551		190.379		1944		2		0
349.609		240.492		1901		2		0
343.38		260.586		1876		2		0
281.477		219.942		2104		2		0
272.535		298.331		1929		2		0
281.483		365.576		2028		2		0
273.324		386.2		2005		2		0
311.391		219.948		2068		2		0
322.328		297.008		1937		2		0
316.293		361.356		2079		2		0
325.615		379.806		2050		2		0
297.492		144.336		1846		2		0
254.587		281.487		1898		2		0
261.703		263.3		2004		2		0
340.372		275.431		1839		2		0
331.503		259.734		1987		2		0
Frame 52
296.143		227.972		2079		2		0
297.637		189.319		1967		2		0
299.551		141.679		1691		2		0
298.082		125.007		1623		2		0
264.315		157.095		1898		2		0
241.194		199.671		1985		2		0
242.181		251.139		1948		2		0
245.355		272.29		1897		2		0
331.052		159.492		1871		2		0
353.95		202.091		1954		2		0
351.494		251.019		1888		2		0
345.284		271.116		1852		2		0
280.055		227.633		2108		2		0
268.042		283.176		1956		2		0
280.211		356.004		2032		2		0
279.307		382.563		2015		2		0
312.362		228.32		2076		2		0
324.589		284.951		1940		2		0
317.129		354.604		2079		2		0
317.637		380.616		2056		2		0
299.033		154.663		1854		2		0
249.721		286.811		1888		2		0
261.998		274		2010		2		0
341.646		286.705		1830		2		0
334.861		271.418		1990		2		0
Frame 53
296.478		225.916		2077		2		0
297.276		189.653		1951		2		0
298.476		144.059		1663		2		0
298.238		135.103		1638		2		0
264.945		162.437		1913		2		0
239.915		206.26		1985		2		0
238.543		262.372		1934		2		0
242.644		281.191		1897		2		0
330.846		160.864		1881		2		0
353.782		205.422		1947		2		0
352.925		259.775		1887		2		0
346.795		280.092		1845		2		0
281.275		226.079		2114		2		0
272.803		303.507		1949		2		0
282.358		364.698		2061		2		0
273.029		379.678		2059		2		0
311.787		225.692		2090		2		0
323.379		303.657		1935		2		0
316.373		361.189		2084		2		0
327.089		375.375		2077		2		0
298.196		156.373		1731		2		0
248.03		295.588		1904		2		0
250.859		279.77		1918		2		0
343.101		295.711		1827		2		0
334.25		282.415		1964		2		0
Frame 54
297.818		229.841		2100		2		0
299.737		199.549		1992		2		0
302.21		161.499		1712		2		0
299.094		145.047		1652		2		0
266.916		172.839		1927		2		0
239.696		211.752		1987		2		0
236.426		273.373		1917		2		0
239.325		289.242		1900		2		0
331.5		175.475		1909		2		0
354.462		216.164		1949		2		0
353.774		273.381		1869		2		0
348.61		288.198		1843		2		0
281.496		229.555		2139		2		0
272.587		289.225		1955		2		0
282.021		361.862		2058		2		0
273.607		375.612		2079		2		0
314.337		230.138		2125		2		0
326.378		287.521		1932		2		0
317.397		355.714		2067		2		0
317.619		382.117		2043		2		0
301.527		171.907		1832		2		0
245.028		303.311		1911		2		0
245.715		284.754		1937		2		0
345.547		303.976		1826		2		0
335.042		288.451		1960		2		0
Frame 55
297.311		229.063		2121		2		0
297.932		201.489		1996		2		0
297.677		169.094		1722		2		0
299.349		153.559		1674		2		0
266.799		176.667		1943		2		0
239.203		219.349		1976		2		0
234.947		277.341		1940		2		0
235.674		296.856		1909		2		0
329.769		180.071		1927		2		0
354.419		218.185		1948		2		0
355.269		280.432		1860		2		0
349.137		298.709		1837		2		0
281.753		228.694		2137		2		0
274.173		304.29		1938		2		0
282.815		365.316		2037		2		0
272.243		378.908		2059		2		0
312.911		229.428		2120		2		0
325.112		306.428		1925		2		0
316.333		361.98		2091		2		0
327.114		375.457		2093		2		0
297.768		177.81		1811		2		0
241.523		311.826		1916		2		0
241.433		290.626		1946		2		0
345.718		313.696		1832		2		0
335.957		296.417		1935		2		0
Frame 56
296.228		231.814		2122		2		0
300.407		205.987		2014		2		0
305.796		173.646		1733		2		0
299.61		161.878		1706		2		0
267.336		185.361		1965		2		0
239.782		221.407		1977		2		0
231.131		283.094		1928		2		0
231.765		303.478		1910		2		0
329.088		188.848		1955		2		0
355.447		226.153		1954		2		0
356.774		285.021		1868		2		0
351.904		304.996		1833		2		0
280.919		231.142		2161		2		0
273.949		300.477		1932		2		0
283.101		365.598		2043		2		0
272.64		379.896		2057		2		0
311.665		232.46		2148		2		0
325.118		300.261		1926		2		0
315.757		362.386		2095		2		0
328.036		374.097		2148		2		0
304.327		182.477		1787		2		0
236.743		318.54		1932		2		0
238.529		300.412		1937		2		0
347.832		321.541		1836		2		0
337.842		299.025		1933		2		0
Frame 57
296.322		235.317		2139		2		0
295.922		212.607		2044		2		0
295.445		183.869		1785		2		0
299.327		168.214		1733		2		0
267.785		189.126		1989		2		0
239.96		231.218		1971		2		0
228.648		290.616		1921		2		0
227.85		309.321		1907		2		0
328.219		194.51		1981		2		0
355.872		230.716		1965		2		0
357.816		289.702		1864		2		0
353.139		309.686		1829		2		0
281.45		234.125		2167		2		0
274.099		298.698		1939		2		0
283.143		365.691		2049		2		0
272.782		380.495		2053		2		0
311.307		236.621		2163		2		0
325.029		300.959		1931		2		0
315.808		362.497		2093		2		0
327.821		374.949		2107		2		0
295.571		191.695		1893		2		0
230.869		323.956		1920		2		0
235.665		322.331		1904		2		0
351.274		326.549		1820		2		0
339.535		302.974		1925		2		0
Frame 58
295.72		242.245		2168		2		0
295.685		217.817		2079		2		0
295.612		188.337		1822		2		0
299.166		174.665		1770		2		0
268.467		196.769		2024		2		0
240.264		233.852		1984		2		0
226.453		295.288		1909		2		0
224.312		313.789		1900		2		0
327.264		200.252		2017		2		0
353.323		236.869		1985		2		0
358.328		293.503		1861		2		0
355.369		314.009		1823		2		0
281.028		241.535		2198		2		0
273.591		299.605		1939		2		0
283.063		366.079		2049		2		0
274.351		384.674		2028		2		0
310.58		242.843		2181		2		0
325.046		301.46		1929		2		0
315.948		362.763		2089		2		0
327.664		374.426		2109		2		0
295.628		196.293		1925		2		0
227.632		329.44		1932		2		0
232		326		1901		2		0
353.656		330.578		1811		2		0
345.456		316.267		1870		2		0
Frame 59
296.549		249.62		2210		2		0
296.478		223.857		2114		2		0
296.431		192.641		1856		2		0
299.6		178.236		1814		2		0
268.736		200.199		2060		2		0
241.156		238.202		1997		2		0
225.362		298.265		1884		2		0
222.011		316.889		1882		2		0
326.958		203.644		2056		2		0
351.343		240.611		2012		2		0
358.461		299.764		1870		2		0
356.032		319.048		1816		2		0
282.175		248.635		2216		2		0
273.131		300.665		1942		2		0
283.106		366.311		2049		2		0
273.829		384.622		2033		2		0
311.094		250.626		2211		2		0
325.639		302.921		1923		2		0
316.296		363.357		2092		2		0
328.099		374.797		2141		2		0
296.431		201.012		1977		2		0
223.673		332.41		1897		2		0
230.321		314.458		1907		2		0
353.864		335.027		1820		2		0
340.418		309.007		1927		2		0
Frame 60
297.497		254.374		2230		2		0
296.611		228.217		2138		2		0
295.464		197.061		1915		2		0
298.994		182.657		1860		2		0
268.708		204.082		2104		2		0
242.038		241.372		2019		2		0
225.509		300.806		1872		2		0
221.759		319.135		1860		2		0
325.474		208.551		2092		2		0
350.334		244.024		2038		2		0
358.403		303.368		1878		2		0
356.398		321.509		1820		2		0
283.179		253.444		2236		2		0
272.32		300.752		1941		2		0
284.216		366.465		2051		2		0
273.177		382.593		2039		2		0
311.958		255.334		2236		2		0
326.913		303.582		1916		2		0
316.45		363.763		2075		2		0
327.919		374.318		2114		2		0
295.77		205.517		2034		2		0
222.872		335.733		1879		2		0
230.499		312.381		1904		2		0
354.497		337.077		1813		2		0
340.557		313.892		1928		2		0
Frame 61
295.039		286.988		2278		2		0
294.945		245.753		2240		2		0
294.905		200.855		1974		2		0
298.119		186.26		1919		2		0
268.602		210.378		2146		2		0
242.89		244.765		2048		2		0
226.287		301.792		1878		2		0
223.865		320.232		1837		2		0
324.686		213.367		2137		2		0
348.333		248.616		2076		2		0
357.99		304.226		1893		2		0
356.562		322.661		1822		2		0
280.567		286.362		2122		2		0
270.053		304.775		1932		2		0
284.027		366.606		2047		2		0
273.061		382.814		2040		2		0
309.618		287.63		2177		2		0
330.719		307.319		1913		2		0
316.446		363.927		2073		2		0
327.676		375.036		2101		2		0
294.907		212.462		2157		2		0
224.771		336.804		1847		2		0
232.917		311.816		1898		2		0
355.251		337.176		1817		2		0
340.71		312.698		1918		2		0
Frame 62
295.177		291.367		2270		2		0
294.878		249.086		2264		2		0
294.537		204.236		2066		2		0
296.889		189.588		1985		2		0
267.74		214.792		2190		2		0
244.136		245.523		2099		2		0
230.491		297.977		1886		2		0
228.34		320.47		1820		2		0
323.298		216.968		2191		2		0
346.627		251.246		2121		2		0
357.863		295.02		1936		2		0
355.523		313.523		1874		2		0
280.785		291.152		2106		2		0
265.483		299.692		1929		2		0
283.742		366.887		2050		2		0
272.858		382.914		2039		2		0
309.666		291.623		2168		2		0
335.537		300.132		1906		2		0
316.002		364.713		2063		2		0
322.219		385.706		2025		2		0
294.612		215.925		2209		2		0
231.336		337.066		1850		2		0
237.203		319.029		1856		2		0
357.551		329.689		1812		2		0
342.068		317.001		1954		2		0
Frame 63
296.15		294.733		2297		2		0
294.934		250.636		2279		2		0
293.265		205.118		2123		2		0
295.755		190.282		2035		2		0
267.119		216.553		2261		2		0
245.845		247.632		2150		2		0
234.175		293.4		1911		2		0
234.694		316.867		1815		2		0
322.499		218.942		2252		2		0
343.977		253.021		2173		2		0
357.227		295.401		1964		2		0
355.151		320.306		1864		2		0
281.883		294.801		2129		2		0
265.01		299.669		1937		2		0
283.201		367.039		2055		2		0
273.451		385.337		2026		2		0
310.498		294.694		2175		2		0
336.19		299.703		1916		2		0
316.103		366.125		2052		2		0
320.504		385.159		2025		2		0
293.808		216.761		2258		2		0
236.404		331.005		1764		2		0
243.828		317.525		1832		2		0
353.416		334.234		1841		2		0
341.5		311.521		1928		2		0
Frame 64
296.159		294.749		2282		2		0
294.796		249.949		2305		2		0
293.128		203.512		2135		2		0
294.771		188.485		2074		2		0
266.357		216.104		2297		2		0
247.138		249.036		2213		2		0
239.546		287.801		1966		2		0
241.857		306.687		1823		2		0
322.364		218.672		2285		2		0
341.764		253.72		2229		2		0
351.362		288.273		2051		2		0
353.252		314.31		1929		2		0
281.892		294.803		2138		2		0
264.511		299.542		1936		2		0
283.672		367.291		2048		2		0
275.527		387.676		2007		2		0
310.506		294.74		2194		2		0
337.163		296.746		1918		2		0
316.095		366.956		2033		2		0
321.322		384.696		1998		2		0
293.554		215.16		2292		2		0
245.712		318.857		1778		2		0
248.915		314.507		1794		2		0
355.787		326.216		1871		2		0
340.617		317.153		1972		2		0
Frame 65
296.177		292.475		2334		2		0
293.956		245.305		2321		2		0
291.633		199.081		2179		2		0
292.934		183.698		2116		2		0
265.201		213.244		2328		2		0
249.418		248.704		2277		2		0
242.575		280.438		2060		2		0
248.767		298.119		1856		2		0
320.382		212.947		2318		2		0
339.413		258.899		2267		2		0
355.214		303.893		2004		2		0
356.224		312.154		1982		1		0
282.013		292.656		2171		2		0
264.021		298.747		1951		2		0
283.692		369.149		2056		2		0
276.812		387.524		1991		2		0
310.402		292.293		2185		2		0
336.736		296.209		1930		2		0
316.12		368.815		2016		2		0
324.631		390.337		1946		2		0
292.192		210.589		2314		2		0
244.041		300.57		1894		2		0
256.395		309.457		1965		2		0
360.159		316.839		1960		2		0
350.765		311.638		0		2		0
Frame 66
295.818		289.713		2366		2		0
293.569		243.441		2340		2		0
291.404		198.618		2275		2		0
291.48		179.208		2155		2		0
264.49		211.335		2355		2		0
250.139		256.062		2310		2		0
244.021		285.5		2001		2		0
247.736		291.089		2024		2		0
319.644		210.191		2349		2		0
335.943		245.095		2355		2		0
345.344		282.757		2184		2		0
349.857		299.407		2060		2		0
281.977		290.04		2167		2		0
263.396		297.73		1958		2		0
283.857		369.82		2047		2		0
278.567		387.165		2009		2		0
309.707		289.351		2194		2		0
335.261		296.068		1937		2		0
316.041		370.31		1997		2		0
325.212		391.981		1929		2		0
291.903		209.609		2337		2		0
244.483		297.128		1947		2		0
251.332		303.167		2021		2		0
352.398		310.207		2043		2		0
349.688		298.909		2063		2		0
Frame 67
295.255		286.542		2328		2		0
293.061		241.123		2350		2		0
291.05		197.167		2358		2		0
290.139		175.86		2206		2		0
263.894		209.887		2391		2		0
253.442		244.988		2388		2		0
246.529		273.236		2214		2		0
247.075		277.082		2255		2		0
318.866		207.357		2384		2		0
336.332		244.948		2391		2		0
343.082		280.561		2247		2		0
344.992		285.916		2221		2		0
281.436		286.991		2186		2		0
263.534		297.326		1968		2		0
285.033		369.59		2053		2		0
281.021		389.294		1981		2		0
309.143		286.105		2198		2		0
332.525		296.576		1940		2		0
316.236		371.102		1985		2		0
325.165		392.746		1912		2		0
291.56		208.165		2364		2		0
245.293		288.432		2041		2		0
257.875		280.872		2150		2		0
352.003		302.4		2147		2		0
342.431		287.401		0		2		0
Frame 68
295.002		285.581		2326		2		0
292.464		239.799		2365		2		0
289.887		195.675		2369		2		0
289.001		175.267		2253		2		0
262.888		210.119		2417		2		0
251.631		253.134		2413		2		0
244.027		280.519		2165		2		0
245.088		285.877		2105		2		0
318.6		207.205		2412		2		0
336.008		244.775		2431		2		0
342.965		280.72		2299		2		0
344.604		287.779		2277		1		0
281.189		286.148		2180		2		0
263.491		297.806		1968		2		0
285.643		370.52		2064		2		0
296.215		390.769		2078		1		0
308.876		285.009		2208		2		0
330.201		296.56		1948		2		0
315.503		371.58		2002		2		0
324.335		393.04		1924		2		0
290.53		206.562		2396		2		0
242.312		302.191		2047		2		0
256.946		281.407		2169		2		0
348.334		306.166		2205		2		0
342.33		289.558		2249		2		0
Frame 69
294.639		285.07		2309		2		0
292.106		239.371		2381		2		0
289.898		196.002		2442		2		0
287.975		175.689		2305		2		0
262.352		210.479		2450		2		0
251.232		253.512		2440		2		0
243.038		281.631		2262		2		0
242.358		292.88		2129		2		0
317.863		207.948		2440		2		0
335.895		244.976		2454		2		0
343.49		282.041		2327		2		0
344.573		289.833		2305		1		0
280.792		285.587		2163		2		0
263.991		298.207		1969		2		0
289.955		367.454		2071		2		0
294.678		389.115		2005		2		0
308.544		284.552		2195		2		0
329.422		296.3		1951		2		0
313.237		370.137		2024		2		0
314.518		393.2		1959		2		0
290.414		206.637		2433		2		0
242.218		303.804		2081		2		0
256.254		281.357		2173		2		0
346.445		307.445		2242		2		0
341.442		292.088		2274		2		0
Frame 70
293.85		284.33		2299		2		0
291.446		239.642		2395		2		0
289.285		196.816		2467		2		0
287.497		176.349		2369		2		0
262.359		212.029		2472		2		0
251.154		249.282		2465		2		0
242.331		282.125		2296		2		0
241.349		300.167		2162		2		0
317.23		209.448		2461		2		0
335.628		246.253		2475		2		0
343.635		282.446		2371		2		0
345.006		294.227		2329		1		0
279.895		284.908		2160		2		0
266.662		297.047		1969		2		0
291.766		366.941		2086		2		0
296.163		388.913		2006		2		0
307.864		283.762		2206		2		0
326.492		294.857		1957		2		0
312.991		369.578		2033		2		0
314.344		392.461		1970		2		0
289.798		207.384		2456		2		0
242.796		309.157		2109		2		0
246.704		300.148		2136		2		0
346.513		307.87		2260		2		0
341.096		291.674		2311		2		0
Frame 71
293.85		284.351		2301		2		0
291.415		239.699		2403		2		0
289.092		197.164		2495		2		0
287.102		177.218		2394		2		0
262.196		213.049		2499		2		0
250.856		249.776		2479		2		0
242.02		283.904		2332		2		0
239.881		300.563		2210		2		0
316.648		210.729		2485		2		0
334.963		247.373		2488		2		0
343.837		283.118		2386		2		0
345.98		295.177		2352		1		0
279.886		284.935		2146		2		0
267.719		297.334		1975		2		0
291.93		365.87		2091		2		0
296.243		387.868		2020		2		0
307.87		283.779		2219		2		0
326.231		294.68		1957		2		0
312.132		369.184		2043		2		0
313.858		391.8		1980		2		0
289.668		207.601		2481		2		0
238.866		311.999		2166		2		0
244.55		303.644		2198		2		0
349.847		308.741		2277		2		0
341.863		296.116		0		2		0
Frame 72
293.879		284.358		2295		2		0
291.444		239.682		2417		2		0
288.946		197.521		2518		2		0
286.973		177.513		2428		2		0
262.239		213.349		2518		2		0
250.178		250.574		2504		2		0
241.632		287.043		2347		2		0
239.258		304.026		2255		2		0
316.151		211.528		2501		2		0
333.974		248.491		2504		2		0
344.034		283.969		2404		2		0
346.922		297.024		2358		1		0
279.902		284.946		2147		2		0
267.953		297.162		1974		2		0
292.002		365.389		2094		2		0
296.214		387.357		2005		2		0
307.929		283.786		2214		2		0
326.035		294.304		1955		2		0
311.843		368.68		2035		2		0
314.562		391.332		1980		2		0
289.569		207.811		2503		2		0
237.718		315.938		2220		2		0
244.5		309.471		2244		2		0
350.722		309.208		2322		2		0
344.817		307.357		2311		2		0
Frame 73
293.885		284.339		2298		2		0
291.34		239.536		2407		2		0
288.788		197.558		2537		2		0
286.953		177.535		2455		2		0
262.11		213.498		2529		2		0
250.311		250.367		2516		2		0
241.355		287.236		2377		2		0
239.117		304.987		2305		2		0
315.706		211.751		2509		2		0
333.154		248.843		2512		2		0
344.691		285.692		2406		2		0
348.112		299.159		2369		2		0
279.894		284.928		2145		2		0
268.167		296.806		1972		2		0
292.206		365.168		2095		2		0
294.991		387.491		1996		2		0
307.953		283.756		2211		2		0
326.029		294.039		1956		2		0
311.626		368.4		2033		2		0
312.682		391.34		1988		2		0
289.411		207.795		2512		2		0
236.911		316.749		2285		2		0
244.578		311.829		2295		2		0
352.959		311		2364		2		0
345.999		309.46		2341		2		0
Frame 74
293.956		284.08		2296		2		0
291.249		239.104		2403		2		0
288.484		197.387		2548		2		0
286.986		177.242		2477		2		0
262.004		213.267		2541		2		0
250.142		250.087		2531		2		0
240.95		285.869		2419		2		0
238.989		303.08		2359		2		0
315.344		211.678		2520		2		0
332.346		248.874		2529		2		0
344.732		285.378		2423		2		0
348.571		298.441		2395		2		0
279.923		284.703		2149		2		0
268.228		296.399		1977		2		0
292.31		364.637		2078		2		0
293.424		387.233		2011		2		0
308.071		283.438		2196		2		0
326.073		293.496		1960		2		0
311.581		367.987		2037		2		0
311.675		390.878		1987		2		0
289.164		207.53		2521		2		0
237.644		313.895		2326		2		0
245.501		310.994		2350		2		0
353.77		310.116		2382		2		0
346.767		308.302		2355		2		0
Frame 75
294.027		283.693		2313		2		0
291.202		238.789		2417		2		0
288.385		197.195		2555		2		0
287.098		176.967		2489		2		0
262.047		213.105		2542		2		0
249.73		250.5		2548		2		0
240.522		286.995		2444		2		0
239.234		304.123		2389		2		0
315.235		211.623		2525		2		0
332.238		249.124		2536		2		0
344.627		285.028		2438		2		0
348.923		298.861		2405		2		0
279.931		284.33		2144		2		0
268.157		296.271		1973		2		0
292.373		364.384		2094		2		0
293.088		386.978		2018		2		0
308.195		283.034		2197		2		0
326.258		293.039		1961		2		0
311.757		367.7		2031		2		0
311.336		390.519		1991		2		0
289.074		207.302		2522		2		0
238.679		315.086		2368		2		0
244.526		308.702		2386		2		0
354.48		310.075		2397		2		0
345.369		304.485		2398		2		0
Frame 76
294.079		283.441		2311		2		0
291.201		238.494		2414		2		0
288.378		196.957		2556		2		0
287.135		176.827		2485		2		0
262.054		213.038		2547		2		0
248.611		251.813		2564		2		0
239.703		289.152		2453		2		0
239.168		305.83		2417		2		0
315.179		211.593		2528		2		0
332.077		249.167		2546		2		0
344.535		284.955		2450		2		0
348.569		298.543		2417		2		0
279.937		284.125		2153		2		0
268.145		296.285		1973		2		0
292.232		364.004		2089		2		0
292.639		386.58		2008		2		0
308.299		282.724		2211		2		0
326.427		292.769		1968		2		0
311.818		367.536		2034		2		0
310.925		390.287		1989		2		0
289.066		207.05		2529		2		0
239.665		317.029		2406		2		0
243.918		309.056		2407		2		0
353.373		310.168		2413		2		0
344.996		304.59		2423		2		0
Frame 77
294.101		283.257		2318		2		0
291.162		238.317		2419		2		0
288.321		196.828		2560		2		0
287.188		176.597		2485		2		0
262.063		212.998		2555		2		0
248.434		250.996		2571		2		0
238.693		298.97		2445		2		0
240.184		309.947		2430		2		0
315.194		211.6		2531		2		0
332.105		249.092		2561		2		0
344.564		284.805		2468		2		0
347.956		298.058		2439		2		0
279.931		283.955		2162		2		0
268.136		296.277		1977		2		0
292.259		364.007		2092		2		0
292.024		386.548		2025		2		0
308.344		282.532		2212		2		0
326.527		292.704		1966		2		0
311.806		367.477		2036		2		0
313.251		390.252		1979		2		0
289.011		206.912		2533		2		0
242.895		321.686		2432		2		0
245.824		311.983		2459		2		0
352.428		309.219		2415		2		0
344.406		304.946		2424		2		0
Frame 78
294.077		283.045		2307		2		0
291.169		238.153		2425		2		0
288.406		196.665		2560		2		0
287.254		176.382		2489		2		0
262.106		212.886		2550		2		0
247.966		251.409		2576		2		0
238.67		299.313		2468		2		0
240.051		309.452		2445		2		0
315.209		211.58		2527		2		0
332.299		249.124		2571		2		0
344.456		284.872		2479		2		0
347.658		297.886		2453		2		0
279.865		283.713		2153		2		0
268.045		296.237		1981		2		0
292.255		363.974		2087		2		0
292.019		386.512		2011		2		0
308.35		282.352		2206		2		0
326.596		292.692		1973		2		0
311.707		367.418		2032		2		0
313.147		390.215		1981		2		0
289.073		206.748		2533		2		0
242.408		321.178		2472		2		0
246.895		309.948		2478		2		0
351.545		309.251		2419		2		0
343.945		305.992		2434		2		0
Frame 79
294.046		282.916		2296		2		0
291.168		238.057		2419		2		0
288.448		196.577		2557		2		0
287.299		176.267		2486		2		0
262.153		212.795		2549		2		0
247.683		251.704		2584		2		0
238.694		299.045		2480		2		0
240.183		309.075		2465		2		0
315.225		211.559		2527		2		0
332.39		249.004		2572		2		0
344.458		284.741		2484		2		0
347.319		297.798		2461		2		0
279.806		283.561		2159		2		0
268.006		296.231		1980		2		0
292.256		363.929		2083		2		0
291.152		386.353		2023		2		0
308.339		282.249		2207		2		0
326.671		292.612		1963		2		0
311.712		367.335		2037		2		0
313.151		390.135		1979		2		0
289.103		206.661		2531		2		0
242.586		320.589		2475		2		0
246.609		309.323		2484		2		0
350.593		309.201		2431		2		0
343.333		306.33		2430		2		0
Frame 80
294.038		282.828		2299		2		0
291.174		237.986		2423		2		0
288.477		196.522		2555		2		0
287.341		176.196		2482		2		0
262.22		212.69		2545		2		0
247.671		251.741		2592		2		0
238.739		299.148		2492		2		0
239.934		309.039		2470		2		0
315.244		211.535		2521		2		0
332.552		248.972		2575		2		0
344.438		284.476		2487		2		0
347.047		297.407		2468		2		0
279.785		283.46		2156		2		0
268.013		296.305		1970		2		0
292.438		364.52		2088		2		0
290.364		386.816		2017		2		0
308.342		282.177		2201		2		0
326.723		292.527		1969		2		0
311.708		367.226		2043		2		0
313.149		390.021		1983		2		0
289.127		206.604		2524		2		0
242.554		320.717		2482		2		0
246.24		308.145		2498		2		0
349.939		309.223		2430		2		0
342.667		308.834		2424		2		0
Frame 81
294.034		282.757		2298		2		0
291.213		237.933		2422		2		0
288.616		196.431		2552		2		0
287.394		176.148		2481		2		0
262.264		212.652		2543		2		0
247.611		251.881		2593		2		0
238.619		296.773		2499		2		0
239.364		308.013		2477		2		0
315.26		211.527		2522		2		0
332.639		248.789		2572		2		0
344.43		284.302		2498		2		0
346.932		297.345		2471		2		0
279.76		283.381		2154		2		0
267.948		296.406		1974		2		0
292.438		364.519		2085		2		0
290.341		386.772		2025		2		0
308.355		282.118		2199		2		0
326.75		292.52		1961		2		0
311.51		367.085		2031		2		0
312.955		389.87		1983		2		0
289.234		206.524		2523		2		0
240.896		319.95		2485		2		0
245.728		307.909		2494		2		0
349.908		309.222		2436		2		0
342.924		306.075		2426		2		0
Frame 82
294.028		282.724		2292		2		0
291.235		237.92		2419		2		0
288.696		196.417		2547		2		0
287.492		176.095		2476		2		0
262.293		212.576		2541		2		0
247.513		252.171		2593		2		0
238.63		297.667		2501		2		0
239.596		308.545		2476		2		0
315.272		211.523		2516		2		0
332.674		248.785		2576		2		0
344.417		284.183		2494		2		0
346.641		296.331		2477		2		0
279.745		283.344		2166		2		0
267.914		296.435		1970		2		0
292.424		364.5		2087		2		0
289.717		386.394		2024		2		0
308.36		282.093		2198		2		0
326.785		292.518		1958		2		0
311.483		367.03		2036		2		0
312.962		389.813		1991		2		0
289.297		206.511		2519		2		0
241.759		320.461		2485		2		0
245.818		308.313		2497		2		0
349.137		308.334		2432		2		0
343.429		304.427		2450		2		0
Frame 83
293.458		277.426		2281		2		0
291.129		234.534		2428		2		0
288.78		196.373		2542		2		0
287.651		176.048		2469		2		0
262.348		212.526		2536		2		0
247.483		252.302		2587		2		0
238.675		297.769		2508		2		0
240.024		308.533		2469		2		0
315.372		211.51		2514		2		0
332.682		248.81		2569		2		0
344.447		284.476		2496		2		0
346.565		297.385		2478		2		0
278.698		278.048		2206		2		0
263.568		304.028		1956		2		0
292.377		364.469		2085		2		0
290.438		386.657		2009		2		0
308.266		276.815		2226		2		0
333.715		298.339		1933		2		0
317.358		375.692		2040		2		0
319.016		401.973		1905		1		0
289.422		206.025		2518		2		0
241.943		320.474		2483		2		0
246.076		308.772		2492		2		0
348.693		309.2		2441		2		0
343.209		305.998		2446		2		0
Frame 84
293.749		282.685		2279		2		0
291.618		237.498		2415		2		0
289.043		196.228		2540		2		0
287.81		175.925		2476		2		0
262.357		212.615		2530		2		0
247.464		252.459		2586		2		0
238.99		295.954		2485		2		0
239.923		307.716		2463		2		0
315.847		212.027		2506		2		0
332.616		249.266		2566		2		0
344.394		284.067		2492		2		0
346.239		296.192		2476		2		0
279.384		283.252		2157		2		0
268.687		309.359		1963		2		0
292.867		365.962		2090		2		0
291.278		388.344		2008		2		0
308.147		282.13		2190		2		0
324.185		312.128		1970		2		0
310.702		369.36		2046		2		0
313.338		392.248		1976		2		0
289.524		206.024		2514		2		0
241.495		320		2462		2		0
245.631		307.995		2482		2		0
348.568		308.286		2436		2		0
343.171		305.997		2437		2		0
Frame 85
295.362		281.164		2291		2		0
291.874		237.137		2415		2		0
289.097		196.22		2533		2		0
287.985		175.946		2471		2		0
262.549		212.534		2532		2		0
247.538		252.471		2582		2		0
239.088		297.718		2475		2		0
240.324		309.15		2457		2		0
315.917		211.992		2508		2		0
332.669		249.44		2560		2		0
344.338		284.241		2488		2		0
346.088		296.333		2468		1		0
280.747		281.818		2185		2		0
264.793		300.671		1955		2		0
292.832		365.849		2093		2		0
291.325		388.236		2002		2		0
309.993		280.525		2194		2		0
329.622		294.491		1944		2		0
313.209		369.391		2026		2		0
314.814		393.525		1969		2		0
289.623		206.014		2513		2		0
242.47		321.235		2460		2		0
246.044		308.994		2473		2		0
348.165		308.445		2428		2		0
343.251		304.987		2445		2		0
Frame 86
295.175		281.253		2288		2		0
291.871		237.085		2410		2		0
289.21		196.152		2531		2		0
288.191		175.9		2460		2		0
262.73		212.371		2525		2		0
247.739		252.412		2580		2		0
239.07		297.923		2467		2		0
240.177		309.389		2445		2		0
315.994		211.932		2503		2		0
332.674		249.491		2560		2		0
344.224		284.461		2487		2		0
346.029		297.096		2468		1		0
280.547		281.879		2186		2		0
264.915		300.636		1955		2		0
292.728		365.583		2088		2		0
291.27		387.949		2012		2		0
309.818		280.641		2191		2		0
329.557		294.443		1939		2		0
313.157		369.313		2025		2		0
314.861		393.361		1967		2		0
289.729		205.978		2513		2		0
241.859		321.41		2450		2		0
245.406		308.994		2460		2		0
348.046		309.351		2419		2		0
343.201		305.295		2431		2		0
Frame 87
293.668		283.018		2277		2		0
291.776		237.359		2413		2		0
289.283		196.159		2535		2		0
288.359		175.868		2468		2		0
262.864		212.207		2521		2		0
248.206		252.434		2571		2		0
239.016		298.167		2467		2		0
240.223		309.258		2430		2		0
316.056		211.88		2505		2		0
332.674		249.572		2558		2		0
344.01		284.829		2476		2		0
345.951		297.229		2451		2		0
279.253		283.428		2158		2		0
266.994		298.123		1961		2		0
292.696		365.3		2081		2		0
291.302		387.658		2015		2		0
308.165		282.577		2200		2		0
327.311		292.887		1952		2		0
311.254		366.494		2038		2		0
312.926		389.263		1994		2		0
289.762		206.017		2506		2		0
241.584		321.364		2428		2		0
245.7		308.629		2443		2		0
347.662		309.239		2412		2		0
343.144		304.567		2418		2		0
Frame 88
293.525		283.048		2283		2		0
291.639		237.564		2417		2		0
289.39		196.172		2529		2		0
288.482		175.895		2466		2		0
262.926		212.157		2522		2		0
248.841		251.994		2565		2		0
240.223		289.177		2477		2		0
239.703		305.309		2430		2		0
316.1		211.884		2503		2		0
332.623		249.54		2548		2		0
343.845		284.901		2473		2		0
345.899		297.206		2441		2		0
279.129		283.434		2165		2		0
266.998		298.064		1962		2		0
292.575		365.121		2088		2		0
291.44		387.486		2015		2		0
307.978		282.648		2207		2		0
327.301		292.928		1949		2		0
311.261		366.533		2033		2		0
311.838		389.146		1993		2		0
289.807		206.066		2505		2		0
240.289		317.143		2406		2		0
245.726		309.445		2425		2		0
347.897		309.2		2404		2		0
343.001		298.962		0		2		0
Frame 89
293.526		283.076		2284		2		0
291.614		237.689		2417		2		0
289.43		196.171		2529		2		0
288.575		175.907		2461		2		0
262.967		212.18		2521		2		0
249.144		251.82		2568		2		0
239.806		298.446		2431		2		0
240.493		309.551		2396		2		0
316.159		211.912		2502		2		0
332.66		249.583		2550		2		0
343.648		284.384		2467		2		0
345.779		296.938		2437		2		0
279.131		283.46		2155		2		0
267.025		298.032		1963		2		0
292.545		365.03		2085		2		0
291.506		387.401		2017		2		0
307.978		282.684		2205		2		0
327.295		292.917		1952		2		0
311.246		366.535		2039		2		0
311.916		389.156		1997		2		0
289.834		206.098		2508		2		0
241.915		321.359		2399		2		0
246.136		309.078		2419		2		0
347.635		309.136		2392		2		0
343.501		302.991		2384		2		0
Frame 90
293.531		283.096		2287		2		0
291.611		237.812		2416		2		0
289.472		196.204		2532		2		0
288.633		175.915		2461		2		0
262.983		212.179		2523		2		0
249.387		251.629		2562		2		0
240.346		292.099		2445		2		0
240.19		305.057		2396		2		0
316.182		211.914		2508		2		0
332.585		249.403		2547		2		0
343.556		283.991		2466		2		0
345.536		295.212		2433		2		0
279.143		283.48		2154		2		0
267.039		297.949		1967		2		0
292.379		364.707		2080		2		0
291.665		387.126		2004		2		0
307.973		282.708		2208		2		0
327.308		292.917		1948		2		0
311.256		366.539		2034		2		0
314.947		388.243		1981		2		0
289.876		206.158		2511		2		0
240.744		317.112		2378		2		0
246.464		311.056		2394		2		0
347.332		308.166		2382		2		0
342.906		296.227		1981		2		0
Frame 91
293.514		283.107		2282		2		0
291.596		237.892		2419		2		0
289.509		196.231		2535		2		0
288.695		175.936		2463		2		0
262.999		212.179		2528		2		0
249.475		251.508		2563		2		0
240.41		291.8		2435		2		0
240.532		304.66		2389		2		0
316.211		211.92		2510		2		0
332.563		249.32		2550		2		0
343.575		283.763		2454		2		0
345.627		295.267		2423		2		0
279.133		283.485		2167		2		0
267.038		297.937		1965		2		0
292.31		364.686		2089		2		0
291.899		387.166		2012		2		0
307.943		282.73		2207		2		0
327.314		292.933		1949		2		0
311.37		366.595		2027		2		0
313.098		389.31		1977		2		0
289.917		206.213		2509		2		0
240.704		315.853		2356		2		0
247.199		310.34		2384		2		0
347.264		308.105		2367		2		0
342.799		294.448		2003		2		0
Frame 92
293.3		281.753		2279		2		0
291.601		237.597		2416		2		0
289.58		196.27		2533		2		0
288.745		175.977		2468		2		0
263.013		212.216		2520		2		0
249.575		251.398		2555		2		0
240.486		291.399		2422		2		0
240.559		304.877		2374		2		0
316.232		211.936		2511		2		0
332.535		249.327		2543		2		0
343.505		283.53		2447		2		0
345.615		295.351		2409		2		0
278.73		282.055		2164		2		0
264.979		300.581		1956		2		0
292.215		364.491		2078		2		0
292.089		386.987		2009		2		0
307.896		281.485		2203		2		0
329.808		294.409		1948		2		0
313.471		369.333		2026		2		0
315.339		393.318		1961		2		0
290.01		206.244		2507		2		0
240.617		316.781		2348		2		0
247.445		309.876		2366		2		0
346.774		308.091		2356		2		0
343		306		2357		2		0
Frame 93
293.241		281.72		2284		2		0
291.555		237.538		2421		2		0
289.585		196.283		2539		2		0
288.798		176.002		2474		2		0
263.019		212.212		2526		2		0
249.671		251.348		2554		2		0
240.621		290.896		2422		2		0
240.877		305.118		2366		2		0
316.26		211.969		2515		2		0
332.537		249.281		2544		2		0
343.507		283.469		2443		2		0
345.614		295.274		2414		1		0
278.681		282.007		2156		2		0
265.024		300.431		1959		2		0
292.169		364.475		2081		2		0
291.993		386.946		2021		2		0
307.834		281.463		2207		2		0
329.738		294.379		1945		2		0
313.405		369.265		2033		2		0
315.292		393.206		1963		2		0
290.01		206.245		2515		2		0
240.994		316.807		2340		2		0
246.238		305.809		2376		2		0
347.219		308.174		2352		2		0
343.364		304.543		2356		2		0
Frame 94
292.244		283.399		2271		2		0
291.372		237.915		2421		2		0
289.639		196.312		2538		2		0
288.823		176.031		2466		2		0
263.025		212.226		2527		2		0
249.664		250.911		2551		2		0
240.746		290.597		2410		2		0
241.017		305.252		2347		2		0
316.277		212.014		2508		2		0
332.599		249.22		2545		2		0
343.518		283.38		2434		2		0
345.658		294.31		2413		2		0
277.896		283.556		2150		2		0
267.175		297.571		1970		2		0
292.117		364.412		2075		2		0
291.965		386.872		2027		2		0
306.631		283.255		2215		2		0
327.32		292.989		1951		2		0
311.377		366.636		2035		2		0
313.17		389.282		1983		2		0
290.061		206.324		2512		2		0
241.249		316.871		2322		2		0
247.708		309.568		2352		2		0
347.45		307.149		2348		2		0
342.941		295.575		1990		2		0
Frame 95
293.287		281.46		2281		2		0
291.35		237.649		2421		2		0
289.63		196.322		2543		2		0
288.845		176.04		2465		2		0
263.031		212.228		2524		2		0
249.604		250.607		2544		2		0
240.871		290.048		2405		2		0
241.145		304.408		2351		2		0
316.3		212.043		2512		2		0
332.611		249.031		2546		2		0
343.561		283.203		2441		2		0
345.791		294.453		2402		1		0
278.728		281.695		2162		2		0
265.217		300.26		1958		2		0
291.91		364.315		2082		2		0
292.225		386.811		2010		2		0
307.869		281.239		2212		2		0
329.483		294.295		1945		2		0
313.124		369.016		2028		2		0
315.011		392.849		1966		2		0
290.058		206.322		2516		2		0
241.85		315.912		2324		2		0
247.945		307.882		2347		2		0
347.337		307.095		2341		2		0
342.98		295.763		1989		2		0
Frame 96
293.227		283.339		2282		2		0
291.327		237.861		2423		2		0
289.624		196.334		2541		2		0
288.875		176.038		2465		2		0
263.044		212.24		2531		2		0
249.667		250.438		2549		2		0
240.965		289.749		2409		2		0
241.25		304.166		2341		2		0
316.306		212.054		2511		2		0
332.617		248.997		2537		2		0
343.621		283.083		2428		2		0
345.723		293.888		2402		1		0
278.862		283.654		2149		2		0
267.004		297.38		1964		2		0
292.094		364.332		2081		2		0
291.962		386.756		2022		1		0
307.618		283.036		2206		2		0
327.329		292.971		1955		2		0
311.302		366.595		2030		2		0
313.087		389.27		1979		2		0
290.045		206.368		2515		2		0
242.093		316.133		2308		2		0
247.56		305.623		2351		2		0
347.451		307.149		2340		2		0
342.324		291.828		0		2		0
Frame 97
293.338		281.401		2285		2		0
291.414		237.58		2419		2		0
289.657		196.345		2540		2		0
288.911		176.027		2469		2		0
263.06		212.258		2533		2		0
249.62		250.531		2546		2		0
241.001		289.692		2416		2		0
241.501		304.473		2343		2		0
316.314		212.065		2512		2		0
332.68		248.956		2540		2		0
343.666		283.058		2431		2		0
345.824		294.385		2405		1		0
278.786		281.734		2174		2		0
265.159		300.103		1962		2		0
292.08		364.338		2080		2		0
292.57		386.826		2015		2		0
307.923		281.08		2215		2		0
329.685		294.386		1944		2		0
313.265		369.173		2021		2		0
315.171		393.078		1965		2		0
290.07		206.362		2517		2		0
242.539		315.921		2311		2		0
247.277		304.744		2349		2		0
347.412		307.136		2345		2		0
343		305.499		2347		2		0
Frame 98
292.687		283.192		2270		2		0
291.39		237.776		2420		2		0
289.694		196.348		2544		2		0
288.935		176.024		2467		2		0
263.069		212.267		2529		2		0
249.719		250.575		2546		2		0
241.468		287.468		2416		2		0
240.8		302.256		2358		2		0
316.337		212.104		2507		2		0
332.812		248.96		2544		2		0
343.755		283.091		2433		2		0
345.847		294.205		2400		1		0
278.327		283.398		2160		2		0
267.036		297.517		1965		2		0
292.104		364.338		2074		2		0
292.589		386.826		2020		2		0
307.071		282.999		2205		2		0
327.334		292.946		1954		2		0
311.294		366.546		2028		2		0
313.094		389.218		1976		2		0
290.106		206.384		2513		2		0
240.631		314.786		2323		2		0
248.249		304.993		2355		2		0
347.046		307.181		2347		2		0
343.222		297.179		2006		2		0
Frame 99
292.654		283.202		2277		2		0
291.319		237.921		2419		2		0
289.737		196.367		2541		2		0
288.981		176.022		2464		2		0
263.073		212.302		2529		2		0
249.806		250.63		2544		2		0
241.441		287.912		2421		2		0
240.862		303.177		2357		2		0
316.378		212.164		2509		2		0
332.834		248.949		2542		2		0
343.817		283.123		2435		2		0
345.94		294.437		2402		1		0
278.293		283.404		2152		2		0
267.036		297.513		1964		2		0
292.064		364.335		2081		2		0
292.039		386.792		2008		2		0
307.039		283.013		2206		2		0
327.326		292.97		1949		2		0
311.302		366.575		2027		2		0
313.118		389.252		1979		2		0
290.139		206.428		2519		2		0
241.188		315.768		2325		2		0
247.498		304.239		2357		2		0
347.046		307.182		2349		2		0
343		291.498		2376		2		0
