side
Frame 0
435.747		203.644		2584		2		0
436.798		161.613		2518		2		0
437.701		117.495		2488		2		0
445.247		96.1878		2336		2		0
412.169		131.101		2527		2		0
398.469		170.389		2609		2		0
405.75		215.536		2581		2		0
410.342		226.472		2570		2		0
463.96		134.442		2513		2		0
471.644		175.099		2608		1		0
472.731		210.047		2565		1		0
469.942		223.084		2561		1		0
424.084		202.87		2599		2		0
403.044		244.878		3825		1		0
427.134		271.857		2767		2		0
425.214		288.882		2797		2		0
447.415		204.423		2586		2		0
461.872		254.69		0		2		0
446.878		270.987		2760		2		0
449.169		285.713		2758		2		0
437.503		128.716		2503		2		0
414.768		237.28		2581		2		0
408.581		229.37		2584		2		0
469.082		236.505		2577		2		0
475.626		228.252		2539		2		0
Frame 1
435.19		204.201		2594		2		0
436.326		161.661		2517		2		0
437.468		117.547		2453		2		0
445.107		96.3953		2320		2		0
412.015		131.173		2511		2		0
398.236		170.236		2603		2		0
402.42		208.465		2595		2		0
407.995		224.33		2585		2		0
463.531		134.675		2507		2		0
471.485		175.229		2603		1		0
472.553		209.993		2565		1		0
470.491		223.967		2560		1		0
423.449		203.316		2598		2		0
416.78		255.95		2780		2		0
426.988		271.865		2769		2		0
428.032		283.918		2777		2		0
446.923		205.088		2575		2		0
441.557		254.139		2725		2		0
448.814		295.167		2802		2		0
449.092		284.46		2768		2		0
437.201		128.755		2496		2		0
412.143		236.122		2583		2		0
401.997		217.579		0		2		0
469.155		236.692		2554		2		0
475.444		224.666		2513		2		0
Frame 2
434.541		203.042		2589		2		0
435.643		161.178		2517		2		0
436.683		117.811		2442		2		0
444.808		96.6955		2314		2		0
411.602		131.422		2515		2		0
397.915		171.207		2601		2		0
402.576		209.442		2592		2		0
407.004		224.38		2575		2		0
462.873		134.292		2509		2		0
469.891		172.881		2605		1		0
471.789		211.446		2559		1		0
470.01		224.752		2561		1		0
422.948		202.466		2603		2		0
425.827		247.739		2693		2		0
426.478		289.172		2792		2		0
435.22		277.833		2765		2		0
446.08		203.543		2578		2		0
449.859		249.081		2665		2		0
444.601		289.877		2799		1		0
445.146		278.619		2777		2		0
436.421		128.809		2497		2		0
411.272		235.261		2574		2		0
407.859		229.58		2586		2		0
468.247		236.875		2576		2		0
474.625		228.752		2539		2		0
Frame 3
433.71		202.462		2591		2		0
434.679		161.232		2513		2		0
435.438		118.719		2447		2		0
444.154		97.6015		2299		2		0
410.92		131.844		2501		2		0
396.947		171.611		2591		2		0
402.395		210.493		2588		2		0
406.587		225.368		2577		2		0
462.127		134.405		2498		2		0
469.417		172.802		2602		1		0
471.285		211.93		2555		1		0
469.598		225.412		2555		1		0
422.163		201.916		2611		2		0
424.471		248.681		2685		2		0
427.451		289.357		2786		1		0
435.921		278.631		2813		2		0
445.211		202.964		2597		2		0
449.502		246.642		2642		2		0
443.674		288.055		2805		1		0
445.593		277.404		2775		2		0
435.265		129.464		2491		2		0
411.097		236.075		2574		2		0
403.333		221.666		2576		2		0
467.782		237.501		2572		2		0
473.933		226.585		2531		2		0
Frame 4
432.853		202.267		2589		2		0
433.866		161.51		2518		2		0
434.576		119.426		2444		2		0
443.61		98.3521		2290		2		0
409.896		132.492		2497		2		0
395.322		173.625		2588		2		0
401.278		209.805		2591		2		0
405.465		225.013		2575		2		0
461.177		134.867		2502		2		0
468.665		173.068		2608		2		0
470.39		212.998		2574		2		0
468.826		226.674		2570		2		0
421.428		201.757		2615		2		0
422.61		247.82		2693		2		0
427.589		287.843		2771		1		0
436.703		278.423		2839		2		0
444.222		202.745		2597		2		0
448.505		245.519		2646		2		0
443.892		287.107		2778		1		0
456.23		285.327		0		2		0
434.407		130.076		2490		2		0
409.358		235.376		2581		2		0
405.341		229.911		2581		2		0
467.116		237.882		2584		2		0
473.834		230.497		2544		2		0
Frame 5
431.13		202.034		2595		2		0
432.631		162.06		2528		2		0
433.637		120.69		2432		2		0
443.307		99.6571		2282		2		0
408.924		133.462		2495		2		0
394.224		175.772		2579		2		0
400.238		210.36		2586		2		0
404.164		225.62		2578		2		0
459.604		135.837		2504		2		0
467.567		173.496		2604		2		0
469.884		213.343		2575		2		0
468.207		227.257		2571		2		0
419.77		201.552		2627		2		0
419.864		244.58		2690		2		0
425.761		285.218		2775		2		0
420.734		278.436		2791		2		0
442.451		202.501		2606		2		0
447.174		245.191		2655		2		0
444.358		287.125		2782		1		0
446.526		277.435		2749		2		0
433.38		131.163		2482		2		0
409.027		236.201		2575		2		0
403.094		224.588		2580		2		0
466.89		238.79		2589		2		0
473.602		228.902		2551		2		0
Frame 6
429.323		202.191		2620		2		0
430.97		163.155		2525		2		0
432.273		122.593		2444		2		0
442.878		101.647		2278		2		0
408.194		134.398		2486		2		0
393.298		175.985		2577		2		0
398.721		210.761		2589		2		0
402.752		226.136		2572		2		0
458.488		136.812		2500		2		0
465.763		175.354		2624		2		0
468.839		215.139		2601		2		0
467.502		228.162		2579		2		0
418.064		201.72		2640		2		0
419.489		252.308		2687		2		0
426.698		291.563		2769		1		0
422.799		280.654		2780		2		0
440.536		202.655		2621		2		0
445.241		246.311		2646		2		0
445.092		288.021		2776		1		0
445.973		277.843		2751		2		0
431.929		132.897		2475		2		0
407.786		236.282		2571		2		0
403.052		230.108		2583		2		0
466.968		238.61		2591		2		0
472.048		229.589		2554		2		0
Frame 7
427.323		203.308		2619		2		0
429.142		165.144		2521		2		0
430.969		124.956		2451		2		0
442.557		104.437		2270		2		0
407.102		136.384		2472		2		0
391.546		179.14		2569		2		0
397.264		214.295		2578		2		0
401.739		228.888		2562		2		0
457.068		138.343		2498		2		0
463.528		179.132		2632		2		0
467.875		217.403		2571		2		0
466.801		230.577		2565		2		0
416.114		202.903		2649		2		0
418.066		253.56		2673		2		0
426.842		292.195		2759		1		0
419.238		281.305		2774		2		0
438.48		203.712		2627		2		0
443.996		246.718		2663		2		0
446.572		289.451		2760		1		0
445.948		277.794		2746		2		0
430.496		135.215		2476		2		0
406.324		239.393		2576		2		0
400.499		227.501		2566		2		0
465.071		241.771		2602		2		0
472.457		231.275		2564		2		0
Frame 8
424.739		205.63		2631		2		0
427.281		167.867		2533		2		0
429.716		127.862		2451		2		0
442.398		107.729		2255		2		0
406.266		138.086		2461		2		0
390.642		180.985		2565		2		0
396.795		217.976		2579		2		0
401.269		232.775		2578		2		0
455.136		141.944		2497		2		0
462.904		180.303		2631		2		0
466.999		220.886		2598		2		0
466.18		232.844		2588		2		0
413.999		204.839		2658		2		0
417.212		255.536		2672		2		0
426.914		293.763		2758		1		0
418.645		284.375		2775		2		0
435.345		206.472		2631		2		0
441.73		248.964		2651		2		0
447.478		290.556		2771		1		0
445.102		278.959		2742		2		0
429.107		138.089		2470		2		0
405.542		243.282		2588		2		0
400.293		234.654		2583		2		0
465.548		242.89		2608		2		0
471.714		235.36		2566		2		0
Frame 9
422.25		208.313		2636		2		0
425.168		171.465		2539		2		0
428.226		132.009		2445		2		0
442.254		111.506		2244		2		0
405.353		140.854		2455		2		0
388.626		184.58		2555		2		0
395.921		225.415		2567		2		0
401.346		238.751		2568		2		0
453.304		145.256		2507		2		0
461.382		183.077		2643		2		0
466.323		222.433		2606		2		0
465.203		234.836		2589		2		0
410.697		209.011		2650		2		0
416.455		257.329		2667		2		0
425.476		294.924		2759		2		0
423.567		281.847		2734		2		0
433.644		207.944		2637		2		0
437.414		249.599		2657		2		0
445.654		291.783		2767		1		0
450.334		280.311		2736		2		0
427.447		142.136		2464		2		0
406.156		249.002		2589		2		0
401.719		241.729		2572		2		0
463.793		245.752		2622		2		0
470.688		237.315		2563		2		0
Frame 10
419.822		211.869		2634		2		0
423.386		175.154		2547		2		0
427.097		135.538		2436		2		0
442.369		115.245		2238		2		0
404.134		144.18		2450		2		0
387.105		187.295		2553		2		0
395.494		226.149		2575		2		0
399.558		241.358		2573		2		0
451.627		149.118		2505		2		0
460.224		184.905		2638		2		0
465.124		225.009		2610		2		0
464.567		238.71		2591		2		0
409.235		212.763		2656		2		0
417.558		267.866		2661		2		0
442.999		293.158		2764		2		0
442.533		286.559		2759		2		0
430.321		210.984		2653		2		0
438.489		258.685		2657		2		0
447.812		296.166		2764		1		0
441.545		284.388		2762		2		0
426.159		145.728		2467		2		0
404.151		252.002		2596		2		0
399.574		245.163		2573		2		0
463.27		248.501		2603		2		0
470.002		240.095		2583		2		0
Frame 11
417.076		214.872		2655		2		0
420.95		179.493		2552		2		0
425.153		141.354		2451		2		0
441.605		121.141		2235		2		0
402.868		147.289		2446		2		0
385.125		190.628		2544		2		0
392.154		225.885		2566		2		0
395.735		240.973		2574		2		0
449.668		153.937		2510		2		0
458.496		188.017		2643		2		0
464.278		226.441		2618		2		0
464.087		241.035		2610		2		0
406.831		216.269		2661		2		0
417.487		270.191		2665		2		0
440.569		302.952		2819		1		0
436.075		287.557		2774		1		0
427.189		213.558		2665		2		0
437.727		259.464		2640		2		0
442.944		298.107		2789		1		0
439.972		284.197		2761		2		0
424.07		151.166		2465		2		0
400.609		251.261		2572		2		0
398.385		247.569		2574		2		0
462.475		250.816		2614		2		0
470.231		242.996		2576		2		0
Frame 12
414.147		218.168		2673		2		0
418.541		183.644		2559		2		0
423.33		146.058		2449		2		0
440.917		126.714		2224		2		0
401.089		152.611		2441		2		0
383.48		193.112		2541		2		0
391.414		238.703		2556		2		0
395.548		249.289		2572		2		0
447.631		158.619		2515		2		0
456.758		191.595		2652		2		0
463.479		227.865		2622		2		0
463.872		243.177		2609		2		0
404.009		219.149		2664		2		0
414.828		269.944		2640		2		0
430.522		308.541		2766		1		0
431.784		290.568		2793		1		0
424.24		217.177		2665		2		0
432.851		269.617		2706		2		0
450.579		296.096		2775		2		0
452.325		313.857		2796		1		0
422.094		155.77		2458		2		0
399.931		260.25		2596		2		0
396.382		252.668		2567		2		0
463.38		253.583		2656		2		0
469.32		245.231		2586		2		0
Frame 13
406.042		217.432		2671		2		0
415.691		185.23		2561		2		0
423.903		149.228		2418		2		0
439.285		133.567		2225		2		0
398.722		156.887		2437		2		0
380.294		198.703		2538		2		0
389.593		240.264		2568		2		0
394.229		251.824		2570		2		0
445.544		165.72		2522		2		0
454.987		197.154		2672		2		0
462.357		231.773		2620		2		0
463.466		247.379		2609		2		0
395.845		217.705		2687		2		0
413.625		269.907		2623		2		0
426.767		316.052		2691		2		0
424.452		324.585		2568		2		0
416.167		217.157		2668		2		0
431.612		267.511		2652		2		0
448.988		298.563		2783		1		0
450.841		317.014		2765		2		0
421.759		158.002		2463		2		0
398.261		265.053		2597		2		0
390.827		259.841		2602		2		0
462.819		257.783		2645		2		0
462.492		250.683		2612		2		0
Frame 14
403.422		220.774		2672		2		0
412.176		190.395		2574		2		0
422.412		155.112		2397		2		0
438.337		137.814		2221		2		0
396.592		163.586		2437		2		0
377.778		208.672		2536		2		0
385.509		244.884		2564		2		0
391.951		258.044		2567		2		0
443.41		170.77		2540		2		0
453.692		200.599		2674		2		0
461.316		238.959		2634		2		0
463.296		252.066		2616		2		0
393.406		220.82		2696		2		0
408.246		267.83		2619		2		0
425.684		315.937		2716		2		0
423.699		324.702		2557		2		0
413.336		220.748		2686		2		0
431.084		270.105		2660		2		0
442.443		306.511		2787		1		0
451.771		324.195		2731		2		0
419.561		164.87		2469		2		0
394.35		270.759		2602		2		0
386.163		269.832		2629		2		0
463.86		261.867		2640		2		0
468.669		251.671		2605		2		0
Frame 15
398.64		226.203		2692		2		0
408.388		196.095		2578		2		0
419.321		161.89		2409		2		0
435.85		146.387		2231		2		0
394.647		167.854		2435		2		0
376.779		211.022		2529		2		0
381.699		250.041		2569		2		0
387.191		262.512		2569		2		0
439.072		178.318		2562		2		0
452.26		208.49		2674		2		0
461.587		242.612		2631		2		0
463.241		256.002		2609		2		0
388.78		226.29		2695		2		0
407.879		269.529		2604		2		0
423.897		317.615		2680		1		0
422.54		325.899		2553		2		0
408.396		226.112		2701		2		0
430.715		272.31		2636		2		0
437.702		329.714		2550		2		0
448.178		327.234		2713		2		0
416.672		170.466		2466		2		0
388.278		275.839		2608		2		0
380.32		269.374		2618		2		0
462.701		265.647		2640		2		0
469.183		256.277		2594		2		0
Frame 16
397.519		233.668		2705		2		0
406.383		202.846		2596		2		0
416.879		166.934		2404		2		0
433.417		153.266		2230		2		0
391.46		173.611		2436		2		0
373.315		217.504		2524		2		0
377.881		259.808		2561		2		0
381.791		270.499		2571		2		0
436.824		180.406		2545		2		0
451.481		210.311		2670		2		0
461.452		246.319		2647		2		0
463.534		259.036		2628		2		0
388.457		234.039		2686		2		0
406.833		273.647		2591		2		0
434.429		321.592		2669		2		0
428.477		328.15		2523		2		0
406.434		233.298		2709		2		0
424.758		281.398		0		2		0
431.82		336.999		2451		1		0
444.984		330.438		2660		2		0
413.954		176.693		2473		2		0
384.472		282.74		2603		2		0
375.554		277.72		2633		2		0
464.082		269.375		2627		2		0
468.004		257.128		2598		2		0
Frame 17
399.551		245.092		2734		2		0
405.826		211.35		2622		2		0
412.802		173.951		2424		2		0
429.954		159.172		2237		2		0
387.772		180.505		2440		2		0
370.265		222.176		2526		2		0
372.736		268.737		2599		2		0
374.846		278.601		2583		2		0
433.334		189.04		2580		2		0
449.784		214.302		2670		2		0
461.795		250.993		2645		2		0
463.863		262.997		2607		2		0
390.871		243.621		2687		2		0
408.935		285.204		2608		2		0
431.388		323.585		2620		2		0
425.541		331.865		2489		2		0
408.038		246.527		2688		2		0
425.714		288.886		0		2		0
433.534		327.428		2560		2		0
444.522		326.167		2696		2		0
410.989		183.676		2483		2		0
377.26		288.733		2620		2		0
369.499		278.965		2617		2		0
464.954		272.654		2633		2		0
463.992		263.114		2603		2		0
Frame 18
384.586		235.596		2702		2		0
396.108		210.403		2553		2		0
409.426		181.288		2421		2		0
425.067		167.297		2240		2		0
383.311		186.094		2441		2		0
366.164		228.308		2525		2		0
366.911		272.097		2562		2		0
368.621		284.282		2588		2		0
429.228		193.958		2574		2		0
447.785		216.617		2665		2		0
462.196		256.136		2639		2		0
464.381		266.757		2619		2		0
375.41		236.729		2714		2		0
403.625		281.732		2565		2		0
424.548		333.365		2477		2		0
419.374		341.76		2388		2		0
393.571		234.483		2702		2		0
414.636		288.988		2619		2		0
438.754		337.966		2475		2		0
446.754		331.158		2665		2		0
406.149		188.733		2478		2		0
370.605		295.075		2627		2		0
363.056		287.394		2620		2		0
465.145		277.694		2641		2		0
469.754		267.466		2598		2		0
Frame 19
377.269		235.579		2691		2		0
388.106		213.7		2521		2		0
400.671		188.362		2474		2		0
420.215		174.301		2254		2		0
378.841		192.062		2443		2		0
362.509		231.717		2530		2		0
360.325		272.65		2584		2		0
360.156		283.919		2595		2		0
422.817		200.884		2589		2		0
446.025		220.571		2660		2		0
462.02		256.712		2599		2		0
465.172		269.417		2624		2		0
368.899		236.875		2657		2		0
404.881		285.636		2550		2		0
428.218		336.817		2446		2		0
435.102		346.288		2386		2		0
385.47		234.306		2692		2		0
412.739		286.772		2605		2		0
436.848		335.644		2480		2		0
445.651		329.861		2663		2		0
397.348		195.065		2486		2		0
358.389		294.499		2607		2		0
355.571		288.215		2631		2		0
466.746		279.649		2647		2		0
470.73		270.094		2569		2		0
Frame 20
376.791		242.687		2710		2		0
385.393		220.594		2525		2		0
395.403		194.961		2466		2		0
414.565		181.27		2265		2		0
373.218		198.93		2450		2		0
355.943		241.976		2538		2		0
354.552		283.707		2592		2		0
353.737		298.289		2589		2		0
416.444		206.966		2578		2		0
443.437		223.581		2654		2		0
461.914		257.433		2621		2		0
466.208		271.883		2597		2		0
368.293		243.597		2719		2		0
403.439		293.581		2553		2		0
429.855		344.27		2383		2		0
418.998		334.875		2443		2		0
385.138		241.79		2719		2		0
420.397		291.489		2673		2		0
433.245		339.65		2444		2		0
441.697		333.564		2508		2		0
392.751		201.747		2485		2		0
355.997		310.168		2618		2		0
348.792		299.964		2632		2		0
467.424		282.259		2623		2		0
473.167		275.415		2565		2		0
Frame 21
369.355		244.813		2689		2		0
378.729		226.191		2522		2		0
389.592		204.665		2489		2		0
407.487		188.575		2276		2		0
366.121		205.45		2455		2		0
352.942		241.825		2529		2		0
346.996		288.103		2609		2		0
346.572		309.066		2579		2		0
415.181		208.558		2589		2		0
443.626		230.421		2640		2		0
462.319		260.126		2604		2		0
467.208		273.327		2583		2		0
361.567		247.064		2720		2		0
402.964		294.006		2544		2		0
429.774		344.952		2380		2		0
420.374		335.383		2431		2		0
376.965		242.611		2682		2		0
414.853		291.169		0		2		0
430.411		336.143		2449		1		0
439.638		331.787		2512		2		0
386.718		210.356		2503		2		0
347.741		318.875		2612		2		0
342.01		309.38		2599		2		0
469.351		284.427		2610		2		0
473.111		272.778		2526		2		0
Frame 22
366.56		250.757		2693		2		0
373.62		232.281		2529		2		0
381.729		211.143		2487		2		0
398.827		195.25		2287		2		0
360.633		214.438		2457		2		0
342.928		257.644		2546		2		0
338.618		299.287		2606		2		0
338.912		311.606		2594		2		0
408.451		213.61		2586		2		0
442.227		232.92		2612		2		0
463.082		262.321		2587		2		0
468.193		274.047		2554		2		0
359.383		255.35		2718		2		0
407.775		298.877		2616		2		0
405.665		350.078		2310		1		0
423.487		339.41		2412		2		0
374.163		245.607		2682		2		0
421.65		280.809		2610		2		0
433.36		333.779		2484		2		0
443.364		328.668		2667		1		0
379.591		216.709		2498		2		0
339.322		318.721		2575		2		0
335.123		315.751		2589		2		0
469.998		285.166		2608		2		0
474.669		276.59		2527		2		0
Frame 23
360.774		256.547		2691		2		0
365.584		238.574		2526		2		0
371.199		217.711		2483		2		0
389.437		202.743		2290		2		0
351.447		222.827		2466		2		0
335.639		263.62		2551		2		0
331.306		299.456		2620		2		0
331.204		310.56		2628		2		0
398.395		219.892		2595		1		0
430.908		228.293		2613		2		0
461.158		262.509		2552		2		0
466.808		271.9		2531		2		0
352.928		259.498		2717		2		0
410.83		287.882		2591		2		0
396.895		332.291		2453		1		0
419.684		337.335		2423		2		0
368.469		253.653		2700		2		0
419.698		291.285		2593		2		0
421.883		339.193		2416		2		0
433.566		333.171		2482		1		0
369.709		223.236		2509		2		0
325		319		2706		2		0
327.498		302.996		2655		2		0
471.246		283.879		2549		2		0
473.502		273.417		2494		2		0
Frame 24
353.241		264.667		2700		2		0
356.381		246.319		2536		2		0
360.015		225.245		2489		2		0
376.532		209.681		2313		2		0
341.117		232.694		2471		2		0
328.204		270.346		2550		2		0
326.183		302.83		2614		2		0
325.309		310.053		2626		2		0
393.244		220.434		2600		2		0
436.06		235.531		2580		2		0
461.16		266.143		2517		2		0
464.612		271.758		2507		2		0
347.288		269.019		2730		2		0
409.413		289.747		2599		2		0
401.219		333.948		2431		2		0
419.499		337.881		2419		2		0
359.043		260.428		2693		2		0
410.369		299.514		2651		1		0
431.99		340.44		2437		2		0
436.467		333.391		2482		2		0
359.054		230.803		2516		2		0
330.429		317.711		2713		2		0
328.251		301.499		2637		2		0
468.712		281.288		2520		2		0
469.903		271		2472		2		0
Frame 25
354.687		287.579		2698		2		0
351.175		261.589		2665		2		0
347.346		233.198		2500		2		0
361.804		217.572		2332		2		0
328.868		240.587		2477		2		0
321.514		274.639		2555		2		0
319.202		307.344		2609		2		0
319.804		310.289		2612		2		0
380.044		228.188		2622		1		0
422.002		236.327		2590		2		0
454.898		267.117		2502		2		0
459.162		269.97		2473		2		0
348.614		290.265		2690		2		0
412.753		293.373		2609		2		0
423.685		341.704		2400		1		0
439.553		343.631		2418		2		0
360.581		284.974		2746		2		0
409.625		307.605		2673		2		0
447.941		346.781		2413		2		0
433.339		342.97		2400		2		0
348.333		240.538		2521		2		0
321.499		318.666		2627		2		0
324.287		310.578		2660		2		0
464.19		278.413		2512		2		0
463.298		271.551		2468		2		0
Frame 26
345.736		291.965		2715		2		0
340.382		267.429		2670		2		0
334.533		240.626		2513		2		0
345.63		223.429		2348		2		0
315.807		247.616		2489		2		0
309.253		284.307		2580		2		0
314.99		316.784		2635		2		0
317.46		316.977		2635		1		0
367.547		235.352		2664		1		0
413.55		240.217		2593		1		0
444.026		265.858		2511		2		0
445.832		266.009		2501		2		0
337.407		295.836		2729		2		0
402.73		294.113		2615		2		0
414.6		342.477		2362		1		0
437.642		346.744		2357		2		0
353.825		288.209		2760		2		0
416.966		300.424		2689		2		0
432.291		341.467		2397		2		0
448.303		348.673		2364		2		0
336.043		247.555		2537		2		0
323		319		2678		2		0
319.335		313.667		2660		2		0
454.174		275.419		2477		2		0
451.681		263.635		2486		2		0
Frame 27
331.987		280.347		2670		2		0
326.631		264.704		2567		2		0
320.507		246.814		2519		2		0
329.697		230.233		2374		2		0
302.329		254.973		2506		2		0
297.851		291.093		2607		2		0
307.14		322.654		2723		1		0
314.461		329.542		2658		1		0
353.819		241.33		2689		1		0
392.991		242.153		2636		2		0
431.778		266.4		2537		2		0
434.815		268.921		2523		2		0
322.939		284.116		2693		2		0
377.927		296.248		2687		2		0
424.231		342.063		2391		2		0
447.329		346.637		2380		1		0
340.998		276.599		2711		2		0
400.392		301.718		2652		2		0
414.493		331.575		2452		2		0
435.867		340.788		2434		1		0
322.118		251.523		2545		2		0
319.964		331.389		2637		1		0
316.331		326.205		2657		1		0
442.542		276.641		2509		2		0
439.951		265.568		2519		2		0
Frame 28
332.349		303.119		2707		2		0
319.297		278.907		2629		2		0
305.222		252.805		2546		2		0
313.607		236.241		2397		2		0
289.862		262.545		2526		2		0
287.183		294.897		2616		2		0
299.422		324.707		2645		1		0
306.749		331.546		2567		1		0
331.576		247.139		2642		2		0
376.476		246.884		2670		2		0
420.912		272.093		2551		2		0
421.041		272.192		2547		2		0
324.603		309.199		2722		2		0
389.94		300.159		2644		2		0
424.46		342.183		2392		2		0
441.426		348.06		2342		2		0
339.967		297.146		2735		2		0
400.552		320.871		2590		1		0
429.197		331.672		2472		2		0
443.232		346.068		2373		1		0
308.84		259.517		2563		2		0
312.331		333.367		2528		1		0
308.658		328.202		2634		1		0
429.426		279.362		2544		2		0
425.694		269.475		2538		2		0
Frame 29
325.962		304.196		2727		2		0
310.299		282.999		2631		2		0
293.731		260.577		2575		2		0
297.353		241.714		2422		2		0
279.467		271.521		2544		2		0
281.705		310.291		2625		2		0
292.434		340.084		2380		1		0
299.754		346.767		2331		1		0
320.561		247.459		2688		2		0
358.729		250.334		2708		2		0
403.516		272.688		2587		2		0
409.613		275.507		2563		1		0
315.784		310.207		2713		2		0
380.856		303.071		2669		2		0
430.09		343.595		2380		1		0
446.714		349.107		2354		1		0
336.859		298.035		2749		2		0
392.413		317.55		2578		1		0
442.45		333.143		0		2		0
444.572		346.466		2376		1		0
297.961		266.301		2587		2		0
305.386		348.395		2300		1		0
301.695		343.362		2348		1		0
416.668		281.765		2547		2		0
412.579		271.003		2564		2		0
Frame 30
324.171		302.573		2737		2		0
302.592		285.211		2648		2		0
281.022		267.957		2598		2		0
282.31		249.055		2453		2		0
270.186		279.308		2565		2		0
274.667		313.793		2614		2		0
286.22		343.314		2368		1		0
293.641		350.031		2314		1		0
307.5		250.88		2728		2		0
345.093		253.694		2752		1		0
377.17		269.324		2649		2		0
391.651		274.802		2596		2		0
316.429		310.632		2727		2		0
379.05		296.621		2672		2		0
426.448		334.501		2453		1		0
442.961		339.974		2459		1		0
329.037		292.455		2783		2		0
388.081		318.986		2596		1		0
425.095		326.534		2533		2		0
438.847		343.12		2424		1		0
286.505		272.341		2607		2		0
299.391		351.634		2327		1		0
295.632		346.58		2330		1		0
403.201		281.6		2575		2		0
395.855		274.426		2587		2		0
Frame 31
314.794		304.692		2753		2		0
292.614		289.448		2678		2		0
269.465		273.547		2622		2		0
267.268		255.803		2466		2		0
258.784		289.131		2570		2		0
273.668		321.931		2635		1		0
284.629		351.768		2316		1		0
292.063		358.418		2326		1		0
291.477		260.035		2742		2		0
334.8		265.044		2777		2		0
368.579		273.535		2675		1		0
378.214		279.35		2630		1		0
308.293		314.599		2740		2		0
369.354		296.602		2694		2		0
425.213		330.45		2487		1		0
439.531		344.24		2427		1		0
321.123		295.054		2757		2		0
382.265		314.727		2598		1		0
418.503		321.814		2617		1		0
431.759		336.098		2440		1		0
275.347		277.584		2629		2		0
297.833		359.917		2320		1		0
294.066		354.926		2332		1		0
388.146		280.291		2637		2		0
380.757		271.515		2635		2		0
Frame 32
311.311		304.472		2755		2		0
286.982		291.913		2713		2		0
261.455		278.757		2613		2		0
251.552		262.846		2476		2		0
250.967		296.136		2594		2		0
278.538		317.084		2620		2		0
326.01		316.462		2614		2		0
339.263		311.44		2592		2		0
278.26		260.304		2745		2		0
316.745		263.462		2812		2		0
359.817		274.913		2680		2		0
366.084		279.177		2655		2		0
304.97		315.533		2751		2		0
363.831		291.941		2735		2		0
417.329		338.676		2420		2		0
431.038		339.264		2434		2		0
318.18		293.86		2782		2		0
378.851		311.98		2618		1		0
425.993		324.642		2580		2		0
437.194		337.921		2455		1		0
267.955		282.103		2649		2		0
351.882		309.185		2592		2		0
331.154		302.199		2701		2		0
374.999		279.804		2680		2		0
368.928		271.962		2669		2		0
Frame 33
311.413		300.597		2744		2		0
283.494		291.66		2736		2		0
251.891		283.423		2632		2		0
238.757		270.004		2506		2		0
244.092		304.053		2611		2		0
276.644		316.352		2616		2		0
312.966		316.195		2592		2		0
324.147		312.644		2573		1		0
267.667		264.175		2767		2		0
302.804		262.631		2835		2		0
344.052		271.079		2725		2		0
352.229		275.158		2692		1		0
308.429		309.19		2744		2		0
368.736		291.114		2760		1		0
423.272		335.203		2454		2		0
438.465		343.122		2429		2		0
315.019		290.509		2810		2		0
375.209		309.999		2700		1		0
438.154		340.184		2448		2		0
424.628		345.055		2390		2		0
259.585		285.482		2685		2		0
339		315		2574		2		0
327.001		317.637		2648		2		0
364.944		276.649		2692		2		0
352.194		268.574		2702		2		0
Frame 34
307.516		289.609		2816		2		0
278.268		287.569		2783		2		0
248.552		285.135		2711		2		0
231.931		276.151		2537		2		0
241.399		308.084		2625		2		0
275.276		315.495		2620		2		0
316.01		307.873		2574		2		0
323.976		306.06		2563		2		0
255.398		268.418		2785		2		0
289.702		263.868		2848		2		0
333.828		266.988		2747		2		0
342.489		271.061		2724		1		0
307.456		299.339		2776		2		0
367.822		281.986		2761		2		0
417.509		288.722		2688		2		0
432.716		274.671		2659		2		0
307.575		280.015		2862		2		0
366.734		301.544		2601		1		0
430.237		333.202		2465		1		0
416.516		337.83		2434		1		0
256.595		285.884		2714		2		0
336.132		309.942		2640		2		0
317.075		314		2705		2		0
355.94		271.125		2714		2		0
345.038		265.155		2712		2		0
Frame 35
301.51		286.311		2837		2		0
270.079		290.177		2796		2		0
237.37		294.283		2673		2		0
221.364		286.784		2548		2		0
240.157		309.344		2644		2		0
274.231		315.187		2590		2		0
306.241		303.328		2568		2		0
312.784		301.415		2587		1		0
248.06		272.034		2811		2		0
285.274		265.208		2867		2		0
322.042		263.086		2768		2		0
330.44		267.678		2749		2		0
303.367		294.695		2800		2		0
362.833		274.328		2760		2		0
422.307		278.636		2658		2		0
427.959		263.113		2643		2		0
299.703		278.15		2880		2		0
359.251		297.248		2597		1		0
427.902		294.302		3541		1		0
429.015		279.734		2658		2		0
245.676		293.233		2715		2		0
324.102		302.248		2667		2		0
309.391		307.922		2697		2		0
342.22		267.689		2801		2		0
329.331		260.276		2752		2		0
Frame 36
301.094		290.331		2595		2		0
265.36		295.019		2790		2		0
228.87		299.616		2664		2		0
213.562		293.618		2573		2		0
239.151		310.422		2647		2		0
273.22		314.302		2575		2		0
301.941		295.788		2558		2		0
314.669		282.898		2547		2		0
239.564		275.506		2834		2		0
273.732		266.609		2885		2		0
307.376		261.959		2807		2		0
316.088		264.509		2800		1		0
302.831		297.226		2587		2		0
360.754		272.538		2762		2		0
410.242		280.389		0		2		0
418.934		262.046		2637		1		0
299.51		283.332		2848		2		0
343.372		293.37		2584		2		0
414.14		289.671		3615		1		0
418.856		274.671		2691		2		0
238.074		298.448		2716		2		0
323.452		275		2536		2		0
313.115		278.007		2577		2		0
327.135		264.352		2789		2		0
318.054		257.326		2778		2		0
Frame 37
294.092		289.683		2552		2		0
259.083		294.761		2791		2		0
223.307		300.055		2681		2		0
205.259		297.458		2586		2		0
238.277		309.702		2652		2		0
271.853		312.214		2593		2		0
296.552		287.828		2567		2		0
306.434		274.724		2529		2		0
232.513		277.091		2849		2		0
271.039		266.55		2909		2		0
300.513		259.587		2818		2		0
310.72		259.994		2795		1		0
296.068		296.937		2761		2		0
351.092		266.148		2751		2		0
408.767		269.542		2633		2		0
414.21		253.739		2654		1		0
292.169		282.622		0		2		0
333.435		289.997		2604		2		0
403.187		284.055		0		1		0
410.443		267.871		2648		2		0
232.426		298.716		2718		2		0
313.875		265.936		2535		2		0
307.7		268.589		2553		2		0
320.112		261.742		2814		2		0
317.901		253.699		2801		2		0
Frame 38
287.124		285.828		2560		2		0
253.376		292.56		2798		2		0
219.011		299.765		2688		2		0
200.609		297.247		2601		2		0
232.495		308.287		2639		1		0
264.381		304.901		2567		2		0
296.682		270.572		2530		2		0
301.333		264.452		2519		2		0
226.58		276.793		2876		2		0
259.171		265.675		2936		2		0
287.956		259.089		2882		1		0
291.499		259.424		2856		1		0
289.652		292.891		2775		2		0
346.168		266.54		2775		2		0
407.892		268.457		2700		2		0
413.313		252.649		2596		1		0
284.649		278.911		0		2		0
342.446		282.194		2580		2		0
404.339		259.852		2616		2		0
412.285		247.211		2593		2		0
227.76		297.99		2729		2		0
306.667		257.063		2521		2		0
301.811		260.062		2524		2		0
307.999		261.502		2534		2		0
291.057		255.118		2845		2		0
Frame 39
285.073		286.227		2805		2		0
251.817		293.064		2777		2		0
215.376		300.963		2714		2		0
195.279		298.784		2618		2		0
229.548		309.322		2628		1		0
262.033		299.318		2585		2		0
290.599		261.962		2532		2		0
294.765		255.259		2514		2		0
225.52		277.574		2880		2		0
257.821		265.849		2964		2		0
287.541		259.261		0		1		0
298.723		262.656		0		1		0
286.855		293.709		2781		2		0
342.169		263.543		2782		2		0
391.338		270.404		2725		1		0
404.2		256.325		2595		2		0
283.348		279.03		0		2		0
337.966		281.338		2577		2		0
393.723		259.14		2621		1		0
396.01		277.339		3939		1		0
224.794		298.908		2732		2		0
299.847		248.23		2533		2		0
295.548		258.764		2508		2		0
305.714		261		2818		2		0
292.888		255.291		2529		2		0
Frame 40
280.293		286.765		2803		2		0
248.074		293.976		2584		2		0
214.592		301.327		2752		2		0
194.783		298.98		2637		2		0
228.553		309.781		2616		1		0
254.398		297.654		2589		2		0
273.044		267.7		2537		2		0
283.528		252.738		2520		2		0
220.775		278.674		2903		2		0
255.695		266.284		2984		2		0
285.038		259.845		0		1		0
290.91		263.178		2864		1		0
283.214		294.168		2775		2		0
337.705		263.103		0		1		0
383.092		249.177		3932		2		0
399.247		246.841		2575		2		0
277.312		279.612		2864		2		0
334.371		279.144		2590		2		0
391.742		248.059		2634		2		0
405.772		249.152		2543		2		0
223.238		299.473		2702		2		0
291.116		243.115		2519		2		0
288.345		250.482		2506		2		0
300.333		258.333		2844		2		0
292.782		255.147		2890		2		0
Frame 41
279.597		287.072		2804		2		0
246.798		293.994		2570		2		0
212.697		300.915		2761		2		0
192.107		297.772		2644		2		0
226.504		309.328		2621		1		0
247.744		292.89		2562		2		0
270.394		256.575		2538		2		0
276.435		244.306		2523		2		0
221.208		278.228		2913		2		0
257.45		264.471		2990		2		0
286.581		258.112		2923		1		0
291.008		260.15		2864		1		0
282.229		294.336		2767		2		0
337.244		263.973		0		1		0
382.297		249.713		2613		1		0
395.199		245.343		2556		2		0
276.791		280.127		2844		2		0
333.546		278.504		2601		2		0
379.397		235.775		2695		2		0
395.381		243.195		2557		2		0
221.275		299.161		2709		2		0
281.716		235.939		2543		2		0
279.882		244.647		2498		2		0
296.126		260.216		2823		2		0
292.95		250.201		2914		2		0
Frame 42
278.947		286.852		2811		2		0
245.813		293.667		2578		2		0
211.592		300.64		2774		2		0
191.66		297.631		2651		2		0
225.38		309.042		2616		1		0
245.428		291.749		2576		2		0
261.483		259.32		2550		2		0
267.369		243.009		2533		2		0
219.657		278.799		2932		2		0
250.899		266.926		3015		1		0
279.761		260.624		2992		1		0
284.244		262.857		2890		1		0
282.043		294.031		2740		2		0
315.517		272.801		2579		2		0
370.376		246.1		2712		2		0
386.71		241.822		2622		2		0
275.451		280.137		2863		2		0
331.495		277.689		2587		2		0
388.97		250.211		2557		2		0
398.198		238.858		2498		2		0
220.229		298.874		2712		2		0
272.898		233.098		2526		2		0
271.311		241.629		2505		2		0
293.666		255.666		2909		2		0
282.283		252.762		2957		2		0
Frame 43
278.448		286.741		2805		2		0
245.325		293.527		2593		2		0
211.172		300.51		2769		2		0
191.161		297.379		2665		2		0
225.234		309.001		2626		1		0
242.398		288.968		2564		2		0
259.058		246.87		2539		2		0
261.133		237.279		2523		2		0
219.669		278.809		2948		1		0
250.173		267.268		2541		1		0
278.974		260.981		2992		1		0
283.267		263.299		2877		1		0
281.799		293.887		2750		2		0
312.006		270.468		2588		2		0
368.361		240.689		2706		2		0
378.705		225.461		2625		2		0
274.953		280.058		2867		2		0
330.216		276.933		2579		2		0
379.845		248.16		2562		2		0
394.33		241.477		2491		2		0
219.796		298.741		2719		2		0
264.705		228.41		2540		2		0
264.126		236.874		2514		2		0
293		255		2911		2		0
281.158		253.537		3029		2		0
Frame 44
277.828		286.244		2815		2		0
243.573		292.906		2601		2		0
207.592		299.858		2771		2		0
189.659		296.913		2669		2		0
222.015		308.425		2630		1		0
240.696		288.464		2568		2		0
254.95		244.592		2549		2		0
255.364		235.413		2530		2		0
217.931		278.661		2971		1		0
248.621		267.564		2542		1		0
277.27		261.306		3017		1		0
281.308		264.85		2897		1		0
279.873		292.214		2758		2		0
308.2		272.899		2573		2		0
365.088		243.425		2689		2		0
377.067		227.433		2622		2		0
273.475		278.424		2900		2		0
332.077		275.63		2571		2		0
383.914		241.585		2519		2		0
400.741		239.92		3840		1		0
216.737		298.084		2727		2		0
258.375		225.873		2552		2		0
258.281		235.682		2522		2		0
286.447		264.787		2847		2		0
286.699		255.469		3022		2		0
Frame 45
277.708		286.188		2805		2		0
243.563		292.899		0		2		0
207.893		299.882		2791		2		0
189.748		296.899		2683		2		0
222.854		308.564		2644		1		0
238.758		288.092		2565		2		0
248.04		254.073		2548		2		0
250.838		237.327		2539		2		0
218.235		278.691		2977		1		0
245.317		267.438		2539		1		0
273.633		261.23		3048		1		0
277.468		265.658		2942		1		0
280.427		293.291		2735		2		0
313.448		268.494		2577		2		0
370.394		239.89		2687		2		0
378.272		226.138		2590		2		0
273.761		278.479		2899		2		0
328.354		273.257		2555		2		0
371.756		248.279		2550		2		0
372.745		266.824		4376		1		0
216.861		298.093		2717		2		0
254.18		227.033		2545		2		0
255.72		232.573		2519		2		0
285		260		2908		2		0
279.124		258.216		3029		2		0
Frame 46
276.367		286.441		2794		2		0
241.772		292.889		2621		2		0
206.379		299.602		2800		2		0
187.968		295.914		2697		2		0
221.576		308.345		2647		1		0
237.913		287.815		2571		2		0
247.381		252.726		2534		2		0
247.919		237.102		2540		2		0
216.779		278.5		2989		1		0
244.89		266.921		2544		1		0
273.056		260.733		3095		1		0
276.799		266.286		2942		1		0
279.401		294.012		2724		2		0
305.157		271.99		2570		2		0
363.463		243.775		2711		2		0
378.039		230.211		2599		2		0
273.351		278.547		2896		2		0
327.676		272.417		2549		2		0
371.633		248.181		2556		2		0
389.051		242.524		2442		2		0
215.32		297.888		2735		2		0
250.574		226		2541		2		0
252.002		232.816		2519		2		0
281.286		268.208		2892		2		0
281.665		262.667		2937		2		0
Frame 47
275.768		286.744		2817		2		0
240.754		293.044		2640		2		0
204.69		299.448		2797		2		0
186.684		295.301		2707		2		0
219.796		308.175		2649		1		0
237.136		287.617		2581		2		0
246.3		253.407		2543		2		0
246.632		238.168		2532		2		0
215.137		278.43		2996		1		0
253.568		268.353		3087		2		0
282.175		261.976		2984		1		0
280.461		261.678		3031		1		0
278.525		294.583		2726		2		0
304.992		272.162		2572		2		0
363.962		244.916		2709		1		0
378.598		231.317		2626		2		0
272.906		278.857		2909		2		0
327.316		272.593		2549		2		0
375.324		256.174		2511		2		0
388.506		244.267		2442		2		0
213.798		297.841		2744		2		0
248.62		226.952		2542		2		0
250.913		233.27		2527		2		0
281		263		2920		2		0
280.802		259.399		3048		2		0
Frame 48
273.094		289.126		2800		2		0
239.489		293.549		2609		2		0
204.335		299.154		2812		2		0
186.101		294.398		2720		2		0
219.447		308.027		2669		1		0
236.315		288.404		2584		2		0
245.868		253.266		2546		2		0
246.505		238.532		2538		2		0
214.817		278.322		3017		1		0
253.358		268.87		3101		2		0
281.982		262.556		3025		1		0
281.401		262.004		3025		1		0
276.218		297.28		2747		2		0
303.438		273.625		2578		2		0
363.442		248.482		2720		1		0
379.576		245.014		2634		2		0
270.147		281.09		2887		2		0
323.197		273.689		2568		2		0
370.914		257.904		2516		2		0
385.439		248.626		2473		2		0
213.28		297.656		2746		2		0
248.316		228		2552		2		0
249.535		236.265		2537		2		0
283		263		2923		2		0
282.401		259.398		3066		2		0
Frame 49
269.085		288.001		2840		2		0
237.521		293.278		2588		2		0
204.032		299.022		2810		2		0
185.471		294.272		2722		2		0
219.206		308		2662		1		0
236.266		288.627		2575		2		0
245.933		254.241		2536		2		0
247.745		240.148		2545		2		0
214.594		278.309		3025		1		0
253.284		270.168		3101		2		0
281.992		265.331		2962		2		0
282.288		263.847		3015		1		0
273.577		296.15		2784		2		0
302.757		276.059		2593		2		0
363.45		251.884		2712		1		0
381.27		241.652		2650		2		0
264.398		280.28		2966		2		0
316.414		279.156		2559		2		0
389.662		256.365		2473		2		0
398.329		247.013		2410		2		0
212.645		297.507		2745		2		0
249.898		229.948		2559		2		0
251.452		244.56		0		2		0
285.501		263.499		2933		2		0
285.666		260.666		3059		2		0
Frame 50
269.702		288.087		2867		2		0
237.593		293.263		2586		2		0
203.963		298.85		2809		2		0
185.479		292.345		2745		2		0
219.123		307.969		2670		1		0
236.61		288.595		2575		2		0
246.804		255.227		2558		2		0
249.466		241.832		2556		2		0
214.518		278.29		3027		1		0
253.25		270.426		3107		1		0
281.691		264.968		3026		1		0
283.274		265.1		3002		1		0
273.794		296.222		2787		2		0
304.027		277.806		2584		2		0
367.167		255.706		2731		2		0
388.027		254.116		2501		2		0
265.924		280.323		2977		2		0
319.395		278.645		2552		2		0
367.546		267.705		2525		2		0
384.167		260.162		2513		2		0
212.583		297.391		2753		2		0
251.506		232.064		2575		2		0
255.301		235.895		2593		2		0
288.5		264.5		2908		2		0
288.006		261.997		3030		2		0
Frame 51
270.235		287.686		2863		2		0
237.629		292.932		2589		2		0
203.656		298.044		2823		2		0
185.505		292.119		2756		2		0
210.72		303.031		2708		2		0
237.678		288.959		2579		2		0
249.137		255.927		2584		2		0
252.148		243.52		2569		2		0
216.751		277.745		3022		2		0
256.979		275.928		3112		2		0
283.491		260.798		3037		2		0
287.077		262.948		3020		1		0
271.542		291.216		2848		2		0
306.075		279.33		2593		2		0
369.378		258.347		2734		2		0
388.87		260.752		2556		2		0
270.877		282.991		2907		2		0
324.741		279.792		2562		2		0
373.172		266.649		2539		2		0
391.978		263.25		2510		2		0
212.314		296.731		2779		2		0
254.952		234.834		2589		2		0
256.002		245.17		0		2		0
299.499		259.497		2984		2		0
286.835		259.788		3038		2		0
Frame 52
278.119		285.399		2857		2		0
239.728		292.119		2588		2		0
203.706		297.989		2818		2		0
186.087		290.67		2768		2		0
210.755		303.058		2713		1		0
238.801		296.504		2591		2		0
252.14		262.956		2588		2		0
254.675		247.84		2580		2		0
221.186		278.721		2980		2		0
258.804		275.794		3102		2		0
283.465		260.869		3032		1		0
289.053		263.9		3006		1		0
276.246		291.125		2815		2		0
310.721		281.856		2594		2		0
373.927		260.047		0		1		0
394.481		263.718		2593		2		0
279.148		279.847		2921		2		0
336.907		279.612		2573		2		0
398.666		266.072		2509		2		0
409.54		275.767		2498		2		0
212.567		296.601		2794		2		0
257.954		237.317		2597		2		0
261.335		241.997		2630		2		0
301.001		260.828		2979		2		0
291.124		260.069		3060		2		0
Frame 53
277.035		285.661		2856		2		0
240.872		291.745		2593		2		0
203.911		297.943		2808		2		0
186.513		290.488		2768		2		0
210.934		303.103		2728		1		0
242.289		296.556		2584		2		0
254.024		262.292		2584		2		0
258.632		249.413		2588		2		0
221.081		278.191		2977		2		0
260.541		275.559		3087		1		0
284.747		260.635		3057		1		0
290.606		264.706		2999		1		0
278.395		292.312		2804		2		0
309.836		287.057		2623		2		0
370.931		273.02		2733		2		0
389.664		272.057		2655		2		0
275.72		279.228		2931		2		0
332.122		282.031		2567		2		0
403.719		274.358		2517		2		0
405.379		274.307		2510		2		0
213.081		296.447		2793		2		0
261.593		240		2609		2		0
264.558		245.107		2613		2		0
302.418		262.905		2975		2		0
289.64		259.997		0		2		0
Frame 54
278.207		286.054		2842		2		0
246.376		291.109		2586		2		0
212.839		295.792		2841		2		0
189.675		291.46		2769		2		0
220.396		301.11		2720		1		0
245.842		296.817		2587		2		0
261.045		261.406		2602		2		0
263.105		252.244		2588		2		0
221.178		277.743		2988		2		0
261.514		272.423		0		2		0
298.425		265.362		2968		2		0
301.883		267.719		2938		1		0
281.904		293.008		2793		2		0
325.501		282.142		2644		1		0
381.654		273.927		2736		2		0
398.189		276.358		2661		2		0
275.981		279.528		2955		2		0
333.493		285.403		2578		2		0
407.114		279.549		2522		2		0
407.611		279.894		2522		2		0
221.411		294.592		2787		2		0
266.774		243.232		2612		2		0
269.857		247.997		2619		2		0
309.821		266.565		2927		2		0
304.021		263.45		2957		2		0
Frame 55
277.045		287.347		2871		2		0
246.316		291.401		2632		2		0
213.852		295.949		2834		2		0
190.264		291.388		2771		2		0
212.351		302.544		2740		2		0
247.265		298.453		2592		2		0
264.309		262.316		2594		2		0
268.322		254.708		2580		2		0
221.154		277.639		2981		2		0
250.822		273.156		3051		2		0
290.118		266.014		2981		2		0
296.738		267.281		2976		1		0
276.146		294.565		2846		2		0
316.182		286.118		2736		1		0
371.896		277.811		2819		1		0
389.678		282.005		2707		2		0
276.576		281.112		2964		2		0
336.104		286.885		2703		2		0
405.991		281.498		2629		2		0
410.133		286.84		2553		2		0
221.96		294.767		2781		2		0
272.256		246.835		2617		2		0
273.066		254.805		2595		2		0
308.001		266.311		2931		2		0
299.074		264.166		2995		2		0
Frame 56
277.806		288.47		2872		2		0
243.347		292.511		2831		2		0
207.318		297.147		2841		2		0
189.3		290.839		2780		2		0
204.122		303.555		2879		1		0
240.304		310.031		2634		2		0
265.805		272.403		2564		2		0
272.132		260.881		2586		2		0
222.253		276.747		2985		2		0
252.62		272.567		3044		2		0
291.271		266.101		2981		2		0
297.741		270.436		2966		1		0
277.444		294.914		2843		2		0
330.842		288.772		2727		1		0
393.037		304.369		2612		2		0
412.721		298.656		2570		2		0
277.966		282.16		2955		2		0
340.027		284.644		2722		2		0
403.12		288.187		2687		1		0
411.228		293.37		2612		2		0
216.735		295.92		2821		2		0
277.672		251.381		2608		2		0
278.335		258.997		2587		2		0
310.215		267.213		2924		2		0
295.83		264.332		3004		2		0
Frame 57
282.831		289.376		2849		2		0
248.109		292.632		2836		2		0
214.315		295.922		2849		2		0
192.461		291.448		2767		2		0
211.36		302.272		2775		1		0
250.821		305.094		2598		2		0
270.966		277.23		2570		2		0
277.972		263.623		2592		2		0
224.139		275.068		2977		2		0
257.093		271.656		3037		2		0
296.371		268.454		2963		2		0
306.681		272.517		2916		2		0
279.945		295.568		2834		2		0
344.85		304.991		2584		2		0
404.796		309.452		2632		2		0
419.811		307.132		2572		2		0
285.34		283.232		2909		2		0
348.648		293.985		2744		2		0
397.318		295.186		2779		2		0
415.494		304.813		2618		2		0
222.666		295.131		2777		2		0
283.618		254.613		2613		2		0
285.303		260.293		2612		2		0
318.223		273.549		2887		2		0
305.661		266.493		2987		2		0
Frame 58
282.898		289.417		2868		2		0
247.912		292.533		2824		2		0
212.164		295.089		2844		2		0
193.157		291.412		2771		2		0
209.138		301.411		2844		1		0
249.911		308.57		2607		2		0
276.508		278.909		2565		2		0
283.624		267.351		2576		2		0
225.368		274.224		2981		2		0
258.344		271.704		3022		2		0
296.472		268.809		2943		2		0
308.049		273.663		2914		2		0
280.254		295.631		2839		2		0
337.226		307.176		2582		2		0
401.669		315.823		2655		2		0
422.247		320.152		2560		2		0
285.352		283.289		2907		2		0
345.147		291.844		2722		2		0
394.274		300.076		2785		1		0
394.514		317.629		2637		1		0
221.282		294.544		2810		2		0
290.158		259.002		2602		2		0
291.602		263.789		2592		2		0
319.691		274.995		2889		2		0
309.273		268.584		2944		2		0
Frame 59
285.759		291.287		2852		2		0
250.413		292.852		2819		2		0
216.032		294.387		2838		2		0
194.204		291.814		2770		2		0
223.872		304.851		2705		2		0
253.936		312.86		2604		2		0
279.85		289.94		2603		2		0
287.014		274.823		2576		2		0
226.334		273.885		2973		2		0
259.745		271.329		3008		2		0
288.945		266.205		2570		2		0
304.94		272.173		2924		1		0
283.59		297.742		2822		2		0
337.748		307.524		2583		2		0
403.555		317.363		2647		2		0
404.005		335.461		2447		2		0
288.091		285.137		2875		2		0
345.008		291.987		2730		2		0
402.518		304.553		2770		2		0
413.93		308.086		2718		2		0
224.475		294.081		2787		2		0
295.654		267.058		2581		2		0
294.503		272.892		2562		2		0
312.5		271.496		2903		2		0
309.389		268.997		0		2		0
Frame 60
286.997		291.965		2681		2		0
250.43		292.977		2817		2		0
214.596		294.332		2826		2		0
195.095		291.865		2755		2		0
224.375		304.852		2703		2		0
254.42		313.179		2600		2		0
283.539		288.741		2571		2		0
293.884		276.931		2558		2		0
227.39		273.414		2962		2		0
264.291		270.702		2999		2		0
294.472		275.649		2557		1		0
307.603		277.243		2906		1		0
286.119		298.908		2814		2		0
337.995		307.849		2583		2		0
403.85		317.344		2649		2		0
422.942		315.871		2578		2		0
288.401		285.393		2581		2		0
352.583		297.341		2746		2		0
410.463		303.307		2728		2		0
418.838		309.151		0		2		0
223.738		294.072		2805		2		0
301.754		267.752		2574		2		0
299.413		277.877		2549		2		0
317.334		276.667		2900		2		0
307.902		270.997		2926		2		0
Frame 61
288.866		296.15		2619		2		0
250.867		294.241		2786		2		0
214.421		294.235		2820		2		0
195.628		291.858		2750		2		0
225.065		305.176		2700		2		0
255.191		313.827		2596		2		0
288.896		289.934		2529		2		0
299.456		281.416		2552		2		0
228.49		273.435		2949		2		0
264.428		270.697		2982		2		0
294.238		272.16		2929		2		0
297.785		271.045		2918		2		0
287.486		302.639		2769		2		0
343.806		308.565		2563		2		0
408.654		318.14		2635		2		0
424.096		313.56		2569		2		0
290.212		289.633		2551		2		0
355.67		297.581		2740		2		0
411.011		304.362		2730		2		0
421.816		309.246		2609		2		0
223.578		294.129		2807		2		0
307.002		273.999		2569		2		0
303.708		284.098		2549		2		0
311.249		272.425		2888		2		0
298.897		267.428		2934		2		0
Frame 62
290.539		297.136		2573		2		0
251.937		295.085		2780		2		0
214.542		294.165		2810		2		0
195.981		291.751		2736		2		0
226.404		305.564		2701		2		0
256.686		314.743		2601		2		0
296.958		291.798		2546		2		0
304.44		286.151		2540		2		0
229.034		273.417		2942		2		0
265.096		270.82		2971		2		0
303.915		271.207		2894		2		0
316.455		274.111		2860		2		0
289.257		304.041		2733		2		0
344.055		308.468		2552		2		0
408.454		316.194		2631		2		0
424.826		312.657		2579		2		0
291.816		290.379		2571		2		0
357.77		298.021		2743		2		0
411.024		304.43		2739		2		0
422.897		308.81		2641		2		0
223.816		294.212		2811		2		0
312.337		279.869		2566		2		0
308.143		289.282		2536		2		0
326.268		277.523		2856		2		0
317.829		270.253		2881		2		0
Frame 63
292.461		294.311		0		2		0
252.858		294.431		2794		2		0
214.838		294.179		2790		2		0
196.458		291.986		2723		2		0
227.169		305.763		2695		2		0
257.513		315.258		2597		2		0
298.304		294.43		2544		2		0
307.863		291.32		2537		2		0
230.019		273.27		2929		2		0
266.472		270.629		2968		2		0
303.956		271.039		2892		2		0
315.746		274.79		2857		2		0
292.062		301.863		2570		2		0
344.17		308.247		2554		2		0
408.318		316.309		2633		2		0
425.017		312.504		2572		2		0
293.062		286.611		2839		2		0
358.711		298.02		2729		2		0
411.724		305.702		2742		2		0
424.502		308.574		2651		2		0
224.27		294.146		2800		2		0
316.601		285.665		2555		2		0
310.584		295.272		2533		2		0
327.357		276.421		2844		2		0
317.328		280.663		2813		2		0
Frame 64
292.696		294.376		2773		2		0
253.681		294.402		2783		2		0
215.791		294.224		2788		2		0
197.394		292.072		2714		2		0
228.102		305.997		2687		2		0
258.862		314.965		2587		2		0
300.229		299.787		2530		2		0
310.966		296.535		2523		2		0
233.093		272.841		2914		2		0
267.348		270.368		2952		2		0
299.743		274.479		2902		2		0
311.648		275.571		2877		2		0
292.113		302.062		2553		2		0
344.46		308.047		2544		2		0
408.218		316.323		2630		2		0
425.132		312.653		2583		2		0
293.522		286.605		2835		2		0
359.391		298.285		2710		2		0
411.722		305.706		2739		2		0
425.122		307.529		0		2		0
225.23		294.217		2791		2		0
320.064		291.124		2548		2		0
315.193		303.203		2604		2		0
323.097		274.404		2838		2		0
310.043		284.06		2800		2		0
Frame 65
293.327		294.806		2771		2		0
254.135		294.74		2781		2		0
215.9		294.57		2787		2		0
197.597		292.252		2705		2		0
228.649		306.195		2682		2		0
261.428		313.376		2576		2		0
301.582		302.303		2538		2		0
312.608		301.449		2522		2		0
232.313		273.119		2896		2		0
267.716		270.393		2943		2		0
305.864		270.636		2877		2		0
318.236		276.096		2838		2		0
293.056		302.648		2581		2		0
344.544		307.909		2555		2		0
409.014		316.43		2636		2		0
425.158		312.651		2580		2		0
293.835		286.996		2831		2		0
359.839		298.601		2712		2		0
411.362		300.055		2759		2		0
420.327		306.949		2699		2		0
225.417		294.574		2789		2		0
322.668		297.141		2539		2		0
310.978		308.834		2578		2		0
329.615		277.844		2822		2		0
315.296		282.383		2796		2		0
Frame 66
293.988		295.739		2772		2		0
254.638		295.252		2780		2		0
216.12		294.812		2786		2		0
197.634		292.694		2683		2		0
228.935		306.382		2680		2		0
261.738		313.369		2580		2		0
303.941		305.393		2526		2		0
314.323		306.026		2514		2		0
231.967		273.364		2896		2		0
268.033		270.521		2937		2		0
304.463		271.032		2874		2		0
316.694		276.59		2835		1		0
293.751		303.613		2727		2		0
344.539		307.726		2550		2		0
409.363		316.191		2628		2		0
425.176		312.622		2589		2		0
294.372		288.03		2827		2		0
360.693		299.547		2696		2		0
411.443		300.19		2756		2		0
420.674		306.872		2703		2		0
225.705		294.893		2782		2		0
324.581		302.472		2535		2		0
315.288		312.238		2545		2		0
327.956		277.649		2818		2		0
316.728		282.533		2793		2		0
Frame 67
292.299		292.399		2788		2		0
254.494		294.573		2780		2		0
216.206		294.801		2769		2		0
197.672		293.418		2687		2		0
229.201		306.817		2679		2		0
260.057		317.813		2572		2		0
303.956		311.51		2521		2		0
315.761		310.072		2503		2		0
232.171		273.422		2882		2		0
268.131		270.782		2922		2		0
303.843		272.404		2848		2		0
315.656		277.756		2831		1		0
293.792		301.906		2746		2		0
344.421		307.492		2549		2		0
409.258		315.985		2628		2		0
425.199		312.734		2578		2		0
290.095		282.944		2876		2		0
354.622		299.1		2668		2		0
411.254		300.324		2750		2		0
420.703		307.789		2684		2		0
225.739		294.77		2778		2		0
326.098		307.282		2541		2		0
317.25		315.638		2515		2		0
327		278.316		2802		2		0
312.431		284.24		2791		2		0
Frame 68
292.196		292.329		2779		2		0
254.434		294.415		2773		2		0
216.268		295.004		2767		2		0
197.623		294.139		2671		2		0
229.395		307.06		2681		2		0
260.077		318.225		2572		2		0
304.076		312.69		2522		2		0
315.284		312.79		2507		2		0
232.091		273.267		2862		2		0
267.607		271.029		2915		2		0
303.963		272.874		2845		2		0
316.159		278.077		2822		1		0
294.14		301.789		2749		2		0
344.405		307.436		2545		2		0
409.31		315.483		2630		2		0
425.192		312.763		2577		2		0
289.697		282.889		2886		2		0
354.171		299.604		2679		2		0
411.274		300.438		2750		2		0
420.671		307.593		2700		2		0
225.767		294.799		2775		2		0
325.835		310.827		2540		2		0
317.048		316.953		2505		2		0
328		279.497		2801		2		0
313.385		284.439		2782		2		0
Frame 69
292.327		292.637		2781		2		0
254.429		294.404		2774		2		0
216.258		295.003		2760		2		0
197.998		295.062		2678		2		0
229.383		307.086		2684		2		0
261.163		316.436		2574		2		0
304.439		316.121		2517		2		0
315.558		314.358		2516		2		0
232.014		273.242		2860		2		0
267.497		271.269		2908		2		0
298.278		271.218		2854		2		0
310.236		276.442		2826		1		0
294.182		302.014		2745		2		0
351.157		306.739		2565		2		0
418.176		315.479		2598		2		0
432.325		309.986		0		2		0
290.313		283.554		2848		2		0
355.251		299.909		2677		2		0
411.162		300.795		2749		2		0
421.134		308.043		2706		2		0
225.756		294.797		2769		2		0
325.69		314.184		2537		2		0
315.502		320.09		2504		2		0
322.031		277.155		2792		2		0
308.489		282.499		2806		2		0
Frame 70
292.382		292.903		2767		2		0
254.413		294.399		2771		2		0
216.24		295.003		2759		2		0
198.072		295.516		2675		2		0
229.243		307.496		2684		2		0
261.605		318.163		2564		2		0
304.487		316.613		2527		2		0
314.336		314.932		2521		2		0
231.897		273.306		2851		2		0
268.044		271.338		2897		2		0
299.163		271.056		2853		2		0
311.192		276.46		2821		1		0
294.18		302.243		2741		2		0
351.049		306.814		2568		2		0
418.107		315.559		2602		1		0
432.38		310.443		0		2		0
290.531		283.886		2847		2		0
355.761		300.101		2676		2		0
420.902		307.812		2690		2		0
421.782		308.488		2700		2		0
225.737		294.801		2765		2		0
327.333		312.333		2579		2		0
315.901		321.487		2506		2		0
322.965		276.655		2785		2		0
309.799		282.424		2799		2		0
Frame 71
291.949		294.551		2767		2		0
253.978		295.116		2758		2		0
215.741		295.558		2749		2		0
196.957		296.644		2662		2		0
228.326		308.101		2677		2		0
263.257		313.841		2716		2		0
304.722		317.258		2520		2		0
313.467		314.971		2543		2		0
230.801		273.735		2844		2		0
268.228		271.365		2892		2		0
300.753		272.32		2817		2		0
312.597		277.695		2810		1		0
293.542		303.975		2742		2		0
344.784		305.323		2549		2		0
402.7		312.65		2633		2		0
424.307		313.09		2574		2		0
290.377		285.453		2825		2		0
356.336		300.364		2680		2		0
420.817		307.814		2691		1		0
421.714		308.371		2676		2		0
225.27		295.457		2755		2		0
322.728		317.36		2543		2		0
310.422		321.596		2507		2		0
324.069		278.237		2784		2		0
312.494		284.5		2765		2		0
Frame 72
291.93		294.596		2753		2		0
253.767		295.196		2752		2		0
215.363		295.741		2751		2		0
196.373		297.737		2658		2		0
229.38		308.492		2677		2		0
261.471		316.978		2588		2		0
304.411		317.734		2526		2		0
312.421		316.331		2534		2		0
230.558		273.794		2833		2		0
268.334		271.458		2873		2		0
300.567		272.472		2815		2		0
312.406		277.82		2797		1		0
293.53		304.063		2727		2		0
344.672		305.397		2550		2		0
402.939		312.725		2640		2		0
424.509		313.177		2579		2		0
290.357		285.42		2827		2		0
356.429		300.406		2683		2		0
422.394		314.747		2583		2		0
420.346		304.257		2669		2		0
224.954		295.605		2749		2		0
322.501		320.299		2542		2		0
312.395		322.435		2508		2		0
324		278.317		2770		2		0
309.612		284.218		2771		2		0
Frame 73
291.37		295.006		2746		2		0
253.172		295.589		2749		2		0
214.849		296.146		2741		2		0
195.712		298.809		2658		2		0
228.637		308.807		2670		2		0
259.86		318.729		2569		2		0
303.922		318.191		2517		2		0
311.906		316.187		2531		2		0
229.825		273.908		2829		2		0
268.568		271.577		2861		2		0
300.17		272.726		2807		2		0
312.326		277.999		2791		1		0
292.974		304.441		2726		2		0
344.388		306.001		2544		2		0
403.379		313.114		2643		2		0
424.967		313.267		2568		2		0
289.83		285.834		2818		2		0
356.161		300.431		2673		2		0
416.779		320.011		2601		2		0
421.594		305.913		2675		2		0
224.431		296.003		2745		2		0
321.814		319.998		2540		2		0
312.911		322.637		2505		2		0
323.966		278.654		2760		2		0
311.559		284.172		2754		2		0
Frame 74
291.252		295.163		2740		2		0
252.873		296.085		2741		2		0
214.258		297.223		2738		2		0
194.786		299.465		2675		2		0
228.74		309.29		2663		2		0
265.075		319.25		2545		2		0
303.957		318.35		2512		2		0
312.113		316.037		2525		2		0
229.359		274.371		2812		2		0
268.465		271.591		2858		2		0
300.06		273.332		2812		2		0
312.3		278.707		2788		1		0
292.887		304.611		2724		2		0
351.918		305.803		2587		2		0
403.188		313.025		2640		2		0
424.731		313.396		2575		2		0
289.674		285.967		2807		2		0
356.227		300.464		2677		2		0
422.654		314.553		2576		2		0
419.922		304.43		2685		2		0
223.933		296.911		2738		2		0
322.609		318.689		2546		2		0
313.023		322.533		2511		2		0
324.108		279.386		2766		2		0
308.87		285.461		2768		2		0
Frame 75
291.121		295.279		2744		2		0
252.659		296.214		2731		2		0
214.017		297.328		2735		2		0
194.622		300.17		2654		2		0
228.663		309.804		2662		2		0
270.313		317.634		2547		2		0
306.191		318.513		2515		2		0
314.122		315.124		2522		2		0
228.927		274.632		2812		2		0
267.982		271.702		2848		2		0
303.032		274.939		2790		2		0
315.673		280.323		2777		1		0
292.757		304.742		2723		2		0
351.905		305.821		2576		2		0
402.806		313.187		2635		2		0
424.274		313.091		2575		2		0
289.543		286.063		2807		2		0
356.3		300.444		2681		2		0
422.644		314.587		2575		2		0
419.512		304.34		2672		2		0
223.695		297.027		2734		2		0
330.25		315.25		2568		2		0
312.136		321.873		2503		2		0
327.292		281.69		2763		2		0
312.614		287.103		2738		2		0
Frame 76
291.041		295.165		2748		2		0
252.558		296.172		2734		2		0
213.856		297.362		2731		2		0
194.592		300.713		2639		2		0
228.664		310.432		2661		2		0
268.511		317.318		2544		2		0
304.746		318.033		2505		2		0
312.93		315.303		2515		2		0
229.049		274.903		2808		2		0
267.872		271.733		2843		2		0
303.009		274.903		2796		2		0
315.746		280.104		2771		1		0
292.742		304.714		2719		2		0
351.908		305.813		2585		1		0
402.832		313.239		2631		2		0
424.227		312.845		2571		2		0
289.348		285.813		2800		2		0
356.185		300.409		2670		2		0
422.619		314.598		2578		2		0
419.385		304.245		2684		2		0
223.554		297.041		2730		2		0
327		315		2572		2		0
313.739		320.443		2500		2		0
327.348		281.594		2762		2		0
313.18		286.523		2741		2		0
Frame 77
290.95		295.63		2745		2		0
252.511		296.31		2728		2		0
213.851		297.35		2728		2		0
194.699		301.035		2638		2		0
228.363		309.887		2663		2		0
266.532		317.387		2543		2		0
304.763		317.621		2502		2		0
313.007		315.437		2504		2		0
229.041		274.888		2795		2		0
267.671		271.615		2846		2		0
302.992		274.756		2793		2		0
315.725		279.935		2773		1		0
292.501		305.378		2721		2		0
344.033		309.954		2542		2		0
403.042		312.999		2648		2		0
424.442		313.16		2574		2		0
289.391		286.168		2794		2		0
356.41		300.564		2666		2		0
417.192		320.94		2597		2		0
421.337		306.866		2667		2		0
223.542		297.052		2728		2		0
322.802		314.1		2538		2		0
308.995		323		2548		2		0
327.293		281.691		2767		2		0
314.631		286.318		2732		2		0
Frame 78
290.751		295.309		2751		2		0
252.465		296.253		2727		2		0
213.849		297.353		2724		2		0
194.83		301.384		2640		2		0
228.369		309.916		2663		2		0
260.475		317.683		2554		2		0
304.35		317.329		2494		2		0
312.714		314.847		2499		2		0
229.025		274.877		2795		2		0
268.121		271.779		2839		2		0
303.137		274.681		2796		2		0
315.827		280.017		2775		1		0
292.649		305.218		2710		2		0
351.087		305.809		2588		2		0
407.288		307.437		2736		2		0
423.889		313.001		2579		2		0
288.262		285.309		2811		2		0
355.118		300.301		2668		2		0
415.488		323.326		2609		2		0
421.005		308.617		2695		2		0
223.533		297.047		2729		2		0
321.729		312.817		2535		2		0
318.5		306.499		2617		2		0
327.241		281.744		2771		2		0
313.184		286.253		2731		2		0
Frame 79
290.699		295.102		2733		2		0
252.446		296.175		2720		2		0
213.859		297.337		2722		2		0
194.943		301.597		2639		2		0
228.167		309.888		2656		2		0
260.305		317.523		2547		2		0
301.162		317.071		2493		2		0
311.395		314.569		2486		2		0
229.027		274.869		2793		2		0
268.009		271.827		2834		2		0
303.964		274.771		2785		2		0
316.785		280.165		2761		1		0
292.577		305.002		2710		2		0
352.547		306.882		2585		2		0
403.508		312.376		2644		2		0
424.93		313.669		2580		2		0
288.341		285.182		2809		2		0
355.307		300.417		2661		2		0
422.408		314.938		2585		2		0
420.139		304.383		2672		2		0
223.537		297.021		2729		2		0
321.617		312.23		2519		2		0
314.771		322.222		2600		2		0
328.241		281.742		2755		2		0
318.299		286.2		2726		2		0
Frame 80
290.754		295.681		2743		2		0
252.411		296.516		2726		2		0
213.807		297.502		2730		2		0
194.81		301.794		2640		2		0
227.947		310.03		2659		2		0
260.218		317.498		2546		2		0
300.22		316.691		2484		2		0
310.913		314.357		2481		2		0
229.094		275.037		2790		2		0
268.159		271.969		2835		2		0
303.892		274.752		2784		2		0
316.813		280.25		2770		1		0
292.527		305.497		2721		2		0
351.63		306.565		2576		2		0
411.162		306.788		2716		2		0
425.136		314.06		2574		2		0
288.819		286.129		2815		2		0
356.224		300.714		2663		2		0
416.518		324.592		2608		2		0
421.072		308.661		2708		2		0
223.484		297.232		2728		2		0
321.377		312.003		2514		2		0
314.226		319.896		2481		2		0
328.306		281.939		2757		2		0
316.074		286.481		2732		2		0
Frame 81
290.552		296.152		2746		2		0
252.245		296.941		2727		2		0
213.67		297.901		2726		2		0
194.457		301.946		2642		2		0
227.638		310.263		2657		2		0
260.041		317.545		2547		1		0
299.899		316.696		2478		2		0
310.725		314.544		2472		2		0
229.046		275.163		2791		2		0
268.214		272.103		2836		2		0
303.667		274.704		2781		2		0
316.841		280.196		2768		1		0
292.612		306.232		2718		2		0
351.435		306.066		2576		2		0
415.645		308.549		2702		2		0
427.765		315.57		2563		2		0
288.387		286.519		2810		2		0
355.936		300.695		2665		2		0
422.56		314.921		2586		2		0
420.055		304.036		2671		2		0
223.34		297.643		2728		2		0
320.752		312.099		2502		2		0
316.499		322		2585		2		0
328.241		281.744		2761		2		0
312.829		286.559		2737		2		0
Frame 82
290.783		296.329		2739		2		0
252.278		297.06		2721		2		0
213.571		297.984		2727		2		0
194.343		302.117		2634		2		0
227.491		310.388		2655		2		0
259.957		317.585		2547		1		0
301.149		316.606		2474		2		0
311.026		314.883		2466		2		0
229.173		275.322		2791		2		0
267.894		272.143		2831		2		0
303.654		274.655		2779		2		0
316.756		280.186		2771		1		0
292.718		306.431		2724		2		0
343.423		304.227		2569		2		0
404.121		306.873		2758		2		0
423.337		313.463		2583		2		0
288.848		286.641		2820		2		0
356.499		300.851		2658		2		0
422.548		314.927		2581		2		0
420.084		304.033		2671		2		0
223.274		297.735		2730		2		0
320.814		311.999		2506		2		0
312.905		320.702		2474		2		0
328.305		281.943		2759		2		0
314.406		286.437		2734		2		0
Frame 83
291.291		296.268		2740		2		0
252.42		297.142		2721		2		0
213.485		298.231		2720		2		0
194.18		302.296		2633		2		0
228.337		310.75		2662		2		0
263.945		315.34		2584		2		0
301.145		317.06		2471		2		0
310.921		315.637		2458		2		0
229.309		275.344		2793		2		0
267.974		272.19		2833		2		0
303.651		274.716		2778		2		0
316.771		280.18		2765		1		0
293.111		306.428		2722		2		0
343.866		304.15		2567		1		0
404.444		306.658		2758		2		0
423.488		313.374		2584		2		0
289.555		286.463		2801		2		0
357.221		300.999		2671		2		0
422.783		314.709		2581		1		0
419.803		303.768		2672		2		0
223.26		297.927		2727		2		0
320.447		312.555		2494		2		0
316.057		319.856		2481		2		0
328.293		281.689		2762		2		0
315.033		286.547		2734		2		0
Frame 84
291.423		296.218		2731		2		0
252.485		297.164		2717		2		0
213.479		298.313		2719		2		0
194.148		302.363		2636		2		0
228.661		310.874		2658		2		0
262.501		319.145		2524		2		0
300.736		317.604		2473		2		0
310.367		316.418		2461		2		0
229.37		275.357		2791		2		0
268.068		272.139		2834		2		0
304.251		274.876		2783		2		0
315.955		278.893		2769		1		0
293.225		306.386		2717		2		0
350.946		305.627		2569		2		0
409.683		307.621		2734		2		0
425.174		313.83		2566		2		0
289.698		286.397		2801		2		0
357.449		301.01		2671		2		0
422.767		314.762		2588		2		0
419.646		303.929		2678		2		0
223.271		297.995		2729		2		0
320.767		313.35		2490		2		0
312.824		321.48		2461		2		0
328.059		278.999		2758		2		0
314.992		284.458		2748		2		0
Frame 85
291.735		296.363		2740		2		0
252.592		297.242		2716		2		0
213.479		298.335		2726		2		0
194.159		302.436		2632		2		0
228.844		310.917		2657		1		0
262.338		319.131		2524		2		0
300.682		317.934		2472		2		0
310.434		316.988		2460		2		0
229.442		275.408		2794		2		0
268.094		272.139		2840		2		0
300.17		273.214		2800		2		0
312.425		278.988		2786		1		0
293.534		306.604		2719		2		0
350.87		307.582		2553		2		0
406.029		312.643		2647		2		0
425.224		313.993		2581		2		0
290.107		286.494		2808		2		0
357.986		301.168		2669		2		0
422.801		314.782		2584		1		0
419.645		303.945		2676		2		0
223.284		298.028		2727		2		0
320.815		313.809		2492		2		0
313.364		322.409		2460		2		0
323.969		279.155		2758		2		0
310.489		285.499		2754		2		0
Frame 86
291.745		296.497		2732		2		0
252.591		297.302		2720		2		0
213.468		298.342		2723		2		0
194.152		302.448		2638		2		0
228.913		310.919		2657		1		0
262.147		319.083		2524		1		0
300.631		318.211		2470		2		0
310.83		318.094		2455		2		0
229.411		275.423		2789		2		0
268.089		272.15		2839		2		0
300.166		273.586		2793		2		0
312.648		279.107		2784		1		0
293.52		306.834		2715		2		0
344.302		307.404		2539		2		0
404.083		307.173		2754		2		0
423.472		313.548		2586		2		0
290.114		286.545		2800		2		0
358.037		301.169		2677		2		0
422.791		314.805		2583		2		0
419.737		303.797		2669		2		0
223.272		298.045		2727		2		0
320.902		314.448		2490		2		0
311.804		326.437		2563		2		0
324.097		279.929		2769		2		0
309.766		285.443		2755		2		0
Frame 87
291.797		296.821		2743		2		0
252.601		297.422		2718		2		0
213.458		298.349		2721		2		0
194.172		302.526		2627		2		0
228.968		310.92		2657		1		0
262.014		319.049		2530		1		0
300.532		318.593		2467		2		0
310.551		318.602		2455		2		0
229.374		275.461		2790		2		0
268.219		272.195		2838		2		0
300.287		273.643		2797		2		0
312.692		279.171		2778		1		0
293.483		307.196		2714		2		0
344.195		309.068		2537		2		0
403.679		307.357		2764		2		0
423.385		313.564		2582		2		0
290.22		286.817		2794		2		0
358.226		301.304		2676		2		0
422.672		314.805		2579		2		0
420.083		303.984		2668		2		0
223.262		298.068		2726		2		0
320.885		314.943		2490		2		0
308.674		326.454		2560		2		0
324.134		279.958		2761		2		0
311.36		285.518		2743		2		0
Frame 88
291.767		296.846		2740		2		0
252.605		297.404		2721		2		0
213.566		298.117		2725		2		0
194.406		302.519		2640		2		0
228.96		310.366		2661		1		0
261.351		318.211		2535		1		0
300.509		318.751		2472		2		0
310.668		318.664		2469		2		0
229.181		275.267		2795		2		0
268.257		272.201		2844		2		0
304.987		275.149		2781		2		0
317.575		280.245		2768		2		0
293.422		307.227		2713		2		0
351.992		307.326		2558		2		0
403.76		312.188		2642		2		0
425.031		314.876		2562		2		0
290.194		286.845		2798		2		0
358.193		301.756		2675		2		0
422.672		314.801		2588		2		0
420.145		303.957		2673		2		0
223.327		297.926		2730		2		0
320.767		315.176		2491		2		0
308.143		326.449		2565		2		0
328.926		280.951		2756		2		0
318.68		286.09		2729		2		0
Frame 89
291.773		296.858		2739		2		0
252.648		297.376		2726		2		0
213.675		297.949		2731		2		0
194.592		302.535		2640		2		0
228.813		309.977		2659		1		0
260.015		318.439		2531		2		0
300.453		318.806		2470		2		0
310.801		317.92		2466		2		0
229.143		275.168		2789		2		0
268.294		272.203		2838		2		0
304.625		275.091		2785		2		0
317.474		280.248		2765		1		0
293.416		307.242		2715		2		0
351.992		307.361		2555		2		0
403.789		312.362		2650		2		0
425.029		314.854		2570		2		0
290.222		286.865		2792		2		0
358.345		301.661		2680		2		0
422.551		314.843		2579		2		0
420.123		303.771		2666		2		0
223.417		297.804		2725		2		0
320.802		314.596		2499		2		0
311.823		326.416		2570		2		0
328.884		281.334		2766		2		0
316.995		286.208		2730		2		0
Frame 90
291.919		296.914		2736		2		0
252.689		297.429		2727		2		0
213.606		298.059		2722		2		0
194.481		302.579		2638		2		0
228.568		310.071		2663		1		0
257.033		324.583		2548		2		0
300.396		318.836		2471		2		0
310.366		317.068		2470		2		0
229.23		275.255		2791		2		0
268.236		272.225		2838		2		0
304.635		275.036		2781		2		0
317.47		280.163		2762		1		0
293.537		307.324		2723		2		0
352.027		307.054		2569		2		0
403.985		313.217		2639		2		0
425.512		314.842		2570		2		0
290.391		286.881		2799		2		0
358.629		301.468		2679		2		0
417.815		320.582		2604		2		0
421.544		306.348		2684		2		0
223.391		297.887		2731		2		0
320.664		314.126		2503		2		0
313.119		322.589		2472		2		0
328.875		281.364		2754		2		0
316.493		286.499		2740		2		0
Frame 91
291.887		296.84		2740		2		0
252.712		297.328		2722		2		0
213.67		297.929		2726		2		0
194.614		302.565		2638		2		0
228.437		309.786		2659		1		0
256.665		324.547		2549		2		0
300.318		318.812		2476		2		0
310.413		316.577		2476		2		0
229.157		275.181		2793		2		0
268.419		272.216		2840		2		0
304.675		275.034		2779		2		0
317.455		280.172		2768		1		0
293.516		307.216		2723		2		0
344.611		307.395		2543		2		0
403.757		312.819		2646		2		0
425.204		314.526		2567		2		0
290.34		286.807		2800		2		0
358.597		301.402		2682		2		0
422.445		314.425		2581		2		0
419.933		303.562		2673		2		0
223.443		297.766		2735		2		0
320.606		313.539		2516		2		0
311.745		322.876		2482		2		0
328.788		281.13		2769		2		0
315.184		286.258		2739		2		0
Frame 92
291.728		296.658		2746		2		0
252.701		297.212		2723		2		0
213.737		297.843		2730		2		0
194.741		302.641		2642		2		0
228.345		309.604		2663		1		0
256.466		324.485		2548		2		0
301.148		318.606		2484		2		0
310.682		316.344		2480		2		0
229.164		275.136		2796		2		0
268.43		272.242		2844		2		0
304.691		275.007		2793		2		0
317.502		280.09		2767		1		0
293.278		306.885		2723		2		0
351.715		307.514		2551		2		0
403.746		312.733		2641		2		0
425.22		314.556		2566		2		0
290.23		286.71		2796		2		0
358.551		301.318		2683		2		0
425.406		326.017		2638		2		0
420.905		307.677		2691		2		0
223.49		297.675		2733		2		0
320.64		313.251		2512		2		0
312.292		321.726		2477		2		0
328.888		281.503		2765		2		0
316.007		286.512		2733		2		0
Frame 93
291.098		296.758		2734		2		0
252.565		297.19		2723		2		0
213.776		297.764		2734		2		0
194.827		302.68		2646		2		0
228.211		309.654		2660		2		0
256.452		324.414		2550		2		0
301.212		318.474		2485		2		0
310.719		315.948		2486		2		0
229.167		275.104		2798		2		0
268.456		272.238		2844		2		0
304.33		274.876		2789		2		0
317.535		280.197		2769		1		0
293.175		306.886		2723		2		0
344.799		307.006		2543		2		0
404.249		312.885		2653		2		0
425.61		314.6		2566		2		0
288.62		287.026		2817		2		0
356.92		301.011		2681		2		0
423.078		314.67		2578		2		0
419.993		304.399		2680		2		0
223.492		297.615		2731		2		0
320.644		312.284		2521		2		0
315.138		321.402		2484		2		0
328.801		281.051		2771		2		0
319.765		286.154		2729		2		0
Frame 94
291.021		296.712		2741		2		0
252.542		297.13		2725		2		0
213.826		297.683		2730		2		0
194.914		302.668		2642		2		0
228.152		309.615		2660		1		0
256.39		324.397		2558		2		0
301.518		318.118		2482		2		0
310.856		315.776		2484		2		0
229.16		275.059		2800		2		0
268.58		272.262		2843		2		0
304.211		274.825		2782		2		0
316.754		280.18		2775		1		0
293.208		306.825		2720		2		0
344.777		306.994		2546		2		0
405.06		307.369		2747		2		0
423.965		313.987		2585		2		0
288.49		286.966		2819		2		0
356.814		300.919		2678		2		0
418.689		319.664		2593		2		0
422.23		305.15		2676		2		0
223.523		297.54		2730		2		0
320.581		312.225		2523		2		0
315.495		323		2521		2		0
327.966		280.64		2765		2		0
314.488		286.499		2741		2		0
Frame 95
290.887		296.404		2755		2		0
252.5		296.98		2733		2		0
213.847		297.635		2734		2		0
194.963		302.659		2639		2		0
228.081		309.544		2660		1		0
256.282		324.368		2558		2		0
301.245		318.109		2484		2		0
310.863		315.53		2487		2		0
229.123		275.021		2799		2		0
268.104		272.356		2849		2		0
304.087		274.717		2788		2		0
316.696		280.03		2776		1		0
293.247		306.477		2720		2		0
344.755		306.986		2553		2		0
404.819		307.744		2756		2		0
423.675		313.912		2582		2		0
288.281		286.656		2814		2		0
356.563		300.852		2679		2		0
412.487		314.492		2626		2		0
424.922		306.737		0		2		0
223.533		297.471		2730		2		0
320.642		312.714		2520		2		0
315.539		323		2589		2		0
328.037		280.71		2762		2		0
314.754		286.333		2745		2		0
Frame 96
290.994		296.162		2745		2		0
252.525		296.89		2729		2		0
213.872		297.59		2732		2		0
195.012		302.656		2637		2		0
228.032		309.458		2664		1		0
256.571		323.689		2548		2		0
297.556		318.161		2478		2		0
310.523		315.738		2486		2		0
229.099		275.005		2797		2		0
268.125		272.355		2848		2		0
304.069		274.73		2795		2		0
316.677		279.988		2768		1		0
293.178		306.056		2711		2		0
344.477		305.875		2554		2		0
404.716		307.486		2746		2		0
423.476		313.731		2585		2		0
288.752		286.46		2813		2		0
357.107		300.946		2675		2		0
420.166		306.722		2678		2		0
423.884		312.963		2590		2		0
223.553		297.419		2735		2		0
320.668		312.222		2518		2		0
311.239		323		2529		2		0
327.965		280.642		2763		2		0
313.831		286.225		2743		2		0
Frame 97
291.166		296.068		2733		2		0
252.595		296.828		2731		2		0
213.893		297.561		2725		2		0
195.055		302.66		2633		2		0
227.997		309.386		2662		1		0
258.517		318.515		2553		2		0
293.498		318.335		2488		2		0
309.048		315.885		2488		2		0
229.091		274.994		2806		2		0
268.14		272.364		2849		2		0
303.84		274.586		2787		2		0
316.569		280.01		2770		1		0
293.237		305.981		2726		2		0
344.504		306.224		2546		2		0
407.69		313.964		2640		2		0
425.469		314.01		2573		2		0
289.164		286.345		2808		2		0
357.537		301.036		2682		2		0
420.163		306.711		2679		2		0
423.818		313.149		2589		2		0
223.585		297.382		2726		2		0
320.525		313.307		2517		2		0
306.366		320.573		2484		2		0
327.966		280.643		2763		2		0
314.979		286.417		2735		2		0
Frame 98
291.199		295.902		2746		2		0
252.614		296.731		2732		2		0
213.898		297.531		2726		2		0
195.081		302.662		2641		2		0
227.958		309.313		2664		1		0
266.205		317.309		2534		2		0
302.675		317.819		2482		2		0
311.353		315.875		2490		2		0
229.092		274.973		2806		2		0
268.173		272.341		2847		2		0
303.8		274.628		2800		2		0
316.49		279.902		2771		1		0
293.389		305.933		2732		2		0
344.679		306.374		2544		2		0
407.707		313.977		2638		1		0
425.558		314.476		2570		2		0
288.962		285.878		2819		2		0
357.191		300.944		2683		2		0
419.978		306.72		2685		2		0
424.053		313.3		2576		2		0
223.593		297.337		2736		2		0
320.751		312.666		2520		2		0
313.978		322.9		2522		2		0
327.963		280.809		2767		2		0
314.647		286.142		2742		2		0
Frame 99
291.497		296.07		2738		2		0
252.696		296.738		2733		2		0
213.913		297.474		2729		2		0
195.099		302.648		2637		2		0
227.93		309.234		2665		1		0
266.178		317.369		2538		2		0
301.572		320.358		2500		2		0
312.672		315.941		2486		2		0
229.076		274.968		2807		2		0
268.102		272.308		2848		2		0
303.704		274.533		2790		2		0
316.499		279.851		2770		1		0
293.511		306.131		2718		2		0
344.822		304.897		2561		2		0
403.374		312.272		2643		2		0
424.765		314.393		2576		2		0
289.635		286.104		2807		2		0
357.947		301.083		2681		2		0
420.306		306.524		2684		1		0
422.848		311.793		2601		2		0
223.622		297.297		2732		2		0
320.284		313.113		2515		2		0
315.745		322.875		2518		2		0
328		280.488		2766		2		0
315.864		286.292		2736		2		0
Frame 100
291.491		296.1		2737		2		0
252.7		296.741		2729		2		0
213.922		297.448		2737		2		0
195.084		302.645		2641		2		0
227.911		309.194		2665		1		0
264.499		317.529		2539		2		0
302.854		317.819		2488		2		0
311.429		315.866		2487		2		0
228.955		274.916		2809		2		0
267.647		272.426		2845		2		0
303.655		274.517		2792		2		0
316.522		279.948		2770		1		0
293.44		306.184		2719		2		0
351.086		305.031		2583		2		0
404.102		312.425		2648		2		0
425.51		314.175		2571		2		0
289.654		286.16		2799		2		0
358.045		301.1		2682		2		0
420.317		306.494		2684		2		0
422.9		311.811		2598		2		0
223.629		297.278		2737		2		0
320.751		312.666		2528		2		0
316		307		2607		2		0
327.928		280.49		2764		2		0
317.496		286.5		2735		2		0
Frame 101
291.51		296.138		2744		2		0
252.714		296.748		2736		2		0
213.928		297.434		2734		2		0
195.054		302.671		2641		2		0
227.898		309.164		2667		1		0
262.448		320.207		2530		2		0
302.853		317.825		2490		2		0
311.314		316.043		2484		2		0
228.954		274.914		2811		2		0
267.662		272.459		2851		2		0
303.581		274.465		2797		2		0
316.481		279.951		2774		1		0
293.426		306.227		2725		2		0
351.142		305.019		2575		1		0
404.106		312.473		2644		2		0
425.462		314.134		2576		2		0
289.711		286.228		2811		2		0
358.181		301.122		2685		2		0
420.296		306.464		2686		1		0
422.196		310.614		2612		2		0
223.638		297.268		2740		2		0
320.751		312.664		2524		2		0
315.098		322.875		2515		2		0
327.965		280.642		2771		2		0
313.99		286.499		2746		2		0
Frame 102
291.42		296.217		2741		2		0
252.699		296.759		2729		2		0
213.931		297.426		2732		2		0
195.048		302.692		2640		2		0
227.886		309.138		2665		1		0
262.358		319.412		2536		2		0
302.352		317.997		2486		2		0
311.173		315.991		2486		2		0
228.955		274.914		2811		2		0
267.872		272.414		2845		2		0
303.547		274.451		2784		2		0
316.626		280.046		2770		1		0
293.22		306.312		2715		2		0
344.482		307.315		2546		2		0
405.731		313.813		2637		2		0
425.556		314.367		2566		2		0
289.673		286.337		2805		2		0
358.188		301.134		2682		2		0
418.346		305.698		2684		2		0
424.451		311.337		2592		2		0
223.637		297.264		2727		2		0
320.771		313.153		2516		2		0
310.669		315.204		2486		2		0
327.965		280.641		2765		2		0
314.288		286.394		2750		2		0
Frame 103
291.345		296.275		2742		2		0
252.674		296.772		2730		2		0
213.937		297.405		2734		2		0
195.02		302.712		2648		2		0
227.872		309.103		2662		1		0
271.134		316.429		2537		2		0
306.583		318.257		2484		2		0
313.818		315.643		2489		2		0
228.862		274.87		2817		2		0
267.949		272.409		2850		2		0
303.507		274.449		2797		2		0
316.512		279.963		2773		1		0
293.044		306.351		2721		2		0
350.81		305.099		2575		2		0
404.864		313.614		2642		2		0
425.55		314.351		2583		2		0
289.65		286.424		2812		2		0
358.243		301.124		2686		2		0
418.643		305.994		2685		2		0
424.288		310.908		2599		2		0
223.634		297.251		2737		2		0
321.404		312.675		2535		2		0
319.508		321.491		2548		2		0
327.935		280.944		2771		2		0
316.495		286.333		2739		2		0
Frame 104
290.784		296.453		2733		2		0
252.525		296.802		2737		2		0
213.939		297.381		2739		2		0
195.035		302.71		2643		2		0
227.806		309.128		2662		2		0
264.979		318.239		2532		2		0
302.174		318.02		2490		2		0
311.213		316.066		2480		2		0
228.864		274.865		2815		2		0
268.012		272.423		2850		2		0
303.477		274.533		2791		2		0
316.444		279.904		2772		1		0
292.916		306.408		2720		2		0
344.261		307.305		2548		2		0
404.949		313.285		2638		2		0
425.56		314.238		2569		2		0
288.375		286.823		2822		2		0
356.996		300.93		2675		2		0
418.433		306.91		2689		1		0
425.652		310.282		2613		2		0
223.613		297.237		2737		2		0
320.787		313.356		2514		2		0
312.076		321.406		2488		2		0
327.926		280.952		2765		2		0
315.634		286.345		2743		2		0
Frame 105
290.241		296.045		2749		2		0
252.347		296.682		2737		2		0
213.939		297.373		2737		2		0
195.027		302.71		2640		2		0
227.789		309.127		2662		1		0
265.216		318.028		2531		2		0
301.963		318.09		2490		2		0
311.13		315.965		2488		2		0
228.825		274.818		2815		2		0
268.049		272.423		2846		2		0
303.471		274.534		2793		2		0
316.489		280.023		2773		1		0
292.68		306.073		2724		2		0
344.485		308.583		2542		2		0
404.662		313.087		2637		2		0
425.676		313.84		2576		2		0
287.612		286.376		2830		2		0
356.15		300.669		2680		2		0
423.108		314.708		2582		2		0
419.97		304.054		2678		2		0
223.591		297.213		2735		2		0
320.787		312.998		2527		2		0
310.434		317.235		2482		2		0
327.926		280.95		2770		2		0
313.71		286.218		2748		2		0
Frame 106
290.53		295.92		2753		2		0
252.396		296.631		2738		2		0
213.937		297.344		2738		2		0
195.027		302.729		2645		2		0
227.731		309.144		2665		2		0
263.566		317.993		2544		2		0
301.755		318.113		2484		2		0
310.787		316.088		2489		2		0
228.842		274.806		2817		2		0
268.061		272.419		2845		2		0
303.456		274.539		2797		2		0
316.643		280.033		2775		1		0
292.75		305.979		2726		2		0
344.427		308.252		2545		2		0
403.69		309.415		2726		2		0
423.342		313.462		2585		2		0
288.488		286.165		2815		2		0
357.059		300.791		2685		2		0
423.07		314.753		2580		2		0
420.401		304.413		2675		2		0
223.597		297.178		2737		2		0
320.668		312.998		2526		2		0
308.473		318.129		2483		2		0
327.979		280.659		2770		2		0
316.515		286.13		2742		2		0
Frame 107
290.766		295.779		2751		2		0
252.442		296.587		2738		2		0
213.936		297.341		2741		2		0
195.025		302.732		2640		2		0
227.672		309.172		2664		2		0
263.526		317.154		2543		2		0
301.453		318.096		2491		2		0
310.777		316.085		2483		2		0
228.823		274.772		2814		2		0
267.882		272.331		2848		2		0
303.422		274.491		2786		2		0
316.558		279.994		2775		1		0
292.816		305.849		2726		2		0
344.418		308.079		2548		2		0
403.817		303.542		2777		2		0
422.179		312.282		2593		2		0
288.985		285.997		2826		2		0
357.585		300.884		2685		2		0
417.768		320.393		2605		2		0
422.408		306.574		2679		2		0
223.6		297.169		2735		2		0
320.787		312.999		2528		2		0
312.186		323		2518		2		0
327.966		280.638		2765		2		0
316.997		286.499		2734		2		0
