EndUpSit
Frame 0
277.18		215.033		1780		2		0
276.53		152.365		1758		2		0
275.901		89.5415		1805		2		0
274.202		55.5972		1735		2		0
240.486		117.388		1826		2		0
232.49		171.599		1878		2		0
229.319		215.984		1847		2		0
228.837		230.378		1818		2		0
309.832		115.043		1796		2		0
321.137		168.033		1836		2		0
327.257		213.672		1799		2		0
325.405		225.852		1803		2		0
261.654		215.527		1800		2		0
254.814		272.978		1894		2		0
230.819		372.978		2075		2		0
228.992		405.291		1799		2		0
292.844		214.544		1785		2		0
302.201		278.216		1869		2		0
305.537		338.172		1995		2		0
305.75		366.52		1991		1		0
276.063		105.268		1803		2		0
228.57		243.641		1827		2		0
221.719		227.068		1892		2		0
324.607		241.28		1799		2		0
313.683		218.727		1820		2		0
Frame 1
277.174		215.037		1778		2		0
276.523		152.371		1755		2		0
275.893		89.551		1807		2		0
274.201		55.6081		1730		2		0
240.492		117.392		1830		2		0
232.497		171.639		1879		2		0
229.372		216.055		1845		2		0
229.25		230.327		1819		2		0
309.835		115.044		1785		2		0
321.136		168.034		1834		2		0
327.255		213.649		1799		2		0
325.252		226.073		1793		2		0
261.648		215.528		1797		2		0
254.822		272.983		1893		2		0
231.451		373.419		2074		2		0
228.691		405.779		1797		2		0
292.839		214.552		1783		2		0
302.204		278.267		1866		2		0
306.869		339.85		1988		2		0
307.569		368.672		1973		2		0
276.055		105.276		1799		2		0
228.345		244.262		1826		2		0
223.341		233.857		1829		2		0
324.475		241.346		1798		2		0
313.795		219.697		1822		2		0
Frame 2
277.176		215.039		1780		2		0
276.522		152.374		1764		2		0
275.891		89.5593		1807		2		0
274.202		55.6081		1733		2		0
240.489		117.404		1826		2		0
232.516		171.638		1875		2		0
229.401		216.091		1846		2		0
229.213		230.22		1819		2		0
309.827		115.059		1795		2		0
321.147		168.032		1838		2		0
327.249		213.644		1794		2		0
325.143		225.939		1801		2		0
261.649		215.531		1799		2		0
254.831		272.99		1893		2		0
231.191		373.75		2068		2		0
229.168		406.252		1795		2		0
292.841		214.552		1779		2		0
302.21		278.264		1870		2		0
305.724		338.722		1992		2		0
307.55		367.295		1976		1		0
276.053		105.283		1799		2		0
228.655		243.697		1827		2		0
221.752		227.653		1885		2		0
324.511		241.371		1800		2		0
313.715		219.259		1817		2		0
Frame 3
277.173		215.042		1779		2		0
276.521		152.378		1759		2		0
275.892		89.5652		1804		2		0
274.201		55.617		1728		2		0
240.49		117.409		1824		2		0
232.528		171.673		1876		2		0
229.437		216.169		1846		2		0
229.307		230.68		1820		2		0
309.831		115.077		1787		2		0
321.135		168.034		1835		2		0
327.26		213.628		1795		2		0
325.042		225.926		1802		2		0
261.644		215.534		1798		2		0
254.837		273.03		1898		2		0
229.839		371.071		2079		2		0
228.434		402.658		1815		2		0
292.84		214.555		1780		2		0
302.214		278.259		1866		2		0
305.621		338.561		1991		2		0
307.501		367.093		1975		1		0
276.053		105.288		1801		2		0
228.263		244.336		1823		2		0
221.806		228.06		1885		2		0
324.607		241.28		1799		2		0
313.737		219.761		1814		2		0
Frame 4
277.173		215.042		1778		2		0
276.522		152.379		1761		2		0
275.896		89.568		1806		2		0
274.198		55.6285		1730		2		0
240.487		117.425		1821		2		0
232.525		171.783		1876		2		0
229.453		216.166		1843		2		0
229.178		230.64		1819		2		0
309.835		115.076		1793		2		0
321.138		168.028		1831		2		0
327.258		213.597		1806		2		0
325.117		225.864		1801		2		0
261.644		215.534		1797		2		0
254.85		273.06		1896		2		0
228.728		369.366		2086		2		0
228.097		400.246		1832		2		0
292.841		214.554		1780		2		0
302.214		278.26		1870		2		0
305.551		338.485		1993		2		0
307.443		366.987		1972		1		0
276.056		105.29		1803		2		0
228.424		243.85		1828		2		0
221.96		227.706		0		2		0
324.328		241.338		1797		2		0
313.736		219.738		1819		2		0
Frame 5
277.176		215.042		1782		2		0
276.522		152.379		1753		2		0
275.891		89.571		1805		2		0
274.192		55.6285		1730		2		0
240.493		117.43		1826		2		0
232.539		171.803		1876		2		0
229.483		216.083		1844		2		0
229.068		230.546		1816		2		0
309.844		115.084		1792		2		0
321.146		168.026		1828		2		0
327.262		213.59		1800		2		0
325.01		225.911		1801		2		0
261.647		215.535		1797		2		0
254.857		273.069		1895		2		0
228.996		369.652		2085		2		0
228.06		400.647		1829		2		0
292.844		214.552		1778		2		0
302.216		278.259		1870		2		0
305.594		338.455		1991		2		0
307.647		366.95		1978		1		0
276.053		105.292		1796		2		0
227.466		244.184		1817		2		0
221.548		233.296		1846		2		0
324.608		241.28		1799		2		0
313.7		219.558		1817		2		0
Frame 6
277.183		215.046		1778		2		0
276.522		152.38		1760		2		0
275.883		89.574		1805		2		0
274.188		55.6404		1730		2		0
240.509		117.469		1829		2		0
232.57		171.809		1877		2		0
229.479		216.076		1845		2		0
229.049		229.962		1813		2		0
309.845		115.093		1791		2		0
321.153		168.023		1833		2		0
327.247		213.558		1803		2		0
324.965		225.98		1804		2		0
261.656		215.542		1796		2		0
254.867		273.085		1895		2		0
229.293		370.904		2082		2		0
227.79		402.488		1810		2		0
292.851		214.553		1779		2		0
302.217		278.26		1867		2		0
305.594		338.435		1990		2		0
307.721		366.924		1972		1		0
276.048		105.294		1798		2		0
227.272		243.705		1816		2		0
222.293		232.776		1840		2		0
324.396		241.252		1797		2		0
316.915		223.652		1840		2		0
Frame 7
277.186		215.045		1779		2		0
276.524		152.38		1757		2		0
275.886		89.5755		1805		2		0
274.184		55.6383		1730		2		0
240.499		117.488		1829		2		0
232.581		171.816		1874		2		0
229.478		216.084		1846		2		0
229.042		229.852		1813		2		0
309.843		115.104		1796		2		0
321.138		168.016		1835		2		0
327.226		213.521		1798		2		0
324.89		225.942		1802		2		0
261.659		215.541		1797		2		0
254.894		273.14		1894		2		0
231.388		373.531		2073		2		0
227.299		397.76		1852		2		0
292.853		214.553		1781		2		0
302.218		278.265		1866		2		0
305.566		338.404		1991		2		0
307.35		366.864		1973		1		0
276.051		105.295		1799		2		0
227.272		244.133		1819		2		0
221.828		227.21		0		2		0
324.575		241.213		1797		2		0
313.762		220.187		1815		2		0
Frame 8
277.19		215.044		1777		2		0
276.524		152.381		1757		2		0
275.883		89.5779		1802		2		0
274.179		55.6445		1728		2		0
240.501		117.49		1821		2		0
232.599		171.835		1877		2		0
229.451		216.094		1844		2		0
228.757		229.943		1818		2		0
309.842		115.102		1788		2		0
321.138		168.012		1837		2		0
327.228		213.52		1801		2		0
324.886		225.99		1802		2		0
261.663		215.539		1795		2		0
254.909		273.158		1894		2		0
229.875		371.171		2079		2		0
225.341		402.655		1805		2		0
292.857		214.553		1776		2		0
302.233		278.246		1867		2		0
305.549		338.37		1991		2		0
307.38		366.834		1974		1		0
276.049		105.297		1798		2		0
226.532		244.045		1812		2		0
221.821		228.879		0		2		0
324.415		241.318		1799		2		0
313.737		219.314		1815		2		0
Frame 9
277.215		215.041		1777		2		0
276.527		152.379		1758		2		0
275.88		89.5764		1804		2		0
274.18		55.647		1728		2		0
240.499		117.495		1822		2		0
232.632		171.841		1877		2		0
229.444		216.096		1845		2		0
228.75		229.857		1815		2		0
309.836		115.102		1795		2		0
321.157		168.089		1829		2		0
327.232		213.519		1794		2		0
324.998		225.856		1802		2		0
261.691		215.542		1798		2		0
254.94		273.158		1893		2		0
229.897		371.027		2071		2		0
225.652		402.48		1806		2		0
292.881		214.543		1781		2		0
302.246		278.243		1865		2		0
305.496		338.347		1991		2		0
307.514		366.809		1975		1		0
276.047		105.296		1805		2		0
226.265		244.133		1811		2		0
221.966		228.899		1877		2		0
324.329		241.336		1798		2		0
317.243		223.13		1846		2		0
Frame 10
277.231		215.038		1779		2		0
276.532		152.38		1753		2		0
275.881		89.5775		1807		2		0
274.176		55.6452		1731		2		0
240.508		117.493		1832		2		0
232.66		171.854		1874		2		0
229.422		216.103		1847		2		0
228.328		229.984		1815		2		0
309.827		115.102		1794		2		0
321.148		168.064		1837		2		0
327.219		213.51		1802		2		0
324.871		225.953		1802		2		0
261.71		215.54		1798		2		0
254.952		273.176		1892		2		0
230.509		372.542		2071		2		0
226.039		404.481		1796		2		0
292.895		214.54		1778		2		0
302.253		278.244		1867		2		0
308.788		351.094		1975		1		0
309.542		381.177		1954		2		0
276.049		105.297		1802		2		0
226.512		243.655		1811		2		0
221.889		227.105		0		2		0
324.329		241.337		1797		2		0
313.761		220.186		1816		2		0
Frame 11
277.243		215.027		1778		2		0
276.534		152.378		1764		2		0
275.881		89.5786		1803		2		0
274.166		55.6481		1726		2		0
240.512		117.484		1823		2		0
232.67		171.856		1880		2		0
229.394		216.103		1845		2		0
228.227		229.737		1817		2		0
309.827		115.104		1793		2		0
321.148		168.074		1834		2		0
327.22		213.507		1803		2		0
324.772		226.056		1798		2		0
261.722		215.53		1798		2		0
254.961		273.173		1894		2		0
229.917		371.045		2077		2		0
228.56		402.526		1823		2		0
292.907		214.527		1780		2		0
302.28		278.206		1867		2		0
305.707		338.229		1989		2		0
307.956		366.708		1975		1		0
276.049		105.297		1803		2		0
226.665		243.579		1814		2		0
222.601		221.991		0		2		0
324.575		241.213		1799		2		0
313.722		218.887		1817		2		0
Frame 12
277.25		214.996		1778		2		0
276.535		152.369		1756		2		0
275.881		89.5776		1803		2		0
274.167		55.6437		1730		2		0
240.511		117.483		1822		2		0
232.705		171.796		1875		2		0
229.36		216.044		1846		2		0
228.262		229.765		1817		2		0
309.816		115.093		1787		2		0
321.148		168.074		1832		2		0
327.173		213.415		1798		2		0
324.878		225.774		1801		2		0
261.727		215.5		1798		2		0
254.983		273.138		1895		2		0
229.765		370.71		2080		2		0
228.615		402.065		1822		2		0
292.915		214.494		1780		2		0
302.281		278.198		1867		2		0
305.685		338.225		1984		2		0
308.065		366.716		1964		1		0
276.049		105.295		1800		2		0
226.278		243.54		1814		2		0
222.113		226.103		1874		2		0
324.694		240.609		1799		2		0
316.792		223.574		1840		2		0
Frame 13
277.261		214.942		1780		2		0
276.531		152.354		1760		2		0
275.866		89.5629		1801		2		0
274.152		55.6176		1729		2		0
240.511		117.473		1821		2		0
232.718		171.794		1876		2		0
229.345		216.042		1847		2		0
228.282		229.772		1819		2		0
309.807		115.069		1791		2		0
321.159		167.996		1832		2		0
327.148		213.348		1801		2		0
324.903		225.512		1804		2		0
261.741		215.441		1800		2		0
254.984		273.124		1892		2		0
229.73		370.584		2078		2		0
228.597		401.888		1831		2		0
292.924		214.445		1783		2		0
302.293		278.128		1870		2		0
305.688		338.185		1986		2		0
308.091		366.691		1960		1		0
276.039		105.284		1796		2		0
226.306		243.483		1814		2		0
222.365		225.694		1882		2		0
324.195		240.552		1801		2		0
313.737		219.313		1818		2		0
Frame 14
277.3		214.859		1782		2		0
276.537		152.33		1760		2		0
275.858		89.536		1803		2		0
274.125		55.5812		1725		2		0
240.517		117.451		1825		2		0
232.746		171.73		1881		2		0
229.29		215.967		1851		2		0
228.217		229.599		1818		2		0
309.786		115.004		1789		2		0
321.161		167.948		1830		2		0
327.142		213.288		1801		2		0
324.914		225.539		1806		2		0
261.775		215.356		1804		2		0
255.029		273.087		1898		2		0
229.746		370.55		2081		2		0
228.455		401.891		1839		2		0
292.968		214.363		1787		2		0
302.293		278.113		1866		2		0
305.677		338.188		1989		2		0
305.839		366.539		1984		1		0
276.036		105.265		1798		2		0
226.619		243.393		1817		2		0
222.321		227.208		1864		2		0
324.447		240.501		1801		2		0
313.826		219.824		1819		2		0
Frame 15
277.375		214.719		1787		2		0
276.55		152.312		1760		2		0
275.855		89.5149		1799		2		0
274.094		55.5139		1722		2		0
240.512		117.443		1818		2		0
232.813		171.64		1883		2		0
229.275		215.869		1850		2		0
228.385		229.48		1822		2		0
309.763		114.966		1791		2		0
321.166		167.907		1833		2		0
327.03		213.03		1803		2		0
325.037		225.386		1805		2		0
261.859		215.22		1810		2		0
255.107		273.048		1900		2		0
229.763		370.499		2081		2		0
228.263		401.865		1833		2		0
293.035		214.219		1790		2		0
302.298		278.1		1863		2		0
305.672		338.217		1985		2		0
306.945		366.682		1975		1		0
276.036		105.254		1795		2		0
226.835		243.35		1815		2		0
222.4		226.013		1899		2		0
324.322		240.597		1803		2		0
313.706		218.588		1824		2		0
Frame 16
277.476		214.514		1791		2		0
276.567		152.283		1766		2		0
275.845		89.4588		1797		2		0
274.02		55.4185		1718		2		0
240.507		117.43		1820		2		0
232.848		171.544		1877		2		0
229.292		215.782		1856		2		0
228.585		229.473		1825		2		0
309.735		114.847		1787		2		0
321.15		167.842		1835		2		0
327.017		212.969		1806		2		0
325.509		225.122		1804		2		0
261.996		215.005		1816		2		0
255.191		273.074		1902		2		0
229.732		370.424		2080		2		0
228.245		401.751		1834		2		0
293.103		214.024		1793		2		0
302.301		278.095		1868		2		0
305.677		338.242		1989		2		0
307.014		366.714		1972		1		0
276.035		105.224		1791		2		0
226.835		243.456		1822		2		0
222.601		225.303		0		2		0
324.59		240.653		1807		2		0
314.172		220.064		1837		2		0
Frame 17
277.647		214.295		1803		2		0
276.608		152.252		1767		2		0
275.836		89.4019		1793		2		0
273.949		55.2933		1711		2		0
240.512		117.404		1825		2		0
232.966		171.376		1882		2		0
229.328		215.592		1856		2		0
228.592		229.168		1832		2		0
309.696		114.713		1784		2		0
321.159		167.709		1836		2		0
326.971		212.883		1811		2		0
325.885		225.052		1809		2		0
262.204		214.798		1821		2		0
255.358		273.042		1899		2		0
229.769		370.412		2081		2		0
228.025		401.782		1829		2		0
293.234		213.792		1802		2		0
302.302		278.105		1870		2		0
305.674		338.301		1987		2		0
307.192		366.792		1966		1		0
276.037		105.2		1787		2		0
226.992		243.554		1826		2		0
222.233		228.829		1902		2		0
324.599		240.676		1812		2		0
314.286		219.639		1844		2		0
Frame 18
277.796		214.055		1811		2		0
276.644		152.248		1765		2		0
275.811		89.3246		1790		2		0
273.818		55.197		1705		2		0
240.47		117.351		1815		2		0
233.118		171.32		1883		2		0
229.344		215.527		1862		2		0
228.691		229.123		1838		2		0
309.692		114.625		1783		2		0
321.186		167.631		1837		2		0
326.969		212.795		1820		2		0
326.634		225.272		1812		2		0
262.41		214.49		1830		2		0
255.533		273.009		1898		2		0
230.371		371.652		2081		2		0
227.816		403.511		1803		2		0
293.324		213.621		1812		2		0
302.268		278.116		1866		2		0
305.561		338.416		1984		2		0
306.997		366.906		1977		1		0
276.034		105.173		1792		2		0
227.035		243.599		1834		2		0
223		225.859		0		2		0
324.767		240.14		1819		2		0
314		218		1844		2		0
Frame 19
277.886		213.788		1823		2		0
276.669		152.251		1777		2		0
275.748		89.1972		1782		2		0
273.609		55.0506		1700		2		0
240.435		117.321		1811		2		0
233.256		171.314		1888		2		0
229.463		215.549		1865		2		0
228.915		228.999		1853		2		0
309.65		114.559		1777		2		0
321.239		167.553		1842		2		0
326.947		212.762		1818		2		0
327.021		225.301		1816		2		0
262.561		214.2		1841		2		0
255.651		272.95		1899		2		0
230.502		371.885		2078		2		0
228.301		403.85		1816		2		0
293.352		213.376		1821		2		0
302.223		278.112		1863		2		0
304.816		338.81		1986		2		0
306.634		367.377		1982		1		0
276.007		105.128		1787		2		0
227.176		243.611		1844		2		0
222.647		231.687		1900		2		0
324.902		240.106		1825		2		0
319.357		224.852		1869		2		0
Frame 20
277.998		213.534		1843		2		0
276.691		152.443		1774		2		0
275.634		89.414		1776		2		0
273.464		55.1287		1692		2		0
240.382		117.333		1810		2		0
233.417		171.374		1889		2		0
229.6		215.609		1869		2		0
229.21		230.071		1851		2		0
309.635		114.512		1772		2		0
321.413		167.618		1842		2		0
326.982		212.91		1830		2		0
327.082		225.407		1824		2		0
262.788		213.929		1858		2		0
255.734		273.024		1893		2		0
230.57		372.134		2072		2		0
227.724		404.149		1805		2		0
293.347		213.139		1838		2		0
302.223		278.234		1861		2		0
304.85		339.602		1984		2		0
306.304		368.301		1981		1		0
275.945		105.325		1788		2		0
227.77		244.717		1855		2		0
222.501		229.661		0		2		0
324.743		240.528		1834		2		0
321.78		229.866		1840		2		0
Frame 21
278.503		213.682		1862		2		0
276.822		153.068		1778		2		0
275.49		90.3718		1762		2		0
273.139		55.9113		1684		2		0
240.33		117.536		1806		2		0
233.564		171.644		1878		2		0
229.849		215.871		1876		2		0
229.276		230.658		1858		2		0
310.1		114.682		1771		2		0
321.666		167.855		1847		2		0
327.151		213.243		1828		2		0
327.416		226.157		1827		2		0
263.364		214.023		1874		2		0
255.783		273.515		1885		2		0
230.548		372.606		2074		2		0
227.586		404.622		1796		2		0
293.775		213.342		1855		2		0
302.218		278.628		1849		2		0
304.483		340.989		1975		2		0
306.168		370.029		1978		2		0
275.886		106.197		1780		2		0
227.956		245.008		1855		2		0
222.599		232.101		1922		2		0
324.758		241.398		1838		2		0
320.543		230.82		1851		2		0
Frame 22
278.794		215.066		1887		2		0
276.962		155.362		1785		2		0
275.287		93.2036		1751		2		0
272.719		58.4062		1672		2		0
240.25		118.145		1801		2		0
233.68		173.445		1882		2		0
229.692		217.582		1874		2		0
229.107		233.904		1864		2		0
309.866		116.306		1760		2		0
322.452		169.542		1839		2		0
327.806		214.939		1837		2		0
328.011		227.726		1835		2		0
263.707		215.476		1894		2		0
254.539		281.987		1870		2		0
228.568		380.87		1990		2		0
227.076		412		1775		2		0
294.02		214.659		1878		2		0
302.698		281.619		1833		2		0
303.541		344.335		1965		1		0
305.054		373.583		1987		2		0
275.757		109.009		1780		2		0
228.118		248.737		1868		2		0
222.249		233.622		1924		2		0
325.153		243.309		1846		2		0
320.331		227.834		1877		2		0
Frame 23
279.698		218.577		1907		2		0
277.333		160.671		1793		2		0
274.938		98.8459		1741		2		0
272.311		63.4914		1663		2		0
240.216		126.937		1795		2		0
233.295		178.305		1888		2		0
229.516		222.292		1882		2		0
228.656		237.647		1871		2		0
309.47		121.219		1760		2		0
323.915		173.876		1846		2		0
328.729		219.004		1842		2		0
328.33		232.919		1840		2		0
264.589		219.144		1910		2		0
254.008		286.62		1854		2		0
227.349		385.335		1963		2		0
227.881		411.223		1775		2		0
294.936		218.014		1896		2		0
302.964		282.986		1823		2		0
303.86		346.808		1955		1		0
305.01		376.413		1976		2		0
275.577		114.742		1772		2		0
226.899		252.836		1868		2		0
222.474		238.512		1904		2		0
325.248		247.501		1853		2		0
321.405		237.456		1859		2		0
Frame 24
279.871		221.74		1927		2		0
277.579		166.075		1800		2		0
275.158		105.405		1740		2		0
272.098		70.5758		1655		2		0
240.631		131.225		1801		2		0
232.841		183.263		1889		2		0
228.919		227.104		1889		2		0
227.683		243.041		1878		2		0
309.182		127.835		1762		2		0
325.181		178.968		1837		2		0
330.256		225.31		1845		2		0
329.697		237.571		1846		2		0
264.8		222.416		1925		2		0
253.568		289.397		1850		2		0
226.554		388.081		1948		2		0
227.921		410.964		1774		2		0
295.059		221.064		1914		2		0
303.455		285.075		1820		2		0
305.599		350.283		1951		1		0
306.047		380.345		1971		2		0
275.789		121.136		1774		2		0
226.211		257.852		1881		2		0
221.5		241.665		1945		2		0
326.417		252.584		1863		2		0
322.225		241.999		1868		2		0
Frame 25
280.225		226.508		1944		2		0
277.965		172.795		1805		2		0
275.533		113.364		1739		2		0
271.952		78.6339		1644		2		0
241.277		138.744		1799		2		0
231.959		191.547		1903		2		0
227.815		235.255		1899		2		0
226.781		249.501		1889		2		0
309.087		134.679		1757		2		0
326.771		187.463		1851		2		0
331.501		232.262		1858		2		0
331.175		243.632		1858		2		0
265.225		227.325		1940		2		0
253.185		291.645		1850		2		0
225.974		390.159		1921		2		0
227.96		411.08		1775		2		0
295.365		225.697		1933		2		0
304.298		289.202		1816		2		0
305.202		352.655		1950		1		0
307.543		382.344		1962		2		0
276.164		128.854		1767		2		0
225.442		263.762		1891		2		0
220.735		248.318		1958		2		0
327.692		258.695		1880		2		0
323.046		247.951		1880		2		0
Frame 26
280.489		229.749		1965		2		0
278.228		179.159		1811		2		0
275.747		121.878		1734		2		0
272.064		87.1156		1640		2		0
241.63		145.307		1799		2		0
231.717		197.239		1904		2		0
226.958		240.593		1910		2		0
225.824		255.606		1903		2		0
308.97		141.476		1762		2		0
327.133		191.836		1849		2		0
333.398		237.087		1862		2		0
330.719		250.41		1872		2		0
266.19		230.273		1955		2		0
252.843		292.498		1845		2		0
244.324		397.471		1804		2		0
226.693		411.814		1782		2		0
294.905		229.228		1948		2		0
304.803		291.188		1811		2		0
304.767		354.204		1957		1		0
308.185		383.765		1941		2		0
276.386		136.604		1771		2		0
224.007		270.668		1913		2		0
219.2		255.597		1954		2		0
328.996		264.751		1904		2		0
317.5		239.795		1958		2		0
Frame 27
281.238		237.073		1950		2		0
278.782		187.768		1826		2		0
276.008		130.041		1737		2		0
272.293		96.6104		1637		2		0
242.705		154.225		1792		2		0
230.207		209.213		1909		2		0
226.704		252.282		1925		2		0
226.536		263.278		1910		2		0
309.23		152.118		1767		2		0
328.567		203.27		1851		2		0
335.119		247.237		1879		2		0
332.727		255.372		1887		2		0
266.871		237.626		1973		2		0
252.649		292.99		1838		1		0
248.718		401.27		1796		2		0
226.995		410.553		1776		2		0
295.697		236.526		1956		2		0
309.347		278.771		1827		2		0
306.081		347.525		1951		1		0
308.84		378.687		1954		2		0
276.742		145.557		1768		2		0
223.108		277		1928		2		0
219.085		259.491		1960		2		0
329.766		270.617		1922		2		0
318.429		245.138		1956		2		0
Frame 28
281.194		239.824		1960		2		0
278.933		192.501		1828		2		0
276.471		138.349		1740		2		0
272.487		104.637		1631		2		0
242.824		159.199		1802		2		0
230.218		214.066		1924		2		0
226.531		256.83		1942		2		0
226.484		267.931		1933		2		0
308.906		156.067		1765		2		0
329.07		206.501		1856		2		0
335.002		252.029		1889		2		0
334.242		263.494		1901		2		0
266.864		240.338		1985		2		0
251.77		295.887		1829		1		0
248.652		404.532		1799		2		0
220.627		414.225		1784		1		0
295.624		239.319		1967		2		0
309.646		279.806		1833		2		0
306.795		349.356		1949		1		0
307.554		375.118		1959		2		0
277.101		152.511		1774		2		0
222.845		281.454		1943		2		0
240.475		271.7		1937		2		0
330.606		276.384		1947		2		0
320.182		270.447		1899		2		0
Frame 29
281.105		244.746		1970		2		0
278.98		199.441		1846		2		0
276.578		146.305		1741		2		0
272.835		113.842		1630		2		0
243.256		166.268		1795		2		0
230.497		217.816		1925		2		0
226.046		266.838		1966		2		0
227.354		275.942		1953		2		0
308.373		163.622		1773		2		0
329.603		213.773		1864		2		0
335.791		256.413		1907		2		0
334.797		268.155		1920		2		0
266.794		245.258		1993		2		0
251.433		299.32		1819		1		0
248.658		404.514		1794		2		0
226.798		409.569		1773		2		0
295.512		244.239		1977		2		0
309.697		281.264		1828		2		0
308.36		351.098		1937		1		0
309.223		377.115		1950		2		0
277.211		160.58		1779		2		0
222.339		287.043		1966		2		0
239.891		284.153		1902		2		0
332.531		281.692		1966		2		0
320.273		276.903		1884		2		0
Frame 30
281.559		247.866		1986		2		0
279.303		204.363		1845		2		0
276.689		154.062		1742		2		0
273.424		121.283		1629		2		0
243.773		172.381		1805		2		0
230.69		222.168		1932		2		0
226.649		265.283		1975		2		0
226.694		277.484		1980		2		0
308.345		169.475		1776		2		0
329.75		217.24		1872		2		0
336.545		259.669		1915		2		0
336.968		272.573		1939		2		0
267.17		248.511		2006		2		0
250.958		302.223		1813		1		0
248.657		404.508		1792		2		0
226.812		409.623		1780		2		0
296.038		247.239		1990		2		0
309.649		281.708		1834		2		0
308.502		351.269		1939		1		0
309.524		377.385		1947		2		0
277.384		167.315		1784		2		0
222.477		290.692		1986		2		0
239.841		280.627		1939		2		0
333.493		286.417		1983		2		0
329.498		276.672		1974		2		0
Frame 31
281.858		251.37		1995		2		0
279.477		209.477		1851		2		0
276.706		160.32		1738		2		0
273.79		129.302		1625		2		0
244.345		179.051		1801		2		0
230.915		225.426		1936		2		0
226.967		268.657		1993		2		0
226.59		281.264		2000		2		0
308.696		175.611		1776		2		0
330.285		223.451		1879		2		0
337.135		264.497		1928		2		0
337.169		276.889		1956		2		0
267.422		252.039		2019		2		0
250.352		304.583		1805		1		0
249.743		405.355		1788		2		0
227.701		409.134		1769		2		0
296.382		250.708		2000		2		0
309.627		282.444		1833		2		0
309.023		351.679		1935		1		0
310.304		377.881		1939		2		0
277.442		173.478		1791		2		0
223.286		293.862		2009		2		0
238		284.989		1948		2		0
334.266		290.181		1992		2		0
330.071		280.896		1995		2		0
Frame 32
282.346		254.828		2012		2		0
279.994		214.718		1863		2		0
277.286		167.853		1754		2		0
274.219		137.034		1635		2		0
244.848		183.63		1818		2		0
231.295		230.416		1950		2		0
227.397		270.913		2019		2		0
226.558		284.823		2033		2		0
308.991		180.362		1790		2		0
330.427		226.921		1895		2		0
337.758		268.693		1947		2		0
337.182		280.839		1984		2		0
268.029		255.629		2039		2		0
250.345		306.489		1814		1		0
248.476		401.602		1800		2		0
227.567		410.322		1775		2		0
296.73		254.042		2017		2		0
309.986		284.016		1838		2		0
309.341		353.087		1936		1		0
310.609		379.424		1940		2		0
277.999		180.286		1802		2		0
224.437		296.79		2046		2		0
233.412		287.706		2041		2		0
333.758		293.882		2037		2		0
330.737		284.156		2023		2		0
Frame 33
282.622		257.524		2022		2		0
280.47		218.737		1860		2		0
278.002		173.157		1751		2		0
274.623		143.395		1636		2		0
245.433		189.6		1815		2		0
231.561		233.543		1949		2		0
227.881		272.39		2028		2		0
227.067		287.668		2053		2		0
309.489		186.564		1792		2		0
330.562		230.912		1897		2		0
337.689		270.446		1972		2		0
337.185		284.883		2001		2		0
268.324		258.367		2040		2		0
250.667		307.533		1809		1		0
248.467		401.728		1796		2		0
227.486		410.174		1773		2		0
296.985		256.687		2030		2		0
310.235		286.176		1835		2		0
312.668		355.333		1962		2		0
314.046		381.858		1921		2		0
278.657		185.329		1810		2		0
225.201		299.993		2067		2		0
234.429		289.098		2064		2		0
333.17		297.293		2056		2		0
331.023		286.609		2031		2		0
Frame 34
282.851		259.465		2039		2		0
280.53		219.803		1864		2		0
277.97		173.482		1686		2		0
275.114		149.008		1640		2		0
245.615		191.284		1827		2		0
231.453		239.059		1971		2		0
228.2		277.005		2053		2		0
227.746		290.767		2076		2		0
309.462		186.829		1805		2		0
330.838		235.97		1908		2		0
337.694		274.769		1990		2		0
337.037		288.9		2023		2		0
268.612		260.564		2056		2		0
251.286		308.792		1814		1		0
248.447		401.783		1796		2		0
226.71		404.055		1790		2		0
297.158		258.391		2040		2		0
310.279		287.578		1841		2		0
313.478		354.863		1965		1		0
307.404		384.879		1953		2		0
278.637		185.804		1805		2		0
226.718		304.285		2104		2		0
235.462		290.463		2100		2		0
333.297		300.799		2085		2		0
329.996		288.863		2084		2		0
Frame 35
284.189		264.893		2060		2		0
281.91		229.377		1893		2		0
279.067		186.67		1776		2		0
275.933		158.195		1655		2		0
246.423		199.414		1822		2		0
232.123		242.621		1977		2		0
228.506		279.408		2076		2		0
228.06		293.069		2098		2		0
309.526		198.72		1810		2		0
330.683		240.011		1923		2		0
337.646		277.859		2009		2		0
336.92		291.189		2045		2		0
270.004		265.524		2061		2		0
252.042		310.841		1828		1		0
249.757		403.049		1793		2		0
227.984		402.701		1808		2		0
298.436		264.282		2032		2		0
310.503		288.941		1838		2		0
313.254		355.075		1972		1		0
307.437		384.869		1961		2		0
279.821		198.067		1825		2		0
228.146		306.142		2146		2		0
235.749		295.249		2117		2		0
333.245		302.375		2099		2		0
330.275		291.625		2082		2		0
Frame 36
283.916		267.967		2081		2		0
281.907		231.949		1886		2		0
279.458		189.704		1745		2		0
276.167		162.366		1659		2		0
246.764		203.043		1841		2		0
232.401		245.491		1983		2		0
229.082		280.717		2087		2		0
228.398		294.395		2120		2		0
309.701		201.491		1821		2		0
330.755		243.06		1932		2		0
336.402		279.315		2035		2		0
336.662		292.514		2069		2		0
269.86		268.683		2065		2		0
252.328		312.053		1840		1		0
249.614		413.922		1790		1		0
9999		9999		9999		1		0
298.036		267.266		2030		2		0
310.689		290.036		1832		2		0
312.425		356.401		1954		1		0
300.893		383.758		1994		2		0
280.105		200.967		1835		2		0
228.005		307.713		2159		2		0
235.556		297.551		2141		2		0
333.138		304.286		2123		2		0
329.815		293.377		2124		2		0
Frame 37
283.947		270.788		2098		2		0
282.091		236.252		1906		2		0
279.932		195.657		1765		2		0
276.636		168.933		1669		2		0
247.258		209.033		1844		2		0
232.604		249.079		2008		2		0
229.474		282.869		2102		2		0
228.801		296.312		2146		2		0
310.115		206.978		1826		2		0
330.943		247.153		1957		2		0
335.502		282.166		2062		2		0
336.097		294.386		2095		2		0
270.041		271.524		2076		2		0
252.544		313.193		1859		1		0
250.013		415.335		1789		1		0
9999		9999		9999		1		0
297.913		270.064		2037		2		0
310.842		290.978		1837		2		0
312.345		357.524		1962		1		0
305.692		386.984		1970		2		0
280.5		206.47		1851		2		0
228.836		309.666		2183		2		0
235.126		298.245		2150		2		0
331.667		306.002		2178		2		0
344.001		298.571		2120		2		0
Frame 38
281.982		274.363		2132		2		0
281.162		240.239		1930		2		0
280.084		200.226		1772		2		0
276.895		174.52		1677		2		0
247.614		212.511		1856		2		0
232.769		253.103		2027		2		0
230.706		285.538		2134		2		0
229.333		298.071		2172		2		0
310.302		211.732		1841		2		0
330.7		250.482		1962		2		0
334.169		287.586		2082		2		0
335.531		296.799		2124		2		0
268.319		274.626		2069		2		0
252.923		314.627		1868		1		0
249.847		417.969		1775		1		0
9999		9999		9999		1		0
295.684		274.146		2054		2		0
311.105		291.923		1834		2		0
312.363		358.353		1990		1		0
305.447		387.532		1966		2		0
280.371		210.874		1866		2		0
230.203		311.599		2214		2		0
234.89		299.33		2170		2		0
333.993		306.601		2152		2		0
342.456		298.826		2135		2		0
Frame 39
282.164		277.598		2150		2		0
281.413		244.714		1944		2		0
280.533		206.077		1800		2		0
277.012		181.052		1699		2		0
248.161		217.191		1868		2		0
232.779		255.567		2037		2		0
232.196		291.2		2184		2		0
229.89		299.852		2200		2		0
310.413		216.119		1853		2		0
330.556		253.564		1988		2		0
333.844		288.809		2114		2		0
335.077		297.024		2149		2		0
268.536		277.843		2067		2		0
253.048		315.482		1895		1		0
249.775		419.1		1783		1		0
9999		9999		9999		1		0
295.853		277.364		2055		2		0
311.504		293.181		1835		2		0
312.322		359.341		2018		1		0
298.242		384.354		1979		2		0
280.763		216.368		1880		2		0
230.893		312.887		2233		2		0
234.213		302.358		2190		2		0
336.665		307		2182		2		0
341.617		302.776		2172		2		0
Frame 40
281.478		272.965		2120		2		0
281.09		243.785		1939		2		0
280.487		206.212		1753		2		0
276.906		184.387		1707		2		0
248.606		221.177		1895		2		0
233.225		256.678		2052		2		0
231.641		289.461		2197		2		0
230.541		299.508		2234		2		0
310.339		220.481		1865		2		0
330.504		257.15		2015		2		0
333.99		289.151		2142		2		0
333.967		299.781		2194		2		0
268.235		273.15		2111		2		0
253.268		316.623		1909		1		0
240.912		405.692		1782		2		0
212.757		413.012		1794		1		0
294.778		272.791		2116		2		0
311.704		293.541		1844		2		0
312.434		359.203		2016		1		0
299.845		384.389		1976		1		0
280.713		216.426		1896		2		0
231.499		312		2275		2		0
235.466		299.551		0		2		0
333.49		308.251		2234		2		0
341.001		303.531		2209		2		0
Frame 41
281.476		274.391		2133		2		0
280.855		245.627		1957		2		0
280.137		209.216		1767		2		0
277.077		189.419		1727		2		0
249.074		225.621		1913		2		0
233.936		259.246		2086		2		0
232.684		291.025		2240		2		0
231.129		299.477		2271		2		0
309.971		225.184		1894		2		0
329.376		260.57		2042		2		0
333.477		295.306		2180		2		0
333.761		301.319		2235		2		0
268.263		274.428		2120		2		0
253.921		317.883		1919		1		0
240.969		405.562		1778		1		0
212.806		412.943		1789		1		0
294.756		274.375		2125		2		0
312.374		294.281		1851		2		0
312.825		359.697		2011		1		0
301.508		385.11		1980		2		0
280.331		219.199		1911		2		0
231.332		310.333		2307		2		0
235		306.438		2273		2		0
336.498		307.701		2256		2		0
340.002		301.509		2238		2		0
Frame 42
280.802		276.318		2153		2		0
280.658		248.144		1971		2		0
280.558		214.331		1790		2		0
277.351		194.32		1750		2		0
249.518		229.085		1938		2		0
234.247		260.872		2108		2		0
233.719		288.059		2246		2		0
232.314		296.411		2303		2		0
310.166		229.075		1913		2		0
329.576		261.94		2061		2		0
330.155		288.883		2204		2		0
332.716		299.861		2234		2		0
267.569		276.332		2129		2		0
255.071		319.32		1941		1		0
245.988		402.411		1793		2		0
217.736		410.979		1796		2		0
294.088		276.317		2139		2		0
312.119		293.905		1867		2		0
312.21		358.222		2017		1		0
307.024		383.945		1989		2		0
280.569		223.383		1935		2		0
230.841		307.69		2331		2		0
234.994		303.975		2309		2		0
332.16		308.335		2303		2		0
338.374		302.002		2275		2		0
Frame 43
279.878		278.289		2174		2		0
280.17		250.818		1992		2		0
280.588		217.703		1803		2		0
277.696		198.495		1770		2		0
250.245		232.32		1955		2		0
235.928		264.509		2137		2		0
234.328		290.989		2294		2		0
233.448		295.368		2334		2		0
309.893		232.394		1929		2		0
329.22		263.129		2083		2		0
330.575		288.111		2247		2		0
331.813		297.455		2264		2		0
266.753		278.22		2107		2		0
256.913		320.742		1954		1		0
246.855		402.242		1790		2		0
218.519		410.712		1797		2		0
293.033		278.37		2161		2		0
312.033		293.322		1882		2		0
311.807		357.898		1979		1		0
305.455		382.772		1998		2		0
280.471		226.608		1957		2		0
232.228		306.153		2376		2		0
235.598		304.71		2357		2		0
332.001		306.084		2342		2		0
334.957		298.235		2286		2		0
Frame 44
279.969		280.466		2195		2		0
280.14		254.109		2010		2		0
280.337		222.803		1833		2		0
278.32		203.899		1792		2		0
250.677		236.133		1986		2		0
237.015		268.552		2180		2		0
233.639		293.417		2382		2		0
234.208		298.004		2400		2		0
309.463		237.444		1958		2		0
327.95		267.12		2121		2		0
331.335		290.878		2291		2		0
330.929		295.122		2288		2		0
266.662		280.311		2116		2		0
257.31		320.794		1973		1		0
248.585		399.517		1793		1		0
227.674		407.916		1789		2		0
293.3		280.637		2171		2		0
312.137		292.937		1906		2		0
292.55		348.361		2261		2		0
289.479		372.787		2080		2		0
280.286		231.165		1988		2		0
233.498		304.999		2439		2		0
236.249		300.26		2404		2		0
331.002		303.385		2380		2		0
332.338		296.541		2305		2		0
Frame 45
279.932		283.604		2216		2		0
280.431		258.296		2048		2		0
281.034		228.063		1871		2		0
278.634		209.499		1822		2		0
251.401		240.716		2019		2		0
237.505		269.11		2209		2		0
234.72		288.484		2396		2		0
235.397		296.464		2465		1		0
309.333		240.485		1991		2		0
327.206		268.474		2159		2		0
331.048		290.914		0		1		0
330.085		291.374		2327		1		0
266.769		283.461		2099		2		0
253.075		286.706		1934		2		0
246.922		392.941		1806		2		0
220.561		408.698		1799		2		0
293.026		283.73		2189		2		0
312.309		289.964		1938		2		0
292.26		349.014		2258		1		0
300.482		371.527		2036		1		0
280.873		236.167		2017		2		0
234.5		303.5		2512		2		0
236.874		297.762		2464		2		0
329.999		300.334		2396		2		0
330.668		285.667		2309		2		0
Frame 46
279.613		287.702		2255		2		0
280.283		262.801		2074		2		0
281.098		233.368		1894		2		0
279.601		215.697		1854		2		0
252.287		245.363		2044		2		0
239.048		269.749		2249		2		0
235.23		289.763		0		1		0
235.168		287.003		2422		1		0
309.206		245.962		2024		2		0
324.973		270.258		2192		2		0
329.212		292.288		0		1		0
329.297		297.418		0		1		0
266.571		287.598		2096		2		0
253.134		286.271		1960		2		0
244.659		391.101		1815		2		0
220.614		411.062		1789		2		0
292.545		287.803		2216		2		0
312.198		288.585		1974		2		0
293.054		347.825		2271		1		0
300.729		369.574		2031		1		0
280.877		241.216		2045		2		0
236		289		2441		2		0
236		289		2441		2		0
329.229		306.192		0		1		0
329.872		291.78		0		1		0
Frame 47
280.133		291.1		2285		2		0
280.964		267.398		2110		2		0
281.929		239.249		1929		2		0
280.359		221.899		1888		2		0
252.984		250.463		2091		2		0
238.314		270.819		2284		2		0
235		291.463		3222		1		0
235.5		298.816		3044		1		0
309.612		250.549		2060		2		0
325.277		273.91		2259		1		0
328.04		295.379		2040		1		0
328.229		298.634		2025		1		0
267.156		290.965		2176		2		0
251.273		294.407		1991		2		0
230.452		391.85		1823		2		0
228.881		420.32		1740		1		0
292.979		291.233		2243		2		0
312.883		288.693		2008		2		0
293.038		349.027		2263		1		0
301.154		370.605		2037		1		0
281.672		246.768		2080		2		0
236.312		300.694		2969		1		0
236.312		300.694		2969		1		0
328.189		307.328		0		1		0
328.792		293.038		2035		1		0
Frame 48
282.819		300.665		2316		2		0
282.518		274.372		2151		2		0
282.174		243.634		1965		2		0
280.904		227.057		1930		2		0
254.087		254.782		2130		2		0
238.56		273.398		2345		1		0
248.078		304.442		2029		1		0
247.998		309.485		2029		1		0
309.502		254.397		2114		2		0
323.441		277.629		2087		1		0
317.273		312.924		2026		1		0
312.987		324.194		2033		1		0
270.673		301.224		2278		2		0
253.266		295.188		2040		2		0
234.528		388.141		1877		2		0
218.171		412.201		1787		2		0
295.027		300.114		2262		2		0
313.749		290.108		2045		2		0
306.547		358.959		2001		1		0
313.084		384.464		1944		1		0
282.264		251.796		2127		2		0
250.449		315.783		2033		2		0
238.994		315.906		2094		2		0
310.412		339.625		2020		2		0
317.768		335.033		2012		2		0
Frame 49
282.536		313.642		2403		2		0
282.87		282.723		2235		2		0
283.255		247.639		2023		2		0
282.011		231.181		1976		2		0
255.866		258.633		2182		2		0
240.347		278.749		2122		1		0
246.716		301.95		2059		2		0
246.61		311.421		2054		1		0
309.745		257.141		2165		2		0
322.83		281.515		2085		1		0
315.67		318.654		2050		2		0
312.46		328.647		2047		2		0
269.866		314.27		2382		2		0
251.247		297.974		2074		1		0
234.645		388.025		1851		1		0
217.258		410.598		1782		2		0
295.256		313.023		2350		2		0
316.718		298.978		2068		2		0
309.31		368.353		1975		1		0
315.428		395.66		1820		1		0
283.152		256.844		2178		2		0
243		324		2052		2		0
241		317.002		2077		2		0
311.796		342.441		2013		2		0
321.379		320.189		2038		2		0
Frame 50
282.364		319.4		2456		2		0
283.247		287.083		2319		2		0
284.237		250.975		2082		2		0
283.034		234.308		2036		2		0
256.939		260.665		2232		2		0
240.574		281.286		2153		1		0
247.932		305.348		2090		2		0
242.674		318.873		2072		1		0
309.333		260.218		2223		2		0
321.961		287.856		2110		1		0
318.152		324.111		2050		2		0
313.135		329.72		2056		2		0
269.677		320.26		2467		2		0
251.693		301.351		2106		1		0
233.97		389.174		1831		1		0
216.495		410.771		1775		1		0
295.116		318.533		2389		2		0
316.475		301.679		2098		2		0
309.149		370.162		1962		1		0
315.528		396.682		1803		1		0
283.977		260.372		2230		2		0
243		329		2057		2		0
240		321.001		2104		2		0
312.51		343.111		2009		2		0
322.036		321.301		2054		2		0
Frame 51
282.918		325.29		2499		2		0
283.653		292.061		2387		2		0
284.438		256.545		2187		2		0
284.195		238.626		2126		2		0
258.737		262.537		2307		2		0
239.226		290.942		2197		1		0
247.573		305.461		2140		2		0
245.461		310.766		2120		2		0
309.376		263.715		2296		2		0
322.599		290.271		2162		1		0
316.151		321.381		2093		2		0
313.977		329.34		2082		2		0
270.718		325.94		2504		2		0
251.173		302.859		2153		1		0
231.666		386.327		1849		1		0
214.085		407.279		1780		1		0
295.18		324.644		2448		2		0
316.403		308.411		2127		2		0
309.13		376.09		1957		1		0
314.989		402.962		1774		1		0
284.235		265.647		2301		2		0
242.6		325.199		2088		2		0
238.696		319.379		2148		2		0
314.396		343.749		2015		2		0
321.669		322.142		2080		2		0
Frame 52
282.808		325.557		2489		2		0
283.352		292.749		2420		2		0
284.032		258.331		2264		2		0
285.26		240.156		2199		2		0
260.003		265.134		2359		2		0
242.826		291.93		2227		2		0
252.018		327.955		2119		1		0
242.121		341.555		2058		1		0
308.651		266.732		2346		2		0
326.007		296.011		2212		1		0
321.127		318.241		2114		2		0
314.234		331.594		2084		2		0
268.646		325.5		2468		2		0
244.511		300.993		2189		2		0
230.555		387.453		1824		1		0
213.575		407.549		1771		1		0
296.711		326.654		2445		2		0
317.657		308.464		2155		2		0
295.965		374.854		2061		1		0
315.504		396.701		1793		1		0
283.815		267.152		2358		2		0
250.741		355.575		2008		2		0
239.497		348.292		2080		2		0
316.445		347.221		2006		2		0
321.463		327.537		2086		2		0
Frame 53
286.615		333.134		2506		2		0
285.861		297.429		2476		2		0
285.084		261.015		2409		2		0
286.082		242.026		2295		2		0
260.82		266.953		2415		2		0
243.149		300.741		2235		2		0
243.779		337.696		2081		2		0
243.783		353.439		1999		2		0
309.727		273.083		2402		2		0
324.817		301.913		2222		1		0
313.355		320.14		2163		2		0
314.775		331.316		2107		2		0
272.401		331.64		2507		2		0
247.595		302.344		2231		1		0
234.929		387.779		1826		1		0
218.565		407.457		1774		1		0
301.013		334.653		2481		2		0
315.341		318.371		2158		2		0
293.218		384.332		1918		1		0
312.701		406.976		1763		1		0
285.279		270.179		2427		2		0
243.438		364.885		1958		2		0
239.141		364.428		1942		2		0
316.834		346.416		2013		2		0
322.068		322.933		2130		2		0
Frame 54
286.345		332.874		2532		2		0
286.181		295.982		2517		2		0
286.578		258.245		2450		2		0
286.786		239.372		2357		2		0
261.412		265.502		2476		2		0
242.854		298.935		2258		2		0
243.158		335.175		2096		2		0
240.993		348.698		2032		2		0
309.83		270.016		2464		2		0
321.93		303.642		2217		1		0
313.602		320.728		2181		2		0
316.216		332.86		2110		2		0
272.364		331.685		2529		2		0
248.096		301.801		2273		1		0
235.538		386.75		1841		1		0
219.293		406.287		1778		1		0
300.35		333.913		2490		2		0
317.126		308.712		2212		2		0
295.919		371.877		2093		1		0
314.93		393.644		1793		1		0
286.503		267.575		2494		2		0
240.691		361.998		1975		2		0
237.213		354.777		2054		2		0
317.119		347.118		2027		2		0
321.769		330.612		2111		2		0
Frame 55
284.629		328.267		2560		2		0
285.667		289.661		2536		2		0
286.707		250.891		2484		2		0
287.389		232.833		2387		2		0
263.037		258.527		2538		2		0
239.506		289.937		2304		2		0
238.773		328.524		2128		2		0
239.284		344.011		2059		2		0
309.805		261.404		2497		2		0
311.384		294.448		2338		1		0
315.177		327.753		2135		2		0
317.525		333.876		2106		2		0
272.863		328.271		2569		2		0
248.552		297.644		2300		1		0
236.116		381.699		1857		1		0
220.007		400.91		1783		1		0
296.511		328.269		2516		2		0
318.44		305.538		2225		2		0
297.544		367.92		2123		1		0
311.182		344.913		2077		2		0
286.445		260.594		2522		2		0
241.712		356.92		1997		2		0
234.425		352.839		2061		2		0
318.254		349.85		2028		2		0
324.669		329.593		2113		2		0
Frame 56
280.832		320.46		2573		2		0
283.824		282.146		2556		2		0
286.832		243.751		2513		2		0
287.994		227.094		2434		2		0
262.847		251.504		2561		2		0
252.26		275.514		2697		2		0
244.862		295.449		2284		2		0
242.383		301.811		2251		2		0
309.705		254.623		2532		2		0
318.154		279.41		2624		2		0
314.378		300.05		2267		1		0
311.422		303.55		2316		2		0
269.189		319.077		2542		2		0
242.013		296.292		2273		2		0
229.106		379.664		1865		1		0
212.741		398.632		1831		1		0
292.568		321.862		2530		2		0
315.995		302.621		2250		2		0
292.433		337.569		2464		1		0
314.553		324.59		2148		1		0
286.077		253.355		2558		2		0
239.863		314.907		2186		2		0
235.459		298.984		2262		2		0
313.83		307.67		2250		2		0
314.5		307.5		2238		2		0
Frame 57
282.492		316.113		2579		2		0
284.661		278.894		2572		2		0
287.401		240.335		2580		2		0
288.202		222.645		2462		2		0
263.582		248.725		2597		2		0
251.602		279.472		2433		2		0
242.04		304.943		2228		2		0
237.947		315.315		2167		2		0
309.716		252.315		2569		2		0
317.744		278.252		0		2		0
315.736		299.53		2244		2		0
309.809		302.731		2334		2		0
269.989		314.9		2541		2		0
242.279		295.115		2266		2		0
229.398		378.368		1843		1		0
213.05		397.281		1819		1		0
295.107		317.278		2518		2		0
318.588		299.034		2224		2		0
296.325		335.963		2480		1		0
296.167		357.674		2200		1		0
286.695		250.085		2595		2		0
237.077		328.159		2111		2		0
232		318.471		2229		2		0
311.249		306.752		2250		2		0
310.997		307.504		2273		2		0
Frame 58
282.943		315.92		2599		2		0
285.237		277.142		2600		2		0
287.292		237.775		2592		2		0
288.411		220.905		2495		2		0
263.733		247.884		2615		2		0
253.492		279.008		2362		2		0
245.012		304.44		2227		2		0
240.181		313.237		2178		2		0
309.831		250.832		2583		2		0
315.435		278.223		2334		2		0
314.486		299.373		2232		2		0
313.53		306.138		2207		2		0
270.373		314.816		2572		2		0
243.372		294.356		2261		2		0
229.961		377.21		1880		1		0
213.617		396.107		1841		1		0
295.626		316.972		2544		2		0
316.885		297.119		2231		2		0
296.299		334.955		2490		1		0
296.582		356.593		2208		1		0
286.83		247.48		2609		2		0
238.463		326.932		2120		2		0
234.481		309.601		2233		2		0
310.552		317.885		2184		2		0
325.157		299.903		2241		2		0
Frame 59
284.305		315.659		2619		2		0
285.978		276.049		2602		2		0
287.506		236.933		2628		2		0
288.671		219.35		2522		2		0
264.014		247.104		2620		2		0
257.217		278.718		2380		2		0
246.514		304.558		2227		2		0
241.849		314.01		2175		2		0
309.814		250.223		2596		2		0
315.666		278.07		2315		2		0
315.161		300.438		2221		2		0
313.389		301.085		2224		2		0
272.175		315.227		2602		2		0
247.901		292.033		2280		2		0
227.453		376.958		1959		2		0
209.949		397.578		1836		1		0
296.599		316.032		2555		2		0
314.072		297.308		2234		2		0
292.194		335.363		2463		1		0
292.471		356.871		2206		1		0
287.141		246.597		2623		2		0
239.135		327.826		2120		2		0
236.419		316.652		2201		2		0
313.841		301.779		2224		2		0
323.336		302.327		2241		2		0
Frame 60
283.716		315.002		2631		2		0
286.023		275.445		2626		2		0
287.947		236.568		2641		2		0
288.895		218.834		2538		2		0
264.405		246.998		2629		2		0
259.695		275.171		2420		2		0
253.217		290.992		2305		2		0
250.026		300.913		2259		2		0
309.959		249.968		2594		2		0
318.507		276.13		2680		2		0
314.642		297.728		2246		2		0
316.13		311.695		2187		2		0
272.199		314.191		2603		2		0
251.631		285.579		2318		2		0
275.807		389.065		1797		1		0
272.084		364.723		2070		1		0
295.276		315.822		2550		2		0
309.813		299.224		2251		2		0
314.75		361.205		1958		2		0
306.912		342.54		2067		2		0
287.513		246.213		2638		2		0
245.847		310.23		2203		2		0
244.665		292.721		2301		2		0
316.585		312.435		2183		1		0
325.771		312.901		2794		1		0
Frame 61
283.789		314.421		2628		2		0
286.005		275.268		2635		2		0
287.989		236.769		2638		2		0
289.13		219.025		2549		2		0
264.662		246.566		2633		2		0
253.975		276.923		2372		2		0
250.605		300.267		2269		2		0
251.742		301.371		2262		2		0
309.889		249.487		2611		2		0
318.808		275.828		2691		2		0
315.475		299.143		2264		2		0
316.704		305.82		2239		1		0
272.348		313.539		2593		2		0
253.833		283.441		2336		2		0
272.829		391.584		1793		1		0
269.177		367.777		2037		1		0
295.31		315.314		2552		2		0
307.477		295.487		2277		2		0
317.936		357.578		2015		2		0
300.167		356.001		2082		1		0
287.518		246.335		2654		2		0
247.533		310.466		2222		2		0
244.561		296.749		2323		2		0
317		322.334		2195		2		0
317.88		309.24		2231		2		0
Frame 62
282.589		314.248		2629		2		0
285.621		275.272		2632		2		0
288.27		236.946		2631		2		0
289.35		219.325		2558		2		0
264.92		246.374		2645		2		0
255.262		277.074		2380		2		0
253.798		299.606		2288		2		0
253.459		302.767		2273		2		0
309.863		249.442		2614		2		0
318.976		275.964		2683		2		0
313.462		299.365		2269		1		0
312.835		304.646		2239		1		0
271.172		313.229		2591		2		0
254.941		284		2343		2		0
272.909		391.509		1798		1		0
291.668		378.333		1952		1		0
294.083		315.274		2549		2		0
306.967		295.237		2288		2		0
308.498		360.366		1989		1		0
309.306		340.746		2098		2		0
287.585		246.456		2652		2		0
250.251		310.349		2235		2		0
247.514		296.135		2315		2		0
316		321		2222		2		0
302.392		301.302		2282		2		0
Frame 63
284.449		314.004		2621		2		0
286.222		275.379		2645		2		0
288.212		237.175		2654		2		0
289.425		219.794		2566		2		0
265.133		246.587		2652		2		0
255.258		277.116		2390		2		0
256.779		298.938		2308		2		0
253.659		302.76		2286		2		0
309.8		249.771		2626		2		0
319.114		276.406		2700		2		0
313.56		299.545		2277		1		0
311.944		305.758		2247		1		0
272.963		313.257		2584		2		0
255.596		284.268		2351		2		0
272.882		390.953		1806		1		0
291.817		377.928		1969		1		0
295.999		314.751		0		2		0
306.556		295.585		2291		2		0
307.836		360.439		1998		1		0
309.825		340.572		2106		2		0
287.673		246.679		2668		2		0
249.841		310.517		2249		2		0
248.388		295.043		2322		2		0
315		322.999		2210		2		0
305.382		300.902		2287		2		0
Frame 64
284.534		314.009		2622		2		0
286.358		275.407		2644		2		0
288.285		237.279		2659		2		0
289.434		219.996		2572		2		0
265.169		246.663		2649		2		0
255.135		277.074		2388		2		0
253.781		300.91		2289		2		0
252.768		302.583		2280		2		0
309.888		249.78		2621		2		0
319.111		276.451		2703		2		0
313.566		299.587		2276		1		0
312.973		305.311		2249		1		0
273.062		313.277		2587		2		0
255.79		284.426		2353		2		0
273.167		390.503		1802		1		0
292.34		377.633		1971		1		0
296.074		314.744		0		2		0
306.474		295.33		2294		2		0
309.236		360.443		1996		1		0
308.524		340.668		2103		2		0
287.779		246.761		2678		2		0
249.633		310.376		2248		2		0
247.616		295.544		2327		2		0
316.076		321.403		2225		2		0
313.167		299.665		2276		2		0
Frame 65
284.415		314.141		2620		2		0
286.335		275.469		2647		2		0
288.339		237.467		2657		2		0
289.371		220.177		2577		2		0
265.065		246.595		2662		2		0
254.721		276.782		2400		2		0
253.262		300.331		2288		2		0
251.976		301.887		2281		2		0
309.894		249.811		2630		2		0
319.087		276.509		2698		2		0
315.43		300.27		2276		2		0
317.034		307.454		2261		1		0
272.977		313.378		2577		2		0
255.766		284.344		2354		2		0
273.366		390.237		1803		1		0
292.587		377.42		1985		1		0
295.914		314.918		2529		2		0
306.513		295.232		2293		2		0
308.561		360.192		2011		1		0
305.833		340.414		2116		2		0
287.809		246.907		2673		2		0
249.417		310.311		2246		2		0
246.503		295.072		2322		2		0
316.743		321.498		2208		2		0
316.094		300.361		2288		2		0
Frame 66
281.874		314.527		2617		2		0
285.708		275.603		2650		2		0
288.289		237.543		2656		2		0
289.321		220.286		2576		2		0
264.992		246.594		2660		2		0
254.511		276.67		2389		2		0
252.771		299.943		2289		2		0
251.341		301.41		2283		2		0
309.775		249.676		2641		2		0
319.107		276.424		2712		2		0
315.439		300.124		2266		2		0
317.779		305.556		2257		1		0
270.685		313.476		2567		2		0
255.632		284.19		2351		2		0
273.145		390.33		1799		1		0
285.621		369.133		2043		1		0
293.119		315.63		2550		2		0
306.39		294.987		2294		2		0
309.169		360.29		2017		1		0
305.587		340.873		2116		2		0
287.693		246.98		2666		2		0
248.045		310.272		2242		2		0
246.132		293.621		2321		2		0
318		317.5		2242		2		0
317.402		300.697		2282		2		0
Frame 67
281.446		314.598		2614		2		0
285.423		275.62		2630		2		0
288.276		237.545		2668		2		0
289.231		220.334		2583		2		0
264.891		246.53		2657		2		0
253.97		276.36		2391		2		0
251.617		299.239		2289		2		0
250.722		300.836		2279		2		0
309.731		249.569		2647		2		0
319.105		276.26		2706		2		0
315.467		299.913		2265		2		0
318.454		310.666		2247		1		0
270.144		313.496		2568		2		0
255.232		283.973		2353		2		0
271.114		390.536		1803		1		0
284.624		369.55		2036		1		0
292.781		315.727		2554		2		0
306.579		294.764		2296		2		0
309.181		360.125		2011		1		0
305.802		341.457		2107		2		0
287.621		246.983		2673		2		0
247.35		310.249		2239		2		0
244.549		294.067		2332		2		0
318		321.999		2231		2		0
318.429		301.142		2275		2		0
Frame 68
281.032		314.761		2607		2		0
284.964		275.685		2637		2		0
288.054		237.561		2674		2		0
289.022		220.297		2583		2		0
264.787		246.511		2666		2		0
253.937		276.342		2389		2		0
250.757		299.708		2287		2		0
250.228		300.701		2282		2		0
309.664		249.552		2646		2		0
318.755		276.335		2709		2		0
315.282		299.919		2266		2		0
318.419		308.791		2251		1		0
269.677		313.613		2557		2		0
254.575		283.613		2355		2		0
270.314		390.533		1801		1		0
284.208		369.62		2044		1		0
292.428		315.92		2547		2		0
306.669		294.71		2294		2		0
309.306		360.103		2010		1		0
305.785		341.548		2109		2		0
287.346		247.005		2670		2		0
246.79		310.157		2237		2		0
244.585		293.72		2335		2		0
318		320.999		2228		2		0
318.095		300.797		2284		2		0
Frame 69
280.774		314.816		2606		2		0
284.573		275.753		2633		2		0
287.824		237.618		2662		2		0
288.78		220.34		2586		2		0
264.652		246.483		2661		2		0
253.876		276.307		2400		2		0
250.544		299.497		2289		2		0
249.896		300.267		2283		2		0
309.647		249.553		2638		2		0
318.638		276.38		2710		2		0
315.235		299.919		2265		2		0
298.267		302.04		2434		2		0
269.435		313.643		2562		2		0
253.724		283.385		2351		2		0
269.779		390.441		1797		1		0
283.849		369.574		2035		1		0
292.163		315.998		2544		2		0
306.714		294.586		2292		2		0
309.259		359.989		2004		1		0
305.599		341.621		2105		2		0
287.063		247.067		2667		2		0
246.79		310.157		2238		2		0
243.268		297.591		2306		2		0
299		298.001		2363		2		0
299		297.5		2361		2		0
Frame 70
280.411		314.942		2603		2		0
284.274		275.899		2628		2		0
287.727		237.728		2651		2		0
288.44		220.464		2586		2		0
264.441		246.483		2656		2		0
253.74		276.343		2420		2		0
250.32		299.609		2294		2		0
249.631		300.289		2284		2		0
309.625		249.556		2630		2		0
318.471		276.392		2707		2		0
315.139		299.914		2269		2		0
301.053		299.874		2319		1		0
269.071		313.758		2548		2		0
253.227		283.397		2359		2		0
269.392		390.208		1795		1		0
283.559		369.367		2043		1		0
291.804		316.136		2551		2		0
306.66		294.524		2293		2		0
308.179		359.706		2009		1		0
304.809		340.467		2137		2		0
286.916		247.188		2674		2		0
247.062		310.353		2239		2		0
244.996		293.507		2328		2		0
299		299.5		2356		2		0
308.386		299.492		2267		2		0
Frame 71
280.159		315.138		2606		2		0
283.966		276.114		2627		2		0
287.495		237.928		2651		2		0
287.868		220.884		2587		2		0
264.175		246.806		2639		2		0
252.986		272.301		2728		2		0
251.202		288.461		2338		2		0
249.413		299.735		2297		2		0
309.395		249.612		2630		2		0
318.044		276.511		2712		2		0
314.733		299.809		2267		2		0
298.928		302.25		2393		1		0
268.777		314.022		2556		2		0
252.823		283.511		2358		2		0
269.136		389.975		1799		1		0
283.352		369.151		2043		1		0
291.591		316.272		2550		2		0
306.584		294.52		2287		2		0
307.567		359.577		2019		1		0
305.348		339.775		2127		2		0
286.651		247.395		2673		2		0
246.71		309.791		2250		2		0
243.385		293.32		2341		2		0
298		297.501		2358		2		0
307.425		296.502		2277		2		0
Frame 72
280.016		315.246		2607		2		0
283.556		276.322		2636		2		0
286.817		238.223		2658		2		0
287.25		221.176		2580		2		0
263.825		247.033		2628		2		0
252.859		272.568		2724		2		0
250.767		289.181		2336		2		0
249.059		299.706		2296		2		0
309.053		249.623		2621		2		0
317.618		276.49		2711		2		0
314.391		299.741		2266		2		0
297.665		297.333		2373		1		0
268.623		314.174		2552		2		0
252.487		283.715		2361		2		0
269.032		389.816		1805		1		0
283.273		368.999		2059		1		0
291.46		316.341		2549		2		0
306.447		294.428		2285		2		0
307.18		359.397		2017		1		0
305.218		339.526		2110		2		0
286.029		247.672		2653		2		0
246.557		310.11		2245		2		0
244.371		291.415		2334		2		0
298		297		2349		2		0
299.794		296.96		2330		1		0
Frame 73
280.096		313.961		2594		2		0
283.013		275.97		2629		2		0
286.092		238.474		2651		2		0
286.519		221.466		2576		2		0
263.264		247.397		2624		2		0
252.751		273.105		2713		2		0
250.296		289.858		2333		2		0
248.583		299.702		2295		2		0
308.373		249.718		2618		2		0
317.274		276.426		2706		2		0
314.1		299.722		2272		2		0
315.667		297.832		2293		2		0
267.471		313.061		2546		2		0
252.204		284.329		2362		2		0
271.03		418.877		1753		1		0
285.592		398.128		1789		1		0
292.893		314.807		2525		2		0
308.072		291.826		2290		2		0
308.871		357.466		2013		1		0
316.921		339.95		2234		2		0
285.344		247.792		2656		2		0
244		312.499		2240		2		0
243.572		290.655		2344		2		0
316		300		2297		2		0
316.616		303.367		2277		1		0
Frame 74
280.211		313.92		2594		2		0
282.846		275.979		2631		2		0
285.343		238.818		2648		2		0
285.874		221.516		2578		2		0
262.684		247.832		2637		2		0
252.339		273.515		2714		2		0
248.702		294.914		2312		2		0
248.689		300.489		2290		2		0
307.946		250.346		2621		2		0
316.585		277.022		2711		2		0
313.474		300.259		2262		2		0
315.668		299.001		2287		2		0
267.415		312.98		2546		2		0
250.292		292.383		2328		2		0
9999		9999		9999		1		0
284.26		404.01		1775		1		0
293.189		314.819		2515		2		0
306.514		296.234		2275		2		0
308.919		362.081		1997		1		0
308.017		336.096		2108		2		0
284.774		248.013		2662		2		0
246.201		310.065		2249		2		0
241.001		296.9		2334		2		0
315.501		299.001		2287		2		0
315.212		299.109		2287		1		0
Frame 75
281.663		315.22		2597		2		0
283.078		276.518		2627		2		0
284.864		239.136		2643		2		0
285.291		221.598		2570		2		0
261.905		248.136		2635		2		0
252.053		273.881		2729		2		0
248.52		295.165		2314		2		0
248.411		300.742		2295		2		0
307.448		250.708		2616		2		0
316.257		277.358		2700		2		0
312.754		300.768		2258		2		0
315		298.495		2306		2		0
269.572		315.418		2564		2		0
250.265		292.383		2332		2		0
9999		9999		9999		1		0
284.179		404.081		1771		1		0
293.996		315.332		2514		2		0
306.213		296.639		2268		2		0
308.122		362.623		1992		1		0
308.015		335.685		2114		2		0
284.46		248.368		2651		2		0
244.669		311.499		2246		2		0
240.204		299.048		2334		2		0
315		300		2291		2		0
314.545		298.604		2289		1		0
Frame 76
281.47		315.966		2596		2		0
282.783		276.981		2616		2		0
284.379		239.296		2640		2		0
284.735		221.751		2571		2		0
261.582		248.319		2611		2		0
251.652		273.958		2717		2		0
248.243		295.331		2315		2		0
248.222		300.952		2298		2		0
306.738		251.099		2605		2		0
316.069		277.441		2694		2		0
312.465		300.993		2259		2		0
314.601		299.4		2290		2		0
269.248		316.116		2567		2		0
250.259		292.362		2330		2		0
9999		9999		9999		1		0
284.164		404.086		1779		1		0
293.886		315.957		2515		2		0
305.881		296.711		2271		2		0
307.704		362.748		2013		1		0
307.822		335.433		2112		1		0
283.997		248.599		2649		2		0
244.627		311.124		2241		2		0
240.176		297.903		2336		2		0
315		301		2292		2		0
314.226		299.556		2290		1		0
Frame 77
281.351		316.063		2598		2		0
282.542		277.175		2628		2		0
283.873		239.54		2633		2		0
284.115		221.81		2566		2		0
261.116		248.603		2630		2		0
251.223		274.083		2714		2		0
248.024		295.408		2318		2		0
247.986		301.117		2291		2		0
306.233		251.462		2606		2		0
315.926		277.569		2698		2		0
312.073		301.136		2258		2		0
313.751		298.999		2286		2		0
268.926		316.216		2562		2		0
250.414		292.627		2334		2		0
9999		9999		9999		1		0
284.325		404.508		1776		1		0
293.854		316.043		2517		2		0
305.444		296.996		2271		2		0
307.183		363.139		2005		1		0
307.655		335.823		2112		1		0
283.553		248.843		2660		2		0
243.501		312.498		2243		2		0
239.958		297.148		0		2		0
313		299		2284		2		0
313.295		299.108		2284		1		0
Frame 78
281.222		316.13		2597		2		0
282.341		277.306		2617		2		0
283.57		239.68		2633		2		0
283.637		221.87		2567		2		0
260.766		248.771		2622		2		0
251.17		274.419		2723		2		0
247.94		295.703		2320		2		0
247.755		300.948		2295		2		0
306.501		251.386		2598		2		0
315.574		278.192		2689		2		0
311.523		301.64		2259		2		0
313.429		299.14		2292		2		0
268.723		316.261		2557		2		0
250.312		292.902		2334		2		0
9999		9999		9999		1		0
284.172		404.95		1773		1		0
293.773		316.114		2513		2		0
305.153		297.405		2262		2		0
306.86		363.729		2011		1		0
307.518		336.372		2107		1		0
283.27		248.987		2648		2		0
244.601		310.699		2249		2		0
239.693		296.762		2356		2		0
313.5		300.5		2284		2		0
312.973		299.249		2278		1		0
Frame 79
281.122		316.748		2591		2		0
282.094		277.793		2617		2		0
283.11		239.944		2627		2		0
282.961		222.003		2560		2		0
260.293		249.148		2625		2		0
251.346		274.763		2716		2		0
247.967		295.93		2317		2		0
247.74		301.296		2292		2		0
305.121		251.962		2584		2		0
315.292		277.668		2695		2		0
310.181		299.676		2260		2		0
313.146		304.888		2264		2		0
268.593		316.969		2561		2		0
249.879		293.335		2330		2		0
234.229		368.768		1984		2		0
250.233		363.829		2072		1		0
293.707		316.606		2495		2		0
304.655		297.782		2262		2		0
306.293		364.24		2007		1		0
307.138		336.862		2106		1		0
282.864		249.31		2643		2		0
243		314.998		2234		2		0
239.662		298.239		2349		2		0
314		317.499		2237		2		0
314		318		2230		2		0
Frame 80
281.001		317.135		2602		2		0
281.944		278.015		2602		2		0
282.934		240.035		2622		2		0
282.391		222.226		2556		2		0
260.086		249.298		2622		2		0
251.451		275.142		2705		2		0
247.968		296.236		2314		2		0
247.388		301.53		2297		2		0
305.169		251.989		2567		2		0
315.14		277.927		2685		2		0
310.076		299.835		2261		2		0
312.88		304.027		2248		2		0
268.466		317.402		2561		2		0
249.796		293.536		2329		2		0
234.003		368.962		1997		2		0
250.08		363.608		2068		1		0
293.594		316.924		0		2		0
304.337		298.041		2257		2		0
305.935		364.597		2020		1		0
306.847		337.202		2102		1		0
282.692		249.428		2641		2		0
243		313.498		2239		2		0
239.303		298.875		2339		2		0
314		314.999		2242		2		0
314		315.5		2240		2		0
Frame 81
280.76		317.656		2597		2		0
281.481		278.496		2614		2		0
282.145		240.392		2621		2		0
281.843		222.339		2557		2		0
259.163		250.009		2623		2		0
250.908		275.565		2712		2		0
247.024		296.672		2314		2		0
247.422		301.685		2292		2		0
304.448		252.493		2582		2		0
315.132		277.747		2692		2		0
310.067		299.743		2259		2		0
312.604		302.612		2270		2		0
268.239		317.934		2559		2		0
249.615		293.818		2331		2		0
234.066		369.082		1983		2		0
250.423		362.683		2064		1		0
293.342		317.418		0		2		0
304.087		298.069		2257		2		0
305.663		364.673		2019		1		0
306.573		337.27		2101		1		0
281.989		249.826		2637		2		0
242.8		314.398		2237		2		0
239.844		297.917		2354		2		0
314		313		2249		2		0
314		313.5		2249		2		0
Frame 82
280.098		317.984		2594		2		0
281.226		278.636		2598		2		0
282.11		240.424		2615		2		0
281.188		222.413		2547		2		0
259.119		250.042		2609		2		0
248.633		274.832		2714		2		0
245.784		296.448		2312		2		0
247.136		301.676		2298		2		0
304.595		252.473		2566		2		0
315.263		277.88		2678		2		0
310.111		299.809		2262		2		0
312.328		301.833		2274		2		0
267.571		318.19		2556		2		0
249.438		294.113		2324		2		0
233.84		369.368		2010		2		0
250.305		362.445		2064		1		0
292.686		317.811		2509		2		0
303.66		298.22		2260		2		0
305.188		364.898		2014		1		0
306.133		337.479		2097		1		0
281.917		249.877		2632		2		0
242.8		314.398		2237		2		0
239.471		297.915		2347		2		0
314		311.499		2261		2		0
314		312		2256		2		0
Frame 83
279.928		318.104		2596		2		0
281.11		278.708		2605		2		0
282.068		240.444		2615		2		0
280.777		222.501		2550		2		0
259.053		250.117		2596		2		0
248.525		274.817		2718		2		0
245.461		298.388		2306		2		0
246.793		302.478		2290		2		0
304.7		252.463		2578		2		0
315.323		278.017		2681		2		0
310.117		299.902		2267		2		0
312.28		301.747		2279		2		0
267.382		318.324		2567		2		0
249.253		294.382		2331		2		0
233.648		369.63		2014		2		0
250.168		362.428		2064		1		0
292.53		317.916		2511		2		0
303.366		298.149		2257		2		0
304.86		364.817		2023		1		0
305.805		337.404		2095		1		0
281.856		249.908		2634		2		0
242.599		315.799		2233		2		0
238.706		299.46		2357		2		0
314		311.5		2257		2		0
314		312		2253		2		0
Frame 84
279.837		318.207		2594		2		0
281.042		278.771		2612		2		0
282.027		240.47		2612		2		0
280.369		222.554		2549		2		0
258.971		250.165		2598		2		0
247.661		274.614		2718		2		0
244.697		297.516		2308		2		0
246.613		302.201		2290		2		0
304.781		252.447		2568		2		0
315.357		278.113		2684		2		0
310.088		299.934		2264		2		0
311.942		301.571		2261		2		0
267.301		318.439		2562		2		0
249.171		294.754		2331		2		0
233.464		369.928		2019		2		0
249.988		362.504		2057		1		0
292.428		318.003		2520		2		0
303.236		298.099		2256		2		0
304.718		364.768		2026		1		0
305.658		337.356		2095		1		0
281.806		249.944		2619		2		0
242.571		315.284		2233		2		0
238.935		299.076		2343		2		0
313		315.5		2230		2		0
313		316		2227		2		0
Frame 85
279.659		318.354		2593		2		0
280.926		278.865		2615		2		0
281.983		240.506		2607		2		0
280.034		222.678		2549		2		0
258.887		250.283		2595		2		0
247.385		274.614		2706		2		0
244.21		298.37		2308		2		0
246.608		302.34		2288		2		0
304.803		252.46		2573		2		0
315.443		278.184		2681		2		0
310.093		299.972		2263		2		0
312.517		305.68		2254		2		0
267.099		318.594		2563		2		0
245.486		298.64		2309		2		0
231.195		376.817		1875		2		0
249.296		364.348		2055		1		0
292.274		318.138		2527		2		0
303.164		298.075		2259		2		0
304.637		364.725		2031		1		0
305.579		337.317		2096		1		0
281.744		249.994		2629		2		0
242.8		315.398		2235		2		0
239.39		297.38		2336		2		0
313		315.999		2229		2		0
313		317		2224		2		0
Frame 86
279.475		318.609		2594		2		0
280.519		279.297		2610		2		0
281.259		241.055		2603		2		0
279.721		222.738		2544		2		0
257.621		251.596		2602		2		0
246.118		274.893		2707		2		0
243.593		298.519		2303		2		0
246.677		302.467		2292		2		0
303.88		253.397		2567		2		0
315.473		278.31		2678		2		0
310.096		300.02		2256		2		0
312.114		300.675		2280		2		0
266.847		318.901		2556		2		0
245.472		298.671		2304		2		0
231.141		376.859		1877		2		0
249.246		364.33		2054		1		0
292.148		318.341		2522		2		0
303.052		298.067		2257		2		0
304.51		364.699		2028		1		0
305.463		337.295		2097		1		0
281.095		250.534		2612		2		0
242.571		314.284		2234		2		0
239.512		297.637		2344		2		0
314		311.499		2263		2		0
314		312		2258		2		0
Frame 87
279.429		318.732		2592		2		0
280.299		279.512		2611		2		0
280.839		241.287		2606		2		0
279.516		222.869		2548		2		0
257.299		251.979		2606		2		0
244.863		274.77		2718		2		0
244.974		296.711		2311		2		0
247.405		301.057		2300		2		0
303.582		253.632		2578		2		0
315.573		278.413		2671		2		0
310.029		299.846		2262		2		0
312.105		301.293		2276		2		0
266.731		319.103		2560		2		0
245.419		298.691		2308		2		0
231.042		376.903		1880		2		0
249.148		364.329		2054		1		0
292.147		318.408		2522		2		0
302.993		298.098		2259		2		0
304.441		364.716		2031		1		0
305.408		337.316		2099		1		0
280.718		250.773		2623		2		0
244.627		311.123		2249		2		0
240.187		296.333		2336		2		0
314		312.5		2255		2		0
313.841		313.246		2231		2		0
Frame 88
279.381		318.911		2594		2		0
280.098		279.777		2601		2		0
280.539		241.53		2603		2		0
279.327		222.961		2542		2		0
256.932		252.445		2593		2		0
243.346		274.28		2734		2		0
247.687		291.832		2335		2		0
248.29		298.717		2312		2		0
303.366		253.767		2571		2		0
315.69		278.541		2667		2		0
310.084		299.889		2262		2		0
312.281		301.319		2271		2		0
266.642		319.346		2565		2		0
245.301		298.747		2305		2		0
230.985		377.029		1873		2		0
249.122		364.351		2059		1		0
292.136		318.526		2528		2		0
302.946		298.149		2262		2		0
304.386		364.754		2029		1		0
305.364		337.359		2097		1		0
280.436		251.028		2616		2		0
246.645		309.999		2261		2		0
240.693		293.998		2345		2		0
314		311.5		2252		2		0
313.961		312.204		2231		2		0
Frame 89
279.371		319.151		2597		2		0
279.987		280.043		2617		2		0
280.379		241.771		2604		2		0
279.193		223.096		2533		2		0
256.659		252.73		2590		2		0
242.722		274.265		2717		2		0
247.132		295.129		2323		2		0
248.49		300.181		2307		2		0
303.207		253.95		2563		2		0
315.738		278.583		2679		2		0
310.104		299.911		2260		2		0
311.772		303.41		2252		2		0
266.601		319.643		2560		2		0
245.318		298.07		2300		2		0
231.096		376.224		1871		2		0
249.183		364.088		2053		1		0
292.157		318.704		2526		2		0
302.918		298.209		2263		2		0
304.353		364.804		2029		1		0
305.339		337.412		2101		1		0
280.287		251.275		2623		2		0
246.157		310.307		2256		2		0
240.25		296.286		2340		2		0
314		313.999		2247		2		0
314		315		2242		2		0
Frame 90
279.364		319.339		2597		2		0
279.903		280.282		2611		2		0
280.258		242.025		2608		2		0
278.978		223.21		2529		2		0
256.41		253.06		2593		2		0
242.236		274.177		2721		2		0
257.995		292.313		2384		2		0
251.587		299.082		2326		2		0
303.08		254.1		2575		2		0
316.554		279.947		2686		2		0
310.564		300.331		2252		2		0
312.93		304.119		2251		2		0
266.578		319.83		2560		2		0
245.339		297.837		2313		2		0
231.187		375.969		1893		2		0
249.264		364.043		2058		1		0
292.178		318.897		2522		2		0
302.983		298.289		2264		2		0
304.423		364.913		2021		1		0
305.41		337.509		2099		1		0
280.174		251.522		2612		2		0
250		310		2271		2		0
247.269		296.363		2316		2		0
314		314.499		2242		2		0
314		315		2235		2		0
Frame 91
279.366		319.411		2599		2		0
279.81		280.405		2616		2		0
280.038		242.206		2598		2		0
278.852		223.346		2532		2		0
256.299		253.16		2606		2		0
241.916		274.116		2729		2		0
257.699		292.103		2378		2		0
251.596		299.207		2322		2		0
303		254.221		2585		2		0
316.59		279.842		2684		2		0
310.575		300.299		2251		2		0
312.925		304.923		2247		2		0
266.567		319.922		2560		2		0
245.358		297.512		2310		2		0
231.226		375.579		1895		2		0
249.273		363.922		2052		1		0
292.191		318.947		2524		2		0
302.965		298.332		2262		2		0
304.402		364.942		2026		1		0
305.393		337.542		2097		1		0
279.989		251.687		2622		2		0
249.667		310.333		2266		2		0
248.201		294.868		2321		2		0
314		315		2241		2		0
313.988		315.371		2218		2		0
Frame 92
279.384		319.472		2595		2		0
279.858		280.38		2603		2		0
280.369		241.99		2599		2		0
278.703		223.437		2533		2		0
256.789		252.687		2600		2		0
241.766		274.199		2717		2		0
257.368		291.883		2381		2		0
251.858		299.194		2315		2		0
303.145		254.104		2571		2		0
316.684		279.673		2676		2		0
310.632		300.237		2255		2		0
312.915		303.918		2253		2		0
266.574		319.95		2556		2		0
245.389		297.365		2304		2		0
231.202		375.456		1892		2		0
249.242		363.869		2048		1		0
292.237		319.048		2534		2		0
302.981		298.461		2261		2		0
304.419		365.1		2026		1		0
305.41		337.688		2097		1		0
280.218		251.533		2617		2		0
250.001		310.142		2269		2		0
248.3		295.072		2320		2		0
314		314.5		2235		2		0
314		315		2231		2		0
Frame 93
279.404		319.623		2600		2		0
279.745		280.557		2629		2		0
280.014		242.303		2605		2		0
278.674		223.469		2539		2		0
256.336		253.224		2616		2		0
241.565		274.279		2723		2		0
257.133		291.69		2385		2		0
251.519		299.041		2324		2		0
303.044		254.185		2573		2		0
316.837		279.859		2685		2		0
310.735		300.246		2259		2		0
313.081		306.351		2259		2		0
266.585		320.161		2569		2		0
247.102		296.913		2315		2		0
231.934		373.5		1968		2		0
249.362		363.316		2057		1		0
292.267		319.142		2542		2		0
303.07		298.5		2266		2		0
304.517		365.131		2032		1		0
305.505		337.721		2102		1		0
279.948		251.796		2627		2		0
248.905		305.836		2283		2		0
247.457		294.702		2326		2		0
314		319		2230		2		0
313.831		308.136		2251		2		0
Frame 94
279.474		319.694		2592		2		0
279.76		280.656		2613		2		0
279.967		242.464		2595		2		0
278.626		223.555		2534		2		0
256.07		253.361		2588		2		0
241.609		274.362		2728		2		0
256.894		291.525		2369		2		0
251.94		298.601		2322		2		0
302.979		254.241		2576		2		0
316.838		279.894		2681		2		0
310.735		300.271		2258		2		0
312.92		304.559		2250		2		0
266.671		320.28		2564		2		0
247.346		296.792		2311		2		0
231.924		373.379		1969		2		0
249.16		364.042		2052		1		0
292.325		319.173		2532		2		0
303.068		298.549		2255		2		0
304.514		365.178		2026		1		0
305.503		337.769		2100		1		0
279.92		251.935		2621		2		0
250.201		310.2		2270		2		0
248.195		294.364		2322		2		0
314		315.499		2238		2		0
314		316		2231		2		0
Frame 95
279.708		320.069		2607		2		0
279.767		280.814		2619		2		0
279.86		242.548		2600		2		0
278.598		223.622		2539		2		0
255.982		253.423		2606		2		0
241.647		274.325		2720		2		0
256.856		291.511		2370		2		0
251.77		298.563		2324		2		0
302.889		254.263		2577		2		0
316.805		279.815		2677		2		0
310.725		300.249		2256		2		0
312.94		305.005		2247		2		0
267.069		320.62		2568		2		0
247.666		296.617		2317		2		0
232.071		372.997		1981		2		0
249.232		363.719		2058		1		0
292.433		319.588		2535		2		0
303.091		298.56		2266		2		0
304.539		365.185		2032		1		0
305.528		337.776		2101		1		0
279.847		252.028		2629		2		0
250		311		2265		2		0
247.715		295.341		2318		2		0
314		320		2227		2		0
313.855		308.972		2247		2		0
Frame 96
279.713		320.093		2603		2		0
279.748		280.881		2614		2		0
279.789		242.642		2597		2		0
278.559		223.731		2528		2		0
255.906		253.554		2598		2		0
241.614		274.308		2718		2		0
256.789		291.492		2368		2		0
251.954		298.643		2320		2		0
302.855		254.319		2566		2		0
316.711		279.689		2673		2		0
310.669		300.246		2261		2		0
312.993		304.348		2249		2		0
267.063		320.653		2568		2		0
247.764		296.56		2309		2		0
232.104		372.863		1974		2		0
249.254		363.517		2056		1		0
292.443		319.601		2533		2		0
303.095		298.557		2261		2		0
304.542		365.178		2021		1		0
305.532		337.769		2099		1		0
279.791		252.117		2618		2		0
249.501		309.5		2267		2		0
248.614		293.49		2326		2		0
314		314.5		2243		2		0
314		315		2242		2		0
Frame 97
280.133		320.336		2602		2		0
279.837		281.011		2610		2		0
279.742		242.714		2597		2		0
278.542		223.748		2528		2		0
255.839		253.697		2610		2		0
241.531		274.368		2720		2		0
256.736		291.479		2368		2		0
251.961		298.583		2323		2		0
302.806		254.37		2573		2		0
316.693		279.681		2681		2		0
310.655		300.256		2254		2		0
312.85		304.218		2254		2		0
267.522		321.077		2576		2		0
247.787		296.563		2313		2		0
232.107		372.843		1969		2		0
249.28		363.34		2047		1		0
292.82		319.687		2531		2		0
303.105		298.546		2257		2		0
304.554		365.161		2023		1		0
305.545		337.752		2099		1		0
279.768		252.193		2622		2		0
249.571		305.743		2286		2		0
251.436		290.762		2344		2		0
314		316		2237		2		0
314		316		2237		2		0
Frame 98
280.388		320.456		2603		2		0
279.89		281.121		2626		2		0
279.643		242.82		2594		2		0
278.53		223.816		2531		2		0
255.787		253.807		2591		2		0
241.369		274.453		2719		2		0
256.726		291.514		2371		2		0
251.851		298.635		2321		2		0
302.776		254.418		2568		2		0
316.786		279.95		2683		2		0
310.654		300.293		2259		2		0
312.93		304.117		2249		2		0
267.754		321.258		2574		2		0
247.809		296.556		2314		2		0
232.114		372.81		1967		2		0
249.296		363.223		2052		1		0
293.085		319.732		2522		2		0
303.119		298.559		2260		2		0
304.569		365.171		2029		1		0
305.56		337.761		2098		1		0
279.708		252.295		2618		2		0
250		309.5		2270		2		0
248.273		294.255		2323		2		0
314		314.5		2241		2		0
313.989		314.696		2219		2		0
Frame 99
280.584		320.514		2598		2		0
279.978		281.222		2610		2		0
279.632		242.967		2596		2		0
278.516		223.893		2526		2		0
255.741		253.891		2588		2		0
241.026		274.549		2708		2		0
256.68		291.579		2364		2		0
251.919		298.573		2321		2		0
302.751		254.484		2580		2		0
316.79		279.866		2689		2		0
310.657		300.258		2258		2		0
313.103		305.956		2259		2		0
267.9		321.348		2573		2		0
247.843		296.55		2314		2		0
232.09		372.795		1979		2		0
249.265		363.186		2053		1		0
293.342		319.738		2525		2		0
303.13		298.599		2261		2		0
304.581		365.21		2028		1		0
305.572		337.8		2097		1		0
279.721		252.425		2621		2		0
248.923		305.463		2279		2		0
251.891		290.596		2347		2		0
314		318.498		0		2		0
314		320		2222		2		0
Frame 100
280.555		320.443		2601		2		0
280.168		281.03		2614		2		0
280.293		242.527		2606		2		0
278.529		223.969		2527		2		0
255.882		253.853		2596		2		0
240.521		274.733		2697		2		0
256.726		291.807		2367		2		0
251.781		298.723		2320		2		0
303.065		254.268		2576		2		0
316.863		280.082		2686		2		0
310.729		300.373		2254		2		0
312.927		305.571		2240		2		0
267.831		321.249		2570		2		0
246.755		296.704		2312		2		0
231.601		373.954		1976		2		0
249.225		363.405		2057		1		0
293.338		319.678		2527		2		0
303.126		298.648		2264		2		0
304.575		365.246		2023		1		0
305.567		337.841		2100		1		0
280.231		252.063		2620		2		0
251		311		2269		2		0
245.002		301.283		2290		2		0
314		321		2222		2		0
313.426		317.274		2209		1		0
Frame 101
280.571		320.474		2600		2		0
280.178		281.141		2611		2		0
280.194		242.819		2600		2		0
278.532		224.056		2532		2		0
255.815		254.379		2600		2		0
239.729		275.133		2713		2		0
256.607		291.888		2366		2		0
251.836		298.545		2322		2		0
303.04		254.332		2580		2		0
317.075		280.333		2682		2		0
310.849		300.439		2249		2		0
312.501		298		2290		2		0
267.788		321.322		2575		2		0
246.462		296.765		2311		2		0
231.459		374.272		1949		2		0
249.201		363.409		2055		1		0
293.404		319.679		2529		2		0
303.265		298.71		2257		2		0
304.727		365.328		2024		1		0
305.719		337.913		2101		1		0
280.175		252.295		2624		2		0
248.326		305.096		2280		2		0
246.89		295.781		2316		2		0
312		298		2283		2		0
312.751		298.75		2283		2		0
Frame 102
280.525		320.503		2600		2		0
280.134		281.237		2625		2		0
280.083		243.02		2608		2		0
278.536		224.099		2525		2		0
255.731		254.812		2591		2		0
239.178		275.257		2707		2		0
256.594		292.059		2366		2		0
251.81		298.629		2324		2		0
303.043		254.487		2574		2		0
317.62		280.612		2690		2		0
311.166		300.485		2259		2		0
313.66		302.621		2272		2		0
267.687		321.36		2573		2		0
246.263		296.846		2313		2		0
231.387		374.487		1951		2		0
249.205		363.38		2051		1		0
293.392		319.695		2528		2		0
303.334		298.712		2262		2		0
304.803		365.315		2019		1		0
305.794		337.903		2098		1		0
280.085		252.471		2631		2		0
248.849		305.74		2283		2		0
250.227		291.597		2339		2		0
315		311.5		2254		2		0
315		312		2251		2		0
Frame 103
280.722		320.548		2598		2		0
280.258		281.375		2614		2		0
280.097		243.295		2602		2		0
278.55		224.169		2527		2		0
255.766		255.072		2606		2		0
238.638		275.348		2697		2		0
256.493		292.219		2363		2		0
251.789		298.712		2319		2		0
303.072		254.493		2578		2		0
317.783		280.644		2686		2		0
310.929		298.811		2257		2		0
309.269		303.233		2229		2		0
267.837		321.413		2570		2		0
246.196		296.791		2312		2		0
231.331		374.523		1954		2		0
249.179		363.35		2052		1		0
293.677		319.722		2532		2		0
303.695		298.816		2263		2		0
305.199		365.481		2007		1		0
306.187		338.043		2089		1		0
280.132		252.703		2617		2		0
248.599		305.447		2281		2		0
250.876		291.448		2334		2		0
314		321		2206		2		0
314.441		306.618		2259		2		0
Frame 104
280.948		320.538		2600		2		0
280.632		281.193		2629		2		0
280.59		242.819		2603		2		0
278.573		224.212		2524		2		0
256.104		254.818		2598		2		0
238.435		275.467		2701		2		0
256.415		292.255		2364		2		0
251.854		298.86		2321		2		0
303.294		254.317		2576		2		0
317.941		280.602		2688		2		0
310.951		298.701		2262		2		0
308.669		302.924		2238		2		0
268.089		321.403		2576		2		0
246.806		292.115		2326		2		0
233.182		369.449		2049		2		0
250.067		364.839		2067		1		0
293.889		319.705		2527		2		0
303.773		298.798		2268		2		0
305.283		365.452		2009		1		0
306.27		338.02		2091		1		0
280.592		252.32		2621		2		0
248.207		305.684		2284		2		0
250.127		291.772		2337		2		0
314		318.5		2211		2		0
314.504		316.479		2215		2		0
Frame 105
281.196		320.718		2601		2		0
280.686		281.388		2621		2		0
280.415		243.13		2609		2		0
278.571		224.236		2529		2		0
256.095		255.403		2604		2		0
238.089		275.629		2706		2		0
256.331		292.364		2363		2		0
251.974		298.703		2320		2		0
303.344		254.498		2578		2		0
318.186		280.668		2687		2		0
311.357		299.178		2261		2		0
307.144		325.681		2158		2		0
268.413		321.684		2572		2		0
246.85		292.036		2324		2		0
233.447		369.443		2041		1		0
250.18		365.591		2060		1		0
294.072		319.803		2516		2		0
303.946		298.79		2265		2		0
305.473		365.462		2011		1		0
306.458		338.025		2090		1		0
280.491		252.585		2625		2		0
249.225		306.004		2282		2		0
251.089		291.318		2337		2		0
308.257		339.665		2086		2		0
314		334.804		2150		2		0
Frame 106
281.169		320.623		2602		2		0
280.782		281.219		2626		2		0
280.718		242.838		2607		2		0
278.576		224.284		2528		2		0
256.273		255.159		2601		2		0
238.009		275.556		2704		2		0
256.277		292.443		2364		2		0
251.822		298.787		2322		2		0
303.503		254.388		2591		2		0
313.175		286.474		2392		2		0
306.902		311.29		2211		2		0
307.456		325.981		2161		2		0
268.293		321.437		2575		2		0
246.015		295.7		2318		2		0
232.604		375.01		1905		1		0
248.629		375.024		2012		1		0
294.085		319.772		2522		2		0
303.953		298.687		2269		2		0
305.481		365.31		2010		1		0
306.464		337.895		2094		1		0
280.728		252.327		2620		2		0
249.007		305.962		2286		2		0
251.475		290.878		2342		2		0
308.577		339.884		2086		2		0
312.002		319.417		2179		2		0
Frame 107
281.45		320.846		2599		2		0
280.856		281.378		2630		2		0
280.612		243.041		2609		2		0
278.574		224.324		2532		2		0
256.352		255.489		2613		2		0
237.814		275.594		2703		2		0
256.199		292.445		2361		2		0
251.932		298.884		2322		2		0
303.368		254.427		2590		2		0
313.226		286.46		2378		2		0
306.86		311.168		2213		2		0
307.425		325.953		2161		2		0
268.629		321.83		2577		2		0
245.969		295.863		2318		2		0
232.558		375.231		1903		1		0
248.645		375.065		2009		1		0
294.339		319.884		2521		2		0
304		298.691		2267		2		0
305.532		365.315		2011		1		0
306.514		337.904		2095		1		0
280.677		252.506		2620		2		0
250.5		310		2267		2		0
247.708		294.981		2320		2		0
308.87		340.13		2088		2		0
311.879		318.451		2177		2		0
Frame 108
281.861		320.959		2599		2		0
281.158		281.305		2612		2		0
280.788		242.789		2610		2		0
278.562		224.367		2536		2		0
256.494		255.228		2601		2		0
237.752		275.543		2706		2		0
256.141		292.42		2361		2		0
251.821		298.811		2317		2		0
303.482		254.316		2582		2		0
313.694		286.176		2354		2		0
306.838		311.439		2209		2		0
307.48		325.988		2162		2		0
269.129		321.996		2578		2		0
250.589		292.159		2331		2		0
235.91		367.815		2009		2		0
250.346		368.923		2051		1		0
294.673		319.949		2523		2		0
304.116		298.678		2263		2		0
305.66		365.32		2011		1		0
306.64		337.906		2097		1		0
280.876		252.311		2627		2		0
249.267		306.308		2281		2		0
251.817		290.568		2342		2		0
308.739		339.999		2087		2		0
311.735		324.329		2157		2		0
Frame 109
284.395		321.541		2593		2		0
281.984		281.268		2615		2		0
280.88		242.65		2613		2		0
278.56		224.375		2532		2		0
256.553		255.044		2612		2		0
237.628		275.537		2712		2		0
256.064		292.387		2368		2		0
251.723		298.812		2319		2		0
303.561		254.226		2591		2		0
313.746		286.078		2355		2		0
306.882		311.282		2211		2		0
307.55		325.998		2159		2		0
272.284		322.845		2590		2		0
250.012		291.766		2335		1		0
235.03		366.625		2022		2		0
250.797		362.835		2061		1		0
296.677		320.294		0		2		0
304.163		298.676		2264		2		0
305.712		365.326		2016		1		0
306.69		337.911		2098		1		0
281.052		252.194		2618		2		0
248.767		305.908		2284		2		0
250.912		291.386		2335		2		0
308.565		339.869		2085		2		0
311.127		321.367		2168		2		0
Frame 110
283.022		321.515		2602		2		0
281.638		281.495		2613		2		0
280.612		243.007		2614		2		0
278.538		224.394		2541		2		0
256.374		255.518		2610		2		0
237.497		275.691		2708		2		0
255.914		292.27		2356		2		0
251.708		298.969		2319		2		0
303.447		254.511		2583		2		0
313.814		286.297		2359		2		0
306.875		311.403		2210		2		0
307.451		325.924		2161		2		0
269.944		322.601		2577		2		0
249.66		291.651		2335		1		0
234.483		366.482		2061		2		0
250.353		362.147		2066		1		0
295.951		320.373		0		2		0
304.178		298.558		2261		2		0
305.728		365.167		2017		1		0
306.705		337.768		2094		1		0
280.802		252.503		2635		2		0
248.807		306.255		2280		2		0
251.021		291.197		2340		2		0
308.841		339.96		2088		2		0
311.787		320.499		2167		2		0
Frame 111
282.517		321.464		2600		2		0
281.405		281.615		2615		2		0
280.441		243.217		2620		2		0
278.535		224.389		2538		2		0
256.231		255.656		2621		2		0
237.456		275.722		2723		2		0
255.883		292.303		2360		2		0
251.542		298.934		2327		2		0
303.37		254.589		2586		2		0
313.837		286.347		2357		2		0
306.893		311.261		2210		2		0
307.362		325.227		2163		2		0
269.482		322.519		2577		2		0
245.541		297.107		2313		2		0
231.893		375.565		1925		2		0
249.702		364.307		2054		1		0
295.529		320.372		2515		2		0
304.189		298.53		2264		2		0
305.74		365.114		2008		1		0
306.717		337.721		2095		1		0
280.634		252.686		2632		2		0
249.371		306.55		2284		2		0
250.183		291.84		2338		2		0
308.23		339.076		2084		2		0
311.366		317.497		2182		2		0
Frame 112
282.234		321.412		2604		2		0
281.207		281.681		2629		2		0
280.261		243.344		2617		2		0
278.508		224.393		2540		2		0
256.121		255.76		2620		2		0
237.319		275.65		2716		2		0
255.795		292.32		2362		2		0
251.519		299.049		2319		2		0
303.329		254.633		2589		2		0
313.856		286.391		2359		2		0
307.146		311.383		2205		2		0
307.401		325.053		2161		2		0
269.209		322.445		2584		2		0
246.705		292.553		2328		2		0
232.911		369.801		2059		2		0
249.915		362.67		2053		1		0
295.282		320.35		0		2		0
304.231		298.534		2261		2		0
305.786		365.116		2011		1		0
306.762		337.723		2094		1		0
280.462		252.799		2629		2		0
248.584		306.319		2277		2		0
246.938		295.127		2318		2		0
308.214		338.892		2090		2		0
311.568		320.325		2170		2		0
Frame 113
282.221		321.427		2603		2		0
281.19		281.718		2625		2		0
280.228		243.39		2620		2		0
278.49		224.387		2541		2		0
256.047		255.887		2616		2		0
237.254		275.652		2723		2		0
255.855		292.33		2363		2		0
251.439		299.008		2322		2		0
303.28		254.671		2581		2		0
313.819		286.428		2363		2		0
307.257		311.511		2205		2		0
307.247		325.128		2157		2		0
269.222		322.47		2582		2		0
246.747		292.346		2330		1		0
232.942		369.47		2059		2		0
249.94		362.156		2058		1		0
295.227		320.353		0		2		0
304.244		298.543		2263		2		0
305.8		365.114		2010		1		0
306.776		337.726		2094		1		0
280.437		252.844		2628		2		0
248.367		306.124		2279		2		0
246.666		295.553		2318		2		0
308.229		339.076		2088		2		0
311.711		317.058		2183		2		0
Frame 114
282.185		321.434		2604		2		0
281.161		281.751		2618		2		0
280.201		243.43		2614		2		0
278.484		224.393		2537		2		0
256.019		255.931		2633		2		0
237.197		275.656		2717		2		0
255.863		292.269		2359		2		0
251.439		299.022		2321		2		0
303.258		254.676		2585		2		0
313.792		286.438		2368		2		0
307.212		311.155		2205		2		0
307.31		325.201		2161		2		0
269.217		322.476		2584		2		0
246.107		295.039		2316		2		0
232.096		372.852		1971		2		0
249.678		362.959		2049		1		0
295.149		320.359		0		2		0
304.248		298.542		2263		2		0
305.804		365.106		2013		1		0
306.781		337.718		2096		1		0
280.411		252.884		2635		2		0
248.846		306.443		2280		2		0
251.013		291.358		2341		2		0
308.124		339.166		2084		2		0
311.705		316.7		2189		2		0
Frame 115
283.141		321.524		2597		2		0
281.704		281.554		2620		2		0
280.602		242.967		2610		2		0
278.474		224.388		2545		2		0
256.278		255.235		2628		2		0
237.314		275.538		2709		2		0
255.979		292.3		2362		2		0
251.394		298.82		2323		2		0
303.367		254.532		2588		2		0
313.776		286.325		2376		2		0
307.222		311.275		2205		2		0
307.28		325.122		2160		2		0
270.8		322.635		2584		2		0
246.129		295.891		2317		2		0
232.094		373.904		1958		2		0
249.604		363.278		2056		1		0
295.717		320.414		0		2		0
304.256		298.546		2261		2		0
305.813		365.101		2008		1		0
306.79		337.713		2095		1		0
280.838		252.505		2637		2		0
249.216		306.582		2285		2		0
250.472		291.606		2341		2		0
308.125		339.166		2083		2		0
311.402		313.799		2198		2		0
Frame 116
282.623		321.381		2606		2		0
281.42		281.591		2628		2		0
280.352		243.116		2624		2		0
278.469		224.39		2541		2		0
256.097		255.334		2622		2		0
237.35		275.515		2711		2		0
256.077		292.223		2370		2		0
251.464		299.12		2322		2		0
303.234		254.565		2588		2		0
313.745		286.313		0		2		0
307.124		311.057		2208		2		0
307.226		325.176		2161		2		0
269.88		322.397		2584		2		0
245.925		296.058		2313		1		0
231.77		374.179		1947		2		0
249.594		363.285		2059		1		0
295.431		320.334		0		2		0
304.27		298.6		2262		2		0
305.827		365.15		2015		1		0
306.804		337.763		2092		1		0
280.596		252.62		2634		2		0
248.237		305.965		2287		2		0
246.975		295.213		2318		2		0
308.077		338.961		2090		2		0
311.346		315.109		2192		2		0
Frame 117
282.548		321.364		2604		2		0
281.373		281.613		2608		2		0
280.304		243.168		2623		2		0
278.482		224.327		2534		2		0
256.046		255.404		2616		2		0
237.388		275.5		2719		2		0
256.107		292.208		2370		2		0
251.438		299.181		2319		2		0
303.204		254.559		2606		2		0
313.576		286.351		0		2		0
307.054		310.887		2209		2		0
307.23		325.357		2161		2		0
269.831		322.4		2582		2		0
245.923		296.265		2314		1		0
231.693		374.381		1953		2		0
249.55		363.261		2057		1		0
295.331		320.294		0		2		0
304.202		298.58		2262		2		0
305.752		365.083		2007		1		0
306.73		337.712		2092		1		0
280.551		252.663		2638		2		0
248.372		306.095		2280		2		0
247.048		295.39		2317		2		0
308.26		339		2085		2		0
313.821		334.98		2135		2		0
Frame 118
282.178		321.12		2606		2		0
281.338		281.409		2616		2		0
280.567		242.799		2617		2		0
278.514		224.278		2538		2		0
256.177		255.031		2619		2		0
237.473		275.481		2730		2		0
256.132		292.213		2365		2		0
251.595		299.083		2321		2		0
303.346		254.391		2603		2		0
313.407		286.255		0		2		0
306.992		310.828		2215		2		0
307.193		325.166		2157		2		0
269.402		322.077		2582		2		0
246.479		292.812		2326		2		0
232.414		370.172		2034		2		0
249.771		362.027		2054		1		0
295.022		320.129		0		2		0
304.246		298.634		2259		2		0
305.8		365.148		2011		1		0
306.778		337.773		2096		1		0
280.717		252.349		2642		2		0
248.37		305.867		2282		2		0
247.332		294.582		2324		2		0
308.042		339.124		2087		2		0
311.439		320.498		2170		2		0
