back
Frame 0
283.903		218.832		1523		2		0
283.185		147.182		1471		2		0
282.558		73.7454		1516		2		0
288.767		33.3509		1384		2		0
240.635		100.273		1532		2		0
223.699		154.686		1567		2		0
257.966		158.397		1428		2		0
273.877		159.389		1382		2		0
325.107		104.247		1537		2		0
335.812		169.413		1626		2		0
341.239		223.79		1591		2		0
338.432		242.54		1585		2		0
265.426		218.858		1538		2		0
254.679		312.864		1626		2		0
260.355		390.376		1731		2		0
258.305		414.41		1751		1		0
302.377		218.81		1542		2		0
305.979		310.451		1636		2		0
300.153		386.046		1750		2		0
299.436		410.738		1731		1		0
282.718		92.2612		1509		2		0
275.557		153.344		1377		2		0
278.551		174.225		1470		2		0
336.475		263.373		1603		2		0
326.365		240.349		1588		2		0
Frame 1
283.904		218.833		1529		2		0
283.184		147.184		1469		2		0
282.55		73.7483		1513		2		0
288.767		33.3494		1382		2		0
240.644		100.284		1533		2		0
223.702		154.694		1568		2		0
257.989		158.476		1429		2		0
273.969		159.133		1383		2		0
325.107		104.247		1529		2		0
335.82		169.419		1615		2		0
341.243		223.792		1591		2		0
338.47		242.61		1584		2		0
265.427		218.86		1537		2		0
254.674		312.851		1636		2		0
260.374		390.471		1722		2		0
258.559		414.688		1738		1		0
302.378		218.812		1540		2		0
306.006		310.311		1626		2		0
300.133		386.067		1756		2		0
298.888		410.791		1726		2		0
282.712		92.2637		1510		2		0
275.589		152.894		1374		2		0
279.516		173.144		1471		2		0
336.689		263.232		1602		2		0
326.281		239.222		1586		2		0
Frame 2
283.906		218.835		1527		2		0
283.189		147.188		1470		2		0
282.559		73.7601		1517		2		0
288.771		33.357		1385		2		0
240.648		100.297		1537		2		0
223.727		154.703		1571		2		0
258.016		158.567		1427		2		0
274.062		159.529		1384		2		0
325.106		104.244		1534		2		0
335.825		169.429		1620		2		0
341.245		223.807		1592		2		0
338.549		242.655		1583		2		0
265.43		218.862		1537		2		0
254.665		312.762		1630		2		0
260.387		390.492		1721		2		0
258.342		414.781		1731		1		0
302.381		218.814		1540		2		0
306.005		310.301		1632		2		0
300.137		386.07		1764		2		0
299.98		410.785		1738		1		0
282.72		92.2735		1513		2		0
275.627		152.256		1374		2		0
279.497		173.22		1469		2		0
336.651		263.208		1603		2		0
326.243		237.266		1590		2		0
Frame 3
283.914		218.844		1525		2		0
283.19		147.189		1474		2		0
282.557		73.7588		1516		2		0
288.77		33.3573		1382		2		0
240.659		100.305		1533		2		0
223.718		154.711		1570		2		0
257.986		158.578		1430		2		0
273.861		159.577		1384		2		0
325.109		104.244		1539		2		0
335.833		169.433		1620		2		0
341.251		223.795		1594		2		0
338.592		242.674		1584		2		0
265.436		218.868		1538		2		0
254.665		312.741		1628		2		0
260.407		390.519		1741		2		0
258.309		414.808		1716		1		0
302.39		218.825		1542		2		0
305.987		310.424		1633		2		0
300.134		386.089		1762		2		0
300.394		410.862		1734		2		0
282.719		92.2727		1507		2		0
276.069		152.2		1373		2		0
278.783		175.236		1467		2		0
335.95		264.184		1606		2		0
326.456		239.19		1586		2		0
Frame 4
283.917		218.861		1526		2		0
283.194		147.197		1470		2		0
282.561		73.7615		1514		2		0
288.768		33.3595		1383		2		0
240.663		100.338		1532		2		0
223.716		154.709		1568		2		0
257.969		158.61		1432		2		0
274.153		160.089		1385		2		0
325.109		104.245		1533		2		0
335.835		169.434		1620		2		0
341.253		223.794		1592		2		0
338.522		242.844		1583		2		0
265.44		218.885		1538		2		0
254.681		312.875		1627		2		0
260.476		390.525		1733		2		0
257.882		414.997		1724		1		0
302.394		218.844		1538		2		0
306.024		311.028		1636		2		0
300.08		386.202		1762		2		0
301.247		411.118		1723		1		0
282.723		92.2765		1514		2		0
275.78		152.343		1373		2		0
279.629		173.794		1466		2		0
336.247		263.959		1603		2		0
326.435		239.43		1586		2		0
Frame 5
283.92		218.866		1527		2		0
283.196		147.2		1471		2		0
282.563		73.7659		1516		2		0
288.765		33.3612		1380		2		0
240.664		100.34		1531		2		0
223.728		154.716		1566		2		0
257.981		158.618		1429		2		0
273.69		159.936		1384		2		0
325.11		104.245		1537		2		0
335.84		169.43		1617		2		0
341.263		223.793		1591		2		0
338.545		242.763		1583		2		0
265.442		218.887		1534		2		0
254.677		312.761		1629		2		0
260.476		390.524		1744		2		0
261.161		417.024		1734		1		0
302.396		218.852		1541		2		0
306.038		311.078		1634		2		0
300.07		386.219		1763		2		0
301.832		411.118		1746		1		0
282.725		92.2799		1510		2		0
276.001		153.636		1375		2		0
279.222		173.988		1466		2		0
335.816		264.048		1607		2		0
326.299		241.335		1588		2		0
Frame 6
283.934		218.868		1524		2		0
283.201		147.205		1469		2		0
282.563		73.7778		1514		2		0
288.759		33.367		1380		2		0
240.657		100.353		1530		2		0
223.752		154.736		1574		2		0
258.013		158.634		1428		2		0
274.05		159.578		1385		2		0
325.115		104.253		1535		2		0
335.845		169.433		1616		2		0
341.272		223.812		1591		2		0
338.727		242.84		1585		2		0
265.454		218.886		1539		2		0
254.689		312.737		1626		2		0
260.51		390.468		1755		2		0
261.197		416.967		1716		1		0
302.414		218.857		1539		2		0
306.043		311.118		1636		2		0
300.076		386.218		1757		2		0
301.9		411.085		1735		1		0
282.726		92.2893		1504		2		0
276.253		152.626		1373		2		0
279.52		174.627		1467		2		0
335.994		263.962		1609		2		0
326.362		239.716		1587		2		0
Frame 7
283.936		218.875		1522		2		0
283.204		147.207		1471		2		0
282.571		73.78		1513		2		0
288.752		33.3739		1383		2		0
240.665		100.351		1532		2		0
223.801		154.757		1570		2		0
258.045		158.673		1430		2		0
274.057		159.841		1382		2		0
325.113		104.252		1539		2		0
335.863		169.435		1619		2		0
341.284		223.833		1589		2		0
338.639		242.768		1587		2		0
265.457		218.89		1538		2		0
254.701		312.604		1622		2		0
260.505		390.416		1744		2		0
261.191		416.916		1793		1		0
302.414		218.869		1538		2		0
306.073		311.306		1632		2		0
300.112		386.299		1778		2		0
302.24		411.181		1744		2		0
282.732		92.291		1508		2		0
275.803		153.209		1379		2		0
278.804		174.762		1465		2		0
336.572		263.259		1603		2		0
326.415		239.678		1581		2		0
Frame 8
283.953		218.882		1524		2		0
283.207		147.206		1471		2		0
282.568		73.7762		1513		2		0
288.746		33.3657		1380		2		0
240.665		100.356		1532		2		0
223.811		154.762		1565		2		0
258.013		158.767		1423		2		0
274.021		159.911		1383		2		0
325.11		104.246		1529		2		0
335.876		169.431		1617		2		0
341.304		223.833		1588		2		0
338.764		242.745		1584		2		0
265.476		218.9		1540		2		0
254.719		312.781		1628		2		0
260.501		390.324		1740		2		0
261.185		416.831		0		1		0
302.43		218.872		1540		2		0
306.081		311.307		1629		2		0
300.128		386.283		1750		2		0
302.748		411.153		1716		1		0
282.731		92.2888		1505		2		0
276.001		152.171		1376		2		0
283.454		171.7		1466		2		0
336.47		264.002		1605		2		0
326.798		238.149		1586		2		0
Frame 9
283.957		218.889		1523		2		0
283.209		147.202		1469		2		0
282.566		73.7626		1512		2		0
288.743		33.3612		1379		2		0
240.666		100.357		1531		2		0
223.815		154.78		1566		2		0
257.999		158.873		1430		2		0
273.991		160.033		1383		2		0
325.108		104.248		1534		2		0
335.889		169.409		1619		2		0
341.324		223.827		1592		2		0
338.775		242.827		1584		2		0
265.477		218.913		1536		2		0
254.73		312.861		1623		2		0
260.468		390.51		1734		2		0
259.261		414.455		1720		1		0
302.438		218.873		1535		2		0
306.161		310.875		1629		2		0
300.129		386.305		1761		2		0
302.646		411.186		1735		1		0
282.73		92.2774		1505		2		0
276.169		152.003		1375		2		0
281.094		172.904		1465		2		0
336.294		264.003		1606		2		0
326.525		239.253		1583		2		0
Frame 10
283.965		218.898		1525		2		0
283.211		147.203		1469		2		0
282.563		73.7606		1513		2		0
288.741		33.3601		1384		2		0
240.682		100.376		1527		2		0
223.832		154.793		1565		2		0
258.033		158.856		1425		2		0
274.039		159.63		1384		2		0
325.108		104.247		1533		2		0
335.906		169.41		1614		2		0
341.349		223.82		1589		2		0
338.816		242.877		1586		2		0
265.48		218.927		1539		2		0
254.752		313.001		1625		2		0
260.485		390.546		1745		2		0
259.258		414.532		1736		1		0
302.451		218.878		1533		2		0
306.188		310.673		1630		2		0
300.148		386.277		1758		2		0
301.646		411.117		1734		1		0
282.728		92.2762		1507		2		0
276.122		151.296		1371		2		0
279.675		174.494		1468		2		0
336.326		264.128		1605		2		0
326.631		238.87		1585		2		0
Frame 11
283.982		218.906		1518		2		0
283.228		147.201		1470		2		0
282.578		73.7375		1513		2		0
288.731		33.357		1380		2		0
240.684		100.411		1530		2		0
223.838		154.802		1569		2		0
258.004		158.872		1423		2		0
274.078		159.822		1381		2		0
325.109		104.251		1536		2		0
335.921		169.396		1616		2		0
341.366		223.793		1589		2		0
338.781		242.617		1581		2		0
265.494		218.941		1533		2		0
254.757		313.065		1627		2		0
260.503		390.539		1750		2		0
259.155		414.473		1717		1		0
302.471		218.881		1535		2		0
306.187		310.701		1625		2		0
300.187		386.373		1760		2		0
301.426		411.26		1736		1		0
282.745		92.2596		1505		2		0
275.67		152.238		1375		2		0
280.689		173.214		1465		2		0
336.994		263.336		1603		2		0
326.455		240.345		1583		2		0
Frame 12
283.986		218.906		1521		2		0
283.225		147.195		1466		2		0
282.562		73.7186		1511		2		0
288.727		33.3533		1379		2		0
240.686		100.411		1533		2		0
223.875		154.829		1564		2		0
257.991		158.916		1429		2		0
274.092		159.906		1382		2		0
325.102		104.245		1537		2		0
335.935		169.373		1618		2		0
341.382		223.78		1590		2		0
338.98		242.533		1584		2		0
265.498		218.94		1537		2		0
254.764		313.074		1630		2		0
260.491		390.493		1738		2		0
259.27		414.436		1727		1		0
302.475		218.882		1535		2		0
306.181		310.716		1631		2		0
300.179		386.452		1756		2		0
301.404		411.321		1734		2		0
282.733		92.2447		1504		2		0
275.2		152.675		1376		2		0
280.566		173.525		1470		2		0
336.993		263.337		1609		2		0
326.715		244.969		1578		2		0
Frame 13
283.99		218.904		1527		2		0
283.229		147.195		1470		2		0
282.566		73.7195		1515		2		0
288.72		33.3368		1381		2		0
240.684		100.416		1530		2		0
223.941		154.864		1568		2		0
258.04		158.893		1420		2		0
273.761		159.745		1383		2		0
325.1		104.254		1534		2		0
335.941		169.376		1620		2		0
341.395		223.787		1591		2		0
338.776		242.675		1585		2		0
265.5		218.939		1536		2		0
254.774		313.109		1629		2		0
260.519		390.35		1733		2		0
258.728		414.632		1715		1		0
302.482		218.879		1538		2		0
306.163		310.675		1633		2		0
300.307		386.526		1774		2		0
301.078		411.341		1733		1		0
282.736		92.2455		1505		2		0
275.571		151.15		1373		2		0
280.679		173.212		1467		2		0
336.921		263.112		1603		2		0
326.502		242.486		1583		2		0
Frame 14
284.021		218.894		1533		2		0
283.249		147.193		1475		2		0
282.576		73.7176		1515		2		0
288.718		33.3377		1382		2		0
240.686		100.414		1535		2		0
223.954		154.855		1573		2		0
258.024		158.906		1419		2		0
273.733		159.957		1384		2		0
325.115		104.225		1531		2		0
335.952		169.365		1623		2		0
341.42		223.756		1591		2		0
338.672		242.408		1585		2		0
265.54		218.929		1540		2		0
254.814		313.159		1634		2		0
260.522		390.283		1742		2		0
258.449		414.602		1739		1		0
302.504		218.869		1544		2		0
306.064		311.497		1639		2		0
300.26		386.523		1756		2		0
301.29		411.487		1723		1		0
282.748		92.2439		1506		2		0
275.126		152.635		1374		2		0
280.651		173.241		1470		2		0
336.905		263.221		1607		2		0
326.656		241.271		1590		2		0
Frame 15
284.035		218.887		1528		2		0
283.25		147.194		1470		2		0
282.573		73.7171		1514		2		0
288.711		33.3413		1379		2		0
240.683		100.398		1528		2		0
223.956		154.872		1575		2		0
257.978		158.977		1417		2		0
273.442		159.723		1381		2		0
325.123		104.228		1535		2		0
335.971		169.389		1629		2		0
341.443		223.739		1593		2		0
338.676		242.617		1588		2		0
265.56		218.913		1545		2		0
254.819		313.211		1632		2		0
260.546		390.298		1725		2		0
257.413		415.052		1713		1		0
302.514		218.87		1541		2		0
306.054		311.51		1636		2		0
300.201		386.563		1764		2		0
302.612		411.555		1710		2		0
282.747		92.244		1507		2		0
274.591		153.539		1373		2		0
280.478		173.183		1471		2		0
337.114		263.243		1604		2		0
326.591		241.446		1592		2		0
Frame 16
284.055		218.804		1532		2		0
283.26		147.161		1477		2		0
282.574		73.7105		1514		2		0
288.716		33.3551		1380		2		0
240.691		100.386		1534		2		0
224.018		154.872		1571		2		0
257.953		159.205		1410		2		0
272.925		160.833		1373		2		0
325.122		104.213		1536		2		0
335.964		169.293		1629		2		0
341.443		223.661		1595		2		0
338.404		242.21		1587		2		0
265.584		218.825		1547		2		0
254.884		312.947		1630		2		0
260.555		390.296		1725		2		0
258.822		414.643		1714		1		0
302.527		218.79		1549		2		0
306.111		310.689		1637		2		0
300.202		386.548		1756		2		0
300.596		411.545		1744		1		0
282.75		92.2331		1510		2		0
274.167		155.842		1373		2		0
281.377		171.538		1472		2		0
336.449		263.271		1610		2		0
326.469		241.922		1593		2		0
Frame 17
284.128		218.722		1536		2		0
283.283		147.166		1473		2		0
282.572		73.7251		1513		2		0
288.717		33.3563		1380		2		0
240.711		100.375		1539		2		0
224.203		154.967		1580		2		0
257.583		160.342		1398		2		0
271.636		162.828		1371		2		0
325.137		104.195		1540		2		0
335.96		169.254		1630		2		0
341.429		223.588		1596		2		0
338.293		242.101		1591		2		0
265.674		218.743		1546		2		0
254.903		313.02		1634		2		0
260.56		390.353		1752		2		0
258.748		414.703		1720		1		0
302.582		218.709		1546		2		0
306.104		311.113		1645		2		0
300.134		386.621		1768		2		0
302.666		411.634		1727		2		0
282.751		92.2495		1507		2		0
273.448		159.121		1374		2		0
282.24		170.278		1476		2		0
336.768		262.501		1611		2		0
326.058		238.971		1595		2		0
Frame 18
284.141		218.59		1534		2		0
283.294		147.164		1480		2		0
282.574		73.7453		1513		2		0
288.72		33.3617		1380		2		0
240.748		100.351		1534		2		0
224.393		155.034		1577		2		0
256.646		163.431		1396		2		0
269.585		167.12		1368		2		0
325.125		104.211		1541		2		0
335.959		169.16		1630		2		0
341.426		223.564		1598		2		0
338.264		241.863		1595		2		0
265.704		218.615		1547		2		0
254.938		312.859		1638		2		0
260.578		390.432		1738		2		0
258.752		414.741		1718		1		0
302.574		218.572		1552		2		0
306.095		310.798		1639		2		0
300.129		386.662		1750		2		0
301.395		411.633		1738		2		0
282.755		92.2705		1512		2		0
272.001		166.008		1369		2		0
276.835		176.631		1483		2		0
336.943		262.434		1612		2		0
326.103		239.188		1598		2		0
Frame 19
284.186		218.506		1538		2		0
283.296		147.213		1485		2		0
282.542		73.8504		1517		2		0
288.749		33.3985		1380		2		0
240.796		100.358		1541		2		0
224.557		155.106		1590		2		0
254.305		170.527		1392		2		0
266.583		173.882		1369		2		0
325.133		104.192		1545		2		0
335.944		169.158		1633		2		0
341.373		223.378		1606		2		0
338.091		241.813		1601		2		0
265.782		218.508		1552		2		0
254.954		312.781		1641		2		0
260.602		390.396		1728		2		0
258.986		414.797		1731		1		0
302.586		218.511		1557		2		0
306.054		310.73		1644		2		0
300.087		386.582		1766		2		0
301.237		411.546		1717		2		0
282.729		92.37		1516		2		0
269.202		173.811		1364		2		0
276.933		176.599		1481		2		0
336.654		262.543		1616		2		0
326.116		237.438		1606		2		0
Frame 20
284.189		218.446		1547		2		0
283.333		147.281		1489		2		0
282.581		73.9596		1516		2		0
288.817		33.484		1380		2		0
240.847		100.436		1540		2		0
224.311		154.877		1605		2		0
252.34		174.764		1417		2		0
262.499		181.314		1370		2		0
325.204		104.296		1553		2		0
335.874		169.164		1636		2		0
341.325		223.328		1610		2		0
338.04		241.681		1605		2		0
265.827		218.433		1560		2		0
254.986		312.396		1640		2		0
260.663		390.305		1726		2		0
259		414.979		1730		1		0
302.541		218.467		1558		2		0
305.952		310.8		1649		2		0
300.118		386.604		1768		2		0
301.981		411.497		1743		2		0
282.77		92.4784		1516		2		0
266.162		184.033		1371		2		0
276.34		173.906		1486		2		0
336.632		262.617		1624		2		0
326.118		237.973		1606		2		0
Frame 21
284.339		218.454		1549		2		0
283.391		147.46		1493		2		0
282.57		74.1773		1521		2		0
288.919		33.6332		1384		2		0
240.932		100.533		1545		2		0
224.304		155.075		1620		2		0
250.221		186.052		1396		2		0
257.744		191.315		1380		2		0
325.272		104.466		1547		2		0
335.866		169.146		1638		2		0
341.133		223.291		1615		2		0
337.821		241.436		1613		2		0
266.02		218.495		1565		2		0
255.065		312.361		1640		2		0
260.7		390.258		1748		2		0
258.111		415.031		1723		1		0
302.647		218.42		1563		2		0
305.835		310.116		1654		2		0
300.135		386.539		1760		2		0
302.293		411.514		1739		1		0
282.774		92.6989		1522		2		0
262.292		195.479		1380		2		0
272.533		189.267		1486		2		0
337.183		261.413		1621		2		0
325.943		239.578		1612		2		0
Frame 22
284.615		218.442		1549		2		0
283.536		147.562		1496		2		0
282.597		74.3366		1518		2		0
289.093		33.8053		1383		2		0
241.044		100.601		1543		2		0
224.284		155.44		1619		2		0
248.584		191.897		1431		2		0
253.903		199.776		1393		2		0
325.35		104.597		1553		2		0
335.784		169.066		1644		2		0
341.007		223.254		1619		2		0
337.671		241.151		1616		2		0
266.338		218.566		1563		2		0
255.118		312.388		1644		2		0
260.681		390.202		1749		2		0
257.591		415.008		1708		1		0
302.88		218.322		1569		2		0
305.4		310.444		1651		2		0
300.166		386.419		1760		2		0
302.205		411.381		1736		2		0
282.827		92.8524		1525		2		0
257.823		207.716		1394		2		0
269.95		194.949		1525		2		0
336.607		261.773		1629		2		0
325.833		239.748		1611		2		0
Frame 23
284.812		218.545		1560		2		0
283.66		147.766		1500		2		0
282.64		74.5797		1524		2		0
289.389		34.0449		1384		2		0
241.216		100.778		1546		2		0
224.533		156.159		1625		2		0
242.732		202.908		1449		2		0
248.117		210.185		1419		2		0
325.48		104.788		1558		2		0
335.65		169.042		1648		2		0
340.691		223.039		1624		2		0
337.452		240.893		1622		2		0
266.587		218.759		1569		2		0
255.153		312.118		1647		2		0
260.638		390.184		1726		2		0
257.807		415.045		1722		1		0
303.031		218.344		1568		2		0
305.189		310.412		1651		2		0
300.132		386.415		1766		2		0
302.343		411.402		1741		1		0
282.891		93.0945		1528		2		0
252.863		219.14		1419		2		0
263.709		207.149		1563		2		0
336.351		261.501		1635		2		0
325.735		238.734		1619		2		0
Frame 24
285.044		218.539		1563		2		0
283.746		147.983		1504		2		0
282.604		74.8785		1524		2		0
289.772		34.3991		1386		2		0
241.349		100.956		1548		2		0
225.169		157.261		1625		2		0
232.301		199.624		1506		2		0
239.596		216.731		1446		2		0
325.581		104.923		1557		2		0
335.578		169.194		1651		2		0
340.512		222.94		1633		2		0
337.225		241.025		1630		2		0
266.754		218.825		1573		2		0
255.168		311.987		1646		2		0
260.63		390.195		1749		2		0
258.476		415.016		1748		1		0
303.332		218.26		1577		2		0
305.195		310.437		1659		2		0
300.107		386.384		1776		2		0
302.508		411.375		1735		2		0
282.882		93.3866		1531		2		0
246.973		229.734		1449		2		0
245.4		214.498		1450		2		0
335.812		261.329		1645		2		0
325.672		237.234		1629		2		0
Frame 25
285.041		218.605		1567		2		0
283.765		148.329		1507		2		0
282.606		75.2586		1525		2		0
290.32		34.9372		1384		2		0
241.552		101.166		1550		2		0
225.491		158.641		1632		2		0
230.365		204.205		1519		2		0
234.737		223.604		1476		2		0
325.696		105.459		1563		2		0
335.488		169.557		1659		2		0
340.279		222.85		1637		2		0
337.159		240.834		1637		2		0
266.753		218.806		1581		2		0
255.14		311.741		1650		2		0
260.616		389.854		1741		2		0
258.371		414.746		1714		1		0
303.328		218.407		1585		2		0
305.099		310.757		1662		2		0
300.134		386.488		1754		2		0
303.769		411.397		1720		2		0
282.891		93.7799		1535		2		0
241.096		238.06		1480		2		0
242.227		222.799		1497		2		0
335.846		261.338		1654		2		0
325.441		243.403		1639		2		0
Frame 26
284.699		218.497		1581		2		0
283.829		148.725		1517		2		0
282.858		75.7472		1532		2		0
290.947		35.5489		1391		2		0
241.891		101.454		1551		2		0
225.778		160.73		1631		2		0
226.936		212.881		1547		2		0
229.87		229.753		1507		2		0
325.929		105.911		1570		2		0
335.246		169.841		1656		2		0
340.063		223.076		1644		2		0
337.172		240.898		1643		2		0
266.505		218.592		1587		2		0
255.083		311.327		1656		2		0
260.567		389.826		1742		2		0
258.404		414.768		1740		1		0
302.872		218.416		1597		2		0
305.122		310.594		1666		2		0
300.136		386.391		1760		2		0
301.264		411.391		1725		1		0
283.113		94.2729		1537		2		0
234.426		245.434		1509		2		0
236.484		229.813		1516		2		0
335.864		261.14		1662		2		0
324.999		239.427		1638		2		0
Frame 27
284.214		218.439		1587		2		0
283.736		149.194		1521		2		0
283.066		76.4342		1533		2		0
291.78		36.4672		1387		2		0
242.245		101.746		1556		2		0
225.809		162.422		1630		2		0
224.17		216.669		1566		2		0
225.013		233.871		1541		2		0
326.06		106.419		1578		2		0
335.141		170.184		1666		2		0
340.017		223.1		1650		2		0
337.285		240.975		1648		2		0
266.08		218.388		1596		2		0
255.053		311.215		1660		2		0
260.506		389.801		1741		2		0
258.392		414.75		1724		1		0
302.323		218.501		1601		2		0
305.139		309.828		1667		2		0
300.185		386.021		1767		2		0
301.649		410.922		1728		1		0
283.257		94.9316		1538		2		0
229.5		251.103		1550		2		0
234.869		236.706		1565		2		0
335.969		260.946		1663		2		0
325.25		243.703		1664		2		0
Frame 28
283.965		218.489		1594		2		0
283.732		149.623		1530		2		0
283.266		76.9722		1529		2		0
292.591		37.3953		1386		2		0
242.743		101.971		1553		2		0
225.691		163.769		1637		2		0
219.298		219.468		1585		2		0
220.224		236.762		1568		2		0
326.203		106.738		1578		2		0
334.988		170.614		1671		2		0
339.98		223.378		1655		2		0
337.355		241.531		1650		2		0
265.969		218.283		1609		2		0
255.018		311.068		1663		2		0
260.441		389.864		1750		2		0
257.52		413.641		1719		1		0
301.918		218.716		1608		2		0
305.074		310.09		1665		2		0
300.177		386.05		1758		2		0
302.55		410.952		1731		2		0
283.411		95.4622		1541		2		0
223.628		255.078		1592		2		0
230.413		237.413		1581		2		0
335.824		261.185		1668		2		0
325.091		237.005		1669		2		0
Frame 29
283.835		218.397		1604		2		0
283.8		150.046		1538		2		0
283.556		77.7038		1534		2		0
293.481		38.4756		1384		2		0
243.224		102.195		1555		2		0
225.378		165.552		1637		2		0
216.542		220.348		1603		2		0
215.681		238.204		1599		2		0
326.357		107.075		1579		2		0
334.899		170.885		1673		2		0
340.147		224.087		1662		2		0
337.716		241.656		1659		2		0
265.841		218.139		1617		2		0
254.944		310.571		1660		2		0
260.12		389.736		1748		2		0
257.33		414.057		1739		1		0
301.787		218.672		1617		2		0
305.051		309.541		1667		2		0
300.163		386.038		1744		2		0
302.349		410.938		1720		1		0
283.638		96.1226		1545		2		0
218.612		257.946		1625		2		0
224.255		240.042		1614		2		0
334.999		261.479		1680		2		0
325.112		236.896		1677		2		0
Frame 30
283.778		218.452		1615		2		0
283.912		150.707		1545		2		0
283.862		78.6178		1533		2		0
294.57		39.8458		1385		2		0
243.989		102.661		1559		2		0
224.76		167.437		1639		2		0
212.594		222.309		1626		2		0
211.783		239.777		1625		2		0
326.607		107.664		1592		2		0
334.951		171.442		1678		2		0
340.301		224.801		1669		2		0
338.075		242.09		1660		2		0
265.843		218.081		1626		2		0
254.867		310.349		1664		2		0
260.009		389.419		1738		2		0
257.52		414.011		1711		1		0
301.67		218.836		1633		2		0
304.987		309.255		1671		2		0
300.194		386.073		1757		2		0
301.985		411.019		1720		2		0
283.885		96.9763		1548		2		0
212.835		259.057		1661		2		0
221.009		246.122		1642		2		0
334.814		262.038		1686		2		0
325.175		235.44		1688		2		0
Frame 31
283.622		218.485		1628		2		0
284.006		151.512		1546		2		0
284.217		79.7822		1535		2		0
295.777		41.2372		1383		2		0
244.329		102.907		1559		2		0
224.282		167.947		1643		2		0
210.279		223.462		1642		2		0
208.399		239.731		1645		2		0
326.827		108.362		1590		2		0
334.907		172.564		1681		2		0
340.5		225.544		1674		2		0
338.85		242.95		1671		2		0
265.783		217.995		1641		2		0
254.822		310.273		1666		2		0
260.007		389.354		1742		2		0
257.555		413.992		1720		1		0
301.421		218.983		1642		2		0
304.905		309.1		1672		2		0
300.194		386.116		1781		2		0
302.353		411.075		1724		2		0
284.164		98.0577		1551		2		0
207.629		259.438		1669		2		0
216.783		243.418		1662		2		0
335.647		262.472		1688		2		0
325.5		241.601		1704		2		0
Frame 32
283.524		218.928		1639		2		0
284.129		152.611		1557		2		0
284.627		81.2551		1534		2		0
297.356		43.4127		1381		2		0
245.767		104.198		1561		2		0
223.641		168.26		1651		2		0
209.037		222.606		1651		2		0
205.531		239.409		1655		2		0
327.032		109.742		1593		2		0
334.999		173.857		1686		2		0
340.494		226.344		1676		2		0
339.201		243.343		1674		2		0
265.726		218.37		1642		2		0
254.663		309.852		1663		2		0
259.919		389.638		1750		2		0
257.798		414.422		1724		1		0
301.289		219.491		1661		2		0
304.794		308.95		1671		2		0
300.264		386.142		1760		2		0
302.328		411.114		1743		2		0
284.485		99.433		1550		2		0
203.17		259.503		1675		2		0
213.969		246.558		1671		2		0
335.471		262.693		1699		2		0
325.374		238.999		1713		2		0
Frame 33
283.182		219.132		1657		2		0
284.248		153.977		1567		2		0
285.278		83.4713		1536		2		0
298.618		45.6179		1379		2		0
245.861		104.314		1558		2		0
222.811		167.715		1657		2		0
207.743		222.264		1658		2		0
202.838		239.488		1659		2		0
327.242		111.313		1596		2		0
335.004		175.938		1696		2		0
340.571		228.532		1687		2		0
339.243		244.997		1681		2		0
265.549		218.391		1660		2		0
254.365		309.005		1668		2		0
259.704		389.182		1754		2		0
258.064		414.062		1717		1		0
300.79		219.876		1663		2		0
304.738		308.722		1671		2		0
300.213		386.312		1762		2		0
301.724		411.355		1732		1		0
284.987		101.47		1552		2		0
199.123		259.936		1674		2		0
211.576		246.859		1673		2		0
334.831		264.668		1710		2		0
325		242.5		1707		2		0
Frame 34
282.919		219.838		1671		2		0
284.432		155.625		1578		2		0
285.989		85.7318		1534		2		0
300.159		48.4491		1380		2		0
247.558		106.811		1562		2		0
221.794		168.655		1656		2		0
206.39		221.963		1653		2		0
200.853		239.244		1654		2		0
327.463		113.708		1599		2		0
335.135		177.628		1702		2		0
340.595		229.854		1692		2		0
339.36		246		1688		2		0
265.31		219.012		1676		2		0
254.068		307.242		1676		2		0
259.558		388.957		1762		2		0
258.126		413.841		1719		1		0
300.503		220.67		1695		2		0
304.659		308.44		1676		2		0
300.2		386.373		1767		2		0
302.069		411.394		1732		1		0
285.553		103.627		1549		2		0
195.129		259.997		1663		2		0
209.652		248.742		1668		2		0
336.049		265.317		1705		2		0
329.249		248.006		1703		2		0
Frame 35
282.548		220.594		1683		2		0
284.731		157.517		1582		2		0
287.137		88.5512		1533		2		0
301.546		51.2192		1377		2		0
248.954		108.854		1564		2		0
221.047		169.376		1660		2		0
204.906		221.546		1652		2		0
198.34		239.787		1645		2		0
327.486		116.725		1595		2		0
335.438		179.157		1705		2		0
340.379		231.194		1695		2		0
339.053		247.213		1696		2		0
265.045		219.642		1697		2		0
253.877		307.654		1683		2		0
259.543		388.834		1755		2		0
261.884		416.213		0		1		0
300.019		221.556		1708		2		0
304.701		308.108		1678		2		0
300.292		386.354		1789		2		0
298.793		411.207		1722		1		0
286.453		106.259		1553		2		0
191.364		261.913		1649		2		0
206.975		248.054		1657		2		0
335.782		266.423		1718		2		0
330.135		245.385		1721		2		0
Frame 36
282.213		221.75		1701		2		0
284.834		159.762		1593		2		0
287.696		91.1787		1535		2		0
302.972		54.5858		1375		2		0
249.809		110.973		1565		2		0
220.569		169.689		1664		2		0
203.039		221.877		1641		2		0
196.395		239.602		1632		2		0
327.681		118.919		1598		2		0
335.59		180.806		1709		2		0
340.121		232.856		1705		2		0
338.075		250.235		1700		2		0
264.99		220.634		1708		2		0
253.723		307.572		1687		2		0
259.45		388.686		1772		2		0
261.679		416.238		0		1		0
299.41		222.876		1732		2		0
304.561		308.818		1685		2		0
300.332		386.873		1771		2		0
305.211		411.4		1706		2		0
286.915		108.887		1561		2		0
188.126		261.503		1625		2		0
205.304		247.166		1645		2		0
334.372		268.564		1728		2		0
329.429		248.228		1733		2		0
Frame 37
281.753		222.422		1717		2		0
284.952		162.066		1603		2		0
288.602		95.1001		1537		2		0
304.36		59.1051		1375		2		0
250.38		112.555		1566		2		0
219.954		170.545		1664		2		0
201.472		222.153		1632		2		0
195.13		240.48		1619		2		0
327.953		121.765		1597		2		0
336.095		183.549		1720		2		0
339.643		234.78		1714		2		0
337.619		251.14		1714		2		0
264.71		221.237		1722		2		0
253.642		306.802		1688		2		0
259.349		388.785		1740		2		0
259.133		413.531		1748		1		0
298.768		223.614		1752		2		0
304.634		308.305		1690		2		0
300.469		386.737		1786		2		0
302.719		411.706		1745		2		0
287.598		112.435		1560		2		0
185.999		262.338		1612		2		0
204.299		249.287		1630		2		0
333.606		269.612		1734		2		0
328.879		248.759		1751		2		0
Frame 38
280.956		223.564		1731		2		0
284.649		165.092		1615		2		0
288.898		99.698		1534		2		0
305.5		63.9183		1371		2		0
250.854		114.303		1568		2		0
219.591		171.16		1662		2		0
200.102		223.184		1623		2		0
194.637		241.319		1601		2		0
328.271		125.168		1605		2		0
336.109		185.939		1721		2		0
339.03		236.973		1724		2		0
337.29		252.718		1725		2		0
264.021		222.301		1732		2		0
253.282		306.712		1690		2		0
259.283		388.715		1762		2		0
258.949		413.725		1737		1		0
297.88		224.831		1766		2		0
304.644		307.69		1685		2		0
300.464		386.695		1774		2		0
302.855		411.644		1705		2		0
287.751		116.748		1561		2		0
185.687		263.374		1583		2		0
190.289		250.311		1585		2		0
333.366		271.685		1735		2		0
329.237		249.152		1751		2		0
Frame 39
280.947		225.962		1733		2		0
284.763		169.187		1626		2		0
289.196		104.797		1543		2		0
306.341		69.3002		1374		2		0
252.784		122.483		1576		2		0
219.062		172.837		1673		2		0
199.38		224.456		1618		2		0
194.882		242.526		1595		2		0
328.496		129.535		1606		2		0
335.976		190.253		1738		2		0
338.372		239.534		1738		2		0
336.207		255.664		1740		2		0
264.212		224.869		1745		2		0
252.869		309.329		1694		2		0
259.31		389.1		1772		2		0
256.974		414.151		0		1		0
297.674		227.062		1784		2		0
304.821		307.628		1691		2		0
300.508		386.719		1769		2		0
303.113		411.648		1734		2		0
288.014		121.683		1564		2		0
187.115		264.043		1569		2		0
190.38		252.12		1570		2		0
330.999		275.859		1773		2		0
328.888		249.764		1775		2		0
Frame 40
280.591		227.982		1750		2		0
284.748		173.3		1635		2		0
289.647		111.19		1549		2		0
306.779		75.471		1374		2		0
253.356		125.431		1581		2		0
218.704		175.545		1678		2		0
199.273		225.898		1614		2		0
195.762		245.076		1585		2		0
328.473		134.779		1613		2		0
335.812		193.645		1748		2		0
337.535		242.946		1757		2		0
335.699		258.379		1759		2		0
263.868		226.62		1763		2		0
252.982		308.096		1693		2		0
259.092		389.029		1747		2		0
257.142		414.114		1711		1		0
297.294		229.374		1795		2		0
305.043		307.414		1691		2		0
300.474		386.561		1774		2		0
301.746		411.466		1741		2		0
288.333		127.502		1570		2		0
188.492		266.155		1552		2		0
190.11		256.435		1557		2		0
331.054		278.333		1775		2		0
326.999		256.927		0		2		0
Frame 41
279.387		222.178		1802		2		0
284.05		176.071		1653		2		0
289.765		117.226		1556		2		0
307.411		82.5953		1380		2		0
254.452		131.835		1591		2		0
218.364		180.086		1681		2		0
199.673		229.295		1621		2		0
197.3		247.561		1588		2		0
328.423		140.421		1626		2		0
335.495		197.24		1766		2		0
337.344		245.491		1775		2		0
332.264		261.926		1788		2		0
263.639		220.799		1802		2		0
252.994		307.981		1693		2		0
259.106		388.806		1755		2		0
256.453		413.792		1761		1		0
295.11		223.56		1796		2		0
305.248		307.425		1694		2		0
300.534		386.597		1775		2		0
301.965		411.538		1725		2		0
288.273		132.929		1583		2		0
191.801		268.374		1556		2		0
207.269		252.701		1595		2		0
328.574		281.248		1816		2		0
317.574		256.375		1794		2		0
Frame 42
278.15		237.785		1795		2		0
282.571		186.348		1672		2		0
288.303		123.929		1562		2		0
307.665		91.3503		1392		2		0
254.062		137.357		1604		2		0
218.538		186.227		1698		2		0
201.379		241.065		1629		2		0
199.307		254.968		1596		2		0
327.544		148.95		1635		2		0
335.085		204.943		1782		2		0
336.133		253.752		1808		2		0
333.532		266.317		1805		2		0
261.633		235.795		1803		2		0
247.939		308.585		1692		2		0
259.092		388.117		1753		2		0
256.107		412.998		1718		1		0
294.75		239.795		1822		2		0
311.872		313.015		1691		2		0
300.522		386.628		1793		2		0
304.024		411.424		0		2		0
286.787		140.331		1599		2		0
195.835		277.052		1586		2		0
194.358		270.925		1572		2		0
328.546		284.399		1829		2		0
325.567		264.696		1825		2		0
Frame 43
278.842		226.137		1822		2		0
283.305		184.687		1670		2		0
288.772		132.043		1585		2		0
307.628		98.4366		1396		2		0
255.029		143.566		1609		2		0
218.924		190.315		1714		2		0
202.557		242.365		1661		2		0
201.118		260.778		1615		2		0
327.872		152.202		1651		2		0
335.211		207.586		1805		2		0
336.351		253.403		1821		2		0
329.855		268.609		1839		2		0
263.075		224.668		1832		2		0
253.382		311.854		1690		2		0
259.011		388.157		1784		2		0
256.025		413.08		1722		1		0
294.581		227.61		1826		2		0
306.805		307.074		1689		2		0
300.535		386.466		1789		2		0
303.407		411.344		1727		1		0
287.22		145.84		1606		2		0
200.593		282.223		1607		2		0
209.095		262.776		1623		2		0
327.389		286.162		1869		2		0
317.617		274.413		1770		2		0
Frame 44
276.678		228.297		1824		2		0
281.734		188.101		1684		2		0
287.498		139.084		1594		2		0
307.444		109.281		1414		2		0
255.046		152.373		1623		2		0
219.482		200.344		1717		2		0
204.155		255.614		1669		2		0
203.138		268.629		1644		2		0
327.189		161.441		1669		2		0
334.061		214.854		1831		2		0
335.614		257.963		1847		2		0
330.037		269.528		1862		2		0
259.967		226.449		1862		2		0
250.72		292.406		1709		2		0
259.009		388.21		1754		2		0
254.2		412.754		1697		2		0
293.244		230.201		1837		2		0
307.559		289.827		1714		2		0
300.531		386.543		1770		2		0
307.962		410.289		1692		2		0
285.791		152.741		1626		2		0
203.359		289.267		1651		2		0
210.712		270.784		1650		2		0
328.236		287.661		1883		2		0
318.466		272.157		1781		2		0
Frame 45
278.482		229.388		1823		2		0
282.424		189.293		1687		2		0
287.601		139.646		1573		2		0
307.093		116.464		1427		2		0
255.287		153.955		1640		2		0
219.97		203.461		1748		2		0
206.157		256.926		1705		2		0
204.837		274.102		1680		2		0
327.361		164.989		1687		2		0
333.833		217.426		1851		2		0
335.913		259.659		1875		2		0
330.19		274.453		1888		2		0
262.703		227.647		1859		2		0
255.454		313.654		1695		2		0
259.021		388.377		1757		2		0
255.974		413.307		1695		1		0
294.304		231.163		1845		2		0
307.758		311.046		1683		2		0
300.739		386.868		1800		2		0
307.298		410.98		1727		1		0
286.014		153.314		1615		2		0
204.593		295.059		1681		2		0
212.583		277.535		1692		2		0
325.755		292.377		1943		2		0
320		272.048		1810		2		0
Frame 46
276		235.365		1856		2		0
280.966		200.86		1715		2		0
287.164		158.105		1646		2		0
306.819		129.932		1453		2		0
256.091		168.053		1664		2		0
220.928		212.967		1760		2		0
208.046		266.704		1713		2		0
206.525		279.951		1718		2		0
326.324		176.588		1706		2		0
333.422		225.559		1890		2		0
333.207		267.228		1901		2		0
330.389		278.946		1916		2		0
259.475		233.551		1886		2		0
250.279		296.596		1698		2		0
259.093		388.393		1768		2		0
255.193		413.178		0		1		0
292.47		237.184		1873		2		0
308.786		294.214		1702		2		0
300.775		387.061		1792		2		0
309.28		410.554		1731		2		0
285.473		169.74		1659		2		0
206.324		299.525		1712		2		0
214.835		283.944		1730		2		0
325.884		296.47		1966		2		0
323.302		280.981		1916		2		0
Frame 47
276.933		236.474		1846		2		0
281.846		204.312		1731		2		0
287.919		165.626		1666		2		0
306.727		136.227		1475		2		0
257.026		173.625		1685		2		0
221.594		220.195		1784		2		0
209.736		268.567		1767		2		0
208.336		285.319		1762		2		0
326.413		181.124		1732		2		0
332.755		228.834		1910		2		0
334.453		269.461		1933		2		0
330.6		281.549		1942		2		0
260.872		234.948		1893		2		0
250.779		318.188		1690		2		0
259.127		388.607		1757		2		0
254.623		413.253		0		1		0
292.929		238.02		1872		2		0
308.618		315.754		1685		2		0
300.924		387.125		1792		2		0
308.637		410.906		1724		2		0
286.274		176.026		1683		2		0
209.401		304.732		1761		2		0
216.773		289.567		1773		2		0
326.664		299.288		1961		2		0
324.063		283.489		1939		2		0
Frame 48
277.164		241.814		1871		2		0
281.712		212.012		1754		2		0
287.364		175.074		1695		2		0
306.404		147.628		1505		2		0
257.288		183.599		1708		2		0
222.179		226.619		1816		2		0
211.418		277.104		1808		2		0
210.6		291.082		1809		2		0
325.195		191.109		1758		2		0
332.194		236.373		1941		2		0
334.698		276.898		1963		2		0
330.436		286.969		1972		2		0
261.514		240.412		1905		2		0
250.032		309.897		1684		2		0
259.257		389.076		1758		2		0
254.315		413.588		1742		1		0
292.713		243.188		1889		2		0
309.639		307.232		1684		2		0
301.163		387.225		1776		2		0
308.335		411.025		1721		2		0
285.82		185.199		1713		2		0
211.611		308.944		1811		2		0
219.579		295.896		1822		2		0
328.171		303.499		1986		2		0
325.063		294.624		1960		2		0
Frame 49
276.594		247.971		1881		2		0
281.138		219.455		1777		2		0
286.749		184.494		1725		2		0
305.079		156.036		1530		2		0
256.874		191.124		1738		2		0
222.059		233.847		1852		2		0
213.731		281.606		1846		2		0
213.175		295.598		1852		2		0
324.286		199.196		1792		2		0
331.748		242.745		1969		2		0
333.414		281.693		1993		2		0
330.589		289.991		1997		2		0
261.241		246.46		1921		2		0
249.92		310.155		1685		2		0
258.973		389.293		1752		2		0
254.661		414.072		1695		1		0
291.868		249.531		1909		2		0
309.769		307.265		1681		2		0
301.375		387.299		1761		2		0
307.14		411.66		0		2		0
285.221		194.017		1742		2		0
214.311		312.749		1863		2		0
221.251		299.55		1864		2		0
329.288		306.428		2025		2		0
326.167		299.663		1986		2		0
Frame 50
275.533		254.615		1902		2		0
280.625		227.122		1800		2		0
286.858		193.648		1759		2		0
304.035		165.715		1571		2		0
256.812		200.353		1762		2		0
223.297		240.917		1889		2		0
216.407		285.51		1893		2		0
216.154		301.351		1903		2		0
323.363		207.62		1820		2		0
331.261		249.409		2000		2		0
332.639		287.633		2028		2		0
330.794		293.54		2029		2		0
260.389		253.139		1946		2		0
249.577		310.377		1697		2		0
258.585		388.678		1766		2		0
256.975		413.752		1705		1		0
290.588		256.096		1932		2		0
310.154		308.319		1686		2		0
301.845		387.665		1770		2		0
307.614		412.06		1728		1		0
285.171		202.688		1764		2		0
219.203		317.1		1917		2		0
224.035		306.203		1916		2		0
330.602		312.598		2052		2		0
327.401		298.904		2023		2		0
Frame 51
276.708		262.38		1927		2		0
281.439		235.468		1829		2		0
287.181		202.989		1789		2		0
302.868		175.374		1610		2		0
256.662		208.773		1802		2		0
224.417		248.307		1933		2		0
218.635		288.947		1933		2		0
218.901		302.931		1945		2		0
322.344		216.739		1856		2		0
330.322		257.29		2042		2		0
335.214		295.222		2064		2		0
331.35		302.908		2062		1		0
261.795		260.783		1973		2		0
248.343		313.054		1715		2		0
258.586		388.707		1738		2		0
255.677		413.569		1733		1		0
291.585		263.987		1948		2		0
310.782		309.754		1702		2		0
301.922		387.769		1763		2		0
308.13		411.967		0		2		0
285.632		211.729		1799		2		0
223.75		319.5		1975		2		0
225.691		302.895		1963		2		0
330.896		322.549		2075		2		0
329.779		319.998		0		2		0
Frame 52
279.054		292.714		2049		2		0
282.824		254.524		1901		2		0
287.132		211.316		1830		2		0
301.52		184.608		1663		2		0
256.463		217.688		1840		2		0
224.823		255.794		1972		2		0
220.307		295.04		1985		2		0
220.524		301.248		2004		2		0
321.614		225.566		1893		2		0
329.266		264.884		2072		2		0
333.621		301.852		2106		2		0
331.514		307.435		0		1		0
264.092		291.531		1980		2		0
246.829		315.99		1728		2		0
258.349		389.018		1740		2		0
255.806		414.027		0		1		0
293.963		293.907		1938		2		0
311.372		310.922		1720		2		0
302.165		387.672		1763		2		0
308.138		411.922		1710		2		0
285.996		222.652		1849		2		0
221.516		317.904		2009		2		0
225.214		312.715		1998		2		0
330.32		324.809		2130		2		0
333.578		303.714		2097		2		0
Frame 53
276.958		300.92		2071		2		0
280.917		262.053		1945		2		0
285.38		218.581		1876		2		0
300.308		194.32		1714		2		0
255.302		225.209		1884		2		0
227.67		261.269		2009		2		0
220.791		298.292		2044		2		0
220.757		305.766		2054		2		0
319.598		232.058		1935		2		0
327.234		271.383		2110		2		0
334.561		307.941		0		2		0
331.228		319.08		0		1		0
262.417		299.517		1973		2		0
243.391		309.227		1754		2		0
258.316		388.792		1740		2		0
254.25		413.64		0		1		0
291.471		302.334		1996		2		0
312.511		308.119		1743		2		0
302.433		388.144		1772		2		0
309.259		411.555		1738		2		0
284.209		229.932		1891		2		0
222.197		321.199		2088		2		0
224		306.107		2051		2		0
333.252		331.25		2195		2		0
327.858		324.141		0		2		0
Frame 54
276.872		309.446		2092		2		0
280.556		269.698		1976		2		0
284.625		226.08		1933		2		0
298.495		202.711		1773		2		0
255.152		232.857		1934		2		0
229.408		268.341		2055		2		0
219.553		303.554		2107		2		0
222.231		311.281		2124		2		0
318.565		238.789		1990		2		0
326.507		275.031		2128		2		0
335.56		307.463		2831		1		0
329.256		322.435		2170		1		0
262.474		308.16		2023		2		0
242.531		309.718		1778		2		0
258.135		388.934		1766		2		0
250.856		412.74		1718		2		0
291.237		310.741		2034		2		0
312.889		307.558		1774		2		0
302.53		388.359		1767		2		0
309.938		411.003		1699		2		0
283.566		237.382		1938		2		0
225.499		326		2165		2		0
224.84		322.525		2185		2		0
327.607		328.585		2185		2		0
328.143		323.289		0		2		0
Frame 55
276.761		316.516		2123		2		0
280.684		276.056		2027		2		0
284.929		232.479		1985		2		0
297.11		209.924		1848		2		0
254.984		239.72		1998		2		0
231.511		276.663		2103		2		0
216.805		307.238		0		1		0
225.148		320.35		2193		1		0
317.421		245.198		2052		2		0
324.887		280.155		2176		2		0
337.264		313.325		2693		1		0
328.059		324.838		2222		1		0
262.641		315.305		2050		2		0
242.184		311.669		1808		2		0
257.389		389.285		1764		2		0
251.142		413.021		1702		1		0
290.839		317.735		2065		2		0
313.5		307.679		1805		2		0
302.582		388.35		1781		2		0
309.673		410.397		1708		2		0
283.832		243.686		2004		2		0
226		325		2198		2		0
226		320.5		2193		2		0
329.005		325.99		2236		2		0
327		325.5		2202		2		0
Frame 56
276.6		324.87		2152		2		0
280.106		282.512		2080		2		0
283.772		238.363		2063		2		0
294.534		215.649		1936		2		0
254.486		245.563		2078		2		0
235.701		280.069		2157		2		0
221.223		309.898		2747		1		0
219.122		321.126		2564		1		0
315.999		249.633		2118		2		0
323.464		283.58		2226		2		0
332.154		316.471		2532		2		0
328.289		326.549		2296		2		0
262.64		323.706		2066		2		0
242.751		313.59		1848		2		0
257.314		390.242		1770		2		0
250.697		413.215		1670		1		0
290.503		326.04		2093		2		0
312.138		311.314		1845		2		0
302.81		388.782		1780		2		0
309.209		410.14		1693		2		0
282.838		249.572		2078		2		0
219.964		325.65		2512		1		0
219.933		321.274		2564		1		0
330.442		326.652		2388		2		0
325.773		328.847		2220		2		0
Frame 57
276.399		329.629		2174		2		0
280.244		286.809		2151		2		0
284.16		242.877		2098		2		0
291.858		220.198		2040		2		0
254.512		250.543		2162		2		0
241.139		281.852		2217		2		0
226.911		310.872		1953		1		0
224.814		321.807		2532		1		0
313.763		252.284		2195		2		0
321.676		284.67		2282		2		0
330.17		316.721		0		1		0
327.197		320.659		2320		1		0
262.563		328.75		2101		2		0
244.269		318.525		1881		2		0
258.165		396.208		1745		2		0
249.195		414.585		1664		1		0
290.169		330.522		2113		2		0
311.225		313.122		1874		2		0
303.234		390.296		1761		2		0
309.445		411.016		1655		2		0
283.175		253.893		2161		2		0
225.623		326.217		2453		1		0
225.62		321.954		2527		1		0
330.068		320.929		2449		2		0
328.905		324.558		2379		2		0
Frame 58
275.991		333.001		2185		2		0
279.308		288.913		2231		2		0
282.558		245.727		2195		2		0
288.469		223.825		2148		2		0
253.772		253.608		2268		2		0
242.949		286.564		2292		2		0
228.687		313.903		0		1		0
226.637		324.484		2473		1		0
310.953		255.104		2301		2		0
321.359		286.92		2350		2		0
329.626		318.079		2425		1		0
328.989		320.185		2399		1		0
262.343		332.047		2128		2		0
244.802		319.594		1921		2		0
258.093		397.671		1729		2		0
252.5		411.044		1652		2		0
289.57		333.958		2129		2		0
309.453		318.89		1912		2		0
302.958		397.495		1713		2		0
309.042		409.541		1633		2		0
281.749		256.435		2247		2		0
227.419		328.757		2426		1		0
227.425		324.634		2467		1		0
331		315.498		2517		2		0
331		315		2517		2		0
Frame 59
275.868		333.473		2213		2		0
278.784		289.426		2296		2		0
281.603		247.484		2307		2		0
285.079		226.7		2265		2		0
252.94		255.437		2372		2		0
241.702		287.571		2363		2		0
228.174		314.034		2022		1		0
226.196		324.266		2476		1		0
308.242		256.436		2387		2		0
319.206		287.771		2420		2		0
327.29		318.128		2369		1		0
329.501		319.091		2423		1		0
262.182		332.604		2148		2		0
244.89		320.495		1952		2		0
257.57		398.505		1712		2		0
252.079		410.201		1614		2		0
289.521		334.345		2155		2		0
309.656		318.967		1929		2		0
304.383		398.117		1669		2		0
310.389		407.183		1577		2		0
280.91		257.754		2354		2		0
226.953		328.398		2411		1		0
226.957		324.41		2476		1		0
334		315		2525		2		0
330.248		316.673		2472		2		0
Frame 60
276.5		331.214		2237		2		0
277.918		286.757		2366		2		0
278.967		246.928		2438		2		0
282.581		226.925		2390		2		0
252.707		255.003		2479		2		0
240.817		285.908		2446		2		0
227.917		311.735		2020		1		0
222.499		311		2654		1		0
305.624		257.748		2490		2		0
316.767		288.723		2481		2		0
324.037		317.802		1952		1		0
331.594		325.672		2412		1		0
262.838		330.463		2198		2		0
243.278		318.018		1967		2		0
256.018		395.067		1702		2		0
250.913		406.298		1584		2		0
290.129		332.056		2186		2		0
310.363		318.578		1933		2		0
306.699		397.313		1669		2		0
313.398		406.462		1588		2		0
278.711		256.564		2454		2		0
222		311		2654		2		0
222.499		311		2654		1		0
335.854		321.514		2438		1		0
332.292		323.28		2425		1		0
Frame 61
275.477		316.908		2271		2		0
276.848		279.079		2421		2		0
278.057		245.864		2552		2		0
280.882		226.438		2516		2		0
253.615		255.085		2585		2		0
242.662		285.017		2527		2		0
230.125		309.85		1987		1		0
221.282		310.422		2702		1		0
303.548		258.139		2593		2		0
314.551		288.478		2521		2		0
320.911		315.504		1932		1		0
328.275		323.173		2423		1		0
260.387		315.834		2206		2		0
243.112		317.744		1967		2		0
254.221		394.492		1693		2		0
248.136		406.653		1602		2		0
290.572		317.995		2170		2		0
310.63		317.248		1936		2		0
308.812		395.216		1661		2		0
316.354		405.35		1555		2		0
277.768		253.781		2580		2		0
220		310		2714		2		0
221.002		309.499		2733		2		0
332.53		319.206		2473		1		0
328.987		320.87		2462		1		0
Frame 62
274.349		315.591		2298		2		0
275.262		276.883		2473		2		0
276.882		244.738		2662		2		0
279.256		224.555		2646		2		0
253.26		259.136		2661		2		0
243.923		287.968		2552		2		0
231.887		309.663		2002		1		0
230.048		319.064		0		1		0
300.672		261.329		2653		2		0
309.057		291.189		2034		2		0
316.985		319.537		1911		1		0
324.339		327.165		0		1		0
259.836		314.366		2171		2		0
245.106		330.265		1915		2		0
261.462		406.104		1716		2		0
238.754		400.555		1582		2		0
288.785		316.771		2193		2		0
309.364		330.65		1888		2		0
308.455		409.789		0		1		0
325.873		404.587		1513		2		0
276.498		252.33		2647		2		0
228.679		318.554		2558		1		0
229.661		318.037		0		1		0
328.71		323.078		2440		1		0
325.089		324.829		2369		1		0
Frame 63
272.192		313.103		2314		2		0
274.174		277.82		2535		2		0
275.859		247.908		2752		2		0
278.238		228.239		2766		2		0
254.119		262.266		2731		2		0
244.397		289.555		2086		1		0
233.014		310.396		2002		1		0
231.21		319.572		0		1		0
298.416		264.329		2728		2		0
314.084		290.188		0		2		0
315.354		318.933		1937		1		0
322.566		326.411		2380		1		0
258.551		311.361		2103		2		0
245.55		303.603		2016		2		0
263.143		371.057		1986		1		0
243.53		383.081		1661		2		0
285.978		314.876		2235		2		0
309.272		330.643		1885		2		0
308.35		409.847		1697		1		0
324.464		400.402		1630		2		0
275.461		254.95		2731		2		0
229.861		319.068		2551		1		0
230.819		318.562		2567		1		0
326.909		322.428		2451		1		0
323.319		324.129		2427		1		0
Frame 64
273.297		313.907		2342		2		0
275.22		280.073		2590		2		0
276.839		251.644		2836		2		0
276.461		233.027		2883		2		0
254.521		265.706		2802		2		0
243.917		291.413		2076		1		0
234.019		309.594		2026		1		0
232.267		318.476		2564		1		0
294.148		267.449		2757		2		0
314.483		289.527		2666		1		0
315.529		319.35		1945		1		0
322.624		326.705		2395		1		0
260.131		312.044		2218		2		0
248.13		306.002		2021		1		0
265.162		370.343		1995		1		0
249.153		373.596		1697		2		0
286.67		315.809		2253		2		0
308.342		331.172		1897		1		0
307.33		408.691		1867		1		0
315.279		392.666		1662		2		0
276.458		258.316		2808		2		0
230.952		317.999		2567		1		0
231.876		317.511		2564		1		0
326.897		322.775		2440		1		0
323.364		324.456		2422		1		0
Frame 65
269.915		322.472		2367		2		0
272.466		286.953		2500		2		0
274.614		257.054		2917		2		0
275.734		239.508		2967		2		0
261.094		270.119		2791		2		0
250.911		295.717		2075		1		0
240.851		313.516		1972		1		0
239.073		322.268		1924		1		0
292.204		271.91		2804		2		0
316.371		286.647		2977		1		0
303.229		312.527		1977		1		0
310.123		319.663		1908		1		0
255.917		322.202		1966		2		0
246.326		311.427		1993		1		0
262.415		373.637		1997		1		0
250.254		371.275		1707		2		0
284.395		322.764		2343		2		0
306.049		338.573		1866		1		0
304.818		410.365		1864		1		0
314.402		395.741		0		2		0
274.109		264.074		2867		2		0
237.708		321.759		1917		1		0
238.608		321.27		1921		1		0
314.634		316.077		1968		1		0
310.955		317.555		1917		1		0
Frame 66
269.783		325.577		2386		2		0
272.221		290.46		2482		2		0
274.309		260.374		2993		2		0
272.514		244.104		3056		2		0
252.386		273.572		2952		2		0
242.228		298.317		2041		1		0
232.878		315.344		0		1		0
231.22		323.751		0		1		0
282.189		271.597		2863		2		0
306.05		286.139		2094		1		0
304.716		296.029		2033		2		0
323.26		361.338		1617		2		0
258.547		326.377		2379		2		0
246.763		314.243		1950		1		0
258.988		361.687		1744		1		0
250.183		360.625		1754		2		0
282.835		324.095		2391		2		0
304.559		340.776		1845		1		0
303.203		410.152		1853		1		0
310.701		394.807		1987		1		0
273.815		267.481		2944		2		0
229.978		323.248		2505		1		0
230.859		322.775		0		1		0
327.501		353.354		1608		2		0
331.271		368.413		1641		2		0
Frame 67
268.306		327.111		2442		2		0
270.969		292.606		2444		2		0
273.239		263.182		3054		2		0
273.011		248.243		3143		2		0
251.852		276.102		2187		1		0
241.941		300.299		2010		1		0
232.84		316.816		1920		1		0
231.225		324.999		0		1		0
281.391		272.358		2902		2		0
305.295		286.925		2083		1		0
306.605		296.52		2039		2		0
319.615		356.636		1632		2		0
261.14		325.324		2425		2		0
246.255		316.187		1911		1		0
257.994		362.085		1700		1		0
251.199		358.83		1693		2		0
276.535		329.165		2450		2		0
301.894		341.94		1837		1		0
300.316		408.682		1875		1		0
306.709		395.567		1953		1		0
272.703		270.121		2977		2		0
230.014		324.498		0		1		0
230.873		324.034		0		1		0
323.266		348.225		1626		2		0
313.841		366.487		1669		2		0
Frame 68
274.946		323.753		2470		2		0
275.868		290.855		2409		2		0
276.659		262.58		3158		2		0
269.705		254.103		3212		2		0
255.635		275.302		2249		1		0
246.025		299.111		2014		1		0
236.903		315.441		1895		1		0
235.284		323.521		1855		1		0
283.661		272.503		2857		1		0
307.305		286.914		2108		1		0
308.189		295.114		2054		2		0
317.39		351.476		1655		2		0
265.963		323.862		2435		2		0
251.254		314.428		1910		1		0
263.202		359.3		1783		1		0
256.855		355.945		1728		1		0
283.944		323.648		2488		2		0
306.291		339.519		1815		1		0
305.228		404.651		1901		1		0
309.11		391.949		2002		1		0
276.472		269.267		2996		2		0
234.054		323.039		1850		1		0
234.894		322.585		1866		1		0
321.574		343.622		1642		2		0
311.619		362.276		1708		2		0
Frame 69
270.142		365.998		2030		2		0
271.942		328.427		2479		2		0
273.458		296.261		2445		2		0
272.795		284.735		2487		2		0
245.434		314.048		1885		1		0
231.942		348.149		2161		1		0
236.351		341.395		1679		2		0
250.841		340.678		1727		2		0
283.033		313.752		2438		1		0
299.81		327.524		1911		1		0
323.298		345.538		1664		2		0
316.149		349.18		1680		2		0
260.475		364.923		2044		2		0
234.686		387.517		2055		1		0
9999		9999		9999		1		0
9999		9999		9999		1		0
279.964		367.087		2024		2		0
9999		9999		9999		1		0
9999		9999		9999		1		0
9999		9999		9999		1		0
273.101		303.847		2451		2		0
242.564		334.973		1685		2		0
254.582		355.809		1755		2		0
321.188		340.86		1661		2		0
324.045		354.386		1703		2		0
Frame 70
273.776		364.997		2037		2		0
276.153		327.876		2487		2		0
278.335		296.089		2404		2		0
275.831		285.084		2443		2		0
250.398		313.885		1917		1		0
237.159		348.027		0		1		0
244.152		343.985		1731		2		0
254.626		344.545		1749		1		0
288.502		313.588		2066		1		0
320.563		333.024		2319		1		0
304.938		327.842		1920		2		0
312.516		349.675		1690		2		0
264.146		364.002		2038		2		0
241.748		387.446		2045		1		0
9999		9999		9999		1		0
9999		9999		9999		1		0
283.561		366.003		2028		2		0
9999		9999		9999		1		0
9999		9999		9999		1		0
9999		9999		9999		1		0
277.804		303.586		2456		2		0
252.002		342.669		1731		2		0
257.694		356.48		1786		2		0
315.218		341.927		1687		2		0
320.539		355.376		1743		2		0
Frame 71
263.494		362.286		2048		2		0
265.64		325.861		2503		2		0
267.467		294.583		2446		2		0
268.133		283.594		2521		2		0
239.937		311.931		1954		1		0
226.476		345.108		2187		1		0
240.502		324.149		1855		2		0
238.332		335.468		1713		2		0
276.111		311.44		2476		1		0
298.197		320.823		1980		2		0
290.839		322.287		2022		1		0
300.096		344.157		1808		1		0
253.988		362.007		2061		2		0
227.255		382.229		2065		1		0
9999		9999		9999		1		0
9999		9999		9999		1		0
273.234		362.571		2050		2		0
9999		9999		9999		1		0
9999		9999		9999		1		0
9999		9999		9999		1		0
267.036		301.968		2452		2		0
231.484		326.511		1706		2		0
230.737		344.007		1752		2		0
302.802		335.369		1893		1		0
309.148		350.573		1716		1		0
Frame 72
263.521		362.307		1896		2		0
265.617		325.889		2496		2		0
267.361		294.631		2466		2		0
268.035		283.883		2540		2		0
239.853		311.965		2004		1		0
238.053		320.895		1980		1		0
243.1		321.4		1952		2		0
239.794		341.966		1739		2		0
275.984		311.477		2495		1		0
297.912		320.58		2007		2		0
290.611		321.994		2046		1		0
299.704		343.509		1886		1		0
254.078		361.844		1861		2		0
227.152		382.188		2075		1		0
9999		9999		9999		1		0
9999		9999		9999		1		0
273.203		363.062		2049		2		0
9999		9999		9999		1		0
9999		9999		9999		1		0
9999		9999		9999		1		0
266.954		302.01		2450		2		0
235.153		334.082		1726		2		0
233.061		349.819		1784		2		0
302.361		334.836		1947		1		0
308.631		349.842		1736		1		0
Frame 73
265.124		372.94		2051		2		0
266.253		329.505		2409		2		0
267.549		295.503		2467		2		0
268.242		284.696		2551		1		0
240.111		312.817		2026		1		0
238.262		323.288		2019		1		0
243.334		328.108		1962		2		0
240.56		348.42		1758		2		0
276.171		312.406		2506		1		0
302.156		314.87		2052		2		0
290.289		315.004		2080		1		0
299.015		334.872		1980		1		0
254.977		372.626		2056		2		0
227.563		383.129		2066		1		0
9999		9999		9999		1		0
9999		9999		9999		1		0
274.961		373.241		2054		2		0
9999		9999		9999		1		0
9999		9999		9999		1		0
9999		9999		9999		1		0
267.188		303.17		2454		2		0
233.323		344.499		1754		2		0
228.06		340.075		1766		2		0
301.553		326.316		1997		1		0
307.632		341.082		1951		1		0
Frame 74
263.922		363.542		1906		2		0
265.729		327.929		2440		2		0
267.266		296.196		2484		2		0
268.003		285.381		2568		1		0
239.987		313.423		2058		1		0
244.009		313.855		2063		2		0
253.839		338.906		1935		2		0
249.052		353.758		1792		2		0
275.8		313.066		2520		1		0
298.828		335.279		2014		2		0
291.699		338.593		2052		1		0
300.827		361.973		1860		1		0
254.805		362.156		1828		2		0
227.498		383.371		2082		1		0
9999		9999		9999		1		0
9999		9999		9999		1		0
273.303		365.606		2065		2		0
9999		9999		9999		1		0
9999		9999		9999		1		0
9999		9999		9999		1		0
266.895		303.689		2469		2		0
238.249		356.483		1775		2		0
242.782		344.252		1959		2		0
303.498		353.853		1926		1		0
309.645		367.998		1761		1		0
Frame 75
264.837		359.473		1970		2		0
266.112		327.779		2430		2		0
267.397		298.079		2480		2		0
268.131		287.127		2578		1		0
240.17		315.32		2074		1		0
244.839		310.808		2101		2		0
253.044		349.666		1938		2		0
245.638		369.365		1803		2		0
275.928		315.129		2509		1		0
301.038		331.099		2050		2		0
289.748		330.816		2106		1		0
298.32		352.447		2010		1		0
256.163		358.784		1897		2		0
227.797		385.796		2046		1		0
9999		9999		9999		1		0
9999		9999		9999		1		0
273.67		360.175		2077		2		0
9999		9999		9999		1		0
9999		9999		9999		1		0
9999		9999		9999		1		0
267.068		305.153		2494		2		0
238.816		369.838		1753		2		0
245.601		364.654		1771		2		0
300.83		344.384		2013		1		0
306.862		358.39		1963		1		0
Frame 76
266.321		367.769		1993		2		0
268.789		334.635		2260		2		0
270.312		301.685		2518		2		0
270.835		290.439		2567		1		0
243.1		319.042		2087		1		0
244.668		311.14		2121		2		0
251.581		347.009		1986		2		0
250.476		364.501		1911		2		0
279.196		319.183		2493		1		0
307.923		308.46		2175		2		0
294.638		311.158		2134		1		0
303.567		329.805		2053		1		0
257.633		367.921		1907		2		0
231.904		391.105		1838		1		0
9999		9999		9999		1		0
9999		9999		9999		1		0
275.165		367.613		2075		2		0
9999		9999		9999		1		0
9999		9999		9999		1		0
9999		9999		9999		1		0
270.562		310.566		2497		2		0
249.599		380		1791		2		0
262.366		373.533		1980		2		0
306.103		321.471		2108		1		0
311.817		335.836		2246		1		0
Frame 77
269.66		354.869		2111		2		0
271.05		328.993		2389		2		0
271.135		302.096		2498		2		0
271.595		290.796		2548		1		0
243.885		319.498		2100		1		0
240.719		313.106		2139		2		0
248.146		349.199		2001		1		0
249.05		368.699		1919		1		0
300.964		296.276		2169		2		0
296.183		333.551		2056		2		0
289.029		335.474		2094		1		0
297.585		357.873		1988		1		0
261.76		354.997		2090		2		0
232.979		391.942		2039		1		0
9999		9999		9999		1		0
9999		9999		9999		1		0
277.716		354.739		2106		2		0
9999		9999		9999		1		0
9999		9999		9999		1		0
9999		9999		9999		1		0
270.969		310.241		2486		2		0
247.04		384.093		1840		2		0
262.079		373.494		1963		2		0
300.107		349.866		1982		1		0
306.212		363.801		1921		1		0
Frame 78
251.564		351.836		2011		2		0
262.281		330.062		2339		2		0
272.769		306.741		2496		2		0
273.105		295.074		2514		1		0
245.532		324.266		2099		1		0
244.678		330.066		2073		2		0
251.897		369.539		1918		1		0
249.172		381.095		1853		2		0
303.536		299.131		2167		2		0
299.481		341.091		2019		2		0
292.435		345.158		2066		1		0
301.642		369.325		1906		1		0
242.978		348.254		2013		2		0
246.678		316.287		2131		2		0
250.167		377.722		1878		2		0
241.407		394.165		1767		2		0
260.383		355.512		2101		2		0
9999		9999		9999		1		0
9999		9999		9999		1		0
9999		9999		9999		1		0
270.677		311.984		2486		2		0
242.715		399.287		1765		2		0
260.23		388.126		1894		2		0
304.339		361.402		1940		1		0
310.441		375.24		1861		1		0
Frame 79
251.664		351.251		2003		2		0
262.274		329.918		2365		2		0
272.773		306.859		2487		2		0
273.109		295.182		2515		1		0
245.559		324.414		2093		1		0
239.406		321.181		2080		2		0
245.87		357.883		1970		1		0
248.07		372.433		1887		1		0
303.422		299.019		2157		1		0
300.309		339.426		2027		2		0
293.385		343.27		2056		1		0
302.699		367.157		1917		1		0
243.054		348.075		2008		2		0
246.169		314.06		2135		2		0
250.301		377.452		1862		2		0
241.437		393.557		1778		2		0
260.441		354.236		2091		2		0
9999		9999		9999		1		0
9999		9999		9999		1		0
9999		9999		9999		1		0
270.561		312.22		2480		2		0
244.33		387.704		1820		2		0
260.212		374.232		1942		2		0
305.413		359.194		1939		1		0
311.456		373.119		1859		1		0
Frame 80
254.974		349.204		2012		2		0
262.482		322.797		2475		2		0
269.025		299.708		2491		2		0
269.639		288.73		2560		1		0
242.306		316.896		2113		1		0
233.954		310.717		2163		2		0
252.65		350.431		2006		1		0
249.116		366.692		1914		1		0
297.893		289.45		2280		1		0
293.891		335.759		2065		1		0
309.308		376.332		1841		1		0
314.021		397.185		1744		2		0
247.017		351.322		1989		2		0
245.557		299.08		2193		2		0
250.721		367.701		1910		2		0
242.027		392.978		1774		2		0
263.007		347.066		2159		2		0
9999		9999		9999		1		0
9999		9999		9999		1		0
9999		9999		9999		1		0
267.47		305.199		2460		2		0
250.212		379.842		1857		2		0
260.742		372.305		1927		2		0
321.75		406.751		1669		2		0
320.707		410.677		0		2		0
Frame 81
253.069		346.146		2025		2		0
260.53		319.149		2406		2		0
267.018		295.476		2512		2		0
267.78		284.866		2587		1		0
240.384		312.484		2120		1		0
241.368		316.71		2115		2		0
253.777		351.765		1985		1		0
249.587		372.497		1891		2		0
295.468		284.734		2950		1		0
301.587		333.648		2030		2		0
305.841		373.422		1855		2		0
310.245		397.409		1749		2		0
245.125		348.369		2006		2		0
242.317		296.419		2188		1		0
249.938		364.231		1929		2		0
238.446		387.223		1836		2		0
260.893		343.48		2196		2		0
302.457		423.15		1689		1		0
9999		9999		9999		1		0
9999		9999		9999		1		0
265.477		301.113		2442		2		0
246.62		386.711		1811		2		0
262.085		380.328		1944		2		0
321.175		408.921		1644		2		0
324.12		406.688		1654		2		0
Frame 82
253.125		344.017		2035		2		0
260.742		316.937		2386		2		0
267.38		293.32		2522		2		0
268.112		282.914		2594		1		0
240.875		310.2		2128		1		0
241.731		315.938		2109		2		0
245.197		361.745		1955		2		0
248.781		384.125		1836		2		0
295.736		282.36		2984		1		0
302.045		319.938		2069		2		0
301.612		361.369		1927		2		0
304.073		378.338		1834		2		0
245.224		346.149		2012		2		0
242.956		294.815		2186		1		0
248.784		375.879		1868		2		0
236.347		396.892		1723		2		0
261.056		341.526		2227		2		0
302.845		419.033		0		1		0
9999		9999		9999		1		0
9999		9999		9999		1		0
265.803		298.931		2456		2		0
239.992		403		1768		2		0
247.372		393.784		1783		2		0
308.674		393.957		0		2		0
312.741		384.683		1818		2		0
Frame 83
254.318		346.589		2026		2		0
262.224		321.024		2437		2		0
269.165		299.1		2486		2		0
269.771		288.131		2559		1		0
242.348		316.338		2104		1		0
240.854		318.802		2093		2		0
242.646		364.637		1927		1		0
242.642		391.659		1849		2		0
298.171		288.722		0		1		0
301.093		334.233		2012		2		0
309.752		387.966		1787		2		0
311.211		400.797		1714		2		0
246.504		349.034		2000		2		0
244.77		301.441		2167		1		0
246.568		370.778		1894		2		0
235.501		394.246		1757		2		0
262.327		344.16		2196		2		0
9999		9999		9999		1		0
9999		9999		9999		1		0
9999		9999		9999		1		0
267.51		304.277		2468		2		0
236.201		402.271		1721		2		0
255.413		391.004		1882		2		0
319.501		408.5		1640		2		0
323.885		405.096		1665		2		0
Frame 84
254.779		344.134		2033		2		0
262.613		316.795		2411		2		0
269.33		292.209		2534		2		0
269.915		281.91		2663		1		0
242.939		309.017		2124		1		0
242.95		321.271		2086		2		0
245.982		367.977		1908		1		0
247.209		385.647		1830		2		0
297.855		281.145		2978		1		0
300.781		329.074		2038		2		0
308.883		382.252		1815		2		0
313.504		401.401		1699		2		0
246.927		346.631		2013		2		0
245.563		294.107		2205		1		0
246.795		377.705		1855		2		0
236.611		399.196		1754		2		0
262.809		341.59		2229		2		0
305.872		416.838		1789		1		0
9999		9999		9999		1		0
9999		9999		9999		1		0
267.757		297.898		2484		2		0
240.215		402.929		1753		2		0
254.939		380.401		1862		2		0
318.505		408.303		1652		2		0
322.655		404.445		1659		2		0
Frame 85
256.826		353.603		2026		2		0
264.558		328.196		2402		2		0
271.357		305.769		2478		2		0
271.804		294.116		2505		1		0
244.127		323.459		2079		1		0
242.758		322.465		2086		2		0
245.955		376.554		1871		1		0
242.612		394.939		1798		2		0
301.212		296.068		2155		1		0
301.115		334.385		2022		2		0
310.04		388.377		1797		2		0
314.557		400.95		1708		2		0
248.918		355.999		1972		2		0
246.83		310.539		2137		1		0
248.104		400.403		0		1		0
228.35		400.448		0		2		0
264.911		351.151		2109		2		0
9999		9999		9999		1		0
9999		9999		9999		1		0
9999		9999		9999		1		0
269.736		311.12		2460		2		0
231.199		409.553		1704		2		0
240.003		390.484		1802		2		0
325.374		407.75		1643		2		0
322.807		399.715		0		2		0
Frame 86
254.593		354.718		1993		2		0
262.288		329.723		2369		2		0
269.024		307.672		2469		2		0
269.65		295.883		2507		1		0
241.762		325.394		2075		1		0
240.629		308.598		2134		2		0
245.187		359.191		1945		2		0
246.163		375.035		1865		1		0
298.541		298.224		2146		1		0
301.301		335.47		2016		2		0
310.193		375.645		1851		2		0
316.878		401.743		1703		2		0
246.465		357.26		1961		2		0
243.995		313.547		2123		1		0
244.943		402.79		1748		1		0
231.061		407.081		1698		2		0
262.86		352.151		2101		2		0
9999		9999		9999		1		0
9999		9999		9999		1		0
9999		9999		9999		1		0
267.421		312.932		2461		2		0
242.711		390		1797		2		0
257.859		383.76		1858		2		0
322.998		409.626		1630		2		0
329.499		405.292		1687		2		0
Frame 87
253.267		355.833		1992		2		0
261.465		330.663		2349		2		0
268.578		308.493		2478		2		0
269.237		296.656		2506		1		0
241.345		326.207		2086		1		0
240.567		309.032		2130		2		0
243.701		359.308		1970		2		0
244.834		373.575		1867		1		0
297.987		299.165		2152		1		0
301.206		341.431		2004		2		0
310.87		390.99		1764		2		0
316.604		400.948		1706		2		0
245.469		358.129		1965		2		0
244.095		325.035		2092		1		0
244.383		403.682		1721		1		0
233.064		406.957		1679		2		0
261.173		353.525		2096		2		0
9999		9999		9999		1		0
9999		9999		9999		1		0
9999		9999		9999		1		0
266.89		313.777		2454		2		0
243.107		388.556		1809		2		0
255.319		377.896		1880		2		0
328.502		407.499		1648		2		0
329.105		404.166		1684		2		0
Frame 88
253.134		356.105		1973		2		0
261.435		330.954		2344		2		0
268.675		308.804		2481		2		0
269.327		296.95		2518		1		0
241.459		326.516		2081		1		0
240.606		309.045		2140		2		0
243.718		359.133		1958		2		0
244.842		373.165		1860		1		0
298.08		299.523		2154		1		0
301.25		341.644		2012		2		0
309.466		391.142		1757		2		0
316.859		400.976		1697		2		0
245.308		358.486		1956		2		0
244.226		325.396		2095		1		0
244.534		404.025		1719		1		0
234.615		407.039		1681		2		0
261.094		353.69		2099		2		0
9999		9999		9999		1		0
9999		9999		9999		1		0
9999		9999		9999		1		0
266.952		314.083		2454		2		0
242.623		387.766		1819		2		0
255.065		375.579		1874		2		0
324.376		407.751		1628		2		0
329.167		405.811		1668		2		0
Frame 89
253.156		354.687		1985		2		0
261.234		329.903		2368		2		0
268.333		307.942		2478		2		0
269.009		296.169		2514		1		0
241.151		325.608		2088		1		0
240.496		308.873		2151		2		0
243.874		358.888		1972		2		0
244.583		373.326		1874		1		0
297.642		298.564		2153		1		0
302.751		335.863		2021		2		0
309.233		389.787		1822		2		0
316.659		401.084		1710		2		0
245.354		357.171		1970		2		0
243.358		313.105		2141		1		0
244.111		402.703		1722		1		0
234.942		407.554		1689		2		0
261.093		352.083		2099		2		0
9999		9999		9999		1		0
9999		9999		9999		1		0
9999		9999		9999		1		0
266.641		313.188		2464		2		0
244.283		387.573		1803		2		0
253.938		377.115		1866		2		0
324.173		405.629		1659		2		0
322.498		408.502		1729		2		0
Frame 90
252.671		354.918		1987		2		0
260.968		330.082		2352		2		0
268.222		308.083		2484		2		0
268.907		296.306		2509		1		0
241.052		325.743		2096		1		0
240.494		308.788		2164		2		0
243.854		358.632		1963		2		0
244.809		373.529		1865		1		0
297.5		298.729		2170		1		0
302.198		341.193		2009		2		0
306.489		382.28		1828		2		0
316.883		400.538		1699		2		0
244.749		357.468		1968		2		0
243.745		324.498		2099		1		0
243.978		402.824		1731		1		0
235.288		405.553		1699		2		0
260.71		352.279		2105		2		0
9999		9999		9999		1		0
9999		9999		9999		1		0
9999		9999		9999		1		0
266.497		313.338		2469		2		0
244.142		386.705		1826		2		0
254.974		377.424		1883		2		0
325.456		405.454		1660		2		0
327.839		410.501		1743		2		0
Frame 91
252.931		354.855		1984		2		0
260.988		330.093		2353		2		0
268.084		308.156		2485		2		0
268.779		296.377		2502		1		0
240.92		325.811		2086		1		0
240.544		308.802		2150		2		0
243.88		358.576		1973		1		0
244.709		373.477		1873		1		0
297.332		298.814		2166		1		0
302.176		341.421		2000		2		0
309.874		386.835		1791		2		0
317.36		400.417		1691		2		0
245.07		357.339		1975		2		0
243.59		324.578		2100		1		0
243.801		402.874		1744		1		0
235.653		403.95		1710		2		0
260.918		352.284		2104		2		0
9999		9999		9999		1		0
9999		9999		9999		1		0
9999		9999		9999		1		0
266.408		313.391		2462		2		0
244.57		387.144		1804		2		0
255.499		385.001		1858		2		0
325.213		405.791		1648		2		0
329.088		402.446		1676		2		0
Frame 92
254.918		352.633		2007		2		0
262.789		327.442		2430		2		0
269.716		305.068		2498		2		0
270.285		293.562		2532		1		0
242.69		322.587		2113		1		0
240.613		308.466		2144		2		0
242.712		358.815		1976		2		0
244.327		373.531		1872		1		0
299.061		295.368		2173		1		0
303.516		332.275		2037		2		0
309.962		374.634		1862		2		0
307.436		387.749		1790		2		0
247.132		355.028		1975		2		0
245.179		310.18		2165		1		0
246.135		398.378		1823		1		0
235.422		404.219		1707		2		0
262.877		350.152		2127		2		0
9999		9999		9999		1		0
9999		9999		9999		1		0
9999		9999		9999		1		0
268.067		310.425		2475		2		0
242.297		387.601		1797		2		0
254.003		379.943		1884		2		0
315.282		404.129		1689		2		0
317.558		382.559		1854		2		0
Frame 93
252.097		356.521		1982		2		0
261.161		329.959		2367		2		0
268.796		306.871		2478		2		0
269.435		295.218		2519		1		0
241.721		324.449		2098		1		0
240.681		308.638		2148		2		0
242.274		358.634		1958		1		0
243.847		373.216		1870		1		0
298.051		297.392		2172		1		0
302.339		333.912		2029		2		0
309.819		387.136		1786		2		0
314.467		397.049		1729		2		0
244.234		359.007		1955		2		0
244.599		312.682		2145		1		0
244.853		400.863		0		1		0
231.938		405.205		1704		2		0
259.953		354.296		2098		2		0
9999		9999		9999		1		0
9999		9999		9999		1		0
9999		9999		9999		1		0
267.004		312.352		2466		2		0
242.97		387.649		1852		2		0
253.251		379.226		1880		2		0
321.999		405.751		1646		2		0
317.666		407		1726		2		0
Frame 94
252.557		355.949		1978		2		0
261.151		329.955		2367		2		0
268.426		307.143		2472		2		0
269.094		295.462		2522		1		0
241.325		324.739		2091		1		0
240.706		308.574		2148		2		0
242.049		358.626		1956		1		0
243.691		373.485		1890		1		0
297.653		297.692		2165		1		0
302.525		334.141		2023		2		0
304.273		374.977		1856		2		0
317.353		399.749		1684		2		0
244.785		358.292		1971		2		0
243.835		312.456		2146		1		0
244.329		401.296		0		1		0
231.893		405.277		1715		2		0
260.759		353.282		2097		2		0
9999		9999		9999		1		0
9999		9999		9999		1		0
9999		9999		9999		1		0
266.765		312.517		2469		2		0
243.383		386.606		0		2		0
253.398		375.863		1882		2		0
327.503		405.004		1683		2		0
314.61		406.217		1762		2		0
Frame 95
250.705		354.897		1984		2		0
258.915		329.038		2368		2		0
266.071		306.311		2460		2		0
266.924		294.619		2523		1		0
238.72		324.016		2080		1		0
240.691		308.084		2151		2		0
241.601		359.006		1965		2		0
243.836		373.935		1862		1		0
295.216		296.671		2176		1		0
301.697		343.307		1998		2		0
309.399		389.994		1774		2		0
317.308		400.41		1684		2		0
242.545		357.084		1973		2		0
240.566		311.305		2136		1		0
240.872		401.064		1729		1		0
231.66		405.528		1701		2		0
258.916		352.416		2092		2		0
9999		9999		9999		1		0
9999		9999		9999		1		0
9999		9999		9999		1		0
264.36		311.702		2439		2		0
243.303		388.501		1788		2		0
253.627		381.727		1844		2		0
325.805		404.155		1644		2		0
308.456		402.614		1733		2		0
Frame 96
251.019		354.414		1983		2		0
259.319		328.556		2388		2		0
266.618		305.771		2461		2		0
267.429		294.122		2517		1		0
239.285		323.46		2091		1		0
240.673		308.093		2153		2		0
240.843		358.951		1975		2		0
243.516		378.842		1835		1		0
295.829		296.064		2170		1		0
303.338		335.472		2018		2		0
309.746		389.071		1787		2		0
317.052		400.864		1697		2		0
242.922		356.695		1976		2		0
241.317		310.683		2145		1		0
241.624		400.333		1731		1		0
231.07		406.137		1697		2		0
259.18		351.925		2117		2		0
9999		9999		9999		1		0
9999		9999		9999		1		0
9999		9999		9999		1		0
264.866		311.191		2424		2		0
240.254		394.498		1757		2		0
252.334		383.65		1851		2		0
325.163		406.076		1650		2		0
309.943		403.3		1734		2		0
Frame 97
252.166		354.933		2000		2		0
260.069		329.628		2368		2		0
267.071		307.455		2459		2		0
267.846		295.691		2528		1		0
239.785		325.159		2090		1		0
240.669		308.103		2152		2		0
244.675		358.725		1978		2		0
245.195		374.405		1865		1		0
296.301		297.982		2172		1		0
301.584		341.544		2005		2		0
304.38		382.642		1836		2		0
317.22		401.179		1687		2		0
244.073		357.116		1979		2		0
241.64		311.797		2133		1		0
242.295		402.391		1725		1		0
232.5		406.054		1711		2		0
260.435		352.71		2100		2		0
9999		9999		9999		1		0
9999		9999		9999		1		0
9999		9999		9999		1		0
265.4		312.725		2442		2		0
243.231		388.232		1831		2		0
255.941		377.547		1867		2		0
323.794		406.107		1644		2		0
308.384		402.32		1744		2		0
Frame 98
252.258		355.071		1969		2		0
260.094		329.772		2369		2		0
267.032		307.586		2485		2		0
267.81		295.811		2517		1		0
239.744		325.294		2087		1		0
240.66		308.114		2144		2		0
244.762		358.716		1969		1		0
245.641		374.162		1873		1		0
296.259		298.13		2159		1		0
301.605		341.737		2006		2		0
304.523		382.875		1816		2		0
316.037		400.591		1704		2		0
244.256		357.317		1978		2		0
241.516		312.039		2136		1		0
242.241		402.569		1734		1		0
232.972		406.833		1687		2		0
260.489		352.848		2106		2		0
9999		9999		9999		1		0
9999		9999		9999		1		0
9999		9999		9999		1		0
265.377		312.862		2451		2		0
243.327		388.428		1825		2		0
257.573		381.694		1872		2		0
327.498		407.499		1639		2		0
321.683		409.338		1679		2		0
Frame 99
252.787		355.794		1975		2		0
260.483		330.425		2348		2		0
267.27		308.133		2477		2		0
268.029		296.334		2509		1		0
240.032		325.824		2090		1		0
240.586		308.312		2149		2		0
244.759		358.645		1964		1		0
245.327		374.396		1877		1		0
296.475		298.766		2160		1		0
301.548		341.941		2000		2		0
304.928		383.18		1867		2		0
316.944		401.275		1694		2		0
245.189		358.493		1967		2		0
241.729		313.727		2133		1		0
242.623		403.086		1735		1		0
233.205		406.703		1713		2		0
260.9		353.433		2098		2		0
9999		9999		9999		1		0
9999		9999		9999		1		0
9999		9999		9999		1		0
265.652		313.44		2443		2		0
243.597		388.466		1798		2		0
257.303		381.181		1855		2		0
326.063		406.96		1655		2		0
308.838		402.833		1742		2		0
Frame 100
252.896		355.726		1983		2		0
260.942		330.235		2352		2		0
268.276		307.751		2479		2		0
268.957		295.99		2517		1		0
241.086		325.416		2088		1		0
240.476		308.225		2146		2		0
242.919		358.607		1964		2		0
244.558		375.334		1858		1		0
297.586		298.345		2159		1		0
301.499		341.979		1997		2		0
310.387		386.93		1792		2		0
313.475		397.941		1743		2		0
245.276		358.378		1968		2		0
243.316		313.124		2143		1		0
244.025		402.482		1745		1		0
233.891		404.929		1711		2		0
261.004		353.346		2098		2		0
9999		9999		9999		1		0
9999		9999		9999		1		0
9999		9999		9999		1		0
266.504		313.115		2456		2		0
241.627		389.899		0		2		0
255.583		381.227		1873		2		0
321.455		406.274		1656		2		0
306.887		397.953		1739		2		0
Frame 101
254.466		355.893		1990		2		0
262.127		330.759		2344		2		0
269.035		308.489		2473		2		0
269.658		296.681		2514		1		0
241.885		326.156		2098		1		0
240.596		310.11		2135		2		0
245.986		360.359		1939		2		0
245.364		370.863		1883		1		0
298.419		299.189		2157		1		0
301.519		342.074		2000		2		0
310.143		387.425		1779		2		0
312.959		397.857		1735		2		0
246.465		358.304		1960		2		0
244.715		324.98		2103		1		0
245.092		403.354		1700		1		0
233.685		405.61		1702		2		0
263.006		353.731		2094		2		0
9999		9999		9999		1		0
9999		9999		9999		1		0
9999		9999		9999		1		0
267.367		313.809		2462		2		0
243.563		385.376		1806		2		0
257.786		375.88		1898		2		0
321.336		406.753		1664		2		0
312.32		404.071		1705		2		0
Frame 102
253.721		355.442		1981		2		0
261.804		330.068		2348		2		0
268.959		307.601		2479		2		0
269.588		295.842		2523		1		0
241.76		325.278		2092		1		0
240.339		309.012		2145		2		0
245.814		356.403		1979		1		0
244.365		367.005		1919		1		0
298.389		298.167		2148		1		0
301.527		342.149		2003		2		0
310.495		389.137		1771		2		0
312.882		397.533		1735		2		0
245.83		357.906		1975		2		0
244.144		312.103		2145		1		0
244.929		402.402		1733		1		0
233.117		403.106		1706		2		0
261.638		352.877		2099		2		0
9999		9999		9999		1		0
9999		9999		9999		1		0
9999		9999		9999		1		0
267.242		312.97		2461		2		0
244.53		381.094		1845		2		0
256.396		369.63		1971		2		0
320.926		406.462		1644		2		0
311.799		403.551		1700		2		0
Frame 103
253.818		355.195		1979		2		0
261.781		329.775		2373		2		0
268.798		307.271		2475		2		0
269.441		295.53		2513		1		0
241.578		324.953		2099		1		0
240.268		308.782		2143		2		0
245.831		356.137		1979		1		0
244.634		366.426		1922		1		0
298.228		297.787		2161		1		0
301.511		342.197		2005		2		0
310.679		388.584		1761		2		0
315.636		399.819		1711		2		0
245.965		357.53		1974		2		0
243.806		311.563		2154		1		0
244.687		402.048		1730		1		0
230.86		405.747		1718		2		0
261.717		352.748		2101		2		0
9999		9999		9999		1		0
9999		9999		9999		1		0
9999		9999		9999		1		0
267.12		312.649		2467		2		0
242.81		380.5		1841		2		0
247.803		373.397		1864		2		0
324.444		406.89		1655		2		0
307.196		402.896		1746		2		0
Frame 104
254.637		354.16		1994		2		0
262.294		329.169		2373		2		0
269.091		306.963		2487		2		0
269.71		295.254		2514		1		0
241.898		324.624		2098		1		0
240.124		308.651		2146		2		0
245.739		355.939		1983		1		0
244.791		366.544		1921		1		0
298.535		297.448		2157		1		0
301.537		342.338		1999		2		0
310.676		389.027		1774		2		0
315.554		399.659		1705		2		0
246.745		356.539		1979		2		0
244.021		311.214		2157		1		0
245.111		401.552		0		1		0
230.87		404.706		1713		2		0
262.664		351.638		2111		2		0
9999		9999		9999		1		0
9999		9999		9999		1		0
9999		9999		9999		1		0
267.462		312.276		2451		2		0
244.279		379.992		1858		2		0
247.931		373.607		1866		2		0
323.052		406.492		1674		2		0
312.24		396.967		1703		2		0
Frame 105
257.463		352.653		2091		2		0
266.962		326.514		2455		2		0
275.502		303.321		2426		2		0
275.631		291.832		2525		1		0
248.312		320.987		2134		1		0
240.093		308.566		2148		2		0
245.75		355.797		1978		1		0
244.434		366.106		1938		1		0
305.984		293.284		0		1		0
304.464		346.03		1986		2		0
305.548		387.79		1792		2		0
315.635		399.97		1701		2		0
249.417		355.177		1987		2		0
253.032		308.623		2230		1		0
253.718		397.453		1849		1		0
233.949		405.577		1702		2		0
265.643		350.057		2115		2		0
9999		9999		9999		1		0
9999		9999		9999		1		0
9999		9999		9999		1		0
273.623		308.764		2476		2		0
244.998		380.094		1833		2		0
256.684		369.517		1981		2		0
324.44		406.573		1661		2		0
308.07		403.074		1733		2		0
Frame 106
254.78		354.229		1995		2		0
262.913		329.267		2372		2		0
270.014		307.345		2487		2		0
270.561		295.639		2516		1		0
242.925		324.96		2100		1		0
240.093		308.769		2156		2		0
245.726		355.557		1977		1		0
244.701		365.911		1935		1		0
299.482		297.913		2165		1		0
303.062		334.849		2017		2		0
311.644		388.241		1774		2		0
316.25		400.166		1699		2		0
246.356		357.075		1972		2		0
245.777		312.116		2145		1		0
246.47		401.686		1845		1		0
232.911		406.014		1691		2		0
263.307		351.387		2107		2		0
9999		9999		9999		1		0
9999		9999		9999		1		0
9999		9999		9999		1		0
268.183		312.671		2473		2		0
243.133		380.409		1838		2		0
256.391		370.863		1966		2		0
323.688		406.343		1661		2		0
309.554		404.207		1702		2		0
Frame 107
250.944		354.194		1998		2		0
259.146		328.75		2393		2		0
266.312		306.271		2461		2		0
267.146		294.594		2533		1		0
238.998		323.956		2094		1		0
239.928		308.224		2152		2		0
245.665		355.311		1980		1		0
244.44		365.761		1930		1		0
295.452		296.639		2162		1		0
301.132		341.902		2007		2		0
305.627		383.409		1811		2		0
316.026		400.226		1688		2		0
242.613		356.676		1969		2		0
240.938		310.566		2145		1		0
241.239		400.875		1751		1		0
234.822		403.544		1711		2		0
258.967		351.659		2113		2		0
9999		9999		9999		1		0
9999		9999		9999		1		0
9999		9999		9999		1		0
264.597		311.67		2422		2		0
243.242		380.208		1828		2		0
248.352		371.148		1893		2		0
327.801		407		1643		2		0
307.727		403.167		1743		2		0
Frame 108
253.087		355.696		1993		2		0
260.816		329.915		2371		2		0
267.622		307.184		2470		2		0
268.358		295.393		2530		1		0
240.224		324.963		2095		1		0
239.931		308.155		2145		2		0
245.691		355.218		1975		1		0
244.805		365.6		1926		1		0
297.073		297.63		2160		1		0
301.172		342.409		2002		2		0
305.781		383.969		1804		2		0
309.647		394.38		0		2		0
244.843		358.04		1967		2		0
242.161		312.57		2137		1		0
242.899		402.604		1734		1		0
230.521		406.424		1677		2		0
261.744		353.571		2097		2		0
9999		9999		9999		1		0
9999		9999		9999		1		0
9999		9999		9999		1		0
266.001		312.627		2468		2		0
244.082		379.375		1843		2		0
249.363		372.447		1891		2		0
316		406.2		1664		2		0
305.974		401.462		1761		2		0
Frame 109
253.271		354.479		1991		2		0
260.833		329.221		2375		2		0
267.551		306.816		2485		2		0
268.291		295.064		2525		1		0
240.181		324.566		2094		1		0
239.871		308.083		2145		2		0
240.269		358.673		1972		2		0
243.258		376.844		1876		1		0
296.956		297.224		2163		1		0
301.238		342.836		2003		2		0
305.842		384.415		1811		2		0
316.615		400.601		1692		2		0
245.15		356.958		1969		2		0
241.943		311.607		2143		1		0
242.835		401.982		1730		1		0
229.791		407.607		1678		2		0
261.523		351.357		2108		2		0
9999		9999		9999		1		0
9999		9999		9999		1		0
9999		9999		9999		1		0
265.945		312.185		2451		2		0
240.186		392.125		1756		2		0
252.429		384.353		1858		2		0
326.666		407.666		1630		2		0
312.475		400.347		1709		2		0
Frame 110
252.959		354.822		1982		2		0
260.768		329.416		2370		2		0
267.612		306.991		2477		2		0
268.348		295.227		2517		1		0
240.247		324.743		2093		1		0
239.888		307.983		2155		2		0
243.79		355.079		1978		2		0
244.206		365.003		1925		1		0
297.022		297.424		2152		1		0
308.738		349.499		1968		2		0
302.667		389.239		1818		2		0
316.293		400.902		1689		2		0
244.917		357.254		1970		2		0
242.127		311.812		2143		1		0
242.924		402.198		1745		1		0
229.787		407.67		1681		2		0
260.994		352.079		2106		2		0
9999		9999		9999		1		0
9999		9999		9999		1		0
9999		9999		9999		1		0
265.975		312.352		2443		2		0
243.368		379.11		1835		2		0
248.809		363.345		1944		2		0
324.376		407.129		1659		2		0
317.334		397.333		1684		2		0
Frame 111
252.578		355.303		1986		2		0
260.591		329.938		2368		2		0
267.667		307.574		2478		2		0
268.396		295.805		2512		1		0
240.406		325.274		2092		1		0
239.913		307.983		2152		2		0
243.817		355.171		1975		1		0
243.963		364.81		1920		1		0
296.964		298.123		2163		1		0
301.556		342.092		1995		2		0
307.575		383.199		1795		2		0
316.051		400.622		1690		2		0
244.617		357.702		1974		2		0
242.43		311.855		2146		1		0
243.124		402.504		1746		1		0
230.948		407.081		1689		2		0
260.678		352.564		2104		2		0
9999		9999		9999		1		0
9999		9999		9999		1		0
9999		9999		9999		1		0
265.972		312.912		2452		2		0
245.054		378.777		1847		2		0
249.625		373.699		1875		2		0
325.847		407.304		1668		2		0
327.252		402.249		1671		2		0
Frame 112
253.261		356.064		1984		2		0
262.022		330.735		2346		2		0
270.083		308.351		2480		2		0
270.629		296.475		2511		1		0
242.758		326.144		2088		1		0
239.896		307.914		2157		2		0
243.797		355.173		1974		1		0
244.246		364.885		1930		1		0
299.846		298.96		2159		1		0
301.518		342.109		2001		2		0
310.565		389.7		1786		2		0
316.58		400.536		1688		2		0
245.268		358.469		1973		2		0
245.925		313.693		2142		1		0
246.292		404.087		1774		1		0
230.293		406.905		1695		2		0
261.556		353.586		2099		2		0
9999		9999		9999		1		0
9999		9999		9999		1		0
9999		9999		9999		1		0
268.126		313.699		2474		2		0
245.044		378.694		1844		2		0
255.361		366.54		1982		2		0
324.834		405.832		1646		2		0
328.333		403.441		1661		2		0
Frame 113
252.586		355.526		1982		2		0
261.525		330.23		2350		2		0
269.57		307.811		2486		2		0
270.155		295.993		2519		1		0
242.275		325.564		2096		1		0
239.908		307.922		2160		2		0
243.816		355.268		1978		1		0
244.028		365.442		1933		1		0
299.213		298.364		2149		1		0
301.565		342.179		2001		2		0
310.319		383.162		1805		2		0
306.025		389.138		1785		2		0
244.761		358.041		1968		2		0
245.338		312.792		2152		1		0
245.637		403.182		1720		1		0
230.482		407.158		1670		2		0
260.445		352.841		2099		2		0
9999		9999		9999		1		0
9999		9999		9999		1		0
9999		9999		9999		1		0
267.633		313.172		2463		2		0
244.556		380.562		1840		2		0
246.843		371.072		1890		2		0
309.283		403.998		1737		2		0
320.669		399.249		1708		2		0
Frame 114
254.341		355.377		1991		2		0
262.244		329.948		2375		2		0
269.714		307.554		2487		2		0
270.288		295.753		2515		1		0
242.418		325.304		2097		1		0
239.906		307.961		2153		2		0
243.791		355.445		1969		1		0
244.117		365.687		1920		1		0
299.383		298.071		2155		1		0
302.343		344.111		1995		2		0
310.757		385.53		1800		2		0
316.583		400.443		1683		2		0
246.314		357.865		1974		2		0
245.046		312.83		2143		1		0
245.828		402.868		0		1		0
230.314		407.231		1683		2		0
263.131		352.757		2103		2		0
9999		9999		9999		1		0
9999		9999		9999		1		0
9999		9999		9999		1		0
267.88		312.905		2462		2		0
243.621		380.187		1850		2		0
248.695		371.825		1887		2		0
327.334		406.667		1638		2		0
324.525		399.203		1730		2		0
Frame 115
254.189		355.418		1995		2		0
262.225		329.97		2372		2		0
269.708		307.572		2483		2		0
270.282		295.77		2522		1		0
242.41		325.324		2088		1		0
239.879		307.929		2156		2		0
243.754		355.449		1977		1		0
244.189		365.36		1932		1		0
299.377		298.092		2156		1		0
302.307		344.038		2000		2		0
311.122		386.746		1786		2		0
315.946		400.429		1705		2		0
246.194		357.898		1964		2		0
245.074		312.835		2156		1		0
245.818		402.897		0		1		0
230.22		407.188		1687		2		0
262.671		352.859		2099		2		0
9999		9999		9999		1		0
9999		9999		9999		1		0
9999		9999		9999		1		0
267.874		312.923		2468		2		0
243.302		379.904		1850		2		0
247.177		371.04		1872		2		0
325.377		406.877		1658		2		0
324.947		403.326		1666		2		0
Frame 116
254.329		355.283		1996		2		0
262.212		329.988		2370		2		0
269.498		307.685		2479		2		0
270.089		295.877		2524		1		0
242.204		325.434		2099		1		0
239.859		307.898		2155		2		0
243.727		355.451		1972		1		0
243.87		365.474		1925		1		0
299.129		298.222		2154		1		0
302.091		343.738		2005		2		0
306.548		384.977		1808		2		0
316.207		400.648		1706		2		0
246.313		357.757		1972		2		0
244.701		312.682		2136		1		0
245.541		403.005		1762		1		0
231.507		404.495		1727		2		0
262.699		352.748		2101		2		0
9999		9999		9999		1		0
9999		9999		9999		1		0
9999		9999		9999		1		0
267.74		313.002		2461		2		0
243.782		380.178		1848		2		0
246.065		373.658		1870		2		0
326.199		406.877		1647		2		0
329.165		403.832		1695		2		0
Frame 117
254.084		354.91		2001		2		0
261.735		329.635		2369		2		0
268.457		307.272		2479		2		0
269.128		295.488		2523		1		0
241.118		325.027		2099		1		0
239.855		307.878		2148		2		0
243.723		355.451		1975		1		0
244.185		365.592		1922		1		0
297.975		297.746		2154		1		0
301.932		343.515		1994		2		0
309.249		390.59		1787		2		0
316.42		401.33		1696		2		0
245.946		356.953		1968		2		0
243.088		311.597		2147		1		0
244.089		402.551		1741		1		0
229.744		408.142		1688		2		0
262.337		352.447		2104		2		0
9999		9999		9999		1		0
9999		9999		9999		1		0
9999		9999		9999		1		0
266.875		312.609		2477		2		0
243.195		379.052		1848		2		0
255.55		368.179		1968		2		0
324.602		407.402		1642		2		0
328.619		403.403		1685		2		0
