side
Frame 0
390.946		186.639		3125		2		0
392.349		147.709		3077		2		0
393.741		108.276		3097		2		0
395.995		89.447		3031		2		0
372.958		123.129		3145		2		0
365.706		157.79		3196		1		0
364.136		189.278		3179		1		0
364.6		196.803		3174		1		0
413.232		123.421		3110		2		0
418.568		157.633		3206		1		0
421.424		188.864		3193		1		0
421.282		198.009		3159		1		0
381.91		186.673		3137		2		0
380.536		237.257		3273		2		0
379.591		278.994		3331		2		0
382.22		291.253		3277		2		0
400.037		186.644		3126		2		0
396.697		233.792		3282		2		0
393.228		279.707		3334		2		0
396.624		289.99		3275		2		0
393.401		118.171		3096		2		0
365.772		206.446		3193		2		0
370.72		192.443		3239		2		0
421.696		205.903		3152		2		0
416.863		202.728		0		2		0
Frame 1
390.932		186.622		3112		2		0
392.355		147.712		3073		2		0
393.769		108.296		3091		2		0
395.986		89.4418		3018		2		0
372.86		123.125		3153		2		0
365.703		157.774		3197		1		0
364.134		189.278		3177		1		0
364.177		197.245		3168		1		0
413.213		123.421		3117		2		0
418.519		157.686		3215		1		0
421.371		188.804		3184		1		0
421.433		197.817		3158		1		0
381.894		186.673		3145		2		0
380.548		237.275		3281		2		0
379.375		279.041		3335		2		0
382.325		291.207		3287		2		0
400.026		186.597		3125		2		0
396.688		233.78		3280		2		0
393.231		279.725		3320		2		0
395.142		292.223		3332		2		0
393.422		118.186		3107		2		0
365.661		206.334		3199		2		0
369.896		194.107		3228		2		0
421.748		205.626		3152		2		0
416.751		202		3238		2		0
Frame 2
390.931		186.62		3118		2		0
392.351		147.72		3072		2		0
393.754		108.334		3098		2		0
395.938		89.4607		3021		2		0
372.83		123.147		3144		2		0
365.66		157.844		3196		1		0
364.09		189.3		3190		1		0
364.6		196.84		3173		1		0
413.178		123.408		3118		2		0
418.493		157.839		3199		1		0
421.343		188.807		3192		1		0
421.091		197.97		3151		1		0
381.89		186.672		3142		2		0
380.555		237.275		3282		2		0
379.452		278.955		3328		2		0
382.381		289.175		3294		2		0
400.027		186.591		3129		2		0
396.67		233.692		3282		2		0
393.242		279.752		3328		2		0
395.748		292.184		3317		2		0
393.41		118.216		3104		2		0
365.996		206.375		3196		2		0
370.197		194.103		3238		2		0
421.359		205.639		3153		2		0
415.455		199.637		0		2		0
Frame 3
390.837		186.611		3124		2		0
392.311		147.731		3076		2		0
393.743		108.348		3098		2		0
395.86		89.4876		3019		2		0
372.789		123.189		3144		2		0
365.649		157.855		3201		1		0
364.068		189.272		3191		1		0
364.336		197.181		3169		1		0
413.159		123.442		3123		2		0
418.452		157.78		3205		1		0
421.261		188.79		3176		1		0
421.089		197.453		3152		1		0
381.787		186.727		3150		2		0
380.501		237.52		3266		2		0
379.743		279.134		3347		2		0
380.379		291.412		3258		2		0
399.901		186.496		3118		2		0
396.659		233.674		3277		2		0
393.255		279.298		3333		2		0
398.185		291.029		3285		2		0
393.393		118.23		3103		2		0
365.241		207.156		3214		2		0
370.948		192.35		3253		2		0
421.095		206.003		3164		2		0
416.889		202.444		3201		2		0
Frame 4
390.839		186.61		3111		2		0
392.319		147.739		3076		2		0
393.763		108.374		3103		2		0
395.874		89.4577		3028		2		0
372.772		123.195		3141		2		0
365.65		157.858		3200		1		0
364.062		189.277		3182		1		0
364.57		196.709		3174		1		0
413.099		123.468		3109		2		0
418.425		157.734		3206		1		0
421.184		188.776		3188		1		0
421.09		197.92		3160		1		0
381.79		186.727		3146		2		0
380.476		237.143		3272		2		0
379.513		278.994		3330		2		0
381.103		291.298		3269		2		0
399.905		186.496		3121		2		0
396.668		233.643		3288		2		0
393.208		279.117		3342		2		0
395.937		291.54		3302		2		0
393.41		118.252		3106		2		0
365.712		206.429		3200		2		0
370.935		191.708		3237		2		0
420.995		205.919		3177		2		0
416.876		202.623		3211		2		0
Frame 5
390.837		186.611		3120		2		0
392.314		147.737		3083		2		0
393.752		108.363		3102		2		0
395.889		89.4633		3017		2		0
372.691		123.187		3145		2		0
365.613		157.966		3199		1		0
364.048		189.278		3183		1		0
364.829		196.629		3174		1		0
413.068		123.512		3108		2		0
418.395		157.734		3218		1		0
421.159		188.846		3185		1		0
421.238		198.284		3156		1		0
381.785		186.735		3148		2		0
380.471		237.118		3271		2		0
379.321		279.206		3343		2		0
381.382		291.379		3271		2		0
399.904		186.491		3122		2		0
396.674		233.679		3286		2		0
393.303		279.143		3338		2		0
396.689		289.405		3329		2		0
393.402		118.244		3099		2		0
365.997		206.376		3195		2		0
370.711		192.643		3241		2		0
420.994		206.252		3177		2		0
417.092		203.089		3197		2		0
Frame 6
390.825		186.621		3126		2		0
392.309		147.748		3087		2		0
393.753		108.372		3098		2		0
395.873		89.4739		3025		2		0
372.712		123.19		3147		2		0
365.637		158.058		3210		1		0
364.041		189.281		3184		1		0
364.309		197.004		3170		1		0
413.053		123.517		3112		2		0
418.39		157.733		3202		1		0
421.097		188.975		3191		1		0
421.08		198.158		3165		1		0
381.775		186.735		3146		2		0
380.55		236.888		3286		2		0
378.948		279.143		3349		2		0
381.778		291.247		3287		2		0
399.883		186.526		3134		2		0
396.669		233.693		3282		2		0
393.25		279.028		3333		2		0
396.628		289.287		3294		2		0
393.401		118.254		3101		2		0
365.774		206.445		3192		2		0
367.149		197.707		3174		2		0
420.995		206.252		3175		2		0
417.121		202.867		3218		2		0
Frame 7
390.825		186.622		3119		2		0
392.298		147.75		3089		2		0
393.708		108.375		3097		2		0
395.826		89.6078		3023		2		0
372.683		123.198		3138		2		0
365.603		158.064		3203		1		0
364.02		189.297		3179		1		0
364.624		197.014		3183		1		0
413.038		123.521		3113		2		0
418.361		157.714		3201		1		0
421.088		189.188		3192		1		0
421.112		198.312		3163		1		0
381.775		186.732		3151		2		0
380.55		236.888		3284		2		0
379.046		279.074		3342		2		0
381.766		291.182		3272		2		0
399.886		186.532		3122		2		0
396.665		233.677		3278		2		0
393.243		279.016		3321		2		0
396.622		289.272		3322		2		0
393.367		118.257		3109		2		0
365.598		207.201		3205		2		0
370.386		192.113		3234		2		0
420.697		206.702		3172		2		0
417.125		201.998		3236		2		0
Frame 8
390.804		186.633		3109		2		0
392.282		147.76		3077		2		0
393.695		108.386		3097		2		0
395.734		89.5626		3029		2		0
372.67		123.214		3148		2		0
365.569		158.067		3199		1		0
363.987		189.314		3178		1		0
364.81		196.924		3174		1		0
412.994		123.557		3115		2		0
418.316		157.713		3209		1		0
421.067		189.279		3188		1		0
421.162		198.619		3152		1		0
381.747		186.75		3144		2		0
380.53		236.923		3279		2		0
378.983		279.032		3332		2		0
381.962		291.099		3262		2		0
399.875		186.532		3122		2		0
396.656		233.71		3285		2		0
393.436		279.411		3329		2		0
396.81		289.686		3294		2		0
393.354		118.268		3105		2		0
366.164		207.167		3183		2		0
370.964		192.478		3247		2		0
420.499		206.501		3167		2		0
417.2		201.1		3227		2		0
Frame 9
390.801		186.643		3121		2		0
392.28		147.771		3095		2		0
393.698		108.397		3096		2		0
395.726		89.5668		3032		2		0
372.662		123.232		3140		2		0
365.493		157.915		3207		1		0
363.979		189.337		3185		1		0
364.513		196.943		3178		1		0
412.966		123.596		3116		2		0
418.272		157.678		3206		1		0
421.065		189.338		3190		1		0
420.932		198.806		3165		1		0
381.746		186.75		3148		2		0
380.421		236.755		3264		2		0
379.21		279.368		3345		2		0
381.915		291.412		3274		2		0
399.873		186.569		3115		2		0
396.67		233.755		3286		2		0
393.426		279.546		3317		2		0
396.802		289.824		3267		2		0
393.355		118.278		3099		2		0
366.142		207.286		3195		2		0
370.305		192.873		3225		2		0
420.764		206.925		3173		2		0
416.984		202.454		0		2		0
Frame 10
390.786		186.637		3116		2		0
392.275		147.772		3082		2		0
393.719		108.42		3098		2		0
395.692		89.4936		3030		2		0
372.663		123.216		3148		2		0
365.476		157.833		3211		1		0
363.952		189.384		3193		1		0
364.622		196.93		3172		1		0
412.962		123.608		3108		2		0
418.229		157.659		3209		1		0
421.065		189.498		3185		1		0
420.924		199.175		3164		1		0
381.721		186.743		3143		2		0
380.415		236.778		3270		2		0
379.473		279.295		3332		2		0
381.733		291.42		3262		2		0
399.862		186.561		3129		2		0
396.656		233.754		3289		2		0
393.165		280.176		3343		2		0
387.467		290.863		3402		2		0
393.367		118.294		3099		2		0
366.141		207.002		3197		2		0
367.093		202.637		3177		2		0
419.998		207.501		3177		2		0
417.667		202.333		3219		2		0
Frame 11
390.784		186.644		3112		2		0
392.27		147.787		3082		2		0
393.712		108.443		3100		2		0
395.673		89.5049		3025		2		0
372.679		123.224		3143		2		0
365.464		157.831		3202		1		0
363.95		189.383		3177		1		0
364.971		197.021		3170		1		0
412.918		123.597		3098		2		0
418.212		157.584		3204		1		0
421.065		189.516		3193		1		0
421.159		199.017		3151		1		0
381.712		186.76		3136		2		0
380.421		236.783		3263		2		0
379.235		279.074		3338		2		0
381.888		291.183		3266		2		0
399.867		186.565		3124		2		0
396.645		233.775		3281		2		0
393.187		280.103		3339		2		0
396.632		292.266		3271		2		0
393.36		118.316		3101		2		0
366.141		207.286		3184		2		0
370.557		193.16		3234		2		0
420.747		207.001		3176		2		0
416.571		203.714		3216		2		0
Frame 12
390.783		186.644		3119		2		0
392.265		147.79		3085		2		0
393.701		108.449		3094		2		0
395.672		89.5149		3026		2		0
372.621		123.276		3152		2		0
365.448		157.871		3205		1		0
363.945		189.417		3178		1		0
364.994		196.856		3170		1		0
412.927		123.638		3116		2		0
418.212		157.584		3197		1		0
421.019		189.462		3187		1		0
421.015		199.011		3155		1		0
381.708		186.753		3142		2		0
380.374		236.81		3272		2		0
379.237		279.061		3352		2		0
381.713		291.241		3279		2		0
399.867		186.566		3126		2		0
396.64		233.756		3284		2		0
393.06		278.888		3321		2		0
397.276		290.97		3283		2		0
393.35		118.321		3102		2		0
365.721		206.455		3197		2		0
370.947		192.77		3233		2		0
420.494		207.145		3182		2		0
416.891		203.642		3225		2		0
Frame 13
390.786		186.617		3115		2		0
392.247		147.766		3070		2		0
393.635		108.408		3099		2		0
395.622		89.4955		3025		2		0
372.537		123.248		3136		2		0
365.462		157.897		3196		1		0
363.944		189.423		3179		1		0
364.612		196.952		3175		1		0
412.929		123.623		3106		2		0
418.202		157.584		3196		1		0
421.025		189.565		3209		1		0
421.088		198.961		3144		1		0
381.706		186.728		3147		2		0
380.364		236.849		3268		2		0
379.192		279.076		3342		2		0
382.197		291.273		3280		2		0
399.881		186.532		3125		2		0
396.643		233.773		3282		2		0
393.243		280.258		3338		2		0
397.618		292.364		3249		2		0
393.301		118.285		3096		2		0
365.722		206.455		3185		2		0
369.245		196.902		3244		2		0
420.496		207.002		3175		2		0
417.372		203.325		3197		2		0
Frame 14
390.753		186.616		3122		2		0
392.201		147.736		3085		2		0
393.568		108.333		3101		2		0
395.591		89.505		3026		2		0
372.52		123.272		3141		2		0
365.426		157.946		3201		1		0
363.934		189.417		3189		1		0
364.675		197.001		3175		1		0
412.825		123.661		3114		2		0
418.179		157.597		3198		1		0
421.017		189.634		3205		1		0
420.86		199.122		3150		1		0
381.671		186.733		3136		2		0
380.325		236.76		3274		2		0
380.117		279.116		3347		2		0
381.413		291.534		3274		2		0
399.852		186.525		3117		2		0
396.642		233.689		3264		2		0
393.231		280.267		3330		2		0
397.744		292.325		3272		2		0
393.24		118.224		3103		2		0
366.001		206.877		3177		2		0
372.498		192.001		3217		2		0
420.687		207.079		3179		2		0
415.998		201.396		0		2		0
Frame 15
390.756		186.625		3123		2		0
392.206		147.746		3092		2		0
393.582		108.348		3097		2		0
395.733		89.4934		3022		2		0
372.454		123.266		3147		2		0
365.416		157.931		3207		1		0
363.926		189.454		3184		1		0
364.468		196.873		3179		1		0
412.87		123.728		3118		2		0
418.157		157.575		3198		1		0
421.023		189.805		3190		1		0
421.229		198.923		3156		1		0
381.672		186.734		3152		2		0
380.495		237.05		3286		2		0
380.334		279.315		3347		2		0
381.405		291.668		3280		2		0
399.861		186.549		3117		2		0
396.617		233.691		3276		2		0
393.224		279.637		3329		2		0
397.292		291.81		3270		2		0
393.251		118.238		3093		2		0
365.723		206.455		3184		2		0
366.162		198.275		3175		2		0
420.993		207.003		3174		2		0
416.856		202.576		0		2		0
Frame 16
390.747		186.635		3124		2		0
392.178		147.758		3097		2		0
393.533		108.36		3098		2		0
395.668		89.529		3024		2		0
372.412		123.272		3136		2		0
365.367		157.922		3209		1		0
363.881		189.471		3191		1		0
364.32		197.028		3173		1		0
412.863		123.743		3119		2		0
418.141		157.578		3205		1		0
421.026		189.813		3194		1		0
421.203		199.182		3149		1		0
381.66		186.736		3150		2		0
380.48		237.053		3276		2		0
380.345		279.285		3342		2		0
381.432		291.639		3287		2		0
399.857		186.57		3120		2		0
396.609		233.582		3293		2		0
393.221		279.338		3332		2		0
397.046		291.566		3283		2		0
393.207		118.25		3101		2		0
366.166		207.167		3191		2		0
367.258		195.992		3188		2		0
420.397		207.201		3170		2		0
416.925		202.96		0		2		0
Frame 17
390.747		186.655		3108		2		0
392.17		147.797		3077		2		0
393.517		108.426		3099		2		0
395.662		89.5482		3030		2		0
372.398		123.3		3140		2		0
365.337		157.915		3210		1		0
363.888		189.427		3175		1		0
364.62		197.042		3171		1		0
412.865		123.792		3106		2		0
418.101		157.516		3207		1		0
421.057		189.772		3172		1		0
421.207		198.752		3164		1		0
381.66		186.74		3144		2		0
380.509		237.051		3272		2		0
380.07		279.076		3324		2		0
381.633		291.431		3285		2		0
399.86		186.618		3119		2		0
396.608		233.581		3284		2		0
393.165		279.296		3324		2		0
396.944		291.533		0		2		0
393.193		118.309		3100		2		0
365.845		207.219		3200		2		0
370.374		192.753		3232		2		0
420.995		206.5		3171		2		0
416.771		202.409		3236		2		0
Frame 18
390.74		186.655		3114		2		0
392.142		147.804		3088		2		0
393.454		108.459		3098		2		0
395.671		89.5462		3027		2		0
372.391		123.304		3145		2		0
365.327		157.897		3203		1		0
363.865		189.412		3177		1		0
364.937		196.846		3174		1		0
412.8		123.771		3105		2		0
418.098		157.512		3204		1		0
421.022		189.807		3179		1		0
421.251		198.79		3152		1		0
381.653		186.741		3139		2		0
380.538		236.975		3273		2		0
377.801		278.156		3343		2		0
382.606		290.065		3277		2		0
399.852		186.614		3117		2		0
396.612		233.605		3275		2		0
393.166		279.247		3338		2		0
396.715		291.53		3324		2		0
393.14		118.333		3101		2		0
365.722		206.455		3186		2		0
367.379		196.623		3186		2		0
420.998		206.5		3174		2		0
416.867		203.163		3217		2		0
Frame 19
390.722		186.673		3120		2		0
392.073		147.794		3082		2		0
393.294		108.39		3095		2		0
395.32		89.7467		3014		2		0
372.422		123.28		3133		2		0
365.29		157.823		3208		1		0
363.825		189.389		3178		1		0
364.915		197.065		3169		1		0
412.77		123.742		3107		2		0
418.077		157.507		3197		1		0
421.031		189.815		3193		1		0
421.298		198.659		3148		1		0
381.638		186.744		3131		2		0
380.562		236.879		3280		2		0
377.994		278.706		3339		2		0
382.907		290.583		3279		2		0
399.832		186.644		3112		2		0
396.617		233.654		3292		2		0
393.228		279.778		3340		2		0
396.61		292.108		3303		2		0
393.006		118.283		3097		2		0
366.164		207.167		3190		2		0
372.332		191.836		3211		2		0
420.997		206.5		3172		2		0
417.088		203.078		3211		2		0
Frame 20
390.69		186.677		3116		2		0
392.063		147.794		3080		2		0
393.295		108.387		3099		2		0
395.338		89.7405		3019		2		0
372.408		123.23		3145		2		0
365.286		157.835		3197		1		0
363.768		189.386		3179		1		0
364.668		196.802		3171		1		0
412.758		123.732		3107		2		0
418.046		157.526		3196		1		0
421.001		189.779		3187		1		0
421.042		198.749		3150		1		0
381.616		186.733		3132		2		0
380.582		236.899		3268		2		0
378.955		279.192		3336		2		0
382.112		291.423		3271		2		0
399.78		186.668		3128		2		0
396.604		233.686		3277		2		0
393.254		280.216		3330		2		0
396.873		292.488		3270		2		0
393.005		118.282		3090		2		0
365.998		207.002		3193		2		0
372.333		191.337		3207		2		0
420.637		206.717		3169		2		0
416.832		201.172		0		2		0
Frame 21
390.69		186.675		3132		2		0
392.052		147.789		3089		2		0
393.27		108.381		3098		2		0
395.351		89.6796		3029		2		0
372.378		123.222		3141		2		0
365.239		157.813		3189		1		0
363.74		189.356		3177		1		0
364.316		197.323		3169		1		0
412.708		123.752		3111		2		0
418.005		157.479		3209		1		0
420.999		189.764		3198		1		0
421.179		198.817		3156		1		0
381.616		186.734		3143		2		0
380.57		236.892		3274		2		0
378.888		279.027		3349		2		0
381.96		291.263		3272		2		0
399.78		186.656		3123		2		0
396.605		233.683		3281		2		0
393.307		280.342		3349		2		0
394.685		292.781		3322		2		0
392.983		118.275		3108		2		0
366.141		207.287		3187		2		0
366.835		198.89		3171		2		0
420.979		206.697		3177		2		0
417.224		203.664		3199		2		0
Frame 22
390.681		186.666		3111		2		0
392.042		147.79		3084		2		0
393.264		108.399		3098		2		0
395.368		89.663		3009		2		0
372.351		123.239		3139		2		0
365.086		157.883		3201		1		0
363.735		189.361		3187		1		0
364.365		197.091		3172		1		0
412.685		123.74		3119		2		0
417.964		157.514		3214		1		0
421.002		189.729		3191		1		0
420.97		198.647		3153		1		0
381.605		186.73		3135		2		0
380.535		236.916		3271		2		0
379.09		278.539		3331		2		0
381.873		290.819		3284		2		0
399.773		186.639		3121		2		0
396.601		233.685		3278		2		0
393.221		280.12		3343		2		0
395.298		292.588		3328		2		0
392.975		118.288		3090		2		0
365.999		207.167		3186		2		0
370.183		192.127		3236		2		0
420.996		206.501		3167		2		0
417.122		203.239		3197		2		0
Frame 23
390.605		186.711		3122		2		0
391.969		147.813		3070		2		0
393.211		108.405		3093		2		0
395.415		89.6881		3009		2		0
372.33		123.238		3134		2		0
365.014		157.935		3210		1		0
363.69		189.36		3174		1		0
364.47		197.011		3166		1		0
412.656		123.766		3113		2		0
417.901		157.499		3203		1		0
420.809		189.476		3170		1		0
420.892		198.687		3159		1		0
381.523		186.746		3137		2		0
380.506		236.875		3274		2		0
378.428		278.318		3336		2		0
382.188		290.474		3281		2		0
399.702		186.711		3122		2		0
396.596		233.678		3281		2		0
393.061		279.782		3337		2		0
396.41		290.036		3321		2		0
392.917		118.297		3096		2		0
366.142		207.287		3181		2		0
370.35		192.484		3239		2		0
420.997		206.5		3167		2		0
416.934		202.564		3207		2		0
Frame 24
390.492		186.739		3112		2		0
391.857		147.844		3081		2		0
393.124		108.436		3086		2		0
395.339		89.8025		3002		2		0
372.275		123.226		3147		2		0
364.971		157.849		3189		1		0
363.649		189.311		3180		1		0
364.37		196.949		3163		1		0
412.615		123.81		3117		2		0
417.858		157.531		3204		1		0
420.806		189.483		3200		1		0
420.851		198.641		3157		1		0
381.38		186.751		3143		2		0
380.458		236.992		3280		2		0
378.619		278.454		3346		2		0
382.075		290.641		3292		2		0
399.618		186.752		3122		2		0
396.571		233.525		3271		2		0
393.024		279.534		3329		2		0
396.393		289.781		3312		2		0
392.822		118.329		3102		2		0
365.723		206.455		3180		2		0
369.997		193.38		3236		2		0
420.998		206.501		3165		2		0
416.983		202.502		3201		2		0
Frame 25
390.454		186.745		3106		2		0
391.792		147.85		3070		2		0
393.033		108.448		3092		2		0
395.256		89.7936		3013		2		0
372.233		123.222		3143		2		0
364.823		158.02		3204		1		0
363.622		189.347		3172		1		0
364.293		197.225		3172		1		0
412.587		123.803		3124		2		0
417.817		157.539		3203		1		0
420.718		189.338		3190		1		0
420.656		198.663		3157		1		0
381.334		186.733		3143		2		0
380.452		236.995		3277		2		0
378.826		278.538		3338		2		0
381.941		290.783		3280		2		0
399.586		186.777		3115		2		0
396.584		233.619		3280		2		0
392.922		279.711		3339		2		0
396.005		292.085		3304		2		0
392.738		118.338		3099		2		0
365.496		206.501		3177		2		0
370.586		193.229		3239		2		0
420.497		206.902		3160		2		0
416.834		203.252		3193		2		0
Frame 26
390.414		186.77		3120		2		0
391.694		147.901		3079		2		0
392.876		108.53		3097		2		0
395.228		89.8131		3003		2		0
372.176		123.212		3146		2		0
364.804		158.012		3200		1		0
363.604		189.373		3183		1		0
364.579		196.856		3170		1		0
412.561		123.813		3116		2		0
417.782		157.549		3204		1		0
420.695		189.331		3205		1		0
420.436		199.013		3161		1		0
381.309		186.74		3140		2		0
380.385		237.001		3266		2		0
378.463		278.493		3341		2		0
381.358		288.669		3303		2		0
399.532		186.825		3126		2		0
396.587		233.63		3287		2		0
392.996		279.851		3347		2		0
396.043		292.228		3306		2		0
392.596		118.413		3103		2		0
365.721		206.455		3181		2		0
370.759		192.661		3224		2		0
420.996		206.501		3169		2		0
416.2		203.5		3189		2		0
Frame 27
390.414		186.774		3114		2		0
391.659		147.925		3085		2		0
392.776		108.59		3099		2		0
395.143		89.8107		3009		2		0
372.077		123.281		3136		2		0
364.678		158.015		3195		1		0
363.54		189.414		3175		1		0
364.431		197.17		3162		1		0
412.495		123.775		3110		2		0
417.73		157.528		3201		1		0
420.53		189.171		3191		1		0
420.601		198.596		3153		1		0
381.311		186.749		3142		2		0
380.449		238.049		3271		2		0
379.323		278.966		3343		2		0
381.287		291.32		3269		2		0
399.532		186.826		3121		2		0
396.578		233.621		3283		2		0
393.011		279.873		3335		2		0
393.925		292.275		3338		2		0
392.514		118.462		3103		2		0
365.567		207.143		3188		2		0
370.388		193.536		3241		2		0
420.494		206.702		3163		2		0
416.998		199.717		0		2		0
Frame 28
390.365		186.81		3113		2		0
391.553		148.005		3078		2		0
392.623		108.722		3103		2		0
394.964		89.8091		2999		2		0
371.842		123.363		3137		2		0
364.649		158.048		3199		1		0
363.471		189.475		3182		1		0
364.394		196.957		3174		1		0
412.37		123.774		3112		2		0
417.643		157.563		3200		1		0
420.442		189.195		3190		1		0
420.303		198.631		3162		1		0
381.264		186.773		3139		2		0
380.337		237.944		3265		2		0
379.962		279.471		3353		2		0
380.649		291.722		3280		2		0
399.488		186.869		3125		2		0
396.587		233.634		3283		2		0
393.048		280.349		3339		2		0
395.914		292.697		3292		2		0
392.371		118.581		3101		2		0
365.798		207.201		3196		2		0
370.248		193.133		3231		2		0
420.451		206.639		3159		2		0
416.5		202.999		3208		2		0
Frame 29
390.264		186.836		3115		2		0
391.418		148.03		3082		2		0
392.479		108.729		3095		2		0
394.64		89.7782		2997		2		0
371.61		123.43		3130		2		0
364.555		158.054		3194		1		0
363.255		189.539		3180		1		0
364.15		196.843		3167		1		0
412.286		123.759		3122		2		0
417.481		157.685		3197		1		0
420.318		189.159		3190		1		0
420.255		198.626		3157		1		0
381.165		186.787		3141		2		0
380.411		237.9		3271		2		0
379.957		279.455		3338		2		0
381.298		291.694		3284		2		0
399.392		186.904		3125		2		0
396.536		233.674		3276		2		0
393.077		280.187		3332		2		0
396.735		292.358		3278		2		0
392.228		118.594		3094		2		0
364.723		206.455		3190		2		0
370.23		193.362		3220		2		0
420.496		206.501		3157		2		0
416		204.001		3210		2		0
Frame 30
390.113		186.818		3118		2		0
391.314		148.072		3084		2		0
392.409		108.837		3099		2		0
394.574		89.8919		2992		2		0
371.478		123.39		3138		2		0
364.451		157.881		3194		1		0
363.222		189.597		3175		1		0
364.031		196.662		3168		1		0
412.199		123.772		3111		2		0
417.302		157.747		3202		1		0
420.158		189.097		3192		1		0
420.091		198.694		3159		1		0
381.037		186.803		3139		2		0
380.383		237.868		3275		2		0
379.881		279.279		3344		2		0
381.496		291.544		3270		2		0
399.213		186.838		3124		2		0
396.501		233.676		3276		2		0
393.087		280.22		3336		2		0
396.744		292.411		3312		2		0
392.15		118.683		3094		2		0
365.11		206.78		3181		2		0
370.35		193.103		3230		2		0
420.723		206.184		3167		2		0
415.571		203.715		3194		2		0
Frame 31
389.978		186.841		3112		2		0
391.17		148.1		3069		2		0
392.28		108.844		3097		2		0
394.437		90.0061		2996		2		0
371.422		123.381		3135		2		0
364.372		157.981		3203		1		0
363.19		189.58		3181		1		0
363.903		196.685		3163		1		0
412.061		123.704		3122		2		0
417.124		157.778		3197		1		0
419.973		188.961		3190		1		0
420.019		199.041		3158		1		0
380.911		186.82		3138		2		0
380.158		237.737		3270		2		0
379.916		279.352		3341		2		0
381.589		291.586		3285		2		0
399.069		186.868		3117		2		0
396.432		233.723		3275		2		0
393.111		280.213		3349		2		0
396.783		292.456		3317		2		0
392.014		118.699		3104		2		0
364.999		206.876		3187		2		0
366.093		198.819		3173		2		0
420.554		207.111		3168		2		0
415.83		202.835		3211		2		0
Frame 32
389.865		186.868		3111		2		0
391.012		148.188		3074		2		0
392.089		109.006		3097		2		0
394.064		90.1576		2996		2		0
371.285		123.322		3135		2		0
364.257		158.063		3200		1		0
363.008		189.575		3180		1		0
363.264		197.08		3167		1		0
411.892		123.676		3122		2		0
416.883		157.835		3199		1		0
419.94		189.109		3189		1		0
419.665		198.873		3171		1		0
380.798		186.826		3132		2		0
380.164		237.584		3269		2		0
379.415		278.9		3328		2		0
381.284		291.229		3267		2		0
398.955		186.915		3120		2		0
396.402		233.724		3267		2		0
393.121		280.206		3334		2		0
396.776		292.454		3295		2		0
391.831		118.842		3093		2		0
364.709		207.143		3189		2		0
371.499		191		3206		2		0
420.697		206.902		3161		2		0
415.334		202.332		3238		2		0
Frame 33
389.738		186.907		3113		2		0
390.932		148.244		3076		2		0
392.057		109.069		3089		2		0
394.032		90.3026		2989		2		0
371.022		123.333		3129		2		0
363.96		158.136		3198		1		0
362.741		189.569		3164		1		0
363.619		196.77		3171		1		0
411.365		123.618		3118		2		0
416.751		157.719		3207		1		0
419.775		189.377		3190		1		0
419.456		198.944		3162		1		0
380.673		186.867		3131		2		0
380.153		237.889		3265		2		0
379.457		279.062		3325		2		0
381.44		291.344		3268		2		0
398.834		186.951		3120		2		0
396.293		233.691		3273		2		0
393.112		280.404		3348		2		0
396.896		292.627		3320		2		0
391.787		118.904		3093		2		0
364.46		206.771		3180		2		0
369.135		193.949		3230		2		0
420.499		206.501		3163		2		0
415.556		202.777		3205		2		0
Frame 34
389.636		186.905		3112		2		0
390.725		148.328		3080		2		0
391.729		109.273		3092		2		0
393.838		90.2849		2987		2		0
370.927		123.313		3142		2		0
363.555		158.08		3204		1		0
362.526		189.624		3177		1		0
363.176		196.635		3174		1		0
411.321		123.621		3118		2		0
416.509		157.716		3209		1		0
419.674		189.631		3200		1		0
419.09		199.372		3171		1		0
380.555		186.839		3139		2		0
379.978		237.645		3263		2		0
378.87		278.801		3336		2		0
381.665		291.037		3285		2		0
398.745		186.97		3122		2		0
396.221		233.79		3259		2		0
393.106		280.378		3339		2		0
396.631		292.676		3314		2		0
391.49		119.078		3088		2		0
364.099		206.902		3188		2		0
369.477		193.191		3227		2		0
419.663		207.333		3175		2		0
415.166		201.414		3242		2		0
Frame 35
389.453		186.948		3105		2		0
390.311		148.398		3074		2		0
391.053		109.351		3091		2		0
393.378		90.4421		2988		2		0
370.321		123.451		3139		2		0
363.328		158.028		3197		1		0
362.271		189.511		3178		1		0
362.974		196.833		3175		1		0
411.132		123.687		3119		2		0
416.261		157.635		3202		1		0
419.408		189.463		3199		1		0
418.914		198.949		3159		1		0
380.374		186.86		3133		2		0
379.965		237.588		3266		2		0
379.154		278.833		3337		2		0
381.537		291.121		3273		2		0
398.564		187.036		3123		2		0
395.913		234.13		3274		2		0
393.05		280.124		3337		2		0
396.666		292.395		3303		2		0
390.883		119.156		3101		2		0
363.998		206.501		3189		2		0
370.244		193.253		3208		2		0
419.451		206.821		3162		2		0
414.571		203.715		3208		2		0
Frame 36
388.812		186.983		3106		2		0
389.896		148.477		3071		2		0
390.857		109.431		3088		2		0
393.133		90.452		2975		2		0
370.129		123.403		3124		2		0
362.863		158.063		3200		1		0
362.066		189.495		3183		1		0
363.105		196.551		3169		1		0
410.402		123.64		3118		2		0
416.082		157.734		3197		1		0
418.901		188.926		3183		1		0
418.518		199.323		3157		1		0
379.74		186.892		3134		2		0
379.672		237.382		3272		2		0
380.102		279.276		3339		2		0
380.9		291.683		3282		2		0
397.925		187.074		3128		2		0
395.591		234.048		3264		2		0
393.038		280.205		3324		2		0
396.828		292.465		3284		2		0
390.637		119.238		3083		2		0
363.832		206.669		3181		2		0
370.562		193.564		3202		2		0
418.776		207.445		3174		2		0
414.625		201.624		0		2		0
Frame 37
388.642		186.971		3113		2		0
389.714		148.511		3068		2		0
390.697		109.504		3094		2		0
392.934		90.492		2977		2		0
369.865		123.278		3130		2		0
362.61		158.084		3195		2		0
361.807		189.514		3179		2		0
362.363		196.279		3169		2		0
409.662		123.414		3111		2		0
415.502		157.889		3198		1		0
418.597		188.852		3192		1		0
418.185		198.87		3156		1		0
379.554		186.893		3135		2		0
379.635		237.285		3256		2		0
379.887		279.177		3332		2		0
380.746		291.622		3263		2		0
397.771		187.052		3120		2		0
395.435		234.045		3268		2		0
393.027		280.223		3332		2		0
397.014		292.44		3262		2		0
390.469		119.303		3089		2		0
363.272		206.456		3185		2		0
370.332		192.086		3195		2		0
418.664		206.557		3168		2		0
414.636		201.269		3253		2		0
Frame 38
388.355		187.044		3112		2		0
389.366		148.636		3071		2		0
390.325		109.667		3090		2		0
391.712		90.8902		2973		2		0
369.585		123.226		3131		2		0
362.005		158.38		3201		2		0
361.036		189.281		3177		2		0
361.52		196.733		3170		2		0
409.546		123.411		3111		2		0
415.146		157.885		3197		1		0
418.174		189.333		3183		1		0
417.786		199.111		3157		1		0
379.277		186.972		3128		2		0
379.728		237.138		3257		2		0
379.756		279.025		3350		2		0
380.869		291.472		3289		2		0
397.478		187.118		3120		2		0
395.245		234.278		3259		2		0
392.969		280.06		3333		2		0
397.407		292.14		3257		2		0
390.098		119.458		3088		2		0
362.499		206.501		3184		2		0
367.569		193.07		3232		2		0
418.27		206.82		3163		2		0
413.334		202.332		3219		2		0
Frame 39
388.154		187.133		3120		2		0
389.144		148.767		3063		2		0
390.081		109.826		3086		2		0
391.378		91.1457		2986		2		0
369.175		123.275		3124		2		0
361.539		158.363		3199		2		0
360.63		189.253		3178		2		0
361.125		196.944		3171		2		0
409.406		123.398		3097		2		0
414.716		157.932		3191		1		0
417.898		189.409		3195		1		0
417.194		199.064		3158		1		0
379.075		187.079		3134		2		0
379.849		237.44		3242		2		0
379.717		279.018		3325		2		0
381.182		291.44		3278		2		0
397.279		187.191		3124		2		0
395.023		234.405		3258		2		0
392.992		279.971		3333		2		0
397.225		292.119		3304		2		0
389.858		119.612		3080		2		0
361.997		207.167		3202		2		0
367.763		193.043		3231		2		0
417.246		206.92		3165		2		0
413		201.402		0		2		0
Frame 40
387.552		187.217		3113		2		0
388.384		148.927		3071		2		0
389.181		110.02		3089		2		0
390.77		91.1572		2966		2		0
368.784		123.287		3125		2		0
360.845		158.075		3197		2		0
360.191		189.064		3171		2		0
360.797		197.028		3171		2		0
409.095		123.517		3110		2		0
414.255		157.878		3194		1		0
417.427		189.591		3191		1		0
416.658		199.332		3164		1		0
378.454		187.119		3141		2		0
380.131		237.493		3234		2		0
379.436		278.904		3330		2		0
381.484		291.321		3287		2		0
396.698		187.317		3128		2		0
394.731		234.621		3274		2		0
392.956		279.584		3344		2		0
395.294		292.057		3343		2		0
388.991		119.802		3086		2		0
361.285		207.43		3189		2		0
366.81		194.37		3230		2		0
416.777		207.446		3172		2		0
412.556		202.444		3220		2		0
Frame 41
386.991		187.332		3109		2		0
387.895		149.136		3076		2		0
388.756		110.297		3079		2		0
390.331		91.6385		2962		2		0
368.26		123.071		3133		2		0
360.306		158.327		3206		2		0
359.104		189.231		3167		2		0
359.532		197.147		3160		2		0
408.783		123.633		3097		2		0
413.648		157.857		3192		1		0
416.974		189.543		3184		1		0
415.994		199.233		3161		1		0
377.921		187.211		3138		2		0
380.454		237.993		3220		2		0
379.868		279.448		3325		2		0
381.242		291.871		3276		2		0
396.111		187.458		3131		2		0
394.586		234.797		3267		2		0
392.959		280.125		3353		2		0
395.835		292.52		3291		2		0
388.549		120.065		3089		2		0
360.665		206.334		3180		2		0
365.288		194.799		3246		2		0
415.999		207.5		3166		2		0
411.5		204		3205		2		0
Frame 42
386.203		187.509		3101		2		0
387.335		149.413		3074		2		0
388.391		110.63		3065		2		0
390.081		92.4167		2956		2		0
367.564		123.135		3128		2		0
359.317		158.106		3200		2		0
358.315		189.053		3180		2		0
358.792		197.023		3161		2		0
407.815		123.646		3094		2		0
412.807		158.321		3193		1		0
416.241		189.962		3192		1		0
415.325		199.656		3157		1		0
377.144		187.405		3130		2		0
380.684		241.061		3208		2		0
379.941		279.553		3328		2		0
381.779		291.764		3264		2		0
395.314		187.617		3133		2		0
393.808		235.581		3269		2		0
392.865		280.154		3330		2		0
395.908		292.523		3316		2		0
388.138		120.386		3079		2		0
359.665		206.335		3188		2		0
364.961		193.913		3241		2		0
415.397		207.702		3165		2		0
410.571		204.713		3198		2		0
Frame 43
385.236		187.86		3123		2		0
386.763		149.874		3074		2		0
388.15		111.196		3070		2		0
389.375		93.4404		2950		2		0
367.1		123.231		3123		2		0
358.351		158.026		3213		2		0
357.375		189.271		3182		2		0
357.582		197.009		3168		2		0
407.094		124.156		3090		2		0
412.131		158.975		3195		1		0
415.497		190.427		3196		1		0
414.749		200.126		3155		1		0
376.166		187.7		3126		2		0
380.587		241.268		3204		2		0
380.401		280.219		3331		2		0
381.916		292.546		3281		2		0
394.363		188.026		3129		2		0
392.55		237.057		3272		2		0
392.862		280.179		3336		2		0
396.128		292.547		3248		2		0
387.813		120.924		3075		2		0
358.427		206.143		3193		2		0
363.857		194.385		3250		2		0
414.496		208.501		3180		2		0
410.428		204.284		3214		2		0
Frame 44
383.784		188.03		3117		2		0
385.917		150.34		3071		2		0
387.769		111.918		3040		2		0
388.737		93.7626		2931		2		0
366.544		123.094		3120		2		0
357.28		158.038		3203		2		0
356.133		189.302		3189		2		0
355.377		197.43		3170		2		0
406.383		124.538		3094		2		0
411.537		159.149		3198		1		0
414.839		190.804		3188		1		0
414.15		200.605		3161		1		0
374.69		187.668		3132		2		0
380.182		239.929		3195		2		0
380.414		280.218		3333		2		0
382.598		292.518		3290		2		0
392.91		188.401		3128		2		0
391.624		237.388		3269		2		0
392.905		280.415		3336		2		0
395.984		292.825		3268		2		0
387.316		121.578		3080		2		0
357.166		206.167		3189		2		0
359.312		197.562		3179		2		0
413.996		209.169		3189		2		0
414.197		207.208		3152		2		0
Frame 45
383.121		188.156		3118		2		0
385.075		150.728		3082		2		0
386.882		112.509		3055		2		0
388.164		94.3343		2921		2		0
365.736		123.179		3125		2		0
356.056		158.289		3220		2		0
354.204		188.241		3185		2		0
353.699		197.119		3167		2		0
405.535		124.504		3088		2		0
410.508		159.925		3175		1		0
414.079		191.367		3177		1		0
413.252		201.099		3155		1		0
374.091		187.784		3139		2		0
380.019		239.726		3199		2		0
380.259		280.261		3317		2		0
372.12		287.977		3454		2		0
392.199		188.534		3141		2		0
389.916		239.611		3247		2		0
392.897		280.444		3315		2		0
393.968		292.73		3331		2		0
386.429		122.137		3070		2		0
355.748		205.251		3197		2		0
359.295		196.269		3187		2		0
412.909		209.729		3157		2		0
408.749		205.499		3219		2		0
Frame 46
381.841		188.451		3124		2		0
384.009		151.311		3081		2		0
386.071		113.253		3054		2		0
387.629		94.7025		2906		2		0
364.656		123.346		3118		2		0
354.423		159.188		3222		2		0
352.898		188.558		3192		2		0
352.139		196.404		3181		2		0
404.306		125.637		3081		2		0
409.803		160.267		3191		1		0
413.533		191.72		3178		1		0
412.863		201.845		3158		1		0
372.738		188.068		3157		2		0
378.826		240.616		3201		2		0
379.651		280.265		3334		2		0
382.244		292.558		3266		2		0
391.003		188.836		3138		2		0
390.173		239.772		3239		2		0
392.947		280.59		3322		2		0
394.61		293.025		3317		2		0
385.556		122.852		3064		2		0
353.426		205.144		3208		2		0
356.753		199.742		3190		2		0
412.269		210.455		3160		2		0
408.667		203.833		0		2		0
Frame 47
380.181		188.65		3126		2		0
382.929		151.793		3085		2		0
385.458		113.892		3024		2		0
386.266		95.9272		2898		2		0
363.702		123.421		3115		2		0
353.42		159.076		3224		2		0
351.291		188.401		3188		2		0
350.217		196.489		3180		2		0
403.213		126.162		3078		2		0
408.795		160.845		3185		1		0
412.807		192.026		3181		1		0
412.219		202.694		3151		1		0
371.134		188.244		3156		2		0
375.484		237.4		3187		2		0
379.321		280.17		3330		2		0
382.236		292.409		3284		2		0
389.281		189.06		3131		2		0
390.807		239.317		3228		2		0
392.904		280.702		3319		2		0
396.015		292.964		3230		2		0
384.836		123.458		3054		2		0
352.498		204.501		3206		2		0
354.5		199		3187		2		0
411.268		211.456		3170		2		0
408.124		203.383		0		2		0
Frame 48
378.34		189.106		3137		2		0
381.698		152.601		3084		2		0
384.78		115.034		3033		2		0
386.207		97.6148		2879		2		0
362.934		123.931		3108		2		0
352.098		158.761		3226		2		0
349.118		188.53		3200		2		0
348.444		196.326		3194		2		0
402.541		126.664		3072		2		0
407.699		161.4		3181		2		0
411.728		194.623		3175		2		0
411.496		203.164		3142		2		0
369.173		188.61		3171		2		0
374.224		236.932		3190		2		0
378.662		279.699		3323		2		0
383.108		291.708		3285		2		0
387.538		189.605		3126		2		0
390.608		238.842		3203		2		0
392.898		280.836		3309		2		0
394.245		293.368		3342		2		0
384.008		124.517		3050		2		0
350.268		204.456		3220		2		0
352.502		196.957		3202		2		0
411.176		212.092		3152		2		0
407.624		208.249		3194		2		0
Frame 49
376.018		189.711		3145		2		0
379.998		153.809		3100		2		0
383.719		116.736		2990		2		0
385.702		98.4965		2869		2		0
362.295		124.916		3095		2		0
350.254		159.415		3242		2		0
347.501		188.715		3214		2		0
346.55		196.532		3209		2		0
400.82		127.988		3066		2		0
406.883		162.619		3185		2		0
411.319		195.188		3174		2		0
410.758		204.607		3151		2		0
366.752		189.262		3185		2		0
372.295		236.961		3186		2		0
377.414		279.398		3335		2		0
383.539		290.824		3291		2		0
385.345		190.163		3158		2		0
390.041		238.779		3167		2		0
392.13		280.889		3306		2		0
390.221		293.075		3378		2		0
382.777		126.112		3048		2		0
348.856		205.286		3223		2		0
350.546		198.094		3208		2		0
410.496		213.401		3152		2		0
406.667		208.108		3212		2		0
Frame 50
372.848		191.193		3161		2		0
378.242		154.693		3085		2		0
382.81		116.771		2968		2		0
386.11		101.185		2858		2		0
361.868		125.951		3091		2		0
347.765		161.178		3231		2		0
345.063		190.521		3230		2		0
344.163		197.638		3213		2		0
399.711		131.371		3059		2		0
405.831		164.729		3179		2		0
410.442		196.291		3156		2		0
410.312		205.656		3143		2		0
363.393		190.557		3204		2		0
369.892		235.939		3193		2		0
377.445		279.514		3335		2		0
380.155		291.885		3291		2		0
382.344		191.836		3166		2		0
388.122		237.975		3146		2		0
392.157		281.106		3299		2		0
388.392		292.827		3386		2		0
381.648		126.455		3043		2		0
346.141		206.286		3235		2		0
348.467		200.8		3224		2		0
410.27		214.456		3137		2		0
405.6		211.199		3190		2		0
Frame 51
371.437		192.226		3169		2		0
376.734		156.36		3097		2		0
382.08		118.447		2950		2		0
385.534		103.069		2851		2		0
361.102		128.963		3076		2		0
345.79		162.886		3223		2		0
342.632		192.157		3217		2		0
342.006		198.204		3218		2		0
398.586		133.306		3061		2		0
404.964		166.532		3174		2		0
409.5		199.027		3168		2		0
409.54		207.432		3143		2		0
361.981		191.492		3209		2		0
368.6		236.449		3177		2		0
376.732		279.401		3339		2		0
372.603		287.282		3389		2		0
380.955		192.965		3184		2		0
386.218		238.427		3131		2		0
390.947		280.69		3298		2		0
389.439		293.079		3344		2		0
380.706		128.155		3036		2		0
343.496		207.251		3255		2		0
345.7		204.301		3235		2		0
409.227		216.386		3142		2		0
405.923		209.079		0		2		0
Frame 52
369.124		194.138		3178		2		0
374.945		159.462		3113		2		0
381.006		123.159		2956		2		0
383.811		109.087		2862		2		0
360.291		130.972		3066		2		0
344.146		164.358		3229		2		0
339.752		193.497		3226		2		0
339.578		199.855		3235		2		0
396.676		135.962		3052		2		0
404.152		168.736		3166		2		0
408.827		201.173		3161		2		0
408.688		210.254		3144		2		0
359.628		193.179		3214		2		0
367.404		238.739		3169		2		0
376.458		279.383		3311		2		0
382.762		290.509		3272		2		0
378.682		195.118		3182		2		0
382.655		239.82		3134		2		0
390.71		280.369		3310		2		0
389.879		292.841		3380		2		0
379.434		132.393		3043		2		0
341.141		209.286		3261		2		0
343.412		203.884		3248		2		0
408.228		219.309		3135		2		0
405.375		216.374		3189		2		0
Frame 53
364.829		196.876		3196		2		0
370.994		164.08		3127		2		0
377.901		128.707		3005		2		0
383.285		110.782		2839		2		0
358.601		134.172		3074		2		0
341.361		166.72		3212		2		0
337.291		195.86		3230		2		0
336.542		201.355		3248		2		0
395.513		140.461		3057		2		0
403.268		171.447		3171		2		0
408.365		202.488		3163		2		0
408.151		213.819		3134		2		0
355.543		195.492		3233		2		0
366.447		240.092		3164		2		0
377.088		279.32		3320		2		0
380.277		291.665		3301		2		0
374.118		198.326		3178		2		0
381.11		242.24		3114		2		0
391.488		280.602		3256		2		0
388.725		292.457		3414		2		0
376.115		137.816		3038		2		0
338.177		210.364		3275		2		0
340.435		202.786		3255		2		0
408.248		222.836		3129		2		0
404.666		220.665		3173		2		0
Frame 54
363.398		198.262		3202		2		0
370.482		164.752		3102		2		0
377.791		129.072		2942		2		0
382.508		114.61		2834		2		0
358.11		137.628		3063		2		0
339.086		169.56		3221		2		0
334.702		198.612		3244		2		0
334.11		204.05		3259		2		0
394.834		142.979		3052		2		0
402.012		174.89		3166		2		0
407.63		205.981		3164		2		0
407.677		216.365		3138		2		0
353.577		196.841		3239		2		0
364.118		240.384		3149		2		0
376.494		279.167		3325		2		0
380.883		291.231		3259		2		0
373.167		199.713		3187		2		0
375.652		243.488		3147		2		0
391.867		280.51		3267		2		0
388.642		292.033		0		2		0
375.88		138.282		3028		2		0
335.495		213.401		3291		2		0
337.706		205.891		3255		2		0
407.795		226.002		3133		2		0
404.427		224.713		3175		2		0
Frame 55
360.632		200.787		3218		2		0
370.047		168.156		3110		2		0
379.857		132.715		2924		2		0
381.588		119.537		2836		2		0
356.025		141.701		3069		2		0
335.549		174.031		3234		2		0
331.12		202.998		3254		2		0
331.202		208.408		3255		2		0
392.84		147.886		3057		2		0
400.626		179.124		3155		2		0
407.076		211.522		3163		2		0
407.388		220.236		3142		2		0
351.194		199.1		3239		2		0
362.238		241.305		3126		2		0
376.404		279.16		3306		2		0
383.386		290.174		3274		2		0
370.141		202.488		3189		2		0
372.903		244.094		3141		2		0
387.547		281.226		3300		2		0
390.948		293.506		3365		2		0
377.218		141.643		3023		2		0
332.164		216.666		3296		2		0
335		209.934		3268		2		0
407.397		230.134		3138		2		0
404.4		229.6		3160		2		0
Frame 56
358.094		208.289		3243		2		0
365.529		174.756		3145		2		0
373.69		138.152		2960		2		0
380.346		124.053		2840		2		0
354.127		145.502		3058		2		0
334.602		175.5		3205		2		0
328.581		206.44		3248		2		0
327.957		212.161		3261		2		0
390.509		153.663		3063		2		0
399.445		181.751		3164		2		0
406.81		211.801		3163		2		0
406.767		222.299		3148		1		0
348.448		207.473		3238		2		0
366.898		246.673		3122		2		0
380.502		288.463		3295		2		0
383.22		301.115		3193		1		0
367.769		209.108		3183		2		0
372.081		246.306		3094		2		0
387.173		273.14		3237		2		0
388.641		287.112		3319		2		0
371.581		147.614		3041		2		0
329.714		220.429		3308		2		0
332.374		213.88		3281		2		0
407.525		233.106		3128		2		0
404.25		229.419		0		2		0
Frame 57
354.994		199.598		3253		2		0
363.255		173.359		3138		2		0
372.87		142.611		2957		2		0
379.526		127.779		2836		2		0
353.356		151.74		3065		2		0
331.527		179.969		3205		2		0
326.638		208.744		3244		2		0
325.052		215.927		3257		2		0
389.512		156.464		3072		2		0
398.21		185.816		3160		2		0
406.063		221.185		3166		2		0
407.31		231.813		3126		2		0
346.063		197.876		3263		2		0
356.227		238.759		3130		2		0
373.108		280.524		3308		2		0
383.251		288.47		3302		2		0
363.983		201.332		3241		2		0
366.375		246.167		3103		2		0
385.52		282.121		3323		2		0
385.048		294.213		3187		2		0
370.71		149.961		3035		2		0
325.06		223.999		3312		2		0
330		217.007		3288		2		0
407.599		240.201		3139		2		0
404.444		236.112		3176		2		0
Frame 58
351.61		214.529		3231		2		0
360.813		182.787		3142		2		0
371.163		147.4		2946		2		0
377.402		134.458		2857		2		0
351.485		155.307		3063		2		0
328.64		183.835		3199		2		0
322.294		213.85		3262		2		0
321.884		219.921		3263		2		0
387.327		165.037		3092		2		0
396.813		192.101		3186		2		0
405.92		221.736		3161		2		0
407.504		234.8		3130		2		0
341.801		212.554		3276		2		0
361.968		246.12		3091		2		0
378.381		287.965		3298		2		0
381.374		301.031		3199		1		0
361.499		216.52		3208		2		0
371.796		247.425		3043		2		0
386.213		288.719		3335		2		0
389.476		302.011		3224		1		0
368.339		156.965		3037		2		0
321.799		228.601		3343		2		0
325.908		221.197		3280		2		0
408.331		244.752		3122		2		0
405.713		243.57		3168		2		0
Frame 59
350.597		204.304		3277		2		0
359.404		180.327		3128		2		0
369.672		152.362		2940		2		0
377.082		138.793		2854		2		0
351.509		155.637		3036		2		0
326.724		187.009		3185		2		0
319.816		216.359		3246		2		0
318.891		225.213		3259		2		0
386.177		167.904		3091		2		0
394.816		197.03		3178		2		0
405.118		225.573		3150		2		0
407.551		239		3120		2		0
342.023		201.993		3256		2		0
354.849		242.719		3108		2		0
371.388		281.775		3290		2		0
382.293		289.246		3275		2		0
359.215		206.627		3276		2		0
363.507		250.238		3092		2		0
382.977		282.493		3342		2		0
386.26		294.876		3201		2		0
367.432		158.873		3042		2		0
319.243		232.999		3318		2		0
323		229.499		3291		2		0
409.18		249.189		3104		2		0
405.4		247.999		3153		2		0
Frame 60
346.019		222.235		3252		2		0
355.581		192.738		3158		2		0
366.242		160.046		3005		2		0
376.143		144.791		2867		2		0
347.559		167.204		3060		2		0
323.781		192.856		3186		2		0
316.741		224.505		3244		2		0
315.753		230.212		3259		2		0
382.328		175.479		3105		2		0
392.857		201.796		3189		2		0
405.381		229.607		3147		2		0
407.701		243.051		3113		2		0
336.809		220.18		3270		2		0
359.109		248.101		3113		2		0
372.072		282.697		3291		2		0
383.209		288.581		3287		2		0
355.25		224.294		3251		2		0
376.879		261.673		3072		2		0
383.396		283.587		3340		2		0
383.606		294.011		0		2		0
363.465		168.549		3051		2		0
315.116		237.372		3330		2		0
316.48		235.381		3283		2		0
409.304		253.313		3103		2		0
406		252.999		3152		2		0
Frame 61
343.078		226.943		3258		2		0
353.065		197.631		3151		2		0
364.196		165.084		3015		2		0
373.588		149.804		2889		2		0
345.552		171.718		3059		2		0
320.694		198.879		3185		2		0
314.428		227.483		3226		2		0
313.134		234.197		3240		2		0
379.969		180.21		3119		2		0
391.652		207.416		3190		2		0
405.009		238.137		3133		2		0
408.916		249.931		3092		2		0
334.311		224.53		3271		2		0
351.404		252.544		3061		2		0
373.188		288.505		3333		1		0
382.767		287.972		3331		2		0
351.969		229.19		3260		2		0
370.492		250.763		3047		2		0
386.721		286.612		3350		2		0
379.492		288.853		3290		2		0
361.302		173.546		3062		2		0
312.55		242.331		3323		2		0
316.165		239.676		3290		2		0
410.995		259.091		3079		2		0
407.428		257.142		3136		2		0
Frame 62
341.161		232.154		3254		2		0
350.833		203.008		3181		2		0
361.58		170.843		3032		2		0
372.176		154.507		2905		2		0
343.343		177.059		3062		2		0
317.445		204.091		3166		2		0
311.142		234.004		3220		2		0
310.192		239.917		3248		2		0
377.078		186.366		3119		2		0
390.296		211.399		3186		2		0
404.493		238.852		3122		2		0
409.044		251.785		3086		2		0
332.266		230.089		3254		2		0
346.399		256.789		3056		2		0
364.806		285.079		3451		2		0
374.521		286.987		3319		2		0
350.08		234.165		3242		2		0
372.816		255.778		3061		2		0
392.913		287.347		3336		2		0
379.93		288.225		3285		2		0
358.784		179.196		3076		2		0
310.57		247.713		3326		2		0
314.371		240.539		3253		2		0
412.855		262.501		3047		2		0
405.569		252.363		0		2		0
Frame 63
337.673		236.147		3258		2		0
348.346		207.266		3171		2		0
360.009		175.517		3003		2		0
369.767		160.69		2928		2		0
340.083		182.346		3059		2		0
314.628		206.545		3158		2		0
309.409		235.493		3227		2		0
307.073		242.23		3241		2		0
373.769		192.14		3151		2		0
387.758		217.539		3192		2		0
404.558		243.953		3095		2		0
408.693		254.066		3047		2		0
328.96		233.841		3276		2		0
344.314		259.635		3060		2		0
364.987		283.927		3229		2		0
368.92		297.494		3045		1		0
346.45		238.37		3269		2		0
373.796		259.467		3062		2		0
376.17		283.116		3316		2		0
384.486		293.489		3205		2		0
356.986		183.748		3062		2		0
306.749		251		3334		2		0
312		238.576		3232		2		0
415.427		264.358		3008		2		0
407.196		258.207		3057		2		0
Frame 64
331.949		239.798		3255		2		0
342.92		212.194		3171		2		0
355.095		181.752		3054		2		0
366.181		166.672		2941		2		0
336.415		188.405		3067		2		0
309.024		213.254		3172		2		0
304.176		242.391		3227		2		0
302.959		248.959		3243		2		0
369.496		197.245		3153		2		0
385.926		222.065		3181		2		0
403.472		249.126		3045		2		0
410.552		262.519		2983		2		0
323.245		237.424		3308		2		0
342.142		260.528		3104		2		0
362.014		287.087		3353		2		0
373.399		287.823		3301		2		0
340.642		242.169		3358		2		0
369.232		263.709		3024		2		0
376.609		284.084		3300		2		0
381.914		294.144		3210		2		0
351.928		189.656		3087		2		0
301.666		256.333		3328		2		0
306.362		252.184		3249		2		0
415.234		272.336		2969		2		0
410.498		271.998		3020		2		0
Frame 65
329.239		242.606		3295		2		0
339.278		216.104		3170		2		0
350.58		186.675		3063		2		0
362.168		172.209		2963		2		0
332.696		193.826		3080		2		0
306.049		216.877		3173		2		0
299.222		247.623		3221		2		0
298.531		254.465		3246		2		0
365.355		202.552		3169		2		0
381.967		227.793		3151		2		0
400.546		251.952		3019		2		0
408.83		264.957		2940		2		0
320.511		240.142		3306		2		0
334.415		262.756		3112		2		0
359.062		291.07		3118		1		0
369.984		288.912		3323		2		0
337.96		245.079		3328		2		0
368.177		263.824		3038		2		0
375.96		284.227		3324		1		0
382.794		293.647		3207		2		0
347.637		194.323		3099		2		0
297.745		261.749		3311		2		0
302.495		253.535		3254		2		0
415.112		274.593		2905		2		0
409.999		275.25		2977		2		0
Frame 66
326.46		248.785		3269		2		0
335.495		221.44		3171		2		0
345.522		191.327		3070		2		0
356.596		177.635		2979		2		0
327.77		199.049		3079		2		0
301.91		220.981		3160		2		0
295.032		253.884		3225		2		0
293.919		259.868		3216		2		0
360.144		206.521		3169		2		0
376.2		232.503		3151		2		0
396.306		253.925		2985		2		0
406.196		267.708		2880		2		0
317.722		246.832		3297		2		0
329.427		272.965		3087		2		0
354.152		301.055		3000		1		0
369.059		296.654		0		1		0
335.183		250.736		3334		2		0
361.715		262.395		3059		2		0
371.959		285.923		3326		2		0
384.339		290.036		3271		2		0
342.913		199.142		3106		2		0
292.122		266.998		3274		2		0
296.917		264.001		3231		2		0
411.819		276.123		2853		2		0
406.712		275.998		2898		2		0
Frame 67
322.539		253.631		3275		2		0
330.214		226.504		3179		2		0
338.717		196.699		3093		2		0
349.67		181.819		2995		2		0
320.326		205.334		3095		2		0
294.891		229.202		3173		2		0
289.824		262.037		3204		2		0
289.507		267.041		3207		2		0
353.887		210.242		3174		2		0
371.674		235.391		3141		2		0
392.153		254.745		2949		2		0
400.798		267.861		2840		2		0
313.783		252.151		3306		2		0
337.257		277.099		0		2		0
303.202		263.974		0		2		0
316.439		271.369		3208		2		0
331.283		255.109		0		2		0
361.041		260.441		3097		2		0
389.199		285.651		3351		2		0
397.998		294.566		3264		1		0
336.505		204.427		3116		2		0
289.001		274.5		3242		2		0
292.283		269.164		3209		2		0
406.9		276.9		2806		2		0
402.665		277.832		2858		2		0
Frame 68
314.647		258.106		3285		2		0
322.527		231.015		3184		2		0
331.18		201.497		3098		2		0
340.832		186.231		3005		2		0
313.642		209.774		3088		2		0
288.019		236.497		3183		2		0
285.462		266.62		3204		2		0
285.567		275.116		3190		2		0
346.65		214.029		3185		2		0
364.982		238.756		3138		2		0
385.085		256.213		2936		2		0
392.608		265.755		2844		2		0
306.326		256.692		3330		2		0
326.568		282.78		3064		1		0
309.375		259.78		3317		2		0
317.419		269.404		3197		2		0
322.934		259.515		3332		2		0
356.231		266.341		3091		2		0
386.466		280.698		3348		1		0
393.818		289.722		3335		2		0
328.937		209.127		3116		2		0
286.191		283		3202		2		0
287.311		278.693		3193		2		0
399.311		274.107		2779		2		0
392.875		271.13		2823		2		0
Frame 69
313.142		264.534		3275		2		0
317.793		236.893		3188		2		0
322.882		206.989		3081		2		0
330.693		190.532		3016		2		0
304.579		215.714		3091		2		0
283.253		239.801		3181		2		0
279.127		269.051		3205		2		0
279.704		276.037		3202		2		0
338.707		218.126		3179		2		0
359.427		241.01		3126		2		0
382.156		259.87		2868		2		0
386.853		266.763		2816		2		0
304.778		263.911		3320		2		0
323.701		286.63		3070		1		0
306.729		263.234		3294		1		0
314.667		272.814		3216		2		0
321.49		265.159		0		2		0
355.144		261.74		0		2		0
387.032		286.737		3321		1		0
400.161		286.461		3316		2		0
321.564		214.696		3120		2		0
276.498		283		3275		2		0
284.002		282.443		3192		2		0
392.311		274.67		2778		2		0
382.744		268.991		2835		2		0
Frame 70
310.061		266.956		3320		2		0
311.353		240.607		3193		2		0
312.892		211.933		3079		2		0
318.712		194.477		3023		2		0
294.939		219.623		3108		2		0
277.715		243.362		3176		2		0
274.622		271.611		3208		2		0
273.052		274.924		3200		2		0
329.405		222.11		3185		2		0
352.155		242.903		3145		2		0
378.897		259.323		2898		2		0
379.838		266.191		2820		2		0
301.704		267.285		3318		2		0
321.846		297.669		2975		1		0
305.049		273.292		3239		1		0
311.815		277.178		3195		2		0
318.581		266.593		3349		2		0
351.079		264.231		0		2		0
387.102		286.983		3274		1		0
401.545		285.542		3360		2		0
312.49		219.332		3149		2		0
273.507		279		3211		2		0
276.601		274.803		3260		2		0
384.452		272.268		2775		2		0
375.584		268.451		2836		2		0
Frame 71
301.267		274.314		3278		2		0
301.795		246.454		3178		2		0
302.392		216.615		3084		2		0
306.395		199.488		3040		2		0
284.344		225.029		3130		2		0
269.65		250.616		3182		2		0
265.46		279.533		3238		2		0
268.457		278.349		3229		1		0
318.21		225.991		3204		2		0
343.486		243.355		3142		2		0
365.903		259.069		2903		2		0
371.923		264.786		2837		2		0
293.045		274.646		3344		2		0
331.922		277.378		3271		2		0
314.341		254.982		3372		1		0
321.48		258.016		3336		1		0
309.469		273.986		3272		2		0
344.183		263.259		4425		2		0
386.234		284.109		3291		1		0
392.504		296.366		3275		1		0
302.235		224.275		3158		2		0
273		279		3284		2		0
275.029		269.765		3557		1		0
377.471		269.957		2796		2		0
371.456		267.718		0		2		0
Frame 72
294.696		278.838		3299		2		0
292.256		251.236		3214		2		0
289.669		221.763		3080		2		0
291.641		205.217		3043		2		0
272.273		231.729		3142		2		0
260.097		256.167		3208		2		0
259.879		284.529		3269		1		0
266.806		278.5		3265		1		0
307.294		230.623		3220		2		0
334.594		243.929		3166		2		0
359.566		259.958		2902		2		0
363.094		262.582		2854		2		0
286.766		280.187		3319		2		0
325.783		277.82		3255		1		0
308.556		255.127		3434		1		0
315.514		258.203		3372		1		0
302.574		277.504		3277		2		0
343.788		275.954		3181		2		0
378.431		290.343		3296		1		0
394.691		285.539		3347		2		0
290.33		229.32		3165		2		0
271		278.499		3395		2		0
269.014		278.501		3328		2		0
369.253		267.67		2817		2		0
359.998		266.361		2878		2		0
Frame 73
289.14		282.322		3322		2		0
283.324		255.345		3208		2		0
277.169		226.76		3098		2		0
278.037		209.04		3052		2		0
260.249		236.727		3147		2		0
249.448		262.23		3202		2		0
254.093		290.73		3131		1		0
255.631		300.174		2936		1		0
295.274		232.67		3243		2		0
325.409		243.106		3173		2		0
348.421		259.006		2939		2		0
352.109		260.546		2892		2		0
281.466		284.426		3325		2		0
317.329		285.614		3119		1		0
300.893		262.256		3364		1		0
312.125		270.115		3297		2		0
296.767		280.235		3274		2		0
343.826		275.929		3188		2		0
381.561		288.694		3284		1		0
397.976		285.29		3378		1		0
278.741		234.067		3190		2		0
260.079		299.896		2950		1		0
257.808		300.351		2941		1		0
357.91		265.29		2841		2		0
355.27		267.279		2913		2		0
Frame 74
290.294		277.484		3320		2		0
277.717		254.731		3223		2		0
264.207		230.303		3089		2		0
263.06		214.425		3062		2		0
250.232		241.342		3157		2		0
240.312		268.722		3229		2		0
247.594		285.655		3245		1		0
249.863		290.934		3077		1		0
283.878		233.776		3266		2		0
312.599		240.944		3211		2		0
338.366		259.735		2946		2		0
339.129		259.235		2943		2		0
283.252		281.608		3337		2		0
318.219		283.76		3123		1		0
301.71		260.579		3362		1		0
313.756		268.702		3304		2		0
297.023		273.814		3299		2		0
342.858		273.401		3171		2		0
381.654		286.169		3284		1		0
398.047		283.411		3342		1		0
267.679		236.579		3184		2		0
254.167		290.779		3137		1		0
251.889		291.03		3078		1		0
344.253		262.125		2892		2		0
343.856		265		2962		2		0
Frame 75
289.766		275.422		3314		2		0
273.675		254.447		3242		2		0
255.479		233.175		3180		2		0
248.899		219.29		3060		2		0
239.607		244.014		3175		2		0
232.136		273.652		0		2		0
240.516		278.291		3205		1		0
239.234		277.813		3199		1		0
272.528		233.983		3263		2		0
299.797		244.104		3249		2		0
321.746		258.653		2993		1		0
324.89		260.225		2982		2		0
283.576		279.989		3360		2		0
320.83		282.116		3116		1		0
304.102		259.106		3325		1		0
314.194		268.246		3306		2		0
295.397		270.572		3320		2		0
335.87		268.565		3207		1		0
376.362		284.166		3294		2		0
392.771		278.688		3334		1		0
259.967		238.606		3193		2		0
249.999		276.666		3467		2		0
241.18		277.805		3215		1		0
329.252		261.503		2954		2		0
329.285		263.57		3005		2		0
Frame 76
286.881		275.44		3304		2		0
265.126		257.334		3271		2		0
242.339		238.235		3115		2		0
233.733		224.863		3057		2		0
230.506		252.926		3196		2		0
232.597		283.061		3334		1		0
232.406		296.689		2951		1		0
232.347		300.891		2932		1		0
259.85		235.472		3260		2		0
287.929		242.495		3270		2		0
306.661		257.94		3081		2		0
309.405		264.333		2994		2		0
281.691		280.938		3361		2		0
321.035		281.986		3107		1		0
304.29		258.99		3070		1		0
314.442		268.429		2999		2		0
292.196		269.7		3328		2		0
340.514		263.662		3223		2		0
378.974		288.943		3330		1		0
395.322		283.537		3735		1		0
248.16		243.109		3180		2		0
243.136		299.455		2949		1		0
234.229		301.062		2923		1		0
313.224		267.115		2972		2		0
312.329		268.109		3029		2		0
Frame 77
286.86		271.141		0		2		0
262.462		257.131		3288		2		0
234.347		242.793		3152		2		0
220.211		231.678		3047		2		0
226.123		262.248		3201		2		0
235.068		289.492		3131		1		0
269.107		273.742		3290		2		0
269.853		265.61		3313		1		0
251.294		235.327		3266		2		0
279.145		242.419		3268		2		0
292.686		261.492		3078		2		0
293.846		269.346		2986		2		0
282.382		278.903		3330		2		0
321.166		281.904		3112		1		0
304.409		258.916		3284		1		0
314.211		268.77		3286		2		0
290.923		263.451		3078		2		0
342.359		265.714		3224		2		0
379.803		279.584		3267		2		0
390.577		276.845		0		2		0
241.237		246.427		3195		2		0
279.544		255.999		3367		2		0
260.313		257.438		3271		2		0
294.188		272.814		2966		2		0
297.335		274.001		3010		2		0
Frame 78
284.765		267.302		3325		2		0
254.78		259.072		3270		2		0
223.358		250.908		3129		2		0
211.725		240.536		3065		2		0
223.236		269.61		3221		2		0
204.814		289.935		3135		2		0
243.107		280.209		3264		1		0
243.715		273.341		3216		1		0
242.212		239.249		3266		2		0
270.361		246.076		3251		2		0
277.517		268.048		3065		2		0
277.116		274.436		2989		2		0
281.82		276.329		3031		2		0
321.258		281.846		3111		1		0
313.244		249.498		0		1		0
313.516		264.983		3243		2		0
287.469		258.584		3333		2		0
328.431		258.417		3244		2		0
375.376		279.029		3256		2		0
387.479		275.704		0		2		0
231.384		252.987		3202		2		0
254.501		264.749		3299		2		0
239.129		268.866		3200		2		0
277.108		279.424		2976		2		0
278.335		281.666		2995		2		0
Frame 79
281.903		267.27		3336		2		0
250.305		263.465		3269		2		0
218.24		259.55		3139		2		0
203.994		249.52		3084		2		0
217.746		275.235		3249		2		0
245.861		283.038		3265		2		0
277.593		276.863		3256		1		0
279.891		269.305		3331		1		0
233.466		244.377		3270		2		0
262.058		249.098		3260		2		0
261.561		278.469		3013		2		0
259.923		285.607		2964		2		0
280.356		275.855		3254		2		0
315.163		280.623		3123		1		0
329.004		249.967		0		1		0
323.87		263.209		3200		2		0
283.026		259.066		3327		2		0
335.508		260.307		3256		2		0
374.369		275.787		3230		2		0
384.819		272.782		0		2		0
226.413		260.542		3210		2		0
288.999		259.998		3311		2		0
272.351		263.481		3339		2		0
257.74		289.69		2983		2		0
266.842		286.502		3058		2		0
Frame 80
280.02		265.619		3314		2		0
249.29		263.586		3266		2		0
216.023		261.823		3246		2		0
197.333		258.81		3101		2		0
213.269		279.12		3263		2		0
241.364		281.765		3213		2		0
277.551		277.038		3233		1		0
287.136		273.565		3177		1		0
226.836		251.483		3256		2		0
255.539		255.346		3244		2		0
254.766		285.642		3155		1		0
244.453		286.715		2996		2		0
278.75		273.352		3235		2		0
313.079		274.533		3159		2		0
361.189		276.021		3264		2		0
378.188		278.656		3163		2		0
281.158		257.907		3318		2		0
321.013		260.884		3217		2		0
366.509		276.388		3253		2		0
377.034		268.388		0		2		0
224.605		262.066		3222		2		0
298.999		270		3274		2		0
280.991		265.859		3314		2		0
239.896		290.728		2990		2		0
236.801		289.797		3070		2		0
Frame 81
277.41		266.083		3278		2		0
246.206		267.593		3163		2		0
214.208		269.512		3242		2		0
197.656		265.981		3123		2		0
212.214		285.872		3238		1		0
239.764		288.85		3067		1		0
275.708		274.788		3235		1		0
278.685		269.311		3211		1		0
220.026		253.277		3273		2		0
248.529		257.118		3317		1		0
247.197		287.368		3140		1		0
246.703		298.569		2981		1		0
276.889		274.177		3239		2		0
313.341		274.538		3178		2		0
362.677		275.122		3234		2		0
374.808		277.59		3176		2		0
277.784		257.885		3320		2		0
330.913		260.831		3247		2		0
367.089		259.668		3264		2		0
374.789		264.039		0		2		0
222.305		269.074		3221		2		0
286.999		263.998		3201		2		0
277.497		264.085		3296		2		0
242.081		302.803		2897		1		0
238.886		301.642		2935		1		0
Frame 82
269.033		265.94		3319		2		0
240.135		266.534		3199		2		0
211		267.642		3240		2		0
195.867		266.645		3144		2		0
209.062		284.024		3256		1		0
236.546		279.073		3114		2		0
274.27		268.595		3186		2		0
276.409		263.792		3209		1		0
214.883		254.644		3242		2		0
243.572		258.515		3372		1		0
241.827		289.121		3128		1		0
241.18		300.461		2941		1		0
269.089		273.983		3223		2		0
308.619		267.947		3154		2		0
358.552		274.188		3238		2		0
370.799		277.19		3139		2		0
268.978		257.902		3344		2		0
327.65		261.881		3230		2		0
363.362		258.913		3269		2		0
369.742		256.726		0		2		0
218.383		267.287		3239		2		0
284.62		256.245		3281		2		0
269.099		258.8		3326		2		0
236.453		304.753		2885		1		0
233.331		303.55		2898		1		0
Frame 83
268.859		267.399		3171		2		0
236.682		266.666		3262		2		0
202.059		264.63		3277		2		0
189.127		267.1		3141		2		0
200.283		280.963		3327		1		0
227.88		276.308		3142		1		0
267.832		267.867		3172		2		0
270.983		265.137		3166		1		0
212.785		255.83		3227		2		0
241.373		260.334		3324		1		0
240.221		291.374		3068		1		0
239.793		302.879		2909		1		0
267.758		276.019		3327		2		0
312.204		271.521		3148		2		0
357.402		276.452		3224		2		0
370.203		275.996		3132		2		0
269.73		259.76		3305		2		0
327.653		267.927		3205		2		0
362.239		258.205		3246		2		0
368.398		265.609		4323		2		0
210.585		265.147		3237		2		0
279.374		258.249		3184		2		0
267.213		260.142		3311		2		0
235.006		307.24		2865		1		0
231.881		305.982		2868		1		0
Frame 84
262.393		268.871		3160		2		0
231.591		269.52		3148		2		0
200.035		270.244		3220		2		0
182.379		269.858		3132		2		0
198.291		286.509		3357		1		0
225.82		282.166		3048		1		0
264.918		269.287		3141		2		0
271.368		264.427		3133		2		0
210.427		257.011		3214		2		0
238.654		261.076		3305		1		0
222.043		285.141		3042		2		0
216.58		286.875		3031		1		0
261.171		275.654		3218		2		0
313.179		265.755		3176		2		0
357.659		277.018		3192		2		0
365.85		280.07		3116		2		0
263.627		262.022		3347		2		0
322.687		267.82		3198		1		0
357.302		258.417		3257		2		0
365.73		268.178		4352		2		0
208.093		269.881		3225		2		0
277.851		259.542		3173		2		0
272.998		263.48		3136		2		0
206.499		291		0		2		0
217.501		282.997		3098		2		0
Frame 85
261.938		269.539		3111		2		0
230.945		270.027		3123		2		0
199.12		270.693		3227		2		0
181.438		270.319		3142		1		0
197.392		286.951		3337		1		0
224.871		282.632		3060		1		0
263.517		268.646		3111		2		0
269.554		265.221		3107		2		0
206.642		257.543		3200		2		0
234.535		261.298		3283		1		0
217.605		285.88		3030		2		0
211.943		287.68		3010		1		0
260.121		277.472		3284		2		0
311.859		271.179		3142		2		0
357.331		278.784		3218		2		0
366.18		284.1		3078		2		0
263.43		262.241		0		2		0
322.354		269.574		3183		1		0
356.916		259.786		3250		2		0
363.215		270.168		0		2		0
207.158		270.448		3235		2		0
275.481		263.575		3172		2		0
276.887		268.666		3224		2		0
201.5		291		3037		2		0
213.333		283.776		3054		2		0
Frame 86
262.856		270.122		3091		2		0
230.901		270.144		3171		2		0
197.866		270.773		3227		2		0
180.127		270.402		3153		1		0
196.157		287.049		3319		1		0
223.6		282.73		3054		1		0
260.59		272.044		3091		2		0
266.116		267.458		3076		2		0
206.295		258.078		3202		2		0
234.546		261.064		3294		1		0
209.863		278.83		3221		2		0
205.432		289.021		2995		1		0
261.139		278.216		3302		2		0
310.846		271.704		3155		1		0
356.496		278.317		3242		2		0
366.047		290.395		3079		2		0
265.462		262.815		3087		2		0
323.592		271.017		3185		1		0
359.039		264.763		3235		2		0
362.444		277.399		0		2		0
206.387		270.597		3227		2		0
272.039		265.68		3174		2		0
273.27		272.09		3205		2		0
193.286		294.57		2975		2		0
202.368		287.231		0		2		0
Frame 87
262.511		270.059		3052		2		0
230.12		270.409		3238		2		0
196.726		271.237		3228		2		0
178.06		271.79		3151		2		0
195.033		287.538		0		1		0
222.472		283.237		3062		1		0
260.026		273.372		3066		2		0
261.411		269.239		3037		2		0
205.019		258.402		3186		2		0
223.445		274.331		3055		2		0
201.078		298.05		2971		2		0
195.654		294.043		2967		1		0
260.655		277.866		3194		2		0
307.811		276.193		3118		2		0
356.098		278.147		3261		2		0
364.833		291.382		3070		2		0
264.635		262.675		3067		2		0
321.511		272.236		3175		1		0
357.879		268.955		3241		2		0
362.848		279.929		0		2		0
205.19		271.038		3220		2		0
265.502		265.001		3051		2		0
263.456		272.683		3065		2		0
192		295		2964		2		0
194.285		293.285		2974		2		0
Frame 88
261.372		270.253		2999		2		0
229.045		270.711		3237		2		0
195.872		271.452		3236		2		0
177.507		271.542		3154		2		0
194.193		287.753		0		1		0
221.591		283.462		3070		1		0
251.387		281.091		3072		2		0
257.57		275.949		3025		2		0
203.414		258.337		3182		2		0
223.3		274.189		3054		2		0
196.625		292.829		2965		2		0
197.264		291.457		2970		1		0
260.232		277.864		3066		2		0
307.419		276.127		3104		2		0
355.136		277.859		3241		1		0
368.16		276.119		3142		2		0
262.194		262.837		3278		2		0
311.336		268.508		0		1		0
354.617		270.764		3254		2		0
363.373		280.427		3220		2		0
204.262		271.269		3213		2		0
261.929		270.039		2999		2		0
261.859		286.068		3101		2		0
192.334		293.33		2963		2		0
193.402		290.997		3018		2		0
Frame 89
261.669		270.314		3236		2		0
228.651		270.801		3253		2		0
194.362		271.543		3229		2		0
175.209		272.13		3154		2		0
194.278		287.682		3292		1		0
221.68		283.387		3084		1		0
251.11		281.918		3026		2		0
255.79		278.437		2961		2		0
203.436		258.29		3189		2		0
222.18		274.743		3055		2		0
195.735		293.761		2972		1		0
196.656		290.944		3015		1		0
260.692		278.046		3003		2		0
309.932		275.82		3134		2		0
357.087		277.41		3213		1		0
369.942		276.989		3148		2		0
262.437		262.686		3286		2		0
311.253		268.494		0		1		0
355.242		273.248		3241		2		0
365.149		283.387		0		2		0
203.108		271.356		3223		2		0
258.479		274.053		2964		2		0
260.754		286.331		3096		2		0
192.502		292.994		2970		2		0
197.116		288.99		0		2		0
Frame 90
261.597		270.547		3263		2		0
228.273		271.057		3241		2		0
193.705		271.72		3229		2		0
174.933		272.417		3166		2		0
194.299		287.666		3300		1		0
221.702		283.37		3071		1		0
251.023		282.17		2950		1		0
253.154		284.526		2938		2		0
203.369		258.34		3199		2		0
222.129		275.146		3067		2		0
195.513		293.661		2987		1		0
195.947		291.699		3002		1		0
260.578		278.245		3273		2		0
310.895		275.922		3140		2		0
357.955		277.471		3231		1		0
370.253		276.9		3141		2		0
262.458		262.889		3269		2		0
311.227		268.462		0		1		0
355.263		273.253		3250		2		0
365.283		283.21		0		2		0
202.478		271.563		3212		2		0
255.005		280.179		2930		2		0
259.838		286.833		3089		2		0
192.013		293.34		2977		2		0
194.762		290.743		3041		2		0
Frame 91
259.424		270.996		3284		2		0
226.635		271.154		3250		2		0
192.739		271.545		3229		2		0
174.255		272.625		3163		2		0
194.12		287.447		3307		1		0
221.509		283.139		3066		1		0
246.918		291.117		2955		2		0
250.238		289.542		2884		2		0
202.985		258.66		3198		2		0
221.584		278.156		3061		2		0
193.851		293.667		2980		2		0
184.149		299.089		2926		1		0
257.103		277.925		3293		2		0
303.12		275.394		3102		2		0
350.529		276.911		3246		1		0
355.17		289.024		3160		2		0
260.608		263.814		3274		2		0
311.196		268.449		0		1		0
355.328		273.25		3246		2		0
366.703		278.332		3116		2		0
201.333		271.434		3200		2		0
251.465		287.384		2884		2		0
252.614		291.773		2932		2		0
180.098		300.77		2913		1		0
183.011		298.08		2919		1		0
Frame 92
259.765		271.191		3286		2		0
226.618		271.14		3240		2		0
192.513		271.343		3229		2		0
174.159		272.41		3166		2		0
194.16		287.329		3283		1		0
221.545		283.015		3061		1		0
244.777		293.057		2924		1		0
246.626		293.618		2916		2		0
202.753		258.845		3204		2		0
221.138		278.224		3070		2		0
193.229		293.295		2982		1		0
183.449		298.572		2922		1		0
257.25		278.123		3285		2		0
310.58		275.867		3131		2		0
357.558		277.367		3242		1		0
369.83		276.942		3124		2		0
262.021		263.915		3277		2		0
315.366		269.228		3210		1		0
357.535		272.49		3247		2		0
366.387		283.24		0		2		0
201.169		271.295		3217		2		0
249.164		295.038		2875		2		0
254.601		290.196		3024		2		0
179.384		300.256		2917		1		0
182.311		297.564		2927		1		0
Frame 93
259.857		271.386		3302		2		0
226.673		271.266		3238		2		0
192.536		271.399		3237		2		0
175.801		278.19		3148		2		0
194.417		287.44		3309		1		0
221.824		283.132		3062		1		0
247.282		291.464		2957		1		0
247.107		295.6		2933		2		0
202.592		258.996		3192		2		0
221.333		278.306		3077		2		0
193.396		293.13		2982		1		0
183.601		298.324		2922		1		0
257.542		278.613		3295		2		0
310.512		276.058		3135		1		0
357.502		277.553		3241		1		0
370.165		276.506		3166		2		0
262.032		263.926		3272		2		0
316.645		275.647		3160		2		0
357.248		272.397		3240		2		0
366.613		283.028		3633		2		0
201.19		271.351		3223		2		0
249.379		298.624		2894		2		0
248.365		293.041		2943		2		0
179.538		300.006		2922		1		0
182.527		297.423		2924		1		0
Frame 94
259.942		270.988		3306		2		0
226.837		271.29		3232		2		0
192.799		271.707		3242		2		0
175.792		278.231		3144		2		0
194.975		287.794		3319		1		0
222.408		283.507		3075		1		0
247.915		292.046		2963		1		0
248.154		295.397		2947		1		0
202.569		259.022		3197		2		0
219.71		283.677		3052		2		0
189.754		295.842		2978		1		0
197		291		3026		1		0
257.714		278.514		3294		2		0
310.522		276.051		3119		1		0
357.58		277.518		3248		2		0
370.319		276.623		3148		2		0
261.9		262.97		3298		2		0
316.636		275.647		3163		2		0
358.28		272.739		3243		2		0
366.59		283.061		0		2		0
201.405		271.567		3218		2		0
249.502		299		2920		2		0
247.311		293.142		2956		2		0
193.104		292.607		3003		1		0
197		291		3026		1		0
Frame 95
260.437		270.605		3306		2		0
227.314		271.232		3248		2		0
193.325		271.931		3239		2		0
175.824		278.239		3144		2		0
195.126		287.793		3294		1		0
222.568		283.507		3055		1		0
248.079		292.072		2951		1		0
247.43		296.601		2935		2		0
202.569		259.072		3191		2		0
220.791		283.508		3061		2		0
199.861		261.557		3193		2		0
199.787		260.277		3199		1		0
258.206		278.17		3287		2		0
310.664		274.769		3141		1		0
357.838		276.152		3255		1		0
371.061		276.352		3204		2		0
262.504		262.662		3299		2		0
316.623		275.671		3149		2		0
359.564		273.258		3241		2		0
367.286		283.641		0		2		0
201.903		271.719		3222		2		0
249.802		298.799		2893		2		0
248.001		291		2997		2		0
194.101		254.8		3242		2		0
206		254.456		3261		2		0
Frame 96
262.906		271.898		3289		2		0
228.433		271.744		3241		2		0
193.57		272.008		3221		2		0
175.844		278.265		3145		2		0
195.24		287.776		3311		1		0
222.692		283.488		3057		1		0
246.197		294.617		2917		1		0
248.488		294.268		2934		2		0
202.623		259.146		3189		2		0
221.561		283.639		3053		2		0
199.54		262.184		3196		2		0
200.202		261		3191		1		0
260.544		279.879		3286		2		0
303.787		275.167		3110		2		0
351.38		276.574		3228		1		0
367.893		283.711		0		2		0
265.575		263.851		3283		2		0
316.67		275.664		3161		2		0
360.448		273.431		3256		2		0
367.801		284.401		0		2		0
202.317		271.881		3219		2		0
249.95		297.274		2881		2		0
254.798		293.19		3007		2		0
194.428		256.142		3244		2		0
204.999		254.812		3265		2		0
Frame 97
262.953		271.906		3293		2		0
228.663		271.795		3245		2		0
193.867		272.028		3222		2		0
176.315		278.233		3140		2		0
195.268		287.738		3309		1		0
222.722		283.448		3069		1		0
246.249		294.323		2915		1		0
249.626		294.396		2890		2		0
202.647		259.188		3195		2		0
222.603		279.023		3070		2		0
193.127		270.083		3245		2		0
192.183		269.478		3249		1		0
260.752		279.714		3298		2		0
300.661		275.175		3118		2		0
348.289		276.578		3223		1		0
352.987		288.618		3200		2		0
265.548		263.91		3284		2		0
324.543		274.352		3186		2		0
360.984		273.531		3301		2		0
368.138		285.01		0		2		0
202.625		271.924		3223		2		0
252.208		295.398		2878		2		0
254.435		295.947		2896		2		0
188.661		268.612		3254		2		0
196.71		260.047		3215		2		0
Frame 98
263.921		270.916		3302		2		0
230.227		271.77		3267		2		0
196.206		273.156		3220		2		0
176.618		277.974		3142		2		0
196.725		288.358		3299		1		0
224.214		284.114		3071		1		0
247.847		293.367		2923		1		0
251.323		293.615		2884		2		0
203.507		259.772		3199		2		0
223.301		282.612		3058		2		0
203.064		260.677		3192		2		0
201.627		259.379		3198		1		0
262.172		278.371		3302		2		0
311.999		276.375		3128		2		0
359.16		277.745		3256		1		0
372.324		279.656		3197		2		0
265.964		263.297		3289		2		0
324.919		273.614		3198		1		0
361.45		274.566		3295		2		0
368.782		284.847		0		2		0
204.777		272.739		3223		2		0
253.388		293.903		2886		2		0
258.104		292.536		3007		2		0
194.2		255.8		3267		2		0
208.539		252.997		3301		2		0
Frame 99
263.851		270.846		3284		2		0
230.351		271.702		3251		2		0
196.643		272.918		3230		2		0
177.117		277.655		3139		2		0
196.684		288.176		3293		1		0
224.177		283.919		3058		1		0
247.824		293.144		2938		1		0
252.258		293.743		2882		2		0
203.505		259.769		3193		2		0
223.928		277.603		3093		2		0
206.985		254.976		3247		1		0
203.583		256.28		3212		1		0
261.969		278.296		3290		2		0
312.198		276.568		3129		2		0
359.366		277.933		3260		1		0
371.653		286.204		3191		2		0
265.928		263.213		3292		2		0
324.87		273.64		3208		1		0
361.411		274.883		3261		2		0
369.124		285.571		3227		2		0
205.125		272.572		3222		2		0
254.871		293.087		2882		2		0
258.801		293.387		2941		2		0
197.253		253.498		3263		2		0
212.251		252.663		3310		2		0
Frame 100
262.341		270.304		3313		2		0
229.684		271.498		3253		2		0
196.076		272.79		3235		2		0
176.592		277.372		3150		2		0
195.209		287.847		3337		1		0
222.621		283.57		3053		1		0
246.861		292.505		3020		1		0
253.107		292.977		2898		2		0
203.52		259.743		3200		2		0
223.477		283.309		3059		2		0
207.559		258.237		3213		2		0
204.902		258.095		3212		1		0
260.263		277.636		3298		2		0
298.585		279.014		3122		2		0
345.961		280.291		3235		1		0
363.559		284.285		0		2		0
262.293		262.256		3317		2		0
320.212		272.881		3186		2		0
356.591		274.398		3280		2		0
368.828		285.279		3299		2		0
204.568		272.441		3229		2		0
255.603		293.291		2891		2		0
253.833		298.667		2930		2		0
196.67		253.33		0		2		0
213.572		253.425		3304		2		0
Frame 101
262.294		270.296		3326		2		0
229.702		271.507		3274		2		0
196.231		272.835		3230		2		0
176.647		277.361		3139		2		0
195.316		287.876		3323		1		0
222.724		283.602		3053		1		0
247.214		292.659		3014		1		0
252.435		293.606		2907		2		0
203.588		259.773		3193		2		0
223.498		283.362		3064		1		0
207.584		258.296		3212		1		0
204.669		258.064		3209		1		0
260.755		278		3302		2		0
299.848		280.107		3125		1		0
350.969		283.813		3215		1		0
355.991		296.257		3066		1		0
262.33		262.227		3323		2		0
315.18		276.131		3142		2		0
362.741		276.412		3259		2		0
369.333		285.955		0		2		0
204.678		272.478		3233		2		0
256.593		294.174		2901		2		0
251.497		296.001		2892		2		0
198.01		253.139		3242		2		0
212.859		253.21		3313		2		0
Frame 102
262.053		269.866		3329		2		0
229.715		271.412		3268		2		0
196.438		272.943		3236		2		0
176.966		277.265		3137		2		0
195.482		287.962		3344		1		0
222.88		283.696		3058		1		0
247.491		292.449		3016		1		0
253.112		292.832		2942		2		0
203.983		259.994		3206		2		0
223.305		283.341		3061		2		0
207.925		258.459		3224		2		0
204.834		258.116		3209		1		0
260.821		277.76		3309		2		0
299.803		279.815		3134		2		0
350.627		283.358		3224		1		0
355.669		295.79		3069		1		0
262.238		261.919		3315		2		0
315.192		276.136		3155		2		0
362.75		276.542		3260		2		0
369.35		286.093		0		2		0
204.824		272.527		3231		2		0
256.324		295.099		2899		2		0
250.739		295.486		2916		2		0
200.019		252.996		3272		2		0
213.643		253.567		3307		2		0
Frame 103
261.934		269.873		3330		2		0
229.675		271.43		3260		2		0
196.458		272.993		3241		2		0
176.991		277.266		3147		2		0
195.491		288.007		3325		1		0
222.883		283.744		3054		1		0
247.859		292.348		3026		1		0
252.714		293.371		2940		2		0
204.014		260.039		3201		2		0
223.294		283.338		3062		2		0
208.002		258.675		3223		2		0
204.39		258.29		3192		1		0
260.741		277.918		3307		2		0
299.961		279.785		3123		1		0
350.904		283.558		3217		1		0
355.957		296.013		3065		1		0
262.147		261.851		3322		2		0
315.226		276.131		3164		2		0
362.771		276.55		3248		2		0
369.351		286.101		0		2		0
204.831		272.57		3234		2		0
256.449		295.996		2903		2		0
252.999		298.286		2900		2		0
200.72		252.495		3274		2		0
213.889		252.775		3326		2		0
Frame 104
261.218		269.649		3331		2		0
229.235		271.278		3258		2		0
196.172		272.914		3240		2		0
176.959		277.276		3142		2		0
195.26		287.878		3328		1		0
222.652		283.606		3060		1		0
248.435		292.119		2974		1		0
252.906		293.276		2942		2		0
203.965		260.073		3194		2		0
222.846		279.938		3085		2		0
209.225		256.416		3259		1		0
204.345		256.543		3230		1		0
260.245		277.62		3299		2		0
298.68		279.012		3126		1		0
350.347		283.062		3213		1		0
355.5		295.567		3074		1		0
261.801		261.782		3331		2		0
315.243		276.121		3158		2		0
362.798		276.567		3248		2		0
369.387		286.118		0		2		0
204.535		272.486		3225		2		0
255.316		296.84		2899		2		0
252.666		298.332		2901		2		0
200.728		252.818		3284		2		0
214.726		252.814		3357		2		0
Frame 105
261.421		269.855		3336		2		0
229.2		271.302		3246		2		0
195.862		272.857		3234		2		0
176.911		277.279		3146		2		0
195.015		287.788		3322		1		0
222.398		283.51		3066		1		0
248.869		291.828		2987		1		0
251.211		293.276		2947		2		0
203.901		260.023		3192		2		0
223.113		279.34		3077		2		0
208.953		256.014		3261		1		0
204.489		256.354		3242		1		0
260.731		278.294		3297		2		0
300.218		279.348		3115		2		0
351.594		283.328		3223		1		0
356.706		295.815		3089		1		0
262.027		261.862		3324		2		0
315.303		276.123		3152		2		0
362.73		276.589		3244		2		0
369.454		286.101		0		2		0
204.329		272.464		3234		2		0
254.201		297.698		2898		2		0
248.499		293.496		2951		2		0
200.385		252.916		3271		2		0
214.418		252.811		3342		2		0
Frame 106
260.751		269.413		3349		2		0
228.88		271.128		3254		2		0
195.783		272.835		3242		2		0
176.909		277.279		3151		2		0
194.954		287.751		3362		1		0
222.335		283.471		3063		1		0
247.756		292.143		2969		1		0
251.418		293.495		2946		1		0
203.84		259.983		3205		2		0
223.001		282.721		3066		2		0
193.915		294.671		2964		2		0
193.503		293.998		2975		1		0
259.793		277.362		3295		2		0
299.013		279.41		3120		2		0
350.269		283.237		3221		1		0
355.424		295.7		3067		1		0
261.495		261.569		3319		2		0
315.302		276.12		3161		2		0
362.835		276.673		3244		2		0
369.475		286.202		3224		2		0
204.197		272.415		3229		2		0
254.334		297.666		2890		2		0
248.876		291.987		2958		2		0
192		294.5		2973		2		0
194.001		293.571		2986		2		0
Frame 107
260.671		269.561		3330		2		0
228.732		271.171		3242		2		0
195.594		272.825		3250		2		0
176.945		277.19		3147		2		0
194.88		287.704		3343		1		0
222.261		283.419		3064		1		0
248.934		291.838		2956		1		0
250.882		293.32		2934		2		0
203.767		259.936		3214		2		0
223.176		282.18		3064		2		0
193.508		292.642		3015		1		0
195.281		292.936		3001		1		0
259.752		277.611		3296		2		0
305.434		282.168		3117		1		0
355.033		283.641		3265		1		0
371.481		286.263		3237		2		0
261.448		261.637		3336		2		0
315.299		276.123		3163		2		0
362.81		276.66		3254		2		0
369.504		286.194		0		2		0
204.008		272.416		3243		2		0
253.803		297.199		2888		2		0
248.166		297.33		2912		2		0
192		294.254		2972		2		0
196.516		291.495		0		2		0
Frame 108
260.484		269.551		3337		2		0
228.588		271.155		3247		2		0
195.535		272.817		3239		2		0
176.848		277.141		3154		2		0
194.859		287.665		3348		1		0
222.243		283.378		3063		1		0
249.019		292.027		2938		1		0
249.971		293.451		2935		2		0
203.621		260.089		3197		2		0
222.482		280.996		3081		2		0
192.641		290.886		3286		1		0
194.443		292.248		2998		1		0
259.618		277.589		3306		2		0
299.334		278.716		3119		2		0
350.383		282.828		3234		1		0
355.503		295.205		3079		1		0
261.238		261.635		3336		2		0
315.371		276.13		3172		2		0
362.706		276.655		3255		2		0
369.508		286.294		0		2		0
203.925		272.404		3241		2		0
253.708		297.294		2890		2		0
247.497		295.592		2918		2		0
192		277		3150		2		0
195.684		290.813		3292		1		0
Frame 109
260.272		269.085		3338		2		0
228.462		270.974		3252		2		0
195.486		272.794		3248		2		0
177.004		277.442		3154		2		0
194.842		287.606		3345		1		0
222.23		283.315		3057		1		0
248.017		292.624		2932		1		0
250.18		293.703		2941		2		0
203.561		260.022		3202		2		0
222.29		280.672		3074		2		0
192.681		291.492		0		2		0
194.615		293.323		2981		1		0
259.41		276.935		3301		2		0
298.011		275.868		3131		1		0
349.831		281.7		3234		1		0
355.044		294.134		3099		1		0
261.05		261.293		3319		2		0
315.297		276.135		3167		2		0
362.526		276.653		3232		2		0
369.483		286.249		3193		2		0
203.859		272.354		3233		2		0
253.232		297.228		2887		2		0
246.867		294.931		2934		2		0
192		293.998		2983		2		0
195.772		291.733		0		2		0
Frame 110
260.511		269.366		3331		2		0
228.476		271.015		3249		2		0
195.458		272.796		3239		2		0
178.742		277.458		3153		2		0
194.837		287.585		3355		1		0
222.228		283.292		3067		1		0
248.503		291.444		2948		2		0
249.522		293.668		2932		2		0
203.539		259.998		3204		2		0
223.448		279.261		3064		2		0
200.086		292.606		2996		2		0
193.502		293.998		2976		1		0
259.773		277.298		3306		2		0
299.149		279.358		3125		2		0
350.154		282.866		3222		1		0
355.289		295.232		3078		1		0
261.239		261.549		3322		2		0
315.315		276.134		3150		2		0
362.523		276.665		3259		2		0
369.496		286.268		3208		2		0
203.843		272.36		3239		2		0
252.886		297.28		2880		2		0
244.616		297.616		2989		2		0
192		295		2957		2		0
195		293.999		2984		2		0
Frame 111
260.42		269.678		3333		2		0
228.418		271.101		3257		2		0
195.428		272.793		3233		2		0
178.539		277.804		3162		2		0
194.828		287.555		3355		1		0
222.22		283.26		3067		1		0
247.457		293.154		2927		1		0
249.498		294.368		2933		2		0
203.543		259.981		3202		2		0
224.593		278.154		3094		2		0
201.227		290.005		3031		2		0
193.501		293.998		2993		1		0
259.69		277.522		3296		2		0
299.115		279.361		3117		2		0
350.342		283.244		3224		1		0
355.44		295.634		3070		1		0
261.146		261.939		3336		2		0
315.037		276.002		3152		2		0
362.513		276.728		3258		2		0
369.53		286.35		3197		2		0
203.807		272.369		3242		2		0
253.256		297.499		2892		2		0
245.484		298.078		2950		2		0
192		295		2965		2		0
193.998		293.749		2993		1		0
Frame 112
260.426		269.729		3325		2		0
228.631		271.263		3243		2		0
196.21		273.12		3234		2		0
178.97		278.034		3148		2		0
195.772		287.793		3323		1		0
223.211		283.514		3071		1		0
248.056		293.461		2927		1		0
250.32		294.808		2934		2		0
203.539		259.98		3208		2		0
229.605		279.243		3246		2		0
209.631		285.04		3058		2		0
199.199		291.82		3009		1		0
259.711		277.564		3297		2		0
299.124		279.338		3109		2		0
350.411		283.291		3228		1		0
355.525		295.66		3078		1		0
261.13		262.011		3333		2		0
315.033		276.005		3164		2		0
362.306		276.706		3284		2		0
369.417		286.263		0		2		0
204.385		272.643		3239		2		0
253.891		297.222		2887		2		0
247.351		297.927		2906		2		0
192.334		294.667		2957		2		0
202.706		290.411		3010		2		0
Frame 113
260.423		269.875		3318		2		0
228.582		271.29		3251		2		0
195.971		272.991		3243		2		0
178.94		278.068		3161		2		0
195.546		287.621		3320		1		0
222.984		283.33		3066		1		0
248.691		293.047		2922		1		0
250.113		293.692		2937		2		0
203.532		259.971		3208		2		0
223.226		282.979		3073		2		0
203.672		291.524		3003		1		0
196.441		294.683		2977		1		0
259.636		277.627		3298		2		0
299.091		279.332		3125		2		0
350.286		283.104		3223		1		0
355.364		295.448		3078		1		0
261.269		262.3		3337		2		0
315.046		276.018		3166		2		0
362.315		276.721		3263		2		0
369.332		286.359		3249		2		0
204.224		272.575		3237		2		0
253.338		297.237		2879		2		0
247.649		296.187		2920		2		0
189.004		297.79		2960		1		0
188.642		297.612		2958		1		0
Frame 114
260.27		269.772		3333		2		0
228.491		271.246		3250		2		0
195.799		272.924		3248		2		0
178.845		278.105		3161		2		0
195.392		287.536		3320		1		0
222.829		283.238		3060		1		0
247.812		293.081		2940		1		0
251.004		294.124		2938		2		0
203.526		259.956		3203		2		0
224.288		278.206		3097		2		0
203.09		284.348		3245		1		0
208.654		288.064		3014		2		0
259.324		277.444		3301		2		0
298.075		279.29		3124		2		0
349.259		283.173		3218		1		0
354.357		295.505		3064		1		0
261.121		262.163		3331		2		0
315.05		276.021		3152		2		0
362.322		276.783		3260		2		0
369.389		286.493		3233		2		0
204.083		272.514		3235		2		0
253.559		297.388		2887		2		0
248.581		296.909		2922		2		0
193.637		294.088		2977		2		0
215.333		280.333		3093		2		0
Frame 115
260.739		269.536		3339		2		0
228.828		271.263		3242		2		0
196.121		273.146		3232		2		0
178.921		278.196		3155		2		0
195.729		287.722		3329		1		0
223.177		283.437		3083		1		0
247.907		293.184		2937		1		0
250.923		293.922		2941		2		0
203.661		260.115		3204		2		0
224.312		278.483		3097		2		0
199.142		290.426		3053		2		0
197.788		292.227		3011		1		0
260.222		277.272		3285		2		0
303.928		279.354		3106		1		0
354.35		283.666		3239		1		0
371.439		287.25		3206		2		0
261.459		261.825		3335		2		0
314.912		276.035		3141		2		0
362.287		276.981		3245		2		0
369.452		286.742		3228		2		0
204.391		272.669		3224		2		0
253.814		297.312		2892		2		0
248.57		297.996		2909		2		0
192.334		294.667		2960		2		0
198.333		291.554		3028		2		0
Frame 116
260.819		269.558		3339		2		0
228.809		271.252		3256		2		0
195.77		273.003		3235		2		0
178.869		278.15		3159		2		0
195.408		287.57		3324		1		0
222.841		283.275		3061		1		0
247.675		293.127		2937		1		0
251.02		293.692		2952		2		0
203.588		260.042		3208		2		0
223.12		283.376		3064		2		0
204.826		262.544		3201		2		0
201.443		259.405		3216		1		0
260.224		277.282		3297		2		0
303.989		279.385		3112		1		0
354.458		283.797		3219		1		0
371.439		287.489		3214		2		0
261.666		261.876		3327		2		0
314.915		276.042		3138		2		0
362.526		277.172		3244		2		0
369.547		287.006		3270		2		0
204.164		272.573		3225		2		0
253.836		297.166		2885		2		0
247.889		296.422		2910		2		0
196.005		254.997		3253		2		0
206.128		254.842		3272		2		0
Frame 117
261.019		269.863		3320		2		0
228.801		271.315		3246		2		0
195.669		272.991		3243		2		0
178.804		278.172		3154		2		0
195.323		287.539		3324		1		0
222.755		283.242		3057		1		0
248.457		292.92		2931		1		0
250.176		293.698		2940		2		0
203.546		259.99		3197		2		0
223.18		279.839		3077		2		0
206.895		258.447		3228		1		0
202.77		256.975		3228		1		0
260.207		277.408		3295		2		0
304.229		280.004		3099		1		0
354.721		283.93		3248		1		0
371.473		287.532		3215		2		0
262.26		262.49		3332		2		0
314.923		276.071		3140		2		0
362.506		277.234		3248		2		0
369.415		287.135		3263		2		0
204.092		272.578		3241		2		0
253.425		297.418		2888		2		0
248.168		297.496		2905		2		0
198.094		254.214		3229		2		0
210.862		251.861		3346		2		0
Frame 118
261.005		269.853		3325		2		0
228.908		271.395		3248		2		0
196.187		273.329		3226		2		0
178.88		278.362		3143		2		0
195.384		287.571		3331		1		0
222.82		283.275		3060		1		0
248.168		293.086		2916		1		0
250.971		293.893		2937		2		0
203.504		259.959		3198		2		0
233.601		278.65		3251		2		0
209.452		281.223		3229		2		0
209.081		287.962		3007		1		0
260.241		277.565		3293		2		0
299.491		279.423		3118		2		0
351.222		284.137		3212		1		0
356.344		296.578		3077		1		0
262.022		262.295		3320		2		0
314.897		276.073		3137		2		0
361.99		276.947		3275		2		0
369.191		286.798		3262		2		0
204.45		272.822		3216		2		0
253.671		297.386		2887		2		0
247.816		295.72		2920		2		0
193.874		294.123		2971		2		0
207.17		285.852		0		2		0
Frame 119
260.912		269.864		3323		2		0
228.781		271.383		3238		2		0
195.875		273.202		3230		2		0
178.661		278.391		3156		2		0
195.093		287.417		3322		1		0
222.518		283.111		3069		1		0
249.238		291.302		2951		1		0
250.633		294.148		2930		1		0
203.5		259.949		3207		2		0
226.411		279.436		3109		2		0
202.131		282.567		3260		2		0
202.878		290.296		3020		1		0
260.168		277.591		3296		2		0
299.504		279.29		3125		2		0
351.221		284.095		3210		1		0
356.323		296.54		3069		1		0
261.831		262.272		3333		2		0
314.835		276.071		3132		2		0
361.893		276.967		3255		2		0
369.16		286.778		3190		2		0
204.199		272.736		3231		2		0
253.226		297.61		2882		2		0
249.123		298.374		2898		2		0
192.666		294.332		2965		2		0
203.575		288.867		0		2		0
Frame 120
260.82		269.75		3324		2		0
228.666		271.282		3258		2		0
195.646		273.042		3232		2		0
179.625		277.793		3153		2		0
195.003		287.346		3317		1		0
222.424		283.036		3066		1		0
248.639		292.482		2939		1		0
250.778		293.838		2944		2		0
203.497		259.944		3204		2		0
226.244		279.557		3112		2		0
204.058		287.449		0		2		0
203.559		290.477		3010		1		0
260.057		277.451		3301		2		0
299.317		279.293		3125		2		0
351.018		284.159		3202		1		0
356.115		296.606		3075		1		0
261.672		262.104		3331		2		0
314.836		276.07		3160		2		0
361.968		277.014		3252		2		0
369.206		286.915		0		2		0
204.003		272.593		3233		2		0
253.559		297.387		2889		2		0
248.502		297.29		2914		2		0
192.333		294.666		2966		2		0
202.752		289.324		3056		2		0
Frame 121
260.627		269.655		3329		2		0
228.539		271.219		3254		2		0
195.526		272.973		3241		2		0
179.829		277.841		3156		2		0
194.945		287.312		3346		1		0
222.367		282.999		3067		1		0
248.697		292.459		2930		1		0
250.228		293.742		2939		2		0
203.499		259.922		3197		2		0
223.728		280.047		3086		2		0
194.501		291.083		0		2		0
193.93		293.763		2983		1		0
259.837		277.33		3302		2		0
299.052		279.355		3125		2		0
350.775		284.189		3210		1		0
355.886		296.633		3066		1		0
261.444		262.013		3319		2		0
314.833		276.068		3142		2		0
361.945		276.972		3265		2		0
369.003		286.998		3246		2		0
203.881		272.526		3237		2		0
253.691		297.435		2893		2		0
248.149		297.067		2909		2		0
192		294.499		2969		2		0
194.179		292.829		3031		2		0
Frame 122
260.726		269.706		3326		2		0
228.541		271.22		3243		2		0
195.452		272.924		3238		2		0
179.864		277.851		3152		2		0
194.929		287.301		3345		1		0
222.35		282.988		3061		1		0
248.491		292.598		2934		1		0
250.168		293.735		2943		2		0
203.501		259.919		3210		2		0
223.627		279.86		3084		2		0
194.314		290.816		3290		1		0
193.927		293.765		2987		1		0
260.031		277.493		3294		2		0
299.259		279.373		3120		2		0
351.273		284.986		3204		1		0
356.399		297.489		3062		1		0
261.484		262.013		3324		2		0
314.81		276.064		3138		2		0
361.826		277.029		3256		2		0
368.935		286.97		3255		2		0
203.84		272.499		3232		2		0
253.708		297.293		2889		2		0
247.113		295.719		2921		2		0
192.129		294.479		2987		2		0
194.065		292.772		3018		2		0
Frame 123
260.656		269.8		3320		2		0
228.626		271.359		3251		2		0
195.957		273.219		3231		2		0
180.383		278.001		3139		2		0
195.074		287.385		3313		1		0
222.5		283.077		3062		1		0
248.717		292.609		2937		1		0
250.023		293.756		2950		2		0
203.496		259.91		3191		2		0
223.53		282.399		3075		2		0
193.902		293.441		2981		1		0
193.5		293.998		2981		1		0
259.964		277.619		3296		2		0
299.245		279.373		3122		2		0
351.289		285.12		3197		1		0
356.4		297.628		3066		1		0
261.399		262.08		3332		2		0
314.774		276.078		3136		2		0
362.08		277.162		3238		2		0
368.85		287.355		3256		2		0
204.191		272.744		3227		2		0
253.477		297.315		2887		2		0
247.614		294.527		2926		2		0
192		295		2962		2		0
193.167		293.333		2981		2		0
Frame 124
260.578		269.913		3326		2		0
228.533		271.392		3254		2		0
195.689		273.121		3231		2		0
180.368		278.003		3143		2		0
194.916		287.318		3339		1		0
222.338		283.005		3065		1		0
248.634		292.57		2936		1		0
249.781		293.438		2927		2		0
203.501		259.899		3206		2		0
223.645		278.622		3089		2		0
193.749		271.059		3243		2		0
186.038		276.354		3145		1		0
259.802		277.813		3301		2		0
299.223		279.366		3117		2		0
351.193		284.81		3220		1		0
356.283		297.297		3057		1		0
261.322		262.21		3332		2		0
314.771		276.079		3135		2		0
362.085		277.146		3238		2		0
368.703		287.329		3243		2		0
203.992		272.693		3235		2		0
253.559		297.387		2886		2		0
247.296		295.578		2920		2		0
176.632		279.683		3147		2		0
177.548		274.452		3161		2		0
Frame 125
260.561		269.965		3328		2		0
228.681		271.58		3251		2		0
196.251		273.55		3234		2		0
180.661		278.161		3148		2		0
195.06		287.416		3323		1		0
222.487		283.109		3058		1		0
248.445		292.761		2928		1		0
250.402		294.239		2935		2		0
203.477		259.868		3213		2		0
223.856		278.556		3089		2		0
194.098		270.773		3255		2		0
186.715		276.11		3147		1		0
259.783		277.897		3301		2		0
299.264		279.364		3118		2		0
351.309		285.096		3206		1		0
356.411		297.595		3064		1		0
261.309		262.234		3323		2		0
314.721		276.082		3143		2		0
361.377		276.626		3259		2		0
368.553		287.453		3280		2		0
204.419		273.047		3236		2		0
253.559		297.387		2888		2		0
247.161		296.611		2912		2		0
177.625		278.123		3156		2		0
179.993		278.003		3152		2		0
Frame 126
260.506		269.878		3335		2		0
228.575		271.475		3257		2		0
195.863		273.276		3234		2		0
180.613		278.137		3145		2		0
194.857		287.266		3348		1		0
222.276		282.95		3064		1		0
247.432		292.842		2946		1		0
251.111		293.966		2939		2		0
203.476		259.865		3207		2		0
223.818		278.557		3091		2		0
206.247		297.242		2992		1		0
193.8		294.099		2971		1		0
259.681		277.557		3289		2		0
298.749		279.344		3119		2		0
350.825		285.22		3210		1		0
355.908		297.728		3054		1		0
261.241		262.16		3325		2		0
314.381		275.953		3155		2		0
361.385		276.66		3259		2		0
368.444		287.475		0		2		0
204.136		272.83		3227		2		0
253.533		297.527		2892		2		0
248.199		297.796		2908		2		0
192		295		2968		2		0
193.501		295		2970		2		0
Frame 127
260.435		269.978		3321		2		0
228.476		271.508		3259		2		0
195.634		273.213		3233		2		0
180.562		278.061		3151		2		0
194.815		287.257		3353		1		0
222.232		282.94		3067		1		0
247.309		292.86		2947		1		0
251.242		294.504		2931		2		0
203.491		259.873		3217		2		0
223.612		278.727		3088		2		0
206.108		297.375		2992		1		0
193.501		294.666		2980		1		0
259.594		277.71		3297		2		0
298.748		279.327		3120		2		0
350.9		285.33		3212		1		0
355.975		297.851		3052		1		0
261.169		262.276		3325		2		0
313.99		275.864		3137		2		0
361.586		276.906		3255		2		0
368.444		287.492		0		2		0
203.948		272.796		3242		2		0
254.079		297.308		2886		2		0
248.998		298.109		2904		2		0
192.499		295		2971		2		0
193.329		295.326		2963		1		0
Frame 128
260.514		269.88		3331		2		0
228.471		271.464		3264		2		0
195.528		273.151		3225		2		0
180.546		278.015		3143		2		0
194.794		287.235		3345		1		0
222.211		282.917		3066		1		0
247.205		292.935		2941		1		0
250.3		294.163		2937		2		0
203.495		259.861		3206		2		0
230.562		280.587		3247		2		0
205.666		270.321		3214		2		0
196.89		266.715		3255		1		0
259.69		277.641		3303		2		0
298.844		279.316		3121		2		0
351.081		285.402		3201		1		0
356.18		297.933		3063		1		0
261.258		262.13		3327		2		0
314.15		275.888		3155		2		0
361.683		276.957		3272		2		0
368.441		287.483		3272		2		0
203.877		272.737		3234		2		0
253.533		297.528		2890		2		0
248.996		297.815		2909		2		0
195.908		266.977		3261		1		0
196.596		267.593		3267		1		0
Frame 129
260.515		269.875		3329		2		0
228.611		271.554		3241		2		0
196.136		273.563		3233		2		0
180.821		278.188		3141		2		0
195.636		287.736		3325		1		0
223.082		283.451		3071		1		0
247.781		293.256		2935		1		0
250.039		293.874		2943		2		0
203.494		259.858		3207		2		0
224.375		278.326		3097		2		0
198.315		266.476		3239		1		0
189.198		262.345		0		2		0
259.733		277.65		3293		2		0
298.954		279.349		3118		2		0
351.216		285.49		3203		1		0
356.328		298.012		3051		1		0
261.247		262.12		3322		2		0
314.25		275.933		3149		2		0
361.704		276.962		3266		2		0
368.414		287.488		0		2		0
204.32		273.037		3234		2		0
253.69		297.437		2885		2		0
248.104		296.983		2917		2		0
188.187		262.598		0		1		0
188.898		263.228		0		1		0
Frame 130
260.681		269.985		3333		2		0
228.74		271.656		3254		2		0
196.171		273.602		3241		2		0
180.927		278.197		3146		2		0
195.628		287.734		3317		1		0
223.074		283.449		3067		1		0
247.803		293.261		2936		1		0
250.451		294.119		2931		2		0
203.486		259.843		3208		2		0
231.023		278.782		3231		2		0
209.004		283.529		0		2		0
212.083		286.779		3018		2		0
259.819		277.717		3296		2		0
299.01		279.307		3114		2		0
351.273		285.492		3208		1		0
356.366		298.01		3046		1		0
261.644		262.352		3326		2		0
314.381		275.977		3145		2		0
361.684		276.942		3264		2		0
368.364		287.484		3263		2		0
204.377		273.093		3235		2		0
253.559		297.332		2886		2		0
248.398		297.186		2906		2		0
200.498		291		3011		2		0
213.457		289.597		3022		2		0
Frame 131
260.658		269.998		3324		2		0
228.691		271.63		3246		2		0
195.958		273.406		3236		2		0
180.921		278.181		3141		2		0
195.143		287.311		3322		1		0
222.586		282.997		3064		1		0
248.761		292.817		2942		1		0
249.753		293.256		2935		2		0
203.487		259.841		3206		2		0
223.747		280.978		3078		2		0
195.965		291.995		0		2		0
193.616		293.844		2988		1		0
259.813		277.728		3290		2		0
298.992		279.306		3126		2		0
351.273		285.577		3205		1		0
356.378		298.092		3052		1		0
261.553		262.361		3319		2		0
314.417		275.974		3139		2		0
361.672		276.945		3255		2		0
368.413		287.452		3215		2		0
204.227		272.96		3232		2		0
253.559		297.388		2888		2		0
247.526		294.99		2924		2		0
192		295		2963		2		0
194.377		295.033		2982		1		0
Frame 132
260.637		270.009		3328		2		0
228.609		271.592		3242		2		0
195.688		273.226		3225		2		0
180.909		278.113		3149		2		0
195.001		287.228		3332		1		0
222.438		282.908		3066		1		0
247.785		293.018		2941		1		0
250.897		294.051		2939		2		0
203.488		259.84		3203		2		0
223.425		280.535		3072		2		0
197.123		293.519		3000		2		0
193.501		293.999		2977		1		0
259.746		277.629		3301		2		0
298.822		279.295		3122		2		0
351.092		285.606		3201		1		0
356.181		298.122		3051		1		0
261.474		262.562		3326		2		0
314.336		276.041		3149		2		0
361.778		276.996		3248		2		0
368.473		287.304		3204		2		0
204.016		272.824		3229		2		0
253.69		297.436		2892		2		0
248.498		297.62		2913		2		0
192		294.5		2967		2		0
193.834		294.666		2969		2		0
Frame 133
260.6		269.926		3335		2		0
228.539		271.538		3245		2		0
195.56		273.202		3236		2		0
180.898		278.085		3151		2		0
194.966		287.228		3351		1		0
222.401		282.908		3062		1		0
247.587		293.007		2943		1		0
250.934		293.992		2940		2		0
203.451		259.828		3206		2		0
223.492		279.538		3091		2		0
201.117		295.763		2992		1		0
193.617		293.844		2972		1		0
259.627		277.478		3293		2		0
298.819		279.277		3111		2		0
351.086		285.641		3202		1		0
356.179		298.156		3054		1		0
261.478		262.444		3340		2		0
314.002		276.201		3134		1		0
362.184		277.186		3266		2		0
368.589		287.636		0		2		0
203.903		272.789		3235		2		0
253.629		297.56		2891		2		0
248.665		298.332		2900		2		0
192		295		2965		2		0
193.501		295		2965		2		0
Frame 134
260.484		269.673		3345		2		0
228.437		271.403		3251		2		0
195.455		273.148		3238		2		0
180.925		277.934		3150		2		0
194.947		287.22		3344		1		0
222.38		282.9		3070		1		0
249.117		291.092		2951		1		0
250.171		294.625		2944		2		0
203.443		259.826		3202		2		0
223.92		279.069		3091		2		0
203.554		295.071		2993		1		0
193.501		293.999		2978		1		0
259.613		277.323		3299		2		0
298.781		279.181		3122		2		0
351.029		285.605		3204		1		0
356.171		298.117		3052		1		0
261.213		261.997		3324		2		0
314.007		276.206		3156		2		0
362.196		277.21		3257		2		0
368.362		287.579		3284		2		0
203.8		272.717		3241		2		0
253.336		297.785		2900		2		0
249.088		297.908		2901		2		0
192		294.5		2969		2		0
193.5		295		2971		2		0
Frame 135
260.487		269.754		3323		2		0
228.47		271.494		3250		2		0
195.59		273.299		3242		2		0
180.963		277.956		3156		2		0
195.002		287.278		3319		1		0
222.431		282.962		3068		1		0
248.841		292.379		2939		1		0
251.053		293.934		2947		2		0
203.431		259.806		3204		2		0
223.086		282.83		3072		2		0
192.547		288.959		3336		2		0
193.498		293.997		2999		1		0
259.699		277.658		3294		2		0
299.098		279.212		3121		2		0
351.194		284.974		3202		1		0
356.288		297.455		3061		1		0
261.189		262.124		3337		2		0
314.112		276.208		3151		2		0
362.373		277.277		3256		2		0
368.416		287.581		3232		2		0
203.898		272.848		3231		2		0
253.815		297.311		2888		2		0
248.408		298.106		2900		2		0
192		294.916		2984		2		0
194.2		294.6		2980		2		0
