EndUpSit
Frame 0
261.147		245.169		1612		2		4
261.484		186.606		1663		2		4
261.816		126.998		1688		2		4
258.986		93.5271		1584		2		4
231.509		145.051		1712		2		4
224.474		198.963		1779		2		4
216.144		242.158		1744		2		4
216.044		253.026		1744		2		4
288.323		146.212		1712		2		4
301.135		198.985		1777		2		4
318.148		239.743		1749		2		4
317.257		247.003		1746		2		4
248.443		245.842		1710		2		4
251.444		312.055		1844		2		4
253.406		373.366		1884		2		4
238.696		388.132		1940		2		4
273.839		244.518		1704		2		4
278.625		322.23		1885		2		4
278.887		378.324		1884		2		4
291.468		388.222		1941		2		4
261.735		142.034		1691		2		4
217.307		261.589		1747		2		4
209.706		250.94		1764		2		4
317.997		262		1765		2		4
311.332		245.222		1773		2		4
Frame 1
261.148		245.171		1612		2		4
261.483		186.605		1662		2		4
261.813		126.995		1691		2		4
258.987		93.5366		1584		2		4
231.507		145.048		1712		2		4
224.457		198.934		1780		2		4
215.898		242.094		1743		2		4
215.917		253.024		1734		2		4
288.355		146.19		1711		2		4
301.066		198.941		1774		2		4
318.01		239.737		1752		2		4
316.808		247.124		1746		2		4
248.442		245.841		1710		2		4
251.484		312.017		1846		2		4
249.216		369.951		1881		2		4
236.747		387.284		1953		2		4
273.842		244.524		1707		2		4
278.362		322.27		1884		2		4
279.363		378.877		1886		2		4
291.594		388.245		1938		2		4
261.732		142.031		1693		2		4
216.955		261.388		1745		2		4
209.688		250.991		1761		2		4
317.766		261.692		1761		2		4
311.268		246.105		1768		2		4
Frame 2
261.166		245.152		1615		2		4
261.488		186.596		1662		2		4
261.809		126.996		1688		2		4
258.987		93.5553		1583		2		4
231.501		145.047		1711		2		4
224.432		198.917		1780		2		4
215.721		242.055		1740		2		4
215.509		253.184		1736		2		4
288.332		146.204		1710		2		4
300.965		198.876		1775		2		4
317.802		239.735		1741		2		4
316.388		247.304		1740		2		4
248.459		245.827		1709		2		4
251.181		303.414		1817		2		4
251.127		371.615		1881		2		4
237.638		387.878		1945		2		4
273.861		244.497		1704		2		4
278.364		322.242		1885		2		4
278.562		378.207		1886		2		4
291.559		388.26		1938		2		4
261.731		142.029		1694		2		4
216.565		261.556		1744		2		4
209.854		252.398		1745		2		4
317.21		261.858		1754		2		4
310.249		244.251		1775		2		4
Frame 3
261.174		245.151		1615		2		4
261.49		186.595		1664		2		4
261.802		126.997		1689		2		4
258.985		93.5646		1586		2		4
231.489		145.039		1710		2		4
224.378		198.891		1777		2		4
215.509		242.001		1738		2		4
215.154		253.258		1735		2		4
288.312		146.209		1709		2		4
300.863		198.851		1772		2		4
317.499		239.815		1744		2		4
316.072		247.217		1737		2		4
248.469		245.826		1710		2		4
251.185		303.425		1816		2		4
252.219		372.775		1885		2		4
238.132		388.261		1943		2		4
273.867		244.496		1705		2		4
278.258		322.244		1886		2		4
278.174		377.999		1891		2		4
291.66		388.376		1937		2		4
261.726		142.029		1690		2		4
216.514		261.444		1741		2		4
209.528		252.261		1747		2		4
316.852		261.927		1757		2		4
310		246.496		0		2		4
Frame 4
261.188		245.187		1618		2		4
261.493		186.61		1664		2		4
261.798		127		1693		2		4
258.984		93.5782		1589		2		4
231.487		145.037		1709		2		4
224.339		198.9		1779		2		4
215.25		241.968		1737		2		4
215.035		253.203		1733		2		4
288.287		146.21		1712		2		4
300.77		198.797		1771		2		4
317.183		239.872		1739		2		4
315.77		247.336		1736		2		4
248.479		245.851		1711		2		4
252.302		312.703		1853		2		4
252.262		373.172		1882		2		4
238.064		388.491		1941		2		4
273.884		244.544		1705		2		4
277.957		322.29		1886		2		4
277.37		379.423		1885		2		4
291.611		388.423		1932		2		4
261.724		142.035		1693		2		4
216.248		261.47		1738		2		4
209.29		251.707		1744		2		4
316.382		262.769		1742		2		4
309.94		245.64		1769		2		4
Frame 5
261.247		245.201		1616		2		4
261.514		186.613		1664		2		4
261.796		126.999		1690		2		4
258.987		93.6099		1588		2		4
231.484		145.031		1713		2		4
224.304		198.859		1778		2		4
215.067		241.895		1737		2		4
215.15		253.284		1731		2		4
288.275		146.215		1712		2		4
300.662		198.784		1771		2		4
316.927		239.936		1734		2		4
315.607		247.412		1731		2		4
248.541		245.869		1712		2		4
252.255		312.705		1852		2		4
252.216		373.144		1882		2		4
238.067		388.513		1947		2		4
273.939		244.553		1708		2		4
278.682		322.05		1889		2		4
277.399		378.228		1888		2		4
292.556		388.656		1939		2		4
261.727		142.035		1694		2		4
216.753		261.474		1736		2		4
209.332		251.664		1739		2		4
315.709		262.57		1746		2		4
309.399		243.999		1782		2		4
Frame 6
261.297		245.238		1609		2		4
261.528		186.623		1664		2		4
261.794		127		1691		2		4
258.991		93.5981		1586		2		4
231.479		145.027		1713		2		4
224.284		198.814		1778		2		4
214.938		241.828		1737		2		4
214.92		253.147		1723		2		4
288.252		146.229		1710		2		4
300.567		198.744		1768		2		4
316.681		239.977		1728		2		4
315.277		247.86		1726		2		4
248.586		245.915		1710		2		4
252.088		312.465		1853		2		4
252.277		373.047		1879		2		4
238.132		388.408		1939		2		4
273.995		244.581		1707		2		4
278.26		322.14		1887		2		4
278.495		378.155		1888		2		4
292.447		388.673		1937		2		4
261.729		142.037		1693		2		4
215.953		261.388		1725		2		4
209.279		251.032		1734		2		4
315.496		263.082		1731		2		4
309.1		246.501		1757		2		4
Frame 7
261.346		245.294		1620		2		4
261.542		186.645		1663		2		4
261.787		127.003		1691		2		4
258.992		93.5916		1589		2		4
231.475		145.03		1715		2		4
224.258		198.791		1775		2		4
214.882		241.798		1734		2		4
215.099		253.224		1727		2		4
288.223		146.236		1710		2		4
300.49		198.732		1767		2		4
316.544		239.999		1720		2		4
315.397		247.471		1723		2		4
248.638		245.978		1712		2		4
252.087		312.477		1853		2		4
252.299		373.824		1885		2		4
238.131		389.099		1938		2		4
274.044		244.63		1708		2		4
278.277		322.212		1886		2		4
277.079		379.34		1882		2		4
291.799		388.707		1936		2		4
261.726		142.044		1693		2		4
216.306		261.589		1732		2		4
209.464		251.447		1733		2		4
315.528		262.665		1738		2		4
309.2		245.502		1747		2		4
Frame 8
261.383		245.275		1616		2		4
261.558		186.636		1666		2		4
261.785		126.999		1693		2		4
259.005		93.5767		1594		2		4
231.468		145.027		1717		2		4
224.235		198.747		1778		2		4
214.826		241.75		1735		2		4
215.259		253.205		1726		2		4
288.204		146.246		1712		2		4
300.462		198.75		1768		2		4
316.458		240.049		1727		2		4
315.261		248.206		1721		2		4
248.676		245.97		1712		2		4
250.846		303.507		1818		2		4
252.229		372.723		1886		2		4
238.429		388.367		1951		2		4
274.078		244.598		1709		2		4
278.324		322.15		1892		2		4
277.112		379.51		1881		2		4
291.8		388.518		1945		2		4
261.728		142.04		1695		2		4
216.303		261.589		1729		2		4
209.538		251.722		1734		2		4
315.526		263.235		1729		2		4
309		247.503		0		2		4
Frame 9
261.395		245.296		1619		2		4
261.563		186.64		1664		2		4
261.782		126.986		1690		2		4
258.998		93.5944		1588		2		4
231.472		145.023		1713		2		4
224.23		198.697		1777		2		4
214.751		241.684		1733		2		4
215.385		252.89		1722		2		4
288.187		146.257		1711		2		4
300.432		198.746		1766		2		4
316.378		240.084		1723		2		4
315.557		247.613		1718		2		4
248.687		245.983		1713		2		4
252.21		312.159		1857		2		4
252.35		373.369		1881		2		4
238.332		388.797		1943		2		4
274.091		244.625		1709		2		4
277.791		322.258		1889		2		4
277.891		380.062		1882		2		4
291.611		388.632		1941		2		4
261.727		142.031		1694		2		4
216.563		261.612		1729		2		4
209.501		250.858		1738		2		4
315.66		263		1736		2		4
309.199		246.802		1750		2		4
Frame 10
261.412		245.318		1621		2		4
261.572		186.651		1664		2		4
261.784		126.987		1694		2		4
258.994		93.5827		1590		2		4
231.469		145.024		1719		2		4
224.22		198.668		1778		2		4
214.752		241.663		1734		2		4
215.699		252.649		1720		2		4
288.181		146.26		1715		2		4
300.435		198.752		1766		2		4
316.361		240.104		1720		2		4
315.61		247.546		1717		2		4
248.701		245.995		1713		2		4
252.17		311.798		1850		2		4
252.737		373.254		1883		2		4
238.587		388.542		1945		2		4
274.112		244.658		1709		2		4
277.656		322.334		1894		2		4
277.672		377.732		1888		2		4
291.311		388.434		1938		2		4
261.73		142.034		1695		2		4
217.076		261.626		1732		2		4
209.968		251.418		1737		2		4
315.661		263		1734		2		4
309.5		243.161		1767		2		4
Frame 11
261.429		245.337		1625		2		4
261.572		186.667		1668		2		4
261.768		126.996		1694		2		4
258.992		93.5587		1591		2		4
231.467		145.032		1718		2		4
224.213		198.627		1779		2		4
214.796		241.634		1734		2		4
215.874		252.708		1722		2		4
288.171		146.268		1708		2		4
300.455		198.728		1765		2		4
316.313		240.122		1726		2		4
315.564		248.092		1716		2		4
248.723		246.019		1716		2		4
252.162		312.006		1855		2		4
252.545		373.762		1882		2		4
238.442		389.025		1926		2		4
274.126		244.672		1712		2		4
277.788		322.38		1894		2		4
278.894		378.051		1889		2		4
290.212		388.31		1942		2		4
261.718		142.045		1695		2		4
216.774		261.53		1726		2		4
210.219		251.85		1734		2		4
315.621		263.313		1725		2		4
309.413		245.346		1757		2		4
Frame 12
261.457		245.38		1615		2		4
261.583		186.683		1665		2		4
261.767		126.995		1691		2		4
258.977		93.5573		1590		2		4
231.463		145.032		1716		2		4
224.218		198.631		1778		2		4
214.91		241.665		1736		2		4
216.065		252.721		1728		2		4
288.164		146.276		1711		2		4
300.467		198.719		1767		2		4
316.305		240.144		1718		2		4
315.842		247.398		1718		2		4
248.74		246.026		1714		2		4
252.129		311.939		1850		2		4
252.643		373.678		1882		2		4
238.475		388.858		1945		2		4
274.167		244.775		1708		2		4
277.658		322.403		1894		2		4
278.519		377.876		1891		2		4
290.516		388.314		1937		2		4
261.72		142.048		1695		2		4
217.365		261.707		1731		2		4
210.028		251.262		1736		2		4
315.994		262.934		1735		2		4
309.5		243.687		0		2		4
Frame 13
261.457		245.37		1622		2		4
261.585		186.68		1668		2		4
261.769		126.998		1694		2		4
258.971		93.5583		1591		2		4
231.458		145.032		1717		2		4
224.225		198.635		1778		2		4
214.996		241.689		1738		2		4
216.347		253.127		1728		2		4
288.158		146.284		1708		2		4
300.477		198.721		1765		2		4
316.313		240.15		1722		2		4
315.838		248.299		1715		2		4
248.743		246.019		1713		2		4
252.092		311.882		1850		2		4
252.772		373.774		1879		2		4
238.514		388.875		1949		2		4
274.163		244.76		1709		2		4
277.666		322.422		1889		2		4
277.825		377.814		1889		2		4
290.931		388.475		1943		2		4
261.722		142.049		1694		2		4
217.364		261.708		1731		2		4
209.907		251.741		0		2		4
315.766		263.693		1725		2		4
309.103		246.335		1754		2		4
Frame 14
261.463		245.334		1618		2		4
261.587		186.67		1668		2		4
261.766		127.006		1695		2		4
258.976		93.5571		1587		2		4
231.466		145.049		1717		2		4
224.229		198.637		1779		2		4
215.12		241.723		1738		2		4
216.385		253.069		1731		2		4
288.156		146.286		1711		2		4
300.524		198.699		1766		2		4
316.337		240.167		1724		2		4
315.972		248.253		1713		2		4
248.752		245.979		1713		2		4
252.048		311.752		1850		2		4
249.071		371.787		1880		2		4
236.412		388.949		1939		2		4
274.165		244.724		1709		2		4
277.622		322.45		1893		2		4
277.72		378.685		1887		2		4
291.865		387.978		1951		2		4
261.72		142.053		1693		2		4
217.069		261.626		1733		2		4
209.999		251.529		0		2		4
316.063		263.467		1718		2		4
310.083		246.581		1744		2		4
Frame 15
261.46		245.323		1616		2		4
261.589		186.667		1667		2		4
261.77		127.007		1694		2		4
258.975		93.5648		1586		2		4
231.467		145.057		1718		2		4
224.25		198.628		1780		2		4
215.297		241.745		1738		2		4
216.695		253.1		1730		2		4
288.276		146.245		1709		2		4
300.564		198.661		1767		2		4
316.363		240.154		1724		2		4
315.975		248.309		1715		2		4
248.743		245.965		1715		2		4
252.053		311.691		1849		2		4
254.695		372.688		1895		2		4
240.052		387.442		1960		2		4
274.164		244.714		1710		2		4
277.881		322.492		1892		2		4
277.455		378.892		1887		2		4
291.823		387.613		1954		2		4
261.724		142.053		1694		2		4
217.358		261.707		1734		2		4
210.763		251.793		1736		2		4
315.996		263.573		1730		2		4
309.77		246.86		1767		2		4
Frame 16
261.483		245.31		1617		2		4
261.597		186.668		1666		2		4
261.765		127.019		1695		2		4
258.978		93.5658		1588		2		4
231.473		145.064		1718		2		4
224.269		198.627		1781		2		4
215.454		241.779		1741		2		4
216.885		252.855		1731		2		4
288.371		146.223		1708		2		4
300.572		198.655		1768		2		4
316.375		240.155		1727		2		4
316.084		248.201		1718		2		4
248.772		245.955		1716		2		4
251.779		303.787		1819		2		4
254.787		372.692		1893		2		4
240.1		387.386		1962		2		4
274.184		244.698		1711		2		4
277.865		322.475		1895		2		4
277.482		379.181		1884		2		4
291.972		387.752		1957		2		4
261.721		142.062		1693		2		4
217.874		261.735		1735		2		4
210.593		251.674		1749		2		4
316.152		263.616		1726		2		4
309.871		245.523		0		2		4
Frame 17
261.47		245.344		1622		2		4
261.593		186.692		1665		2		4
261.763		127.028		1693		2		4
258.974		93.5756		1588		2		4
231.471		145.101		1720		2		4
224.312		198.645		1782		2		4
215.719		241.853		1747		2		4
216.978		252.981		1734		2		4
288.357		146.237		1711		2		4
300.594		198.641		1767		2		4
316.386		240.156		1729		2		4
316.188		248.173		1719		2		4
248.754		245.988		1715		2		4
251.863		311.321		1841		2		4
253.871		372.479		1883		2		4
239.475		387.579		1953		2		4
274.176		244.73		1710		2		4
277.963		322.533		1892		2		4
278.774		378.568		1889		2		4
291.832		387.854		1955		2		4
261.72		142.075		1696		2		4
217.254		261.679		1735		2		4
210.828		251.781		1754		2		4
316.13		263.571		1728		2		4
309.914		245.642		0		2		4
Frame 18
261.527		245.273		1620		2		4
261.613		186.678		1668		2		4
261.762		127.039		1696		2		4
258.976		93.58		1589		2		4
231.476		145.118		1720		2		4
224.379		198.673		1784		2		4
215.936		241.914		1750		2		4
217.059		252.851		1746		2		4
288.448		146.205		1712		2		4
300.594		198.636		1772		2		4
316.448		240.138		1730		2		4
316.295		247.995		1726		2		4
248.814		245.934		1715		2		4
251.84		311.25		1846		2		4
253.87		372.506		1888		2		4
239.474		387.609		1961		2		4
274.228		244.637		1713		2		4
278.167		322.499		1890		2		4
278.451		377.982		1888		2		4
291.863		387.899		1947		2		4
261.722		142.082		1697		2		4
217.589		261.697		1741		2		4
210.895		250.415		1762		2		4
316.135		263.383		1734		2		4
310.075		245.255		1759		2		4
Frame 19
261.602		245.291		1620		2		4
261.642		186.691		1669		2		4
261.762		127.046		1694		2		4
258.974		93.5861		1584		2		4
231.485		145.112		1720		2		4
224.46		198.686		1781		2		4
216.125		241.956		1750		2		4
217.031		252.844		1743		2		4
288.495		146.183		1710		2		4
300.616		198.655		1771		2		4
316.5		240.158		1730		2		4
316.326		247.976		1727		2		4
248.89		245.964		1714		2		4
251.889		311.209		1842		2		4
254.172		372.556		1886		2		4
239.731		387.559		1964		2		4
274.302		244.643		1709		2		4
277.989		322.536		1892		2		4
278.918		378.227		1889		2		4
291.703		388.009		1946		2		4
261.727		142.09		1696		2		4
217.533		261.69		1742		2		4
210.667		250.659		1773		2		4
316.111		263.525		1732		2		4
309.984		245.582		0		2		4
Frame 20
261.656		245.289		1620		2		4
261.669		186.691		1668		2		4
261.766		127.044		1694		2		4
258.973		93.5889		1589		2		4
231.503		145.121		1722		2		4
224.576		198.682		1786		2		4
216.247		241.941		1753		2		4
217.197		252.895		1745		2		4
288.56		146.166		1713		2		4
300.654		198.674		1773		2		4
316.643		240.147		1738		2		4
316.487		247.673		1727		2		4
248.943		245.963		1713		2		4
251.478		303.95		1817		2		4
253.916		372.569		1886		2		4
239.536		387.639		1951		2		4
274.356		244.638		1711		2		4
278.086		322.536		1890		2		4
279.212		378.473		1888		2		4
292.428		388.691		1936		2		4
261.736		142.089		1696		2		4
217.27		261.604		1747		2		4
211.005		251.193		1755		2		4
316.233		263.345		1737		2		4
311.079		248.846		1745		2		4
Frame 21
261.703		245.274		1633		2		4
261.689		186.69		1668		2		4
261.766		127.053		1692		2		4
258.973		93.5973		1588		2		4
231.516		145.137		1720		2		4
224.62		198.737		1786		2		4
216.593		242.065		1750		2		4
217.385		253.042		1749		2		4
288.538		146.176		1711		2		4
300.704		198.743		1775		2		4
316.837		240.171		1735		2		4
316.821		247.14		1730		2		4
248.997		245.951		1717		2		4
251.511		303.952		1816		2		4
253.561		372.808		1888		2		4
239.197		387.783		1965		2		4
274.397		244.618		1710		2		4
278.222		322.526		1890		2		4
278.822		378.234		1888		2		4
291.915		388.695		1939		2		4
261.74		142.096		1696		2		4
217.617		261.696		1747		2		4
210.8		251.696		0		2		4
316.827		262.809		1750		2		4
312.71		245.133		1747		2		4
Frame 22
261.75		245.284		1629		2		4
261.712		186.699		1666		2		4
261.769		127.058		1693		2		4
258.977		93.6044		1586		2		4
231.551		145.143		1722		2		4
224.687		198.753		1784		2		4
216.647		242.073		1754		2		4
217.491		252.965		1746		2		4
288.605		146.148		1712		2		4
300.753		198.739		1775		2		4
316.973		240.12		1740		2		4
317.034		247.188		1733		2		4
249.039		245.966		1716		2		4
252.202		311.595		1846		2		4
253.668		372.974		1885		2		4
241.585		390.339		1928		2		4
274.449		244.622		1712		2		4
278.204		322.553		1888		2		4
279.057		378.54		1888		2		4
292.13		388.612		1929		2		4
261.748		142.102		1698		2		4
217.831		261.55		1748		2		4
212		252.24		1750		2		4
316.82		262.814		1755		2		4
311.286		244.339		1754		2		4
Frame 23
261.817		245.254		1639		2		4
261.746		186.687		1671		2		4
261.773		127.058		1696		2		4
258.98		93.6017		1592		2		4
231.569		145.136		1726		2		4
224.767		198.745		1788		2		4
216.841		242.081		1759		2		4
217.523		252.996		1746		2		4
288.599		146.151		1713		2		4
300.797		198.648		1778		2		4
317.149		239.959		1745		2		4
317.117		247.206		1738		2		4
249.113		245.952		1716		2		4
252.192		311.484		1846		2		4
254.087		373.139		1888		2		4
239.332		387.747		1955		2		4
274.512		244.575		1712		2		4
278.313		322.542		1891		2		4
279.461		378.851		1886		2		4
292.345		388.171		1932		2		4
261.759		142.099		1697		2		4
217.821		261.552		1749		2		4
211.807		251.847		1760		2		4
316.866		262.901		1756		2		4
312.496		248.663		1748		2		4
Frame 24
261.869		245.205		1637		2		4
261.774		186.67		1667		2		4
261.779		127.063		1697		2		4
258.991		93.6031		1590		2		4
231.585		145.133		1720		2		4
224.869		198.766		1787		2		4
216.888		242.081		1755		2		4
217.942		252.958		1745		2		4
288.664		146.113		1714		2		4
300.885		198.655		1779		2		4
317.373		239.896		1743		2		4
317.262		247.081		1737		2		4
249.175		245.906		1717		2		4
251.535		303.888		1818		2		4
254.078		372.46		1892		2		4
239.634		387.007		1954		2		4
274.552		244.522		1715		2		4
278.414		322.513		1890		2		4
278.467		390.2		1867		2		4
292.807		388.567		1937		2		4
261.769		142.1		1697		2		4
217.748		261.558		1753		2		4
211.575		250.922		1772		2		4
317.09		262.715		1746		2		4
311.222		244.222		1765		2		4
Frame 25
261.917		245.18		1647		2		4
261.806		186.658		1670		2		4
261.791		127.059		1697		2		4
258.998		93.6093		1589		2		4
231.596		145.124		1727		2		4
224.965		198.792		1786		2		4
217.002		242.113		1753		2		4
217.92		252.923		1744		2		4
288.64		146.129		1712		2		4
300.988		198.661		1780		2		4
317.524		239.865		1742		2		4
317.316		247.024		1740		2		4
249.228		245.89		1717		2		4
253.154		316.931		1875		2		4
250.597		375.209		1876		2		4
236.108		390.645		1922		2		4
274.595		244.484		1711		2		4
278.518		322.482		1889		2		4
279.395		384.508		1869		2		4
292.75		388.179		1934		2		4
261.786		142.094		1694		2		4
218.479		261.503		1750		2		4
211.573		251.143		1768		2		4
317.027		262.625		1751		2		4
311		245		0		2		4
Frame 26
262.025		245.18		1633		2		4
261.862		186.653		1669		2		4
261.803		127.052		1696		2		4
259.019		93.6119		1592		2		4
231.614		145.112		1724		2		4
225.085		198.785		1788		2		4
217.113		242.095		1756		2		4
218.093		252.913		1752		2		4
288.627		146.134		1715		2		4
301.103		198.628		1779		2		4
317.715		239.798		1746		2		4
317.278		246.918		1743		2		4
249.337		245.902		1718		2		4
252.436		312.997		1851		2		4
254.441		372.767		1889		2		4
240.171		386.711		1974		2		4
274.701		244.47		1714		2		4
278.595		322.509		1890		2		4
279.544		383.131		1881		2		4
292.821		388.119		1936		2		4
261.809		142.088		1697		2		4
218.954		261.388		1749		2		4
211.504		251.267		1764		2		4
317.199		262.579		1749		2		4
313.38		248.686		1749		2		4
Frame 27
262.099		245.147		1624		2		4
261.907		186.642		1669		2		4
261.818		127.053		1693		2		4
259.055		93.6165		1586		2		4
231.63		145.099		1727		2		4
225.152		198.84		1786		2		4
217.162		242.15		1753		2		4
218.059		253.071		1751		2		4
288.621		146.134		1713		2		4
301.213		198.548		1781		2		4
317.858		239.689		1745		2		4
317.558		246.854		1741		2		4
249.408		245.869		1719		2		4
252.407		312.511		1849		2		4
254.842		372.072		1887		2		4
240.77		386.171		1965		2		4
274.777		244.439		1714		2		4
278.65		322.539		1889		2		4
279.005		380.633		1886		2		4
293.263		388.163		1937		2		4
261.831		142.087		1698		2		4
218.457		261.504		1750		2		4
212.664		251.963		1758		2		4
317.209		262.628		1752		2		4
312.164		246.988		1765		2		4
Frame 28
262.211		245.053		1627		2		4
261.96		186.608		1669		2		4
261.829		127.053		1694		2		4
259.088		93.6149		1590		2		4
231.643		145.093		1722		2		4
225.234		198.844		1785		2		4
217.235		242.15		1749		2		4
218.365		253.078		1747		2		4
288.7		146.095		1712		2		4
301.317		198.459		1781		2		4
317.932		239.604		1746		2		4
317.568		246.83		1746		2		4
249.525		245.781		1715		2		4
252.346		312.403		1851		2		4
255.797		372.962		1894		2		4
240.921		386.789		1962		2		4
274.886		244.329		1714		2		4
278.754		322.517		1890		2		4
276.582		378.332		1888		2		4
292.411		387.881		1943		2		4
261.85		142.081		1698		2		4
219.365		261.707		1751		2		4
212.049		251.553		1755		2		4
317.44		262.313		1749		2		4
312.151		246.679		1764		2		4
Frame 29
262.371		244.983		1644		2		4
262.048		186.577		1671		2		4
261.854		127.049		1696		2		4
259.134		93.621		1589		2		4
231.663		145.092		1725		2		4
225.294		198.835		1784		2		4
217.329		242.148		1748		2		4
218.292		252.845		1739		2		4
288.781		146.048		1712		2		4
301.432		198.401		1782		2		4
318.036		239.541		1748		2		4
317.677		246.892		1743		2		4
249.669		245.737		1720		2		4
252.345		312.196		1852		2		4
248.489		369.135		1882		2		4
240.625		389.134		1931		2		4
275.064		244.227		1715		2		4
278.801		322.439		1887		2		4
279.313		380.726		1880		2		4
293.084		387.95		1943		2		4
261.889		142.072		1698		2		4
219.389		261.752		1748		2		4
211.973		251.97		0		2		4
317.285		262.444		1756		2		4
312.905		247.899		1766		2		4
Frame 30
262.459		244.9		1633		2		4
262.106		186.556		1675		2		4
261.877		127.056		1696		2		4
259.192		93.6183		1588		2		4
231.682		145.088		1727		2		4
225.364		198.797		1784		2		4
217.378		242.109		1746		2		4
218.118		252.652		1741		2		4
288.851		146.012		1713		2		4
301.545		198.337		1784		2		4
318.079		239.491		1747		2		4
317.889		246.242		1744		2		4
249.77		245.681		1723		2		4
252.276		312.292		1851		2		4
249.789		374.414		1883		2		4
236.006		390.698		1924		2		4
275.127		244.115		1720		2		4
278.849		322.463		1891		2		4
279.328		380.762		1883		2		4
292.958		388.255		1940		2		4
261.921		142.075		1698		2		4
219.198		261.689		1749		2		4
211.653		251.564		1762		2		4
318.15		261.616		1755		2		4
311.888		243.767		1786		2		4
Frame 31
262.558		244.814		1636		2		4
262.181		186.527		1674		2		4
261.915		127.058		1696		2		4
259.296		93.5745		1588		2		4
231.703		145.085		1729		2		4
225.424		198.729		1785		2		4
217.545		242.058		1745		2		4
218.225		252.749		1739		2		4
288.9		145.989		1714		2		4
301.658		198.248		1784		2		4
318.093		239.428		1748		2		4
317.973		246.191		1745		2		4
249.888		245.61		1722		2		4
252.289		312.315		1850		2		4
249.792		374.446		1879		2		4
235.983		390.704		1916		2		4
275.204		244.016		1717		2		4
278.914		322.488		1886		2		4
279.133		380.827		1878		2		4
292.671		387.636		1947		2		4
261.969		142.071		1698		2		4
219.073		261.563		1747		2		4
212.216		251.611		1746		2		4
318.465		261.601		1749		2		4
312.127		246.07		1770		2		4
Frame 32
262.636		244.627		1644		2		4
262.239		186.478		1674		2		4
261.944		127.067		1696		2		4
259.369		93.5718		1587		2		4
231.729		145.081		1728		2		4
225.512		198.648		1784		2		4
217.602		241.961		1746		2		4
217.815		252.487		1732		2		4
288.954		145.958		1713		2		4
301.795		198.184		1787		2		4
318.16		239.372		1749		2		4
318.225		246.24		1745		2		4
249.979		245.465		1723		2		4
252.307		312.201		1852		2		4
254.653		373.841		1883		2		4
240.365		387.249		1958		2		4
275.26		243.787		1720		2		4
278.94		322.448		1888		2		4
279.541		379.715		1882		2		4
292.608		387.541		1953		2		4
262.004		142.072		1699		2		4
218.2		261.399		1739		2		4
212.207		250.83		1748		2		4
318.114		261.653		1754		2		4
312.124		243.875		1774		2		4
Frame 33
262.79		244.526		1638		2		4
262.36		186.451		1678		2		4
262.016		127.071		1696		2		4
259.476		93.5545		1589		2		4
231.753		145.069		1729		2		4
225.616		198.466		1786		2		4
217.559		241.737		1743		2		4
217.646		251.998		1732		2		4
289.011		145.928		1722		2		4
301.947		198.112		1787		2		4
318.299		239.286		1749		2		4
318.312		246.103		1744		2		4
250.165		245.382		1727		2		4
252.311		312.2		1850		2		4
260.075		372.121		2031		2		4
246.113		383.843		1902		2		4
275.38		243.671		1720		2		4
278.465		322.516		1889		2		4
279.486		380.012		1880		2		4
292.231		387.734		1953		2		4
262.089		142.072		1700		2		4
218.429		261.357		1740		2		4
212.332		253.002		1749		2		4
318.064		261.702		1756		2		4
312.461		242.382		1786		2		4
Frame 34
262.896		244.296		1643		2		4
262.464		186.079		1683		2		4
262.094		126.536		1699		2		4
259.584		93.5233		1593		2		4
231.875		145.003		1733		2		4
225.688		198.268		1791		2		4
217.446		241.458		1747		2		4
217.577		251.922		1736		2		4
288.986		145.983		1719		2		4
302.135		197.949		1790		2		4
318.413		239.121		1754		2		4
318.287		245.795		1748		2		4
250.307		245.17		1729		2		4
252.335		312.053		1852		2		4
254.377		371.816		1890		2		4
239.812		386.653		1966		2		4
275.449		243.427		1730		2		4
278.386		322.529		1886		2		4
276.946		380.309		1887		2		4
292.409		387.592		1954		2		4
262.178		141.58		1704		2		4
219.16		261.385		1746		2		4
212.233		250.462		1746		2		4
318.408		261.557		1756		2		4
312		244.143		0		2		4
Frame 35
263.011		244.234		1630		2		4
262.586		185.963		1686		2		4
262.222		126.351		1694		2		4
259.715		93.4899		1589		2		4
231.896		145.033		1733		2		4
225.757		198.123		1789		2		4
217.391		241.256		1744		2		4
217.705		251.851		1736		2		4
288.981		146.032		1718		2		4
302.264		197.797		1786		2		4
318.534		238.961		1754		2		4
318.535		245.965		1747		2		4
250.438		245.095		1732		2		4
252.365		311.963		1848		2		4
254.19		372.333		1886		2		4
239.7		386.741		1966		2		4
275.55		243.379		1730		2		4
278.477		322.606		1887		2		4
278.159		380.892		1883		2		4
292.905		387.415		1953		2		4
262.305		141.414		1703		2		4
219.318		261.064		1745		2		4
212.112		251.175		1747		2		4
318.342		261.607		1757		2		4
318.399		254.198		1813		2		4
Frame 36
263.161		243.993		1643		2		4
262.663		185.968		1684		2		4
262.308		126.463		1692		2		4
259.857		93.4884		1587		2		4
231.906		144.988		1734		2		4
225.776		197.863		1790		2		4
217.31		240.927		1748		2		4
217.48		251.345		1738		2		4
289.013		146.01		1720		2		4
302.366		197.697		1790		2		4
318.712		238.812		1753		2		4
318.788		244.962		1750		2		4
250.594		244.891		1734		2		4
252.397		311.902		1848		2		4
249.005		369.077		1885		2		4
236.758		386.445		1963		2		4
275.693		243.1		1732		2		4
278.521		322.601		1884		2		4
276.993		380.816		1883		2		4
293.586		387.537		1945		2		4
262.375		141.485		1703		2		4
218.692		260.462		1741		2		4
211.966		251.006		1751		2		4
319.689		259.847		1764		2		4
312.845		244.227		0		2		4
Frame 37
263.259		243.823		1644		2		4
262.704		185.965		1687		2		4
262.331		126.527		1693		2		4
260.002		93.508		1584		2		4
231.914		144.933		1732		2		4
225.744		197.591		1791		2		4
217.18		240.579		1748		2		4
217.286		251.019		1741		2		4
289.051		145.973		1721		2		4
302.479		197.61		1791		2		4
318.841		238.703		1755		2		4
318.976		245.052		1751		2		4
250.705		244.739		1735		2		4
252.398		311.914		1846		2		4
248.79		368.155		1882		2		4
236.452		385.506		1962		2		4
275.775		242.914		1732		2		4
278.545		322.625		1880		2		4
276.537		380.745		1880		2		4
292.442		388.322		1936		2		4
262.397		141.523		1705		2		4
219.005		260.43		1749		2		4
212.249		249.119		1747		2		4
319.568		259.786		1766		2		4
313.2		242.191		1780		2		4
Frame 38
263.307		243.538		1652		2		4
262.764		185.95		1695		2		4
262.369		126.585		1694		2		4
260.138		93.5195		1590		2		4
231.946		144.906		1735		2		4
225.683		197.081		1798		2		4
216.998		239.953		1754		2		4
216.702		245.972		1745		2		4
289.101		145.918		1722		2		4
302.642		197.405		1794		2		4
319.096		238.418		1762		2		4
319.102		244.86		1752		2		4
250.787		244.47		1739		2		4
252.418		311.902		1848		2		4
254.512		374.521		1884		2		4
239.753		387.697		1952		2		4
275.783		242.615		1739		2		4
278.427		322.661		1883		2		4
276.939		379.328		1887		2		4
292.87		388.553		1929		2		4
262.431		141.563		1704		2		4
218.119		259.765		1747		2		4
210.918		246.899		0		2		4
319.661		259.879		1768		2		4
313.176		242.461		1784		2		4
Frame 39
263.285		243.157		1653		2		4
262.787		185.907		1699		2		4
262.388		126.633		1694		2		4
260.215		93.5358		1586		2		4
231.96		144.851		1735		2		4
225.468		196.569		1800		2		4
216.917		239.365		1758		2		4
216.469		245.772		1749		2		4
289.116		145.915		1726		2		4
302.775		196.953		1799		2		4
319.242		237.88		1761		2		4
319.122		244.746		1756		2		4
250.794		244.025		1745		2		4
252.455		311.792		1848		2		4
248.377		368.044		1889		2		4
236.68		385.959		1965		2		4
275.723		242.304		1744		2		4
278.16		322.728		1886		2		4
276.876		379.618		1886		2		4
292.891		388.607		1931		2		4
262.444		141.588		1706		2		4
217.502		259.001		1759		2		4
211.206		248.549		1757		2		4
319.629		259.56		1769		2		4
313.3		241		1786		2		4
Frame 40
263.148		242.803		1655		2		4
262.774		185.611		1702		2		4
262.423		126.481		1696		2		4
260.367		93.5345		1587		2		4
232.052		144.579		1735		2		4
225.222		195.961		1810		2		4
216.289		238.529		1765		2		4
215.65		244.507		1754		2		4
289.174		145.898		1727		2		4
303.087		196.677		1799		2		4
319.409		237.584		1764		2		4
319.436		243.875		1760		2		4
250.68		243.609		1749		2		4
252.38		311.37		1846		2		4
254.634		370.413		1892		2		4
240.811		385.118		1974		2		4
275.559		242.016		1748		2		4
277.802		322.685		1891		2		4
277.212		379.137		1884		2		4
293.106		388.165		1939		2		4
262.481		141.42		1708		2		4
216.126		257.939		1753		2		4
210.419		243.647		1809		2		4
320.088		258.728		1769		2		4
313.729		244.184		1798		2		4
Frame 41
263.009		242.543		1657		2		4
262.769		185.503		1705		2		4
262.448		126.453		1688		2		4
260.492		93.5801		1585		2		4
232.175		144.247		1734		2		4
224.921		195.765		1808		2		4
215.772		238.237		1769		2		4
214.778		243.774		1760		2		4
289.122		145.891		1725		2		4
303.415		196.417		1800		2		4
319.434		237.387		1770		2		4
319.683		243.937		1761		2		4
250.573		243.324		1753		2		4
251.612		304.023		1819		2		4
250.616		377.351		1883		2		4
235.438		392.03		1911		2		4
275.385		241.784		1756		2		4
277.54		322.894		1886		2		4
276.74		379.556		1882		2		4
292.812		388.697		1935		2		4
262.509		141.386		1706		2		4
215.535		257.801		1765		2		4
209.767		243.979		1803		2		4
320.15		258.616		1767		2		4
313.571		239.998		0		2		4
Frame 42
263.009		242.169		1670		2		4
262.798		185.377		1711		2		4
262.467		126.437		1688		2		4
260.632		93.6352		1584		2		4
232.296		144.111		1736		2		4
224.523		195.566		1815		2		4
215.059		237.927		1779		2		4
213.837		243.495		1768		2		4
289.185		145.837		1728		2		4
303.689		196.172		1808		2		4
319.615		237.112		1772		2		4
320.232		244.091		1762		2		4
250.585		242.871		1759		2		4
251.712		307.818		1819		2		4
255.487		373.837		1892		2		4
241.537		386.681		1970		2		4
275.368		241.489		1761		2		4
277.373		323.052		1887		2		4
276.73		379.506		1883		2		4
293.027		388.903		1935		2		4
262.54		141.359		1707		2		4
214.502		257.502		1772		2		4
208.429		244.847		0		2		4
320.65		258.72		1775		2		4
314.087		241.899		1790		2		4
Frame 43
263.031		241.804		1675		2		4
262.88		185.312		1718		2		4
262.53		126.452		1688		2		4
260.797		93.7627		1587		2		4
232.365		143.971		1737		2		4
223.925		194.784		1821		2		4
214.452		237.059		1784		2		4
212.791		243.218		1776		2		4
289.271		145.802		1728		2		4
304.001		195.806		1806		2		4
320.064		236.639		1767		2		4
320.818		243.986		1762		2		4
250.622		242.455		1769		2		4
251.766		307.882		1815		2		4
255.418		373.84		1890		2		4
240.24		385.441		1975		2		4
275.37		241.175		1767		2		4
277.283		323.179		1884		2		4
277.001		379.178		1883		2		4
293.157		388.994		1934		2		4
262.618		141.377		1710		2		4
213.071		256.858		1784		2		4
206.999		245.915		0		2		4
320.667		258.912		1780		2		4
316.057		244.898		1776		2		4
Frame 44
262.837		241.412		1693		2		4
262.878		185.303		1722		2		4
262.609		126.53		1682		2		4
260.984		94.111		1583		2		4
232.438		143.814		1736		2		4
223.313		194.204		1824		2		4
213.423		236.329		1791		2		4
211.31		242.618		1784		2		4
289.456		145.751		1727		2		4
304.506		195.574		1808		2		4
320.534		236.381		1765		2		4
321.67		243.242		1761		2		4
250.424		241.946		1777		2		4
251.833		308.028		1809		2		4
255.442		373.978		1893		2		4
241.34		386.926		1976		2		4
275.176		240.893		1772		2		4
276.823		322.79		1884		2		4
277.92		380.44		1882		2		4
292.027		389.991		1928		2		4
262.68		141.446		1710		2		4
211.787		256.43		1794		2		4
205.636		244.542		1811		2		4
322.381		257.847		1770		2		4
315.932		241.724		0		2		4
Frame 45
262.808		241.143		1698		2		4
262.882		185.539		1731		2		4
262.708		127.048		1685		2		4
261.187		94.5397		1579		2		4
232.453		143.868		1736		2		4
222.382		193.725		1829		2		4
212.028		235.641		1805		2		4
209.754		245.68		1790		2		4
289.636		145.765		1732		2		4
305.05		195.367		1810		2		4
321.235		236.073		1769		2		4
322.609		243.497		1761		2		4
250.371		241.67		1783		2		4
251.927		308.157		1803		2		4
255.479		374.185		1891		2		4
243.873		388.987		1946		2		4
275.169		240.633		1785		2		4
276.543		321.798		1877		2		4
278.238		380.746		1882		2		4
292.678		390.427		1923		2		4
262.743		141.838		1711		2		4
208.832		254.166		1804		2		4
205.049		242.448		1815		2		4
323.382		257.846		1773		2		4
317		242.496		1808		2		4
Frame 46
262.657		240.853		1712		2		4
262.816		185.815		1733		2		4
262.741		127.532		1681		2		4
261.526		95.1437		1575		2		4
232.467		143.975		1737		2		4
221.636		193.365		1832		2		4
210.388		234.99		1811		2		4
208.226		244.811		1798		2		4
289.865		145.914		1732		2		4
305.557		195.027		1813		2		4
321.756		235.692		1770		2		4
323.475		243.533		1758		2		4
250.265		241.37		1791		2		4
252.116		309.089		1798		2		4
250.747		378.998		1885		2		4
235.602		392.69		1904		2		4
274.955		240.356		1795		2		4
276.176		320.759		1865		2		4
277.985		380.997		1883		2		4
293.566		390.854		1916		2		4
262.755		142.251		1711		2		4
207.672		253.166		1810		2		4
203.231		242.233		1829		2		4
324.566		257.787		1770		2		4
317		242.5		0		2		4
Frame 47
262.619		240.724		1732		2		4
262.829		186.306		1744		2		4
262.859		128.362		1677		2		4
261.914		96.0582		1576		2		4
232.631		144.283		1738		2		4
220.655		193.308		1836		2		4
208.918		234.691		1816		2		4
206.535		245.023		1804		2		4
290.116		146.208		1738		2		4
306.111		195.011		1810		2		4
322.572		235.54		1762		2		4
324.619		247.701		1755		2		4
250.208		241.196		1803		2		4
252.46		310.124		1789		2		4
251.698		381.018		1873		2		4
238.192		396.789		1876		2		4
274.939		240.264		1805		2		4
276.114		320.503		1856		2		4
278.196		381.068		1883		2		4
293.85		391.158		1920		2		4
262.847		143.041		1711		2		4
206.5		256.335		1826		2		4
201.679		242.922		1841		2		4
324.553		260.669		1767		2		4
319.963		249.752		1784		2		4
Frame 48
262.371		241.127		1748		2		4
262.815		187.327		1755		2		4
263.123		129.982		1676		2		4
262.212		97.5658		1573		2		4
233.002		144.755		1737		2		4
219.463		193.373		1840		2		4
207.398		234.563		1824		2		4
204.752		245.711		1814		2		4
290.459		147.278		1741		2		4
306.677		195.127		1815		2		4
323.657		235.426		1767		2		4
325.881		248.29		1751		2		4
249.987		241.513		1811		2		4
251.908		314.741		1793		2		4
251.79		381.896		1874		2		4
237.752		397.44		1882		2		4
274.681		240.741		1815		2		4
276.122		320.091		1852		2		4
278.201		381.075		1884		2		4
293.93		391.172		1921		2		4
263.036		144.542		1712		2		4
204		256.301		1833		2		4
199.444		242.556		1836		2		4
326.09		261.456		1756		2		4
321.399		253.197		1765		2		4
Frame 49
262.283		241.758		1763		2		4
262.856		188.875		1760		2		4
263.382		132.435		1677		2		4
262.655		99.9347		1579		2		4
233.571		145.627		1738		2		4
218.512		193.455		1843		2		4
205.665		234.312		1830		2		4
202.556		245.875		1815		2		4
290.747		148.62		1742		2		4
307.399		195.443		1813		2		4
324.732		235.581		1762		2		4
327.153		248.604		1741		2		4
249.955		242.14		1826		2		4
252.004		315.322		1791		2		4
254.468		383.099		1868		2		4
237.896		395.28		1884		2		4
274.537		241.379		1834		2		4
276.037		318.029		1838		2		4
278.518		381.343		1886		2		4
293.943		391.424		1927		2		4
263.238		146.818		1718		2		4
202.202		256.801		1841		2		4
197.214		242.643		1853		2		4
327.542		262.456		1753		2		4
321.1		245.401		1788		2		4
Frame 50
262.27		242.259		1800		2		4
262.782		189.299		1767		2		4
263.329		132.575		1668		2		4
263.066		102.59		1570		2		4
233.617		146.085		1739		2		4
217.588		193.894		1840		2		4
204.181		234.532		1833		2		4
200.211		246.128		1821		2		4
290.995		150.341		1744		2		4
308.241		195.852		1809		2		4
326.097		235.773		1749		2		4
328.531		250.065		1736		2		4
250.04		242.62		1835		2		4
252.092		315.432		1778		2		4
254.442		383.154		1870		2		4
237.852		395.328		1889		2		4
274.425		241.904		1842		2		4
276.001		318.448		1834		2		4
278.571		381.313		1886		2		4
293.76		391.931		1921		2		4
263.191		146.995		1714		2		4
199.876		258.126		1856		2		4
194.882		244.588		1873		2		4
327.992		264.604		1762		2		4
323.071		248.934		1769		2		4
Frame 51
262.807		243.723		1841		2		4
263.094		193.355		1782		2		4
263.364		139.558		1686		2		4
263.451		105.863		1578		2		4
234.937		149.317		1739		2		4
216.654		194.15		1840		2		4
202.734		234.588		1828		2		4
198.181		246.744		1821		2		4
291.221		152.643		1747		2		4
309.224		196.855		1803		2		4
326.969		236.886		1752		2		4
329.909		251.375		1725		2		4
250.643		244.095		1852		2		4
252.324		314.247		1769		2		4
256.408		379.949		1882		2		4
241.43		391.903		1915		2		4
274.924		243.354		1860		2		4
275.956		318.712		1832		2		4
278.571		381.358		1888		2		4
293.789		392.159		1912		2		4
263.302		153.356		1721		2		4
196.728		259.182		1850		2		4
192.539		243.998		0		2		4
330.37		265.816		1728		2		4
325.197		255.797		1743		2		4
Frame 52
262.972		244.45		1860		2		4
263.151		194.492		1791		2		4
263.364		140.516		1675		2		4
263.606		109.885		1573		2		4
234.692		149.217		1740		2		4
215.926		194.447		1838		2		4
201.085		234.536		1827		2		4
195.466		248.618		1819		2		4
291.234		154.224		1747		2		4
310.046		198.024		1798		2		4
328.271		237.853		1736		2		4
331.084		252.875		1711		2		4
250.903		244.618		1862		2		4
252.622		314.138		1764		2		4
256.449		379.947		1881		2		4
241.485		391.88		1925		2		4
275.019		244.27		1867		2		4
276.115		318.921		1822		2		4
278.575		381.676		1881		2		4
294.231		393.376		1906		2		4
263.312		154.397		1721		2		4
193.924		261.076		1860		2		4
189.437		249.452		1853		2		4
332.943		266.648		1716		2		4
324.333		249.335		0		2		4
Frame 53
263.549		247.111		1816		2		4
263.754		198.878		1804		2		4
264.015		146.216		1689		2		4
263.814		115.238		1577		2		4
236.042		152.489		1739		2		4
214.996		195.065		1830		2		4
199.393		234.883		1818		2		4
193.034		249.694		1818		2		4
291.029		159.136		1755		2		4
310.795		199.691		1796		2		4
328.906		239.585		1736		2		4
332		255.147		1702		2		4
251.391		247.02		1885		2		4
252.898		314.071		1762		2		4
253.127		383.106		1870		2		4
236.936		395.651		1893		2		4
275.691		247.21		1882		2		4
276.493		320.414		1825		2		4
278.724		381.199		1890		2		4
293.851		393.429		1913		2		4
263.945		159.841		1728		2		4
189.068		261.688		1847		2		4
187.805		246.273		0		2		4
334.103		268.8		1697		2		4
325.536		253.607		1757		2		4
Frame 54
263.753		249.078		1849		2		4
263.944		201.868		1821		2		4
264.175		150.082		1690		2		4
263.919		119.469		1586		2		4
237.004		154.535		1741		2		4
213.842		196.512		1822		2		4
196.598		237.063		1807		2		4
190.599		252.297		1810		2		4
290.348		163.227		1754		2		4
311.55		202.56		1788		2		4
329.844		242.462		1721		2		4
332.795		258.394		1690		2		4
251.684		248.799		1895		2		4
253.13		315.825		1758		2		4
255.248		379.822		1881		2		4
240.929		393.396		1909		2		4
275.827		249.381		1895		2		4
276.049		322.872		1822		2		4
278.751		381.259		1888		2		4
293.077		395.678		1897		1		4
264.113		163.519		1731		2		4
185.632		264.09		1851		2		4
184.923		251.077		0		2		4
334.882		271.694		1683		2		4
326.328		260.079		1734		2		4
Frame 55
263.64		250.489		1873		2		4
264.007		203.915		1840		2		4
264.394		152.577		1680		2		4
263.856		125.778		1582		2		4
236.876		154.582		1750		2		4
212.987		198.481		1812		2		4
194.49		240.37		1798		2		4
188.235		255.737		1805		2		4
290.14		165.056		1757		2		4
312.146		205.81		1781		2		4
330.695		249.2		1695		2		4
333.337		263.929		1675		2		4
251.723		250.144		1914		2		4
253.329		316.823		1755		2		4
254.303		381.553		1872		2		4
239.064		395.024		1883		2		4
275.563		250.838		1910		2		4
276.229		323.098		1824		2		4
278.216		380.956		1891		2		4
290.271		395.31		1894		2		4
264.291		165.897		1734		2		4
182.531		266.663		1840		2		4
182.424		254.546		1847		2		4
334.878		277.583		1670		2		4
326.199		259.559		1743		2		4
Frame 56
264.533		255.28		1851		2		4
264.661		212.564		1866		2		4
264.82		164.198		1721		2		4
263.763		132.13		1589		2		4
236.742		167.789		1748		2		4
208.282		210.493		1816		2		4
189.937		250.106		1788		2		4
185.358		263.241		1783		2		4
289.907		171.915		1760		2		4
312.637		209.185		1777		2		4
330.81		251.398		1695		2		4
333.613		267.345		1664		2		4
252.737		254.938		1920		2		4
253.599		318.039		1755		2		4
254.249		381.525		1874		2		4
239.035		395.031		1888		2		4
276.375		255.631		1915		2		4
275.978		323.312		1824		2		4
278.16		380.935		1890		2		4
290.648		395.079		1899		1		4
264.777		176.902		1749		2		4
182.454		274.819		1824		2		4
179.719		260.232		1828		2		4
335.972		280.701		1653		2		4
326.166		265.325		1729		2		4
Frame 57
264.148		260.389		1849		2		4
264.802		217.735		1889		2		4
265.419		169.255		1727		2		4
263.944		141.853		1587		2		4
237.015		170.109		1752		2		4
208.141		211.595		1805		2		4
190.196		251.644		1774		2		4
184.425		265.282		1774		2		4
290.909		179.067		1770		2		4
315.328		220.129		1767		2		4
331.771		261.153		1664		2		4
333.542		273.39		1651		2		4
251.629		258.611		1931		2		4
252.155		308.63		1757		2		4
253.897		371.007		1892		2		4
246.364		390.544		1906		2		4
276.836		261.908		1917		2		4
280.93		320.107		1781		2		4
279.621		394.482		1868		2		4
287.659		407.489		1808		2		4
265.263		181.992		1756		2		4
179.537		276.881		1792		2		4
177.929		265.978		1812		2		4
336.118		286.606		1647		2		4
326		274.147		0		2		4
Frame 58
263.576		262.012		1946		2		4
264.673		222.092		1911		2		4
266.261		177.497		1745		2		4
264.039		147.218		1589		2		4
236.32		175.379		1761		2		4
207.393		217.61		1802		2		4
188.528		257.62		1757		2		4
182.255		273.088		1754		2		4
290.955		184.409		1775		2		4
315.493		223.109		1765		2		4
331.998		272.505		1647		2		4
332.998		283.513		1634		2		4
251.228		259.742		1945		2		4
252.161		308.361		1756		2		4
262.378		379.691		1982		2		4
245.251		391.727		1915		2		4
276.119		264.263		1923		2		4
281.227		319.048		1772		2		4
280.594		391.64		1868		2		4
267.837		400.336		1865		2		4
265.806		189.166		1770		2		4
177.364		284.747		1781		2		4
176.286		272.808		1771		2		4
332.766		297.56		1637		2		4
327.39		286.724		1656		2		4
Frame 59
264.088		267.551		1910		2		4
265.331		228.687		1932		2		4
266.776		183.618		1748		2		4
264.291		158.455		1590		2		4
236.983		198.026		1803		2		4
203.498		225.802		1791		2		4
186.78		267.378		1743		2		4
180.496		282.04		1733		2		4
291.763		190.985		1780		2		4
315.328		229.091		1761		2		4
331.556		274.599		1629		2		4
332.587		287.589		1621		2		4
251.31		266.775		1944		2		4
251.602		306.885		1765		2		4
262.91		377.346		1992		2		4
249.655		393.118		1856		2		4
277.006		268.252		1925		2		4
280.581		315.955		1763		2		4
279.768		387.741		1876		2		4
280.736		403.988		1765		2		4
266.385		195.526		1778		2		4
177.832		294.112		1781		2		4
173.064		283.013		1758		2		4
334.144		301.514		1624		2		4
328.86		295.273		1643		2		4
Frame 60
262.331		269.913		2010		2		4
264.304		233.364		1955		2		4
266.915		192.266		1770		2		4
264.172		163.878		1594		2		4
237.823		204.018		1801		2		4
205.16		232.957		1792		2		4
186.497		275.919		1728		2		4
179.516		289.27		1714		2		4
291.719		197.8		1789		2		4
315.591		234.9		1757		2		4
329.336		282.627		1626		2		4
331.213		295.58		1607		2		4
249.907		269.171		1951		2		4
251.516		308.699		1760		2		4
260.357		376.514		1912		2		4
248.6		394.29		1866		2		4
274.727		270.715		1962		2		4
281.262		313.84		1762		2		4
280.363		387.211		1873		2		4
284.327		403.41		1802		2		4
266.174		203.031		1792		2		4
175.279		301.331		1748		2		4
171.825		289.384		1736		2		4
332.572		309.443		1610		2		4
324.66		301.734		1636		2		4
Frame 61
262.073		272.994		2037		2		4
264.283		238.807		1966		2		4
266.936		199.262		1783		2		4
264.538		174.71		1619		2		4
237.73		207.84		1796		2		4
205.245		237.126		1785		2		4
186.403		282.219		1711		2		4
179.092		298.272		1697		2		4
291.708		203.799		1793		2		4
314.55		243.888		1754		2		4
328.618		287.114		1617		2		4
329.746		304.414		1593		2		4
250.032		272.376		1968		2		4
251.245		309.237		1760		2		4
258.763		377.414		1893		2		4
242.612		389.637		1946		2		4
274.178		273.565		1980		2		4
280.969		313.161		1764		2		4
279.901		385.45		1880		2		4
276.22		401.39		1785		2		4
266.225		209.753		1802		2		4
175.136		310.523		1729		2		4
171.223		298.171		1716		2		4
330.159		318.465		1607		2		4
321		307.998		1653		2		4
Frame 62
262.134		275.262		2053		2		4
264.225		243.041		1971		2		4
266.643		206.474		1784		2		4
264.059		183.201		1638		2		4
237.28		211.509		1799		2		4
206.575		246.762		1781		2		4
185.012		295.356		1697		2		4
179.002		308.39		1676		2		4
290.547		214.453		1809		2		4
315.676		250.291		1747		2		4
327.387		298.323		1590		2		4
328.068		312.49		1585		2		4
250.425		274.285		1995		2		4
250.73		308.444		1767		2		4
253.803		377.15		1887		2		4
237.274		389.64		1929		2		4
273.876		276.303		2019		2		4
280.874		310.904		1772		2		4
278.961		383.261		1883		2		4
276.766		399.345		1816		2		4
266.007		216.061		1813		2		4
174.491		320.719		1722		2		4
170.611		307.926		1696		2		4
328.204		326.42		1594		2		4
325.209		321.029		1587		2		4
Frame 63
261.484		279.254		2073		2		4
263.329		249.356		1965		2		4
265.522		214.528		1770		2		4
263.564		191.908		1657		2		4
237.164		217.93		1808		2		4
207.568		251.874		1776		2		4
186.274		297.924		1676		2		4
179.887		315.449		1655		2		4
289.968		218.764		1810		2		4
313.07		255.896		1754		2		4
326.162		309.672		1598		2		4
326.178		321.546		1571		2		4
250.134		277.813		2023		2		4
249.946		308.92		1775		2		4
255.125		376.707		1886		2		4
239.353		388.239		1939		2		4
272.93		280.751		2046		2		4
282.243		311.152		1771		2		4
278.926		383.634		1886		2		4
291.051		397.456		1881		1		4
264.932		223.8		1827		2		4
172.294		327.877		1674		2		4
170.544		315.771		0		2		4
324.895		335.972		1581		2		4
318.003		315.483		1637		2		4
Frame 64
263.174		283.578		2089		2		4
263.755		256.171		1978		2		4
263.906		224.8		1827		2		4
262.949		199.192		1676		2		4
237.602		228.646		1823		2		4
205.979		258.206		1771		2		4
186.791		313.254		1656		2		4
180.041		327.611		1630		2		4
288.672		225.848		1821		2		4
313.223		261.631		1750		2		4
325.386		310.099		1569		2		4
324.636		328.132		1560		2		4
252.842		284.653		2040		2		4
247.903		310.227		1770		2		4
253.417		385.722		1870		2		4
236.923		398.618		1865		2		4
273.851		283.272		2051		2		4
283.171		313.685		1775		2		4
278.597		380.502		1891		2		4
288.426		392.75		1910		2		4
263.88		233.294		1856		2		4
170.464		341.639		1636		2		4
171.615		324.601		1605		2		4
323.819		342.437		1572		2		4
320.105		333.384		1572		2		4
Frame 65
261.579		293.789		2117		2		4
262.565		265.969		2041		2		4
263.698		234.09		1865		2		4
263.855		210.501		1698		2		4
237.36		234.454		1832		2		4
207.193		264.621		1772		2		4
188.791		315.287		1637		2		4
182.062		333.476		1610		2		4
288.175		236.312		1835		2		4
312.81		270.466		1747		2		4
322.734		318.816		1565		2		4
322.973		336.287		1549		2		4
250.906		289.985		2043		2		4
247.067		309.662		1789		2		4
253.511		384.792		1870		2		4
237.59		397.526		1880		2		4
272.516		297.697		2016		2		4
288.523		297.794		1881		2		4
281.138		374.011		1912		2		4
289.815		392.957		1910		2		4
263.399		242.489		1884		2		4
173.751		347.04		1618		2		4
174.291		331.36		1622		2		4
321.73		350.411		1563		2		4
318.207		343.496		1553		2		4
Frame 66
260.896		297.296		2131		2		4
262.311		270.158		2015		2		4
263.828		237.829		1763		2		4
263.338		220.154		1715		2		4
238.016		239.127		1842		2		4
212.903		273.674		1767		2		4
191.134		322.853		1617		2		4
183.66		341.423		1584		2		4
287.488		242.16		1848		2		4
314.144		273.687		1759		2		4
321.432		319.103		1570		2		4
321.722		338.37		1548		2		4
249.647		295.333		2037		2		4
244.352		310.381		1796		2		4
251.333		383.484		1875		2		4
249.321		399.378		1783		2		4
272.26		299.289		2039		2		4
287.04		311.77		1810		2		4
278.511		378.802		1895		2		4
274.533		397.905		1840		2		4
263.447		246.358		1884		2		4
174.505		355.047		1580		2		4
177.921		334.772		1602		2		4
322.357		351.905		1537		2		4
312.336		337.43		1620		2		4
Frame 67
263.466		305.532		2163		2		4
263.534		279.388		2088		2		4
263.614		249.105		1903		2		4
263.145		227.952		1733		2		4
238.936		250.6		1861		2		4
211.302		278.979		1764		2		4
190.477		338.917		1582		2		4
184.535		351.315		1556		2		4
286.915		252.161		1872		2		4
311.716		283.305		1745		2		4
320.152		324.415		1570		2		4
320.458		343.394		1538		2		4
251.915		301.824		2058		2		4
242.394		312.008		1816		2		4
251.653		382.98		1880		2		4
243.697		396.738		1880		2		4
275.276		309.332		2049		2		4
292.359		305.228		1839		2		4
279.139		379.308		1893		2		4
274.675		398.442		1841		2		4
263.592		257.116		1926		2		4
175.325		366.094		1563		2		4
175.508		348.05		1550		2		4
321.146		356.748		1524		2		4
310.945		344.567		0		2		4
Frame 68
265.886		310.078		2184		2		4
264.522		283.596		2052		2		4
263.105		253.651		1828		2		4
262.655		233.099		1746		2		4
238.564		255.392		1874		2		4
215.245		287.607		1759		2		4
192.072		339.975		1570		2		4
186.704		355.87		1535		2		4
287.019		258.435		1877		2		4
310.819		294.288		1723		2		4
318.02		343.661		1545		2		4
318.386		356.283		1514		2		4
254.413		306.305		2126		2		4
240.489		313.872		1846		2		4
255.705		379.77		1906		2		4
241.78		394.711		1901		2		4
277.666		313.982		2067		2		4
294.97		313.836		1859		2		4
283.032		387.575		1895		1		4
278.963		397.654		1799		2		4
263.493		261.508		1935		2		4
177.265		370.055		1526		2		4
179.18		352.782		1547		2		4
316.737		371.159		1583		2		4
308.784		358.686		1599		2		4
Frame 69
265.221		312.308		2204		2		4
262.982		288.62		2047		2		4
260.437		261.743		1897		2		4
261.645		244.581		1783		2		4
237.785		262.838		1880		2		4
213.276		301.384		1706		2		4
195.11		345.437		1543		2		4
190.334		357.522		1513		2		4
287.885		268.636		1915		2		4
311.046		295.687		1739		2		4
317.554		345.278		1542		2		4
317.786		359.232		1510		2		4
254.533		312.945		2145		2		4
238.757		298.893		1950		2		4
255.215		362.891		1998		1		4
244.588		380.69		1941		2		4
276.035		314.536		2095		2		4
294.982		323.962		1904		1		4
283.036		396.948		1756		1		4
287.647		404.129		1787		2		4
261.018		269.07		1972		2		4
181.718		371.336		1500		2		4
179.705		357.737		1489		2		4
317.165		373.452		1523		2		4
307.225		360.989		1601		2		4
Frame 70
270.021		325.703		2287		2		4
264.92		299.067		2176		2		4
259.072		268.518		1962		2		4
261.452		249.696		1814		2		4
236.658		270.56		1892		1		4
219.856		300.745		1740		2		4
201.065		343.969		1542		2		4
195.638		355.74		1505		2		4
286.064		275.433		1960		1		4
308.611		299.688		1746		2		4
316.877		346.866		1541		2		4
316.549		360.57		1507		2		4
258.737		324.046		2250		2		4
241.104		309.913		1960		2		4
257.113		371.977		2038		1		4
246.327		389.117		1862		1		4
281.413		327.383		2250		2		4
295.859		337.072		1938		1		4
284.346		406.209		1787		1		4
288.805		413.461		1729		1		4
260.612		276.564		2006		2		4
186.287		369.009		1477		2		4
191.772		348.383		1531		2		4
316.036		375.221		1515		2		4
311.195		364.209		1502		2		4
Frame 71
269.986		328.574		2307		2		4
264.663		302.47		2219		2		4
258.566		272.678		1973		2		4
260.878		254.448		1855		2		4
236.523		274.788		1918		1		4
222.485		299.441		1766		2		4
210.277		332.626		1579		2		4
201.142		354.063		1496		2		4
280.911		274.211		1977		2		4
305.197		296.115		1808		2		4
311.571		335.707		1566		2		4
315.225		360.7		1516		2		4
258.971		328.251		2286		2		4
243.325		325.465		1995		2		4
259.023		385.869		1973		1		4
248.488		402.821		1787		1		4
281.085		329.076		2263		2		4
294.481		339.155		1965		2		4
282.924		408.593		1775		1		4
287.337		415.993		1700		1		4
260.171		280.508		2043		2		4
193.64		367.419		1475		2		4
189.58		356.452		1485		2		4
315.671		374.506		1507		2		4
305.249		366.06		1582		2		4
Frame 72
272.772		334.704		2369		2		4
266.589		307.652		2254		2		4
259.531		276.739		1995		2		4
260.74		259.433		1894		2		4
236.707		277.092		1953		2		4
223.766		302.876		1780		2		4
213.609		334.489		1577		2		4
207.848		350.267		1508		2		4
281.468		278.046		2012		1		4
304.225		298.865		1860		1		4
311.865		353.345		1550		2		4
313.217		359.805		1535		2		4
262.216		336.57		2406		2		4
246.832		329.731		0		1		4
261.623		386.795		2018		1		4
251.712		402.842		1798		1		4
283.348		332.84		2286		2		4
294.467		339.37		1985		2		4
282.916		408.761		1770		1		4
287.326		416.163		1679		1		4
261.387		284.867		2085		2		4
202.733		363.617		1484		2		4
197.69		351.629		1507		2		4
314.842		373.42		1519		2		4
303.388		362.848		1591		2		4
Frame 73
270.032		341.016		2383		2		4
264.785		313.015		2298		2		4
258.887		281.486		2116		2		4
260.102		262.992		1949		2		4
243.105		285.202		2102		2		4
228.21		297.856		1865		2		4
217.759		332.141		1600		2		4
215.935		343.043		1537		2		4
281.139		277.397		2047		2		4
300.738		301.146		1875		1		4
304.784		352.502		1593		2		4
309.252		352.554		1584		2		4
258.887		344.109		2370		2		4
241.44		345.732		1994		2		4
257.246		405.288		1771		1		4
246.687		422.326		1648		1		4
281.132		337.939		2343		2		4
293.094		341.588		2003		2		4
281.738		409.89		1754		1		4
286.023		417.231		1669		1		4
260.429		289.727		2142		2		4
215.733		354.413		1509		2		4
205.917		346.509		1508		2		4
311.444		364.904		1553		2		4
301.661		363.916		1610		2		4
Frame 74
269.145		347.078		2368		2		4
264.099		316.582		2339		2		4
258.519		282.782		2173		2		4
260.285		265.689		2009		2		4
240.59		286.432		2110		2		4
229.227		297.989		1921		2		4
224.309		330.086		1642		2		4
221.974		340.384		1585		2		4
279.435		286.791		2166		2		4
294.119		299.283		1953		2		4
303.096		343.326		1662		2		4
305.917		349.162		1636		2		4
258.555		348.167		2362		2		4
228.511		397.271		1861		2		4
9999		9999		9999		1		4
9999		9999		9999		1		4
279.744		345.991		2366		2		4
297.345		391.866		1910		2		4
9999		9999		9999		1		4
9999		9999		9999		1		4
259.968		291.56		2202		2		4
222.663		352.5		1552		2		4
216.403		350.597		1576		2		4
307.132		361.767		1611		2		4
298.336		358.852		1648		2		4
Frame 75
271.158		350.237		2371		2		4
264.802		316.857		2377		2		4
259.826		281.705		2153		2		4
261.038		265.873		2106		2		4
241.764		285.567		2176		1		4
230.042		296.991		1997		2		4
223.806		332.271		1668		2		4
225.326		340.547		1664		2		4
284.456		289.7		2125		2		4
299.064		317.454		1864		2		4
303.607		349.242		1692		2		4
303.814		360.365		1675		1		4
260.515		352.448		2345		2		4
219.7		399.614		1798		2		4
9999		9999		9999		1		4
9999		9999		9999		1		4
281.709		348.217		2361		2		4
297.376		391.883		1887		2		4
9999		9999		9999		1		4
9999		9999		9999		1		4
261.363		290.777		2263		2		4
225.001		351.5		1615		2		4
218.324		346.012		1668		2		4
303.75		367		1681		2		4
297.411		362.122		1691		2		4
Frame 76
271.526		350.463		2375		2		4
265.219		317.617		2411		2		4
258.574		282.924		2302		2		4
261.198		266.314		2159		2		4
245.831		290.991		2303		2		4
232.836		295.32		2074		2		4
228.96		325.832		1784		2		4
226.362		336.373		1728		2		4
290.227		296.365		2116		2		4
309.014		326.101		2173		2		4
292.942		310.421		1980		2		4
291.835		306.919		2017		1		4
261.656		350.201		2392		2		4
236.839		406.093		1771		2		4
9999		9999		9999		1		4
9999		9999		9999		1		4
281.41		350.726		2337		2		4
297.437		391.882		1886		1		4
9999		9999		9999		1		4
9999		9999		9999		1		4
260.268		291.766		2325		2		4
228.124		346.377		1760		2		4
218.707		334.576		1720		2		4
292.382		307.751		2007		2		4
288.22		313.285		2003		2		4
Frame 77
263.958		344.604		2448		2		4
261.42		311.673		2439		2		4
258.754		276.998		2346		2		4
261.132		262.195		2206		2		4
246.19		279.779		2337		2		4
233.558		295.095		2118		1		4
226.982		332.034		1804		2		4
227.039		339.085		1786		2		4
279.942		277.764		2321		2		4
303.772		318.433		2172		2		4
291.764		322.891		1991		2		4
294.973		329.438		1901		2		4
253.681		344.74		2443		2		4
214.206		397.358		1799		2		4
9999		9999		9999		1		4
9999		9999		9999		1		4
274.295		344.471		2420		2		4
297.381		392.23		1873		2		4
9999		9999		9999		1		4
9999		9999		9999		1		4
259.433		285.828		2387		2		4
227.599		345.903		1764		2		4
218.802		337.061		1787		2		4
293.814		336.272		1878		2		4
289.334		335.997		0		2		4
Frame 78
260.375		339.897		2464		2		4
260.049		306.934		2462		2		4
259.033		270.589		2385		2		4
261.187		257.443		2255		2		4
242.845		272.585		2368		2		4
230.633		297.746		2101		2		4
227.293		333.718		1885		2		4
227.875		335.554		1881		2		4
280.792		271.4		2354		2		4
300.716		311.981		2210		2		4
294.243		343.771		1925		2		4
291.572		352.685		1971		2		4
250.445		341.288		2459		2		4
225.95		394.394		1852		2		4
9999		9999		9999		1		4
9999		9999		9999		1		4
270.153		338.365		2448		2		4
297.417		392.358		1810		2		4
9999		9999		9999		1		4
9999		9999		9999		1		4
259.212		279.829		2412		2		4
230.896		346.603		1878		2		4
230.918		333.703		1879		2		4
292		357.001		1911		2		4
295.241		357.251		1987		2		4
Frame 79
258.625		339.575		2485		2		4
257.183		303.052		2477		2		4
255.445		264.375		2425		2		4
259.876		249.28		2315		2		4
242.64		271.711		2434		2		4
228.931		293.933		2144		2		4
228.488		324.161		1951		2		4
227.119		332.107		1927		2		4
278.199		266.981		2398		2		4
296.836		305.507		2126		1		4
296.746		327.58		2008		2		4
294.834		336.979		1983		1		4
248.371		340.972		2464		2		4
228.33		401.229		1784		2		4
9999		9999		9999		1		4
9999		9999		9999		1		4
268.821		338.136		2474		2		4
305.93		403.37		1794		2		4
9999		9999		9999		1		4
9999		9999		9999		1		4
255.871		274.116		2426		2		4
227.821		343.003		1949		2		4
231.2		332.052		1927		2		4
298		347		1965		2		4
303.735		339.933		1991		2		4
Frame 80
257.42		337.313		2490		2		4
256.233		299.358		2500		2		4
255.183		261.454		2445		2		4
259.794		246.696		2354		2		4
241.962		269.269		2452		2		4
228.853		293.918		2152		2		4
226.487		321.755		1964		2		4
225.616		328.63		1931		2		4
277.03		264.777		2434		2		4
290.762		294.247		2212		2		4
297.037		328.011		1995		2		4
295.828		339.765		1992		2		4
247.765		338.055		2468		2		4
261.049		371.46		2112		2		4
9999		9999		9999		1		4
9999		9999		9999		1		4
267.088		336.479		2486		2		4
300.906		403.67		1780		2		4
9999		9999		9999		1		4
9999		9999		9999		1		4
255.454		270.928		2457		2		4
225.667		339.833		1942		2		4
227.903		338.993		1954		2		4
295.849		351		1990		2		4
300.688		338.572		1987		2		4
Frame 81
257.656		337.379		2501		2		4
256.773		299.309		2518		2		4
256.146		261.03		2477		2		4
259.451		245.714		2392		2		4
240.88		268.589		2461		2		4
228.694		292.111		2163		2		4
225.738		326.44		1939		2		4
224.142		327.303		1947		1		4
276.074		266.52		2467		2		4
291.655		294.169		2209		2		4
297.896		327.501		2033		2		4
295.333		340.891		2040		2		4
248.157		338.121		2477		2		4
265.719		367.073		2140		2		4
9999		9999		9999		1		4
9999		9999		9999		1		4
267.198		336.555		2492		2		4
268.131		385.202		1980		2		4
9999		9999		9999		1		4
9999		9999		9999		1		4
256.3		270.619		2497		2		4
224		333.001		1942		2		4
228.217		330.013		1944		2		4
292.903		351.599		1976		2		4
293.346		340.629		2041		2		4
Frame 82
258.441		338.022		2492		2		4
257.226		299.596		2534		2		4
256.138		261.131		2500		2		4
258.865		245.831		2411		2		4
240.907		268.638		2484		2		4
228.539		291.565		2169		2		4
224.221		313.208		1966		2		4
223.403		316.765		1972		2		4
275.773		266.933		2496		2		4
293.899		292.517		2201		2		4
301.924		311.288		2032		2		4
300.721		319.126		2008		2		4
249.512		339.224		2478		2		4
264.567		369.497		2114		2		4
9999		9999		9999		1		4
9999		9999		9999		1		4
267.556		336.882		2486		2		4
269.324		385.304		1986		1		4
9999		9999		9999		1		4
9999		9999		9999		1		4
256.411		270.751		2516		2		4
223.5		325.499		1941		2		4
228.859		320.994		1944		2		4
300.501		328		1981		2		4
296.188		318.175		2004		2		4
Frame 83
260.638		340.407		2498		2		4
257.436		299.861		2542		2		4
255.004		261.757		2534		2		4
257.777		245.379		2435		2		4
239.336		268.706		2513		2		4
226.535		279.675		2319		2		4
226.822		297.35		2090		2		4
224.019		310.109		1986		2		4
274.091		267.595		2524		2		4
293.241		286.161		2247		2		4
300.373		307.331		2041		2		4
300.787		312.265		2032		1		4
251.804		343.215		2478		2		4
266.034		379.036		2015		1		4
9999		9999		9999		1		4
9999		9999		9999		1		4
269.597		337.91		2469		2		4
272.975		386.444		1943		1		4
9999		9999		9999		1		4
9999		9999		9999		1		4
255.821		271.228		2539		2		4
226.421		316.426		1968		2		4
229.548		307.925		1990		2		4
299.333		320.167		2013		2		4
295.369		312.036		2046		2		4
Frame 84
259.311		340.198		2490		2		4
256.88		299.619		2545		2		4
254.862		261.205		2567		2		4
257.471		244.752		2461		2		4
239.396		268.629		2535		2		4
226.89		279.694		2309		2		4
226.651		295.688		2115		2		4
225.072		305.824		2006		2		4
273.463		267.55		2552		2		4
292.45		285.149		2259		2		4
297.566		295.99		2115		1		4
299.285		301.709		2066		2		4
248.504		342.47		0		2		4
266.827		378.544		2023		1		4
9999		9999		9999		1		4
9999		9999		9999		1		4
269.272		337.872		2468		2		4
309.463		397.696		1845		2		4
9999		9999		9999		1		4
9999		9999		9999		1		4
255.42		270.619		2558		2		4
227.25		311.939		1991		2		4
231.003		305.539		2006		2		4
299.738		311.866		2040		2		4
292.285		306.566		2083		2		4
Frame 85
259.278		340.127		2484		2		4
256.737		299.298		2549		2		4
254.268		260.265		2580		2		4
256.763		243.461		2472		2		4
239.24		268.602		2557		2		4
221.312		273.811		3617		2		4
226.388		291.261		2134		2		4
226.195		302.599		2028		2		4
272.745		267.028		2570		2		4
290.997		276.394		2349		2		4
298.886		303.285		2071		1		4
297.995		302.054		2074		2		4
248.592		342.484		2073		2		4
267.375		377.912		2036		1		4
9999		9999		9999		1		4
9999		9999		9999		1		4
269.286		337.701		2463		2		4
309.248		397.655		1836		2		4
9999		9999		9999		1		4
9999		9999		9999		1		4
254.924		269.839		2571		2		4
228.932		308.268		2011		2		4
232.3		298.695		2044		2		4
298.803		312.52		2052		2		4
290.411		304.162		2099		2		4
Frame 86
258.941		339.455		2483		2		4
256.443		298.605		2549		2		4
254.131		259.955		2594		2		4
256.225		242.169		2507		2		4
238.352		267.438		2572		2		4
223.048		274.257		2389		2		4
228.194		291.179		2117		2		4
227.345		299.769		2049		2		4
272.529		266.534		2578		2		4
290.278		277.143		2321		2		4
296.138		301.32		2080		2		4
296.413		301.053		2080		2		4
248.204		341.518		2061		2		4
269.876		382.518		1981		1		4
9999		9999		9999		1		4
9999		9999		9999		1		4
269.195		337.349		2454		2		4
309.25		397.653		1847		2		4
9999		9999		9999		1		4
9999		9999		9999		1		4
254.714		269.395		2580		2		4
230.164		306.169		2036		2		4
232.911		298.147		2040		2		4
297.999		312.199		2096		2		4
288.646		303.68		2110		2		4
Frame 87
258.987		339.005		2481		2		4
256.377		298.24		2557		2		4
253.881		259.767		2603		2		4
255.415		241.663		2515		2		4
238.131		267.15		2581		2		4
222.119		274.175		2400		2		4
227.93		295.034		2064		2		4
227.738		297.864		2065		2		4
272.344		266.26		2587		2		4
288.215		277.129		2336		1		4
293.819		290.796		2139		2		4
295.472		295.281		2094		2		4
248.287		341.064		2049		2		4
270.464		382.712		1974		1		4
9999		9999		9999		1		4
9999		9999		9999		1		4
269.332		336.906		2442		2		4
309.166		397.607		1849		2		4
9999		9999		9999		1		4
9999		9999		9999		1		4
254.51		269.147		2589		2		4
233.429		302.715		2032		2		4
232.872		291.621		2077		2		4
294.668		304.541		2079		2		4
287.002		300.878		2141		2		4
Frame 88
260.519		338.03		2479		2		4
256.901		297.808		2561		2		4
254.373		259.523		2610		2		4
254.956		241.45		2530		2		4
237.669		266.628		2585		2		4
222.38		271.352		0		1		4
228.217		293.236		2069		2		4
228.493		296.03		2072		2		4
272.054		266.061		2591		2		4
288.163		277.019		2328		1		4
293.288		284.783		2153		2		4
294.536		293.303		2106		2		4
252.579		339.335		2096		2		4
244.693		336.571		2050		2		4
246.341		402.97		1791		1		4
235.855		419.527		1684		1		4
269.586		336.522		2422		2		4
309.037		397.667		1850		2		4
9999		9999		9999		1		4
9999		9999		9999		1		4
255.008		268.817		2594		2		4
231.956		300.654		2050		2		4
233.366		291.827		2074		2		4
293.73		302.318		2080		2		4
285.571		301.426		2125		2		4
Frame 89
261.012		337.967		2474		2		4
257.093		297.69		2561		2		4
254.372		259.518		2612		2		4
254.699		241.145		2525		2		4
237.674		266.624		2586		2		4
222.452		274.939		2394		2		4
228.365		293.847		2077		2		4
228.599		295.078		2074		2		4
272.021		266.013		2592		2		4
287.57		277.465		2334		1		4
290.871		284.521		2176		2		4
293.404		292.62		2100		2		4
252.66		339.407		2075		2		4
244.35		336.561		2047		1		4
246.01		403.128		1780		1		4
235.492		419.727		1670		1		4
269.876		336.371		2419		2		4
311.27		391.243		1887		2		4
9999		9999		9999		1		4
9999		9999		9999		1		4
255.02		268.804		2595		2		4
233.223		299.666		2056		2		4
233.913		289.905		2079		2		4
292.12		301.001		2075		2		4
284.501		299.996		2167		2		4
Frame 90
261.519		338.356		2474		2		4
257.365		297.591		2556		2		4
254.574		259.297		2613		2		4
254.482		241.055		2533		2		4
237.752		266.672		2582		2		4
222.823		275.009		2386		2		4
228.24		293.338		2077		2		4
228.765		294.676		2077		2		4
271.906		266.018		2592		2		4
288.276		278.18		2314		2		4
291.287		289.968		2132		2		4
292.131		295.398		2088		2		4
253.11		339.921		2072		2		4
244.648		347.797		2001		1		4
246.352		414.404		1696		1		4
9999		9999		9999		1		4
270.11		336.619		0		2		4
301.228		376.157		2030		2		4
9999		9999		9999		1		4
9999		9999		9999		1		4
255.249		268.614		2598		2		4
233.267		299.133		2058		2		4
233.886		289.104		2077		2		4
290.727		303.53		2071		2		4
284		298.246		2119		2		4
Frame 91
261.683		338.407		2479		2		4
257.492		297.539		2558		2		4
254.522		259.246		2612		2		4
254.353		240.811		2530		2		4
237.761		266.677		2582		2		4
221.589		274.385		2411		2		4
228.046		292.727		2073		2		4
229.514		295.372		2068		2		4
271.907		266.016		2591		2		4
288.258		278.045		2312		1		4
290.765		290.363		2127		2		4
290.531		295.879		2085		2		4
253.328		340.116		2065		2		4
244.715		347.853		2002		1		4
246.418		414.48		1687		1		4
9999		9999		9999		1		4
270.177		336.606		0		2		4
308.709		397.897		1836		2		4
9999		9999		9999		1		4
9999		9999		9999		1		4
255.238		268.577		2593		2		4
233.8		299.6		2060		2		4
234.543		289.743		2080		2		4
289.882		304.681		2082		2		4
283.667		299.19		2100		2		4
Frame 92
262.121		338.573		2477		2		4
257.71		297.473		2560		2		4
254.482		259.212		2611		2		4
254.348		240.695		2539		2		4
237.771		266.679		2579		2		4
224.882		276.473		2356		2		4
229.395		292.26		2073		2		4
230.372		296.121		2072		2		4
271.915		266.015		2588		2		4
288.206		278.109		2314		1		4
290.376		290.447		2133		2		4
289.597		295.585		2089		2		4
253.754		340.308		2059		2		4
244.315		329.973		2086		2		4
245.928		395.647		1845		1		4
235.587		411.927		1727		1		4
270.498		336.773		0		2		4
308.714		397.905		1849		2		4
9999		9999		9999		1		4
9999		9999		9999		1		4
255.231		268.538		2594		2		4
234.333		300.751		2057		2		4
235.554		290.995		2081		2		4
289.269		304.296		2080		2		4
282.25		297.59		2094		2		4
Frame 93
262.33		338.518		2476		2		4
257.912		297.299		2554		2		4
254.507		259.151		2605		2		4
254.382		240.609		2531		2		4
237.79		266.686		2574		2		4
225.044		276.52		2360		2		4
229.177		288.958		2161		1		4
231.476		297.354		2069		2		4
271.961		266.082		2589		2		4
288.182		277.671		2330		1		4
288.768		291.21		2130		2		4
287.25		296.818		2085		2		4
253.78		339.715		2064		2		4
251.878		378.765		1827		2		4
9999		9999		9999		1		4
9999		9999		9999		1		4
270.618		336.875		2150		2		4
308.717		397.928		1834		2		4
9999		9999		9999		1		4
9999		9999		9999		1		4
255.281		268.454		2595		2		4
235.819		301.183		2052		2		4
236.814		292.985		2073		2		4
286.169		304.935		2082		2		4
280.866		297.122		2099		2		4
Frame 94
262.477		338.525		2469		2		4
258.079		297.227		2556		2		4
254.508		259.101		2602		2		4
254.408		240.571		2514		2		4
237.879		266.731		2562		2		4
225.399		277.067		2356		2		4
228.416		290.094		2148		2		4
232.627		298.341		2066		2		4
272.03		266.089		2583		2		4
287.901		275.703		2389		1		4
288.017		290.946		2138		2		4
286.062		297.431		2091		2		4
253.84		339.664		2058		2		4
252.122		377.825		1829		2		4
9999		9999		9999		1		4
9999		9999		9999		1		4
270.761		336.991		2146		2		4
308.758		397.972		1845		2		4
9999		9999		9999		1		4
9999		9999		9999		1		4
255.321		268.386		2584		2		4
237.583		301.667		2044		2		4
236.234		292.299		2070		2		4
285.5		306.732		2078		2		4
278.665		298.757		2101		2		4
Frame 95
262.687		338.581		2471		2		4
258.271		297.22		2557		2		4
254.669		259.028		2599		2		4
254.511		240.46		2516		2		4
238.042		266.789		2563		2		4
226.203		277.443		2375		2		4
231.413		290.903		2154		2		4
233.757		298.901		2067		2		4
272.334		266.319		2583		2		4
286.967		280.476		2309		2		4
286.97		292.478		2136		2		4
284.652		297.267		2092		2		4
254.454		339.986		2060		2		4
265.464		391.417		1876		1		4
9999		9999		9999		1		4
9999		9999		9999		1		4
270.931		337.048		2140		2		4
308.785		397.978		1845		2		4
9999		9999		9999		1		4
9999		9999		9999		1		4
255.498		268.325		2584		2		4
237.776		303.502		2047		2		4
238.664		294.409		2070		2		4
283.335		306.251		2082		2		4
278.397		297.399		2092		2		4
Frame 96
262.849		338.539		2468		2		4
258.335		297.259		2551		2		4
254.722		259.131		2586		2		4
254.804		240.333		2518		2		4
238.114		266.791		2556		2		4
226.37		277.666		2376		2		4
231.048		291.516		2144		2		4
235.093		299.781		2064		2		4
272.418		266.366		2571		2		4
286.293		278.036		2361		2		4
285.981		292.715		2134		2		4
283.601		297.779		2098		2		4
254.463		340.042		2057		2		4
265.342		390.973		1886		1		4
9999		9999		9999		1		4
9999		9999		9999		1		4
271.089		337.003		2108		2		4
314.973		391.962		1891		2		4
9999		9999		9999		1		4
9999		9999		9999		1		4
255.563		268.399		2579		2		4
239.84		303.519		2044		2		4
240.12		295.738		2074		2		4
281.75		306		2081		2		4
275.75		308.252		2104		2		4
Frame 97
263.035		338.576		2469		2		4
258.547		297.313		2554		2		4
254.845		259.162		2587		2		4
255.198		240.275		2514		2		4
238.253		266.855		2550		2		4
228.116		278.823		2379		2		4
240.431		301.219		2056		2		4
240.656		304.604		2043		1		4
272.55		266.402		2571		2		4
286.313		278.064		2384		1		4
284.275		300.122		2094		2		4
281.521		301.321		2087		2		4
254.613		340.159		2054		2		4
266.394		393.906		1865		1		4
9999		9999		9999		1		4
9999		9999		9999		1		4
271.358		336.966		2105		2		4
314.963		391.968		1899		2		4
9999		9999		9999		1		4
9999		9999		9999		1		4
255.722		268.437		2576		2		4
243		306.5		2036		2		4
242.5		300		2052		2		4
279.998		308.565		2091		2		4
280.837		311.832		2077		2		4
Frame 98
263.185		338.525		2467		2		4
258.637		297.323		2548		2		4
254.93		259.176		2576		2		4
255.576		240.266		2506		2		4
238.327		266.844		2545		2		4
227.992		279.079		2367		2		4
239.831		301.836		2056		2		4
241.906		305.693		2041		1		4
272.716		266.441		2564		2		4
287.721		279.271		2371		2		4
284.033		298.796		2120		2		4
281.201		301.093		2092		2		4
254.711		340.02		2055		2		4
266.769		385.919		1960		1		4
9999		9999		9999		1		4
9999		9999		9999		1		4
271.53		336.965		2107		2		4
308.687		398.397		1837		2		4
9999		9999		9999		1		4
9999		9999		9999		1		4
255.814		268.452		2574		2		4
242.338		307.333		2045		2		4
242.835		302.499		2058		2		4
278.666		307.37		2084		2		4
275.64		311.504		2076		2		4
Frame 99
263.29		338.497		2466		2		4
258.78		297.378		2546		2		4
255.117		259.303		2578		2		4
255.979		240.276		2493		2		4
238.43		266.898		2543		2		4
227.777		279.619		2374		2		4
239.643		302.148		2058		2		4
242.631		307.374		2050		1		4
272.882		266.476		2561		2		4
288.032		279.487		2386		2		4
283.575		299.158		2115		2		4
280.756		301.006		2090		2		4
254.766		339.974		2060		2		4
266.761		385.957		1963		1		4
9999		9999		9999		1		4
9999		9999		9999		1		4
271.665		336.964		2104		2		4
308.69		398.384		1824		2		4
9999		9999		9999		1		4
9999		9999		9999		1		4
255.996		268.56		2567		2		4
245.502		307.002		2060		2		4
246.001		303.252		2055		2		4
277		307.4		2081		2		4
279.4		311.899		2101		2		4
Frame 100
263.351		338.507		2460		2		4
258.955		297.428		2544		2		4
255.335		259.35		2577		2		4
256.417		240.228		2490		2		4
238.507		266.916		2539		2		4
227.406		280.066		2365		2		4
240.455		304.519		2064		2		4
244.114		308.142		2055		1		4
273.05		266.512		2556		2		4
288.535		279.655		2396		2		4
283.172		299.469		2125		2		4
279.295		302.769		2092		2		4
254.804		339.979		2058		2		4
266.783		386.102		1964		1		4
9999		9999		9999		1		4
9999		9999		9999		1		4
271.821		336.999		2099		2		4
308.702		398.378		1825		2		4
9999		9999		9999		1		4
9999		9999		9999		1		4
256.215		268.614		2563		2		4
246.752		308.752		2057		2		4
248.601		308.007		2056		2		4
274.999		308.875		2075		2		4
278.601		313.2		2125		2		4
Frame 101
263.38		338.566		2456		2		4
259.46		297.762		2545		2		4
256.608		259.942		2569		2		4
256.806		240.194		2489		2		4
239.088		267.201		2537		2		4
226.886		280.916		2377		2		4
235.184		301.101		2131		2		4
243.311		307.817		2075		2		4
274.445		267.212		2552		2		4
289.561		281.347		2364		2		4
282.326		299.785		2125		2		4
278.907		303.187		2089		2		4
254.791		340.043		2051		2		4
266.774		386.253		1962		1		4
9999		9999		9999		1		4
9999		9999		9999		1		4
271.911		337.096		2091		2		4
308.779		398.346		1830		2		4
9999		9999		9999		1		4
9999		9999		9999		1		4
257.28		269.157		2558		2		4
248.224		308.724		2065		2		4
247.626		315.874		2098		2		4
273.999		309.333		2077		2		4
277.667		313.833		2115		2		4
Frame 102
263.443		338.742		2458		2		4
259.697		298.017		2540		2		4
256.732		260.053		2564		2		4
257.153		240.319		2486		2		4
239.312		267.317		2534		2		4
226.605		281.753		2378		2		4
243.742		303.461		2071		2		4
245.812		309.902		2090		1		4
274.714		267.4		2550		2		4
289.551		281.869		2383		2		4
282.156		299.873		2129		2		4
276.222		307.375		2081		1		4
254.795		340.125		2051		2		4
266.772		386.35		1954		1		4
9999		9999		9999		1		4
9999		9999		9999		1		4
272.1		337.458		2076		2		4
309.073		398.331		1825		2		4
9999		9999		9999		1		4
9999		9999		9999		1		4
257.444		269.308		2557		2		4
251.667		310.001		2064		2		4
250.256		316.412		2077		2		4
271.437		311.925		2080		2		4
276.777		315.998		2130		2		4
Frame 103
263.5		338.93		2455		2		4
259.845		298.129		2538		2		4
256.822		260.009		2562		2		4
257.528		240.293		2482		2		4
239.479		267.418		2530		2		4
226.278		282.463		2370		2		4
235.599		301.492		2151		2		4
245.917		310.504		2075		2		4
275.195		267.848		2543		2		4
290.055		282.532		2371		2		4
281.961		299.97		2129		2		4
276.441		307.163		2085		1		4
254.801		340.214		2052		2		4
266.759		386.515		1961		1		4
9999		9999		9999		1		4
9999		9999		9999		1		4
272.229		337.776		2076		2		4
309.04		398.296		1819		2		4
9999		9999		9999		1		4
9999		9999		9999		1		4
257.552		269.301		2551		2		4
251.923		311.771		2074		2		4
247.733		319.201		2115		2		4
271.385		311.875		2078		2		4
276.783		315.997		2128		2		4
Frame 104
263.546		339.019		2461		2		4
259.955		298.22		2538		2		4
256.906		260.015		2555		2		4
257.829		240.481		2485		2		4
239.619		267.432		2527		2		4
226.01		283.126		2373		2		4
235.889		302.759		2158		2		4
246.8		311.538		2072		2		4
275.38		267.974		2544		2		4
290.291		282.913		2380		2		4
282.07		300.047		2134		2		4
276.707		306.684		2094		1		4
254.821		340.289		2055		2		4
266.816		387.082		1952		1		4
9999		9999		9999		1		4
9999		9999		9999		1		4
272.288		337.857		2071		2		4
313.684		391.774		1892		2		4
9999		9999		9999		1		4
9999		9999		9999		1		4
257.648		269.335		2549		2		4
253.001		312.385		2073		2		4
248.29		320.412		2103		2		4
271.282		311.335		2081		2		4
276.658		316.13		2121		2		4
Frame 105
263.603		339.215		2458		2		4
260.232		298.495		2539		2		4
257.357		260.31		2559		2		4
258.378		240.61		2471		2		4
239.752		267.383		2521		2		4
225.727		283.623		2382		2		4
236.171		303.488		2153		2		4
247.211		312.371		2075		1		4
275.576		268.084		2539		2		4
290.566		283.269		2371		2		4
281.437		300.987		2136		2		4
276.278		307.824		2088		1		4
254.91		340.77		2053		2		4
266.537		395.255		1836		1		4
9999		9999		9999		1		4
9999		9999		9999		1		4
272.307		337.908		2074		2		4
308.413		397.691		1843		2		4
9999		9999		9999		1		4
9999		9999		9999		1		4
258.055		269.627		2546		2		4
253.636		312.818		2081		2		4
247.254		321.464		2100		2		4
271.405		312.147		2088		2		4
277.673		317.22		2091		2		4
Frame 106
263.626		339.535		2462		2		4
260.36		298.728		2537		2		4
257.568		260.465		2557		2		4
258.675		240.945		2469		2		4
239.839		267.479		2523		2		4
225.562		283.985		2398		2		4
236.734		304.934		2168		2		4
247.475		313.258		2078		1		4
275.852		268.567		2538		2		4
291.018		283.725		2372		2		4
281.779		301.021		2136		2		4
276.989		307.33		2096		1		4
254.933		341.147		2050		2		4
266.465		395.33		1839		1		4
9999		9999		9999		1		4
9999		9999		9999		1		4
272.304		338.171		2070		2		4
308.413		397.691		1845		2		4
9999		9999		9999		1		4
9999		9999		9999		1		4
258.243		269.806		2546		2		4
254.615		313.847		2081		2		4
246.457		322.349		2120		2		4
272.357		311.857		2081		2		4
279.503		316.998		2111		2		4
Frame 107
263.643		339.741		2459		2		4
260.409		298.832		2534		2		4
257.619		260.48		2554		2		4
259.036		241.277		2463		2		4
239.885		267.55		2519		2		4
225.947		285.89		2382		2		4
237.088		305.205		2163		2		4
246.668		311.494		2085		2		4
275.999		268.657		2537		2		4
291.16		283.974		2379		2		4
281.266		301.616		2134		2		4
276.186		308.666		2097		1		4
254.962		341.357		2049		2		4
266.887		395.314		1836		1		4
9999		9999		9999		1		4
9999		9999		9999		1		4
272.292		338.351		2067		2		4
308.484		397.657		1841		2		4
9999		9999		9999		1		4
9999		9999		9999		1		4
258.295		269.846		2547		2		4
253.89		314.889		2073		2		4
243.827		320.914		2156		2		4
271.143		313.353		2083		2		4
277.632		318.124		2090		2		4
Frame 108
263.657		339.912		2458		2		4
260.288		298.876		2536		2		4
257.068		260.362		2554		2		4
259.383		241.872		2449		2		4
239.72		267.537		2523		2		4
226.133		285.754		2375		2		4
237.281		305.512		2170		2		4
246.677		311.943		2089		1		4
276.073		268.752		2538		2		4
291.323		284.272		2367		2		4
281.607		301.836		2136		2		4
276.642		308.414		2099		1		4
254.986		341.5		2051		2		4
267.161		395.437		1843		1		4
9999		9999		9999		1		4
9999		9999		9999		1		4
272.263		338.535		2067		2		4
308.484		397.648		1850		2		4
9999		9999		9999		1		4
9999		9999		9999		1		4
257.889		269.781		2547		2		4
253.336		314.418		2082		2		4
243.641		320.243		2152		2		4
271.534		312.76		2086		2		4
279.669		318.666		2117		2		4
Frame 109
263.724		340.106		2461		2		4
260.439		299.091		2531		2		4
257.484		260.686		2543		2		4
259.731		242.396		2448		2		4
239.881		267.775		2517		2		4
224.766		284.886		3563		2		4
237.648		304.986		2177		2		4
247.298		312.025		2087		1		4
276.139		268.796		2534		2		4
291.355		284.47		2371		2		4
280.602		302.52		2138		2		4
276.045		309.358		2095		1		4
255.052		341.689		2064		2		4
267.594		395.186		1826		1		4
9999		9999		9999		1		4
9999		9999		9999		1		4
272.315		338.689		2066		2		4
308.529		397.664		1845		2		4
9999		9999		9999		1		4
9999		9999		9999		1		4
258.207		270.072		2546		2		4
254.726		317.28		2122		2		4
243.533		319.697		2157		2		4
268.75		315.25		2085		2		4
279.13		317.942		2125		2		4
Frame 110
263.781		340.242		2461		2		4
260.531		299.263		2532		2		4
257.568		260.81		2534		2		4
260.015		243.037		2443		2		4
239.976		267.936		2518		2		4
224.71		285.211		0		2		4
237.972		305.581		2182		2		4
247.493		312.138		2094		1		4
276.176		268.876		2536		2		4
291.373		284.714		2371		2		4
281.502		302.99		2132		2		4
276.178		309.441		2097		1		4
255.106		341.829		2061		2		4
267.854		394.489		1864		1		4
9999		9999		9999		1		4
9999		9999		9999		1		4
272.363		338.792		2067		2		4
308.519		397.676		1843		2		4
9999		9999		9999		1		4
9999		9999		9999		1		4
258.294		270.21		2550		2		4
254.162		316.818		2120		2		4
243.421		319.749		2156		2		4
267.667		316		2094		2		4
279.67		318.579		2138		2		4
Frame 111
263.785		340.275		2463		2		4
260.424		299.245		2534		2		4
257.007		260.619		2535		2		4
260.246		243.5		2441		2		4
239.788		267.919		2518		2		4
225.042		285.283		0		2		4
244.567		317.202		2154		2		4
250.905		322.514		2117		1		4
276.203		268.931		2536		2		4
287.777		286.344		2336		2		4
281.832		303.211		2138		2		4
276.283		309.531		2098		1		4
255.11		341.852		2060		2		4
267.973		393.962		1876		1		4
9999		9999		9999		1		4
9999		9999		9999		1		4
272.365		338.824		2067		2		4
308.513		397.661		1841		2		4
9999		9999		9999		1		4
9999		9999		9999		1		4
257.881		270.068		2548		2		4
254.567		325.535		2122		2		4
242.505		331.332		2096		2		4
268.501		314.999		2093		2		4
279.754		318.245		2139		2		4
Frame 112
263.781		340.3		2461		2		4
260.37		299.221		2534		2		4
256.896		260.515		2555		2		4
260.434		243.95		2437		2		4
239.659		267.89		2516		2		4
225.031		285.22		0		2		4
242.23		313.388		2212		2		4
249.841		320.567		2126		1		4
276.224		268.971		2536		2		4
288.903		292.917		2279		2		4
279.458		307.636		2127		2		4
272.904		315.643		2091		1		4
255.105		341.883		2064		2		4
268.056		393.863		1888		1		4
9999		9999		9999		1		4
9999		9999		9999		1		4
272.359		338.843		2065		2		4
308.505		397.67		1848		2		4
9999		9999		9999		1		4
9999		9999		9999		1		4
257.775		269.979		2549		2		4
259.253		322.751		2084		2		4
251.217		329.214		2089		2		4
265.2		317.605		0		2		4
278.07		323.09		2113		2		4
Frame 113
263.849		340.552		2461		2		4
260.548		299.386		2536		2		4
257.419		260.57		2536		2		4
260.571		244.37		2436		2		4
239.897		268.279		2520		2		4
224.518		285.346		3457		2		4
242.61		313.838		2209		2		4
249.952		320.37		2122		1		4
276.282		269.055		2541		2		4
288.892		292.917		2283		2		4
279.433		307.949		2127		1		4
272.954		316.095		2094		1		4
255.179		342.149		2059		2		4
268.135		394.025		1871		1		4
9999		9999		9999		1		4
9999		9999		9999		1		4
272.414		339.052		2066		2		4
308.528		397.707		1841		2		4
9999		9999		9999		1		4
9999		9999		9999		1		4
258.178		270.068		2547		2		4
260.072		322.363		2089		2		4
244.605		329.036		2087		2		4
264.501		316.908		2142		2		4
278.163		323.243		2111		2		4
Frame 114
263.855		340.621		2462		2		4
260.548		299.397		2530		2		4
257.419		260.57		2543		2		4
260.665		244.614		2433		2		4
239.716		268.256		2525		2		4
227.848		288.033		2373		2		4
242.494		313.667		2200		2		4
249.944		320.423		2119		1		4
276.296		269.11		2537		2		4
288.706		292.948		2282		2		4
279.927		308.809		2132		2		4
273.334		317		2090		1		4
255.189		342.227		2061		2		4
268.192		394.163		1869		1		4
9999		9999		9999		1		4
9999		9999		9999		1		4
272.414		339.108		2067		2		4
308.53		397.707		1854		2		4
9999		9999		9999		1		4
9999		9999		9999		1		4
258.177		270.069		2548		2		4
257.604		324.639		2110		2		4
255.157		327.765		2133		2		4
265.834		319.339		2170		2		4
278.664		323.991		2116		2		4
Frame 115
263.877		340.769		2462		2		4
260.628		299.548		2534		2		4
257.598		260.74		2539		2		4
260.772		244.965		2434		2		4
239.788		268.664		2522		2		4
227.47		288.385		2372		2		4
240.353		310.926		2201		2		4
248.908		317.518		2111		1		4
276.308		269.117		2539		2		4
288.692		292.957		2287		2		4
280.201		309.386		2138		1		4
273.447		317.791		2089		1		4
255.209		342.405		2066		2		4
268.237		394.254		1878		1		4
9999		9999		9999		1		4
9999		9999		9999		1		4
272.434		339.22		2066		2		4
308.538		397.695		1842		2		4
9999		9999		9999		1		4
9999		9999		9999		1		4
258.33		270.232		2546		2		4
257.317		320.874		2093		2		4
241.496		325.692		2144		2		4
265.572		319.578		2188		2		4
279.584		325.262		2099		2		4
Frame 116
263.879		340.85		2465		2		4
260.645		299.615		2535		2		4
257.633		260.807		2539		2		4
260.897		245.092		2429		2		4
239.835		268.789		2518		2		4
229.759		292.788		2332		2		4
243.211		317.291		2160		2		4
250.335		322.997		2119		1		4
276.301		269.129		2534		2		4
288.675		292.965		2285		2		4
280.209		309.429		2136		1		4
273.264		317.861		2095		1		4
255.206		342.483		2063		2		4
268.251		394.267		1864		1		4
9999		9999		9999		1		4
9999		9999		9999		1		4
272.438		339.293		2064		2		4
308.524		397.695		1846		2		4
9999		9999		9999		1		4
9999		9999		9999		1		4
258.361		270.297		2543		2		4
252.87		331.638		2085		2		4
241.247		329.971		2119		2		4
264.779		318.345		2119		2		4
278.946		325.462		2097		2		4
Frame 117
263.882		340.96		2467		2		4
260.72		299.795		2536		2		4
257.814		261.066		2554		2		4
260.969		245.262		2425		2		4
239.856		268.906		2520		2		4
229.877		292.811		2336		2		4
251.892		321.428		2103		1		4
256.547		323.345		2104		1		4
276.275		269.134		2538		2		4
288.651		292.951		2287		2		4
278.398		310.264		2122		2		4
272.922		314.179		2096		1		4
255.216		342.713		2065		2		4
268.689		396.465		1820		1		4
9999		9999		9999		1		4
9999		9999		9999		1		4
272.435		339.344		2062		2		4
308.533		397.701		1848		2		4
9999		9999		9999		1		4
9999		9999		9999		1		4
258.514		270.534		2548		2		4
264.001		324.25		2067		2		4
256.832		328.165		2127		2		4
265		315.999		2072		2		4
275.586		319.582		2111		2		4
Frame 118
263.838		341.005		2462		2		4
260.696		299.805		2535		2		4
257.789		261.055		2549		2		4
261.106		245.445		2424		2		4
239.629		268.88		2522		2		4
228.272		289.32		2362		2		4
241.484		313.119		2199		2		4
249.853		319.746		2113		1		4
276.273		269.135		2531		2		4
288.177		292.759		2283		2		4
278.824		310.408		2125		2		4
272.503		318.545		2100		1		4
255.183		342.754		2061		2		4
268.684		396.515		1813		1		4
9999		9999		9999		1		4
9999		9999		9999		1		4
272.364		339.382		2064		2		4
308.536		397.7		1845		2		4
9999		9999		9999		1		4
9999		9999		9999		1		4
258.491		270.528		2550		2		4
258.371		324.232		2098		2		4
241.843		328.134		2119		2		4
263.368		318.746		2080		2		4
279.008		326.316		2095		2		4
Frame 119
263.806		341.05		2455		2		4
260.681		299.817		2534		2		4
257.764		261.063		2552		2		4
261.469		246.119		2421		2		4
239.485		268.681		2522		2		4
230.35		292.713		2318		2		4
243.053		315.845		2170		2		4
250.192		321.321		2109		1		4
276.257		269.112		2535		2		4
286.317		293.824		2274		2		4
281.221		313.358		2175		1		4
273.567		321.018		2109		1		4
255.139		342.837		2062		2		4
268.682		396.895		1819		1		4
9999		9999		9999		1		4
9999		9999		9999		1		4
272.339		339.4		2058		2		4
308.56		397.714		1847		2		4
9999		9999		9999		1		4
9999		9999		9999		1		4
258.471		270.535		2546		2		4
254.264		328.277		2112		2		4
241.249		330.495		2110		2		4
276.997		331.875		2072		2		4
281.413		327.689		2094		2		4
Frame 120
263.778		341.18		2462		2		4
260.678		299.841		2537		2		4
257.772		261.091		2555		2		4
261.597		246.394		2427		2		4
239.377		268.593		2526		2		4
228.719		288.878		2366		2		4
242.653		314.165		2194		2		4
250.163		320.244		2109		1		4
276.255		269.107		2533		2		4
287.704		292.198		2284		2		4
278.919		310.552		2133		1		4
272.662		319.017		2101		1		4
255.132		342.971		2062		2		4
268.808		397.559		1805		1		4
9999		9999		9999		1		4
9999		9999		9999		1		4
272.295		339.502		2060		2		4
308.558		397.717		1846		2		4
9999		9999		9999		1		4
9999		9999		9999		1		4
258.475		270.556		2550		2		4
256.663		324.988		2115		2		4
242.979		328.552		2106		2		4
264.384		320.545		2085		2		4
279.772		326.095		2097		2		4
Frame 121
263.769		341.196		2460		2		4
260.766		300.048		2529		2		4
258.113		261.686		2532		2		4
261.662		246.597		2418		2		4
239.278		268.487		2526		2		4
230.788		292.861		2325		2		4
243.828		316.377		2164		2		4
250.749		321.774		2114		1		4
276.228		269.081		2532		2		4
287.665		292.199		2286		2		4
278.664		310.491		2134		1		4
272.372		319.279		2107		1		4
255.126		342.994		2059		2		4
268.891		397.76		1795		1		4
9999		9999		9999		1		4
9999		9999		9999		1		4
272.276		339.496		2058		2		4
308.526		397.692		1853		2		4
9999		9999		9999		1		4
9999		9999		9999		1		4
258.739		271.036		2549		2		4
253.695		330.837		2102		2		4
241.498		331.16		2099		2		4
263.5		323.705		2113		2		4
280.116		325.971		2100		2		4
Frame 122
263.732		341.227		2466		2		4
260.722		300.063		2530		2		4
258.009		261.643		2534		2		4
261.685		246.873		2410		2		4
239.23		268.487		2527		2		4
231.124		293.128		2304		2		4
252.086		321.654		2117		1		4
256.473		323.734		2112		1		4
276.188		269.075		2530		2		4
287.594		292.185		2279		2		4
278.44		310.401		2131		1		4
273.614		314.723		2108		1		4
255.094		343.033		2058		2		4
268.89		397.808		1803		1		4
9999		9999		9999		1		4
9999		9999		9999		1		4
272.228		339.505		2060		2		4
308.498		397.733		1841		2		4
9999		9999		9999		1		4
9999		9999		9999		1		4
258.658		271.013		2551		2		4
266.285		323.147		2098		2		4
252.671		332.057		2081		2		4
270.614		318.384		2103		2		4
277.373		318.1		2109		2		4
Frame 123
263.711		341.249		2463		2		4
260.695		300.079		2533		2		4
257.947		261.626		2542		2		4
261.746		247.019		2425		2		4
239.168		268.472		2529		2		4
231.606		292.735		2317		2		4
251.98		321.43		2118		1		4
256.559		323.609		2119		1		4
276.162		269.086		2528		2		4
287.498		292.161		2282		2		4
277.815		310.343		2127		1		4
273.452		314.816		2112		1		4
255.073		343.06		2061		2		4
268.924		397.872		1803		1		4
9999		9999		9999		1		4
9999		9999		9999		1		4
272.199		339.523		2061		2		4
308.528		397.73		1843		2		4
9999		9999		9999		1		4
9999		9999		9999		1		4
258.609		271.008		2550		2		4
266.35		323.133		2100		2		4
252.699		331.999		2088		2		4
270.285		318.97		2107		2		4
277.463		318.425		2113		2		4
Frame 124
263.658		341.313		2455		2		4
260.657		300.103		2530		2		4
257.9		261.628		2533		2		4
261.81		247.11		2414		2		4
239.145		268.444		2528		2		4
231.631		292.701		2315		2		4
244.638		317.965		2146		2		4
251.203		322.674		2109		1		4
276.149		269.097		2521		2		4
287.455		292.158		2280		2		4
277.602		310.252		2130		1		4
272.274		319.035		2107		1		4
254.987		343.208		2043		2		4
268.298		400.454		1782		1		4
9999		9999		9999		1		4
9999		9999		9999		1		4
272.171		339.536		2053		2		4
308.479		397.706		1847		2		4
9999		9999		9999		1		4
9999		9999		9999		1		4
258.572		271.013		2548		2		4
251.126		334.118		2066		2		4
241.415		332.411		2095		2		4
269.284		324.141		2118		2		4
280.812		324.558		2106		2		4
Frame 125
263.682		341.325		2462		2		4
260.813		300.343		2531		2		4
258.237		262.201		2543		2		4
261.748		247.064		2411		2		4
239.647		269.199		2532		2		4
231.626		292.597		2316		2		4
244.696		318.016		2146		1		4
251.378		322.714		2113		1		4
275.914		268.559		2539		2		4
287.428		292.147		2284		2		4
277.457		310.251		2128		1		4
272.143		319.035		2106		1		4
255.025		343.254		2060		2		4
268.626		399.531		1791		1		4
9999		9999		9999		1		4
9999		9999		9999		1		4
272.207		339.523		2058		2		4
308.505		397.726		1841		2		4
9999		9999		9999		1		4
9999		9999		9999		1		4
258.859		271.494		2554		2		4
251.444		334.171		2065		2		4
243.057		330.705		2082		2		4
268.92		324.332		2114		2		4
280.561		324.32		2109		2		4
Frame 126
263.661		341.307		2459		2		4
260.807		300.342		2532		2		4
258.23		262.172		2543		2		4
261.934		247.289		2419		2		4
239.52		269.016		2532		2		4
228.675		287.857		2377		2		4
242.888		314.433		2193		1		4
250.293		320.619		2119		1		4
275.896		268.559		2540		2		4
285.944		293.479		2270		2		4
275.324		311.991		2124		1		4
271.273		320.96		2105		1		4
254.994		343.251		2046		2		4
268.685		399.341		1788		1		4
9999		9999		9999		1		4
9999		9999		9999		1		4
272.193		339.472		2059		2		4
308.564		397.746		1840		2		4
9999		9999		9999		1		4
9999		9999		9999		1		4
258.853		271.476		2553		2		4
250.954		331.222		2073		2		4
241.264		326.371		2129		2		4
275.107		329.778		2079		2		4
280.203		326.719		2101		2		4
Frame 127
263.675		341.352		2461		2		4
260.796		300.337		2532		2		4
258.125		262.077		2544		2		4
261.968		247.456		2409		2		4
239.431		268.839		2532		2		4
227.91		286.86		2393		2		4
242.845		313.575		2201		2		4
250.402		319.965		2114		1		4
275.899		268.54		2539		2		4
285.685		293.667		2267		2		4
275.02		312.247		2121		1		4
271.1		321.241		2105		1		4
255.017		343.255		2059		2		4
268.824		399.266		1790		1		4
9999		9999		9999		1		4
9999		9999		9999		1		4
272.184		339.568		2061		2		4
308.763		397.912		1845		2		4
9999		9999		9999		1		4
9999		9999		9999		1		4
258.786		271.418		2552		2		4
251.846		329.765		2090		2		4
241.412		326.973		2136		2		4
274.555		329.977		2087		2		4
279.789		327.133		2090		2		4
Frame 128
263.707		341.428		2460		2		4
260.802		300.348		2532		2		4
258.131		262.068		2545		2		4
261.951		247.46		2417		2		4
239.384		268.725		2531		2		4
227.821		286.68		2399		2		4
242.831		313.377		2196		1		4
250.552		319.926		2117		1		4
275.897		268.552		2540		2		4
285.7		293.674		2270		2		4
274.766		312.055		2119		1		4
270.93		321.296		2108		1		4
255.056		343.285		2056		2		4
268.846		399.224		1791		1		4
9999		9999		9999		1		4
9999		9999		9999		1		4
272.203		339.683		2053		2		4
308.836		397.925		1848		2		4
9999		9999		9999		1		4
9999		9999		9999		1		4
258.791		271.416		2551		2		4
252.111		329.552		2095		2		4
241.447		326.289		2133		2		4
274.685		329.615		2082		2		4
279.926		326.991		2093		2		4
Frame 129
263.703		341.411		2462		2		4
260.819		300.368		2534		2		4
258.215		262.171		2542		2		4
262.075		247.699		2412		2		4
239.358		268.62		2531		2		4
227.783		286.497		2407		2		4
242.835		312.64		2199		2		4
250.438		319.053		2116		1		4
275.968		268.329		2540		2		4
285.642		293.641		2264		2		4
273.982		311.74		2121		1		4
270.05		320.713		2107		1		4
255.066		343.253		2056		2		4
268.84		399.22		1789		1		4
9999		9999		9999		1		4
9999		9999		9999		1		4
272.184		339.675		2057		2		4
308.861		397.938		1844		2		4
9999		9999		9999		1		4
9999		9999		9999		1		4
258.851		271.486		2553		2		4
253.244		327.988		2107		2		4
241.316		327.093		2128		2		4
270.662		327.063		2106		2		4
279.182		326.466		2096		2		4
Frame 130
263.59		341.53		2462		2		4
260.91		300.535		2531		2		4
258.539		262.476		2545		2		4
262.238		247.933		2415		2		4
239.34		268.531		2533		2		4
226.392		285.387		0		2		4
242.835		312.529		2198		2		4
250.51		319.115		2118		1		4
275.961		268.363		2542		2		4
285.387		293.715		2268		2		4
273.537		311.722		2116		1		4
269.898		320.722		2110		1		4
254.984		343.283		2043		2		4
268.798		399.247		1789		1		4
9999		9999		9999		1		4
9999		9999		9999		1		4
272.044		339.876		2056		2		4
311.401		392.558		1883		2		4
9999		9999		9999		1		4
9999		9999		9999		1		4
259.091		271.733		2554		2		4
254.165		327.284		2114		2		4
241.427		326.79		2133		2		4
274.177		328.636		2085		2		4
279.462		325.912		2100		2		4
Frame 131
263.757		343.842		2462		2		4
262.348		303.234		2522		2		4
261.858		266.799		2562		2		4
263.247		249.709		2423		2		4
241.011		270.477		2540		2		4
224.471		284.368		3442		1		4
242.91		312.419		2201		1		4
250.582		319.146		2114		1		4
275.898		268.245		2541		2		4
284.794		293.836		2262		2		4
279.627		335.779		2050		2		4
275.736		343.793		2025		1		4
254.537		347.64		2029		2		4
246.511		396.592		1835		2		4
9999		9999		9999		1		4
9999		9999		9999		1		4
272.291		340.537		2054		2		4
310.255		397.761		1836		2		4
9999		9999		9999		1		4
9999		9999		9999		1		4
261.841		275.513		2534		2		4
254.138		327.305		2112		2		4
241.417		326.986		2132		2		4
276.993		355.749		1969		2		4
279.937		334.622		2056		2		4
Frame 132
263.684		343.846		2458		2		4
262.061		302.925		2528		2		4
260.328		264.867		2557		2		4
263.201		249.556		2419		2		4
241.089		270.464		2538		2		4
224.27		284.202		3434		1		4
242.156		310.019		2206		2		4
250.468		316.708		2115		1		4
275.905		268.279		2544		2		4
284.409		293.748		2271		2		4
280.042		336.879		2048		2		4
275.68		344.348		2024		1		4
254.459		347.531		2027		2		4
235.085		396.752		1822		2		4
9999		9999		9999		1		4
9999		9999		9999		1		4
272.32		340.585		2051		2		4
310.052		397.75		1852		2		4
9999		9999		9999		1		4
9999		9999		9999		1		4
260.855		274.266		2542		2		4
257.18		322.937		2125		2		4
242.811		324.76		2127		2		4
275.495		356.5		1954		2		4
279.923		339.766		2032		2		4
Frame 133
263.619		343.818		2460		2		4
261.897		302.761		2533		2		4
260.098		264.537		2563		2		4
263.215		249.354		2428		2		4
241.14		270.466		2538		2		4
224.733		284.861		3457		2		4
242.068		309.471		2207		1		4
250.254		315.986		2120		1		4
275.925		268.318		2548		2		4
283.19		293.509		2265		2		4
279.974		336.965		2046		2		4
275.798		344.706		2029		1		4
254.227		347.426		2029		2		4
234.935		396.788		1823		2		4
9999		9999		9999		1		4
9999		9999		9999		1		4
272.353		340.536		2054		2		4
311.679		391.876		1896		2		4
9999		9999		9999		1		4
9999		9999		9999		1		4
260.59		273.907		2550		2		4
258.588		321.54		2115		2		4
241.995		323.523		2153		2		4
276.904		356.455		1950		2		4
279.65		336.313		2046		2		4
Frame 134
263.508		343.696		2458		2		4
261.869		302.742		2530		2		4
260.106		264.559		2564		2		4
263.107		249.211		2421		2		4
241.133		270.298		2539		2		4
224.98		285.015		3420		2		4
242.124		309.929		2206		2		4
250.388		316.708		2119		1		4
275.949		268.285		2543		2		4
283.689		293.656		2264		2		4
280.002		336.914		2046		2		4
275.717		344.56		2022		1		4
253.993		347.217		2020		2		4
233.532		394.46		1832		2		4
9999		9999		9999		1		4
9999		9999		9999		1		4
272.342		340.382		2052		2		4
297.579		360.43		2174		2		4
294.562		418.535		1677		1		4
9999		9999		9999		1		4
260.586		273.91		2550		2		4
257.367		322.912		2124		2		4
241.616		325.084		2137		2		4
275.69		356.6		1958		2		4
279.335		335.28		2047		2		4
Frame 135
263.417		343.696		2462		2		4
261.797		302.694		2529		2		4
260.074		264.495		2563		2		4
263.234		249.05		2412		2		4
241.327		270.544		2541		2		4
224.606		284.318		3442		2		4
242		310.102		2207		1		4
250.219		316.628		2119		1		4
276.06		268.367		2536		2		4
283.716		293.693		2266		2		4
279.768		333.544		2062		2		4
275.681		341.804		2035		1		4
253.824		347.206		2022		2		4
234.137		395.211		1833		2		4
9999		9999		9999		1		4
9999		9999		9999		1		4
272.327		340.382		2054		2		4
297.586		360.436		2166		2		4
294.569		418.538		1689		1		4
9999		9999		9999		1		4
260.534		273.834		2553		2		4
256.283		323.341		2131		2		4
241.616		323.78		2151		2		4
276.828		353.32		1984		2		4
280.224		335.355		2052		2		4
